833 114 238 stone
833 114 239 stone
833 114 240 stone
833 114 241 stone
833 114 242 stone
833 114 243 stone
833 114 244 stone
833 114 245 stone
833 114 246 stone
833 114 247 stone
833 114 248 stone
833 114 249 stone
833 114 250 stone
833 114 251 stone
833 114 252 stone
833 114 253 stone
833 114 254 stone
833 114 255 stone
834 114 128 stone
834 114 129 stone
834 114 130 stone
834 114 131 stone
834 114 132 stone
834 114 133 stone
834 114 134 stone
834 114 135 stone
834 114 136 stone
834 114 137 stone
834 114 138 stone
834 114 139 stone
834 114 140 stone
834 114 141 stone
834 114 142 stone
834 114 143 stone
834 114 144 stone
834 114 145 stone
834 114 146 stone
834 114 147 stone
834 114 148 stone
834 114 149 stone
834 114 150 stone
834 114 151 stone
834 114 152 stone
834 114 153 stone
834 114 154 stone
834 114 155 stone
834 114 156 stone
834 114 157 stone
834 114 158 stone
834 114 159 stone
834 114 160 stone
834 114 161 stone
834 114 162 stone
834 114 163 stone
834 114 164 coal_ore
834 114 165 coal_ore
834 114 166 coal_ore
834 114 167 stone
834 114 168 stone
834 114 169 stone
834 114 170 stone
834 114 171 diorite
834 114 172 diorite
834 114 173 diorite
834 114 174 stone
834 114 175 stone
834 114 176 stone
834 114 177 stone
834 114 178 granite
834 114 179 granite
834 114 180 granite
834 114 181 granite
834 114 182 granite
834 114 183 granite
834 114 184 granite
834 114 185 granite
834 114 186 granite
834 114 187 stone
834 114 188 stone
834 114 189 stone
834 114 190 stone
834 114 191 stone
834 114 192 stone
834 114 193 stone
834 114 194 stone
834 114 195 stone
834 114 196 stone
834 114 197 stone
834 114 198 stone
834 114 199 stone
834 114 200 stone
834 114 201 stone
834 114 202 stone
834 114 203 stone
834 114 204 stone
834 114 205 stone
834 114 206 stone
834 114 207 stone
834 114 208 stone
834 114 209 stone
834 114 210 stone
834 114 211 stone
834 114 212 stone
834 114 213 stone
834 114 214 stone
834 114 215 stone
834 114 216 stone
834 114 217 stone
834 114 218 stone
834 114 219 diorite
834 114 220 diorite
834 114 221 diorite
834 114 222 diorite
834 114 223 diorite
834 114 224 diorite
834 114 225 diorite
834 114 226 diorite
834 114 227 diorite
834 114 228 stone
834 114 229 granite
834 114 230 granite
834 114 231 stone
834 114 232 stone
834 114 233 stone
834 114 234 stone
834 114 235 stone
834 114 236 stone
834 114 237 stone
834 114 238 stone
834 114 239 stone
834 114 240 stone
834 114 241 stone
834 114 242 stone
834 114 243 stone
834 114 244 stone
834 114 245 stone
834 114 246 stone
834 114 247 stone
834 114 248 stone
834 114 249 stone
834 114 250 stone
834 114 251 stone
834 114 252 stone
834 114 253 stone
834 114 254 stone
834 114 255 stone
835 114 128 stone
835 114 129 stone
835 114 130 stone
835 114 131 stone
835 114 132 stone
835 114 133 stone
835 114 134 stone
835 114 135 stone
835 114 136 stone
835 114 137 stone
835 114 138 stone
835 114 139 stone
835 114 140 stone
835 114 141 stone
835 114 142 stone
835 114 143 stone
835 114 144 stone
835 114 145 stone
835 114 146 stone
835 114 147 stone
835 114 148 stone
835 114 149 stone
835 114 150 stone
835 114 151 stone
835 114 152 stone
835 114 153 stone
835 114 154 stone
835 114 155 stone
835 114 156 stone
835 114 157 stone
835 114 158 dirt
835 114 159 dirt
835 114 160 stone
835 114 161 stone
835 114 162 stone
835 114 163 stone
835 114 164 coal_ore
835 114 165 coal_ore
835 114 166 coal_ore
835 114 167 stone
835 114 168 stone
835 114 169 stone
835 114 170 diorite
835 114 171 diorite
835 114 172 diorite
835 114 173 diorite
835 114 174 stone
835 114 175 stone
835 114 176 stone
835 114 177 stone
835 114 178 stone
835 114 179 granite
835 114 180 granite
835 114 181 granite
835 114 182 granite
835 114 183 granite
835 114 184 granite
835 114 185 granite
835 114 186 granite
835 114 187 stone
835 114 188 stone
835 114 189 stone
835 114 190 stone
835 114 191 stone
835 114 192 stone
835 114 193 stone
835 114 194 stone
835 114 195 stone
835 114 196 stone
835 114 197 stone
835 114 198 stone
835 114 199 stone
835 114 200 stone
835 114 201 stone
835 114 202 stone
835 114 203 stone
835 114 204 stone
835 114 205 stone
835 114 206 stone
835 114 207 stone
835 114 208 stone
835 114 209 stone
835 114 210 stone
835 114 211 stone
835 114 212 stone
835 114 213 stone
835 114 214 andesite
835 114 215 andesite
835 114 216 andesite
835 114 217 stone
835 114 218 stone
835 114 219 stone
835 114 220 stone
835 114 221 diorite
835 114 222 diorite
835 114 223 diorite
835 114 224 diorite
835 114 225 diorite
835 114 226 diorite
835 114 227 diorite
835 114 228 stone
835 114 229 stone
835 114 230 stone
835 114 231 stone
835 114 232 stone
835 114 233 stone
835 114 234 stone
835 114 235 stone
835 114 236 stone
835 114 237 stone
835 114 238 stone
835 114 239 stone
835 114 240 stone
835 114 241 stone
835 114 242 stone
835 114 243 stone
835 114 244 stone
835 114 245 stone
835 114 246 stone
835 114 247 stone
835 114 248 stone
835 114 249 stone
835 114 250 stone
835 114 251 stone
835 114 252 stone
835 114 253 stone
835 114 254 stone
835 114 255 stone
836 114 128 granite
836 114 129 stone
836 114 130 stone
836 114 131 stone
836 114 132 stone
836 114 133 stone
836 114 134 stone
836 114 135 stone
836 114 136 stone
836 114 137 stone
836 114 138 stone
836 114 139 stone
836 114 140 stone
836 114 141 stone
836 114 142 stone
836 114 143 stone
836 114 144 stone
836 114 145 stone
836 114 146 stone
836 114 147 stone
836 114 148 stone
836 114 149 stone
836 114 150 stone
836 114 151 stone
836 114 152 stone
836 114 153 stone
836 114 154 stone
836 114 155 stone
836 114 156 stone
836 114 157 dirt
836 114 158 dirt
836 114 159 dirt
836 114 160 dirt
836 114 161 stone
836 114 162 stone
836 114 163 stone
836 114 164 stone
836 114 165 coal_ore
836 114 166 coal_ore
836 114 167 stone
836 114 168 stone
836 114 169 diorite
836 114 170 diorite
836 114 171 diorite
836 114 172 diorite
836 114 173 diorite
836 114 174 diorite
836 114 175 stone
836 114 176 stone
836 114 177 stone
836 114 178 stone
836 114 179 stone
836 114 180 granite
836 114 181 granite
836 114 182 granite
836 114 183 granite
836 114 184 granite
836 114 185 granite
836 114 186 granite
836 114 187 granite
836 114 188 stone
836 114 189 stone
836 114 190 stone
836 114 191 stone
836 114 192 stone
836 114 193 stone
836 114 194 stone
836 114 195 stone
836 114 196 stone
836 114 197 stone
836 114 198 stone
836 114 199 stone
836 114 200 stone
836 114 201 stone
836 114 202 stone
836 114 203 stone
836 114 204 stone
836 114 205 stone
836 114 206 stone
836 114 207 stone
836 114 208 stone
836 114 209 stone
836 114 210 andesite
836 114 211 andesite
836 114 212 andesite
836 114 213 andesite
836 114 214 andesite
836 114 215 andesite
836 114 216 andesite
836 114 217 andesite
836 114 218 stone
836 114 219 stone
836 114 220 stone
836 114 221 copper_ore
836 114 222 copper_ore
836 114 223 diorite
836 114 224 diorite
836 114 225 diorite
836 114 226 diorite
836 114 227 diorite
836 114 228 stone
836 114 229 stone
836 114 230 stone
836 114 231 stone
836 114 232 stone
836 114 233 stone
836 114 234 stone
836 114 235 stone
836 114 236 stone
836 114 237 stone
836 114 238 stone
836 114 239 stone
836 114 240 stone
836 114 241 stone
836 114 242 stone
836 114 243 stone
836 114 244 stone
836 114 245 stone
836 114 246 stone
836 114 247 stone
836 114 248 stone
836 114 249 stone
836 114 250 stone
836 114 251 stone
836 114 252 stone
836 114 253 stone
836 114 254 stone
836 114 255 stone
837 114 128 granite
837 114 129 stone
837 114 130 stone
837 114 131 stone
837 114 132 stone
837 114 133 stone
837 114 134 stone
837 114 135 stone
837 114 136 stone
837 114 137 stone
837 114 138 stone
837 114 139 stone
837 114 140 stone
837 114 141 stone
837 114 142 stone
837 114 143 stone
837 114 144 stone
837 114 145 stone
837 114 146 stone
837 114 147 stone
837 114 148 stone
837 114 149 stone
837 114 150 stone
837 114 151 stone
837 114 152 stone
837 114 153 stone
837 114 154 stone
837 114 155 stone
837 114 156 stone
837 114 157 dirt
837 114 158 dirt
837 114 159 dirt
837 114 160 dirt
837 114 161 dirt
837 114 162 stone
837 114 163 stone
837 114 164 stone
837 114 165 stone
837 114 166 coal_ore
837 114 167 coal_ore
837 114 168 stone
837 114 169 diorite
837 114 170 diorite
837 114 171 diorite
837 114 172 diorite
837 114 173 diorite
837 114 174 diorite
837 114 175 stone
837 114 176 stone
837 114 177 stone
837 114 178 stone
837 114 179 stone
837 114 180 stone
837 114 181 granite
837 114 182 granite
837 114 183 granite
837 114 184 granite
837 114 185 granite
837 114 186 granite
837 114 187 granite
837 114 188 stone
837 114 189 stone
837 114 190 stone
837 114 191 stone
837 114 192 stone
837 114 193 stone
837 114 194 stone
837 114 195 stone
837 114 196 stone
837 114 197 stone
837 114 198 stone
837 114 199 stone
837 114 200 stone
837 114 201 stone
837 114 202 stone
837 114 203 stone
837 114 204 stone
837 114 205 stone
837 114 206 stone
837 114 207 stone
837 114 208 andesite
837 114 209 andesite
837 114 210 andesite
837 114 211 andesite
837 114 212 andesite
837 114 213 andesite
837 114 214 andesite
837 114 215 andesite
837 114 216 andesite
837 114 217 andesite
837 114 218 stone
837 114 219 stone
837 114 220 stone
837 114 221 copper_ore
837 114 222 copper_ore
837 114 223 stone
837 114 224 stone
837 114 225 diorite
837 114 226 stone
837 114 227 stone
837 114 228 stone
837 114 229 stone
837 114 230 stone
837 114 231 stone
837 114 232 stone
837 114 233 stone
837 114 234 stone
837 114 235 stone
837 114 236 stone
837 114 237 stone
837 114 238 stone
837 114 239 stone
837 114 240 stone
837 114 241 stone
837 114 242 stone
837 114 243 stone
837 114 244 stone
837 114 245 stone
837 114 246 stone
837 114 247 stone
837 114 248 stone
837 114 249 stone
837 114 250 stone
837 114 251 stone
837 114 252 stone
837 114 253 stone
837 114 254 stone
837 114 255 stone
838 114 128 granite
838 114 129 granite
838 114 130 stone
838 114 131 stone
838 114 132 stone
838 114 133 stone
838 114 134 stone
838 114 135 stone
838 114 136 stone
838 114 137 stone
838 114 138 stone
838 114 139 stone
838 114 140 stone
838 114 141 stone
838 114 142 stone
838 114 143 stone
838 114 144 stone
838 114 145 stone
838 114 146 stone
838 114 147 stone
838 114 148 stone
838 114 149 stone
838 114 150 stone
838 114 151 stone
838 114 152 stone
838 114 153 stone
838 114 154 stone
838 114 155 stone
838 114 156 stone
838 114 157 stone
838 114 158 dirt
838 114 159 dirt
838 114 160 dirt
838 114 161 dirt
838 114 162 stone
838 114 163 stone
838 114 164 stone
838 114 165 stone
838 114 166 stone
838 114 167 stone
838 114 168 stone
838 114 169 diorite
838 114 170 diorite
838 114 171 diorite
838 114 172 diorite
838 114 173 diorite
838 114 174 diorite
838 114 175 stone
838 114 176 gravel
838 114 177 gravel
838 114 178 gravel
838 114 179 stone
838 114 180 stone
838 114 181 stone
838 114 182 stone
838 114 183 granite
838 114 184 granite
838 114 185 granite
838 114 186 granite
838 114 187 stone
838 114 188 stone
838 114 189 stone
838 114 190 stone
838 114 191 stone
838 114 192 stone
838 114 193 stone
838 114 194 stone
838 114 195 stone
838 114 196 stone
838 114 197 stone
838 114 198 stone
838 114 199 stone
838 114 200 stone
838 114 201 stone
838 114 202 stone
838 114 203 stone
838 114 204 stone
838 114 205 stone
838 114 206 andesite
838 114 207 andesite
838 114 208 andesite
838 114 209 andesite
838 114 210 andesite
838 114 211 andesite
838 114 212 andesite
838 114 213 andesite
838 114 214 andesite
838 114 215 andesite
838 114 216 andesite
838 114 217 andesite
838 114 218 stone
838 114 219 stone
838 114 220 stone
838 114 221 stone
838 114 222 stone
838 114 223 stone
838 114 224 stone
838 114 225 stone
838 114 226 stone
838 114 227 stone
838 114 228 stone
838 114 229 stone
838 114 230 stone
838 114 231 stone
838 114 232 stone
838 114 233 stone
838 114 234 stone
838 114 235 stone
838 114 236 stone
838 114 237 stone
838 114 238 stone
838 114 239 stone
838 114 240 stone
838 114 241 stone
838 114 242 stone
838 114 243 stone
838 114 244 stone
838 114 245 stone
838 114 246 stone
838 114 247 stone
838 114 248 stone
838 114 249 stone
838 114 250 coal_ore
838 114 251 coal_ore
838 114 252 stone
838 114 253 stone
838 114 254 stone
838 114 255 stone
839 114 128 granite
839 114 129 granite
839 114 130 stone
839 114 131 stone
839 114 132 stone
839 114 133 stone
839 114 134 stone
839 114 135 stone
839 114 136 stone
839 114 137 stone
839 114 138 stone
839 114 139 stone
839 114 140 stone
839 114 141 stone
839 114 142 stone
839 114 143 stone
839 114 144 stone
839 114 145 stone
839 114 146 stone
839 114 147 stone
839 114 148 stone
839 114 149 stone
839 114 150 stone
839 114 151 stone
839 114 152 stone
839 114 153 stone
839 114 154 stone
839 114 155 stone
839 114 156 stone
839 114 157 stone
839 114 158 dirt
839 114 159 dirt
839 114 160 dirt
839 114 161 dirt
839 114 162 dirt
839 114 163 stone
839 114 164 stone
839 114 165 stone
839 114 166 stone
839 114 167 stone
839 114 168 stone
839 114 169 diorite
839 114 170 diorite
839 114 171 diorite
839 114 172 diorite
839 114 173 diorite
839 114 174 diorite
839 114 175 gravel
839 114 176 gravel
839 114 177 gravel
839 114 178 gravel
839 114 179 gravel
839 114 180 gravel
839 114 181 stone
839 114 182 stone
839 114 183 stone
839 114 184 stone
839 114 185 stone
839 114 186 stone
839 114 187 stone
839 114 188 stone
839 114 189 stone
839 114 190 stone
839 114 191 stone
839 114 192 stone
839 114 193 stone
839 114 194 stone
839 114 195 stone
839 114 196 stone
839 114 197 stone
839 114 198 stone
839 114 199 stone
839 114 200 stone
839 114 201 stone
839 114 202 stone
839 114 203 stone
839 114 204 stone
839 114 205 andesite
839 114 206 andesite
839 114 207 andesite
839 114 208 andesite
839 114 209 andesite
839 114 210 andesite
839 114 211 andesite
839 114 212 andesite
839 114 213 andesite
839 114 214 andesite
839 114 215 andesite
839 114 216 stone
839 114 217 stone
839 114 218 stone
839 114 219 stone
839 114 220 stone
839 114 221 stone
839 114 222 stone
839 114 223 stone
839 114 224 stone
839 114 225 stone
839 114 226 stone
839 114 227 stone
839 114 228 stone
839 114 229 stone
839 114 230 stone
839 114 231 stone
839 114 232 stone
839 114 233 stone
839 114 234 stone
839 114 235 stone
839 114 236 stone
839 114 237 stone
839 114 238 stone
839 114 239 stone
839 114 240 stone
839 114 241 stone
839 114 242 stone
839 114 243 stone
839 114 244 stone
839 114 245 stone
839 114 246 stone
839 114 247 stone
839 114 248 stone
839 114 249 stone
839 114 250 coal_ore
839 114 251 coal_ore
839 114 252 stone
839 114 253 stone
839 114 254 stone
839 114 255 stone
840 114 128 granite
840 114 129 granite
840 114 130 stone
840 114 131 stone
840 114 132 stone
840 114 133 stone
840 114 134 stone
840 114 135 stone
840 114 136 stone
840 114 137 stone
840 114 138 stone
840 114 139 stone
840 114 140 stone
840 114 141 stone
840 114 142 stone
840 114 143 stone
840 114 144 stone
840 114 145 stone
840 114 146 stone
840 114 147 stone
840 114 148 stone
840 114 149 stone
840 114 150 stone
840 114 151 stone
840 114 152 stone
840 114 153 stone
840 114 154 stone
840 114 155 stone
840 114 156 stone
840 114 157 stone
840 114 158 stone
840 114 159 dirt
840 114 160 dirt
840 114 161 dirt
840 114 162 dirt
840 114 163 stone
840 114 164 stone
840 114 165 stone
840 114 166 stone
840 114 167 stone
840 114 168 diorite
840 114 169 diorite
840 114 170 diorite
840 114 171 diorite
840 114 172 diorite
840 114 173 diorite
840 114 174 diorite
840 114 175 diorite
840 114 176 gravel
840 114 177 gravel
840 114 178 gravel
840 114 179 gravel
840 114 180 gravel
840 114 181 gravel
840 114 182 gravel
840 114 183 stone
840 114 184 stone
840 114 185 stone
840 114 186 stone
840 114 187 stone
840 114 188 stone
840 114 189 stone
840 114 190 stone
840 114 191 stone
840 114 192 stone
840 114 193 stone
840 114 194 stone
840 114 195 stone
840 114 196 stone
840 114 197 stone
840 114 198 stone
840 114 199 stone
840 114 200 stone
840 114 201 stone
840 114 202 stone
840 114 203 stone
840 114 204 stone
840 114 205 andesite
840 114 206 andesite
840 114 207 stone
840 114 208 andesite
840 114 209 andesite
840 114 210 andesite
840 114 211 andesite
840 114 212 andesite
840 114 213 stone
840 114 214 stone
840 114 215 stone
840 114 216 coal_ore
840 114 217 stone
840 114 218 stone
840 114 219 stone
840 114 220 stone
840 114 221 stone
840 114 222 stone
840 114 223 copper_ore
840 114 224 copper_ore
840 114 225 stone
840 114 226 stone
840 114 227 stone
840 114 228 stone
840 114 229 stone
840 114 230 stone
840 114 231 stone
840 114 232 stone
840 114 233 stone
840 114 234 stone
840 114 235 stone
840 114 236 stone
840 114 237 stone
840 114 238 stone
840 114 239 stone
840 114 240 stone
840 114 241 stone
840 114 242 stone
840 114 243 stone
840 114 244 stone
840 114 245 stone
840 114 246 stone
840 114 247 stone
840 114 248 stone
840 114 249 stone
840 114 250 coal_ore
840 114 251 coal_ore
840 114 252 stone
840 114 253 stone
840 114 254 stone
840 114 255 stone
841 114 128 granite
841 114 129 granite
841 114 130 stone
841 114 131 stone
841 114 132 stone
841 114 133 stone
841 114 134 stone
841 114 135 stone
841 114 136 stone
841 114 137 stone
841 114 138 stone
841 114 139 stone
841 114 140 stone
841 114 141 stone
841 114 142 stone
841 114 143 stone
841 114 144 stone
841 114 145 stone
841 114 146 stone
841 114 147 stone
841 114 148 stone
841 114 149 stone
841 114 150 stone
841 114 151 stone
841 114 152 stone
841 114 153 stone
841 114 154 stone
841 114 155 stone
841 114 156 stone
841 114 157 stone
841 114 158 stone
841 114 159 stone
841 114 160 dirt
841 114 161 dirt
841 114 162 dirt
841 114 163 stone
841 114 164 stone
841 114 165 stone
841 114 166 stone
841 114 167 stone
841 114 168 diorite
841 114 169 diorite
841 114 170 diorite
841 114 171 diorite
841 114 172 diorite
841 114 173 diorite
841 114 174 diorite
841 114 175 diorite
841 114 176 gravel
841 114 177 gravel
841 114 178 gravel
841 114 179 gravel
841 114 180 gravel
841 114 181 gravel
841 114 182 gravel
841 114 183 gravel
841 114 184 stone
841 114 185 stone
841 114 186 stone
841 114 187 stone
841 114 188 stone
841 114 189 stone
841 114 190 stone
841 114 191 stone
841 114 192 stone
841 114 193 stone
841 114 194 stone
841 114 195 stone
841 114 196 stone
841 114 197 stone
841 114 198 stone
841 114 199 stone
841 114 200 stone
841 114 201 stone
841 114 202 stone
841 114 203 stone
841 114 204 stone
841 114 205 stone
841 114 206 stone
841 114 207 stone
841 114 208 stone
841 114 209 stone
841 114 210 stone
841 114 211 stone
841 114 212 stone
841 114 213 stone
841 114 214 coal_ore
841 114 215 coal_ore
841 114 216 coal_ore
841 114 217 stone
841 114 218 stone
841 114 219 stone
841 114 220 stone
841 114 221 stone
841 114 222 stone
841 114 223 copper_ore
841 114 224 copper_ore
841 114 225 stone
841 114 226 stone
841 114 227 stone
841 114 228 stone
841 114 229 stone
841 114 230 stone
841 114 231 stone
841 114 232 stone
841 114 233 stone
841 114 234 stone
841 114 235 stone
841 114 236 stone
841 114 237 stone
841 114 238 stone
841 114 239 stone
841 114 240 stone
841 114 241 stone
841 114 242 stone
841 114 243 stone
841 114 244 stone
841 114 245 stone
841 114 246 stone
841 114 247 stone
841 114 248 stone
841 114 249 stone
841 114 250 coal_ore
841 114 251 coal_ore
841 114 252 stone
841 114 253 stone
841 114 254 stone
841 114 255 stone
842 114 128 granite
842 114 129 granite
842 114 130 stone
842 114 131 stone
842 114 132 stone
842 114 133 stone
842 114 134 stone
842 114 135 stone
842 114 136 stone
842 114 137 stone
842 114 138 stone
842 114 139 stone
842 114 140 stone
842 114 141 stone
842 114 142 stone
842 114 143 stone
842 114 144 stone
842 114 145 stone
842 114 146 stone
842 114 147 stone
842 114 148 stone
842 114 149 stone
842 114 150 stone
842 114 151 stone
842 114 152 stone
842 114 153 stone
842 114 154 stone
842 114 155 stone
842 114 156 stone
842 114 157 stone
842 114 158 stone
842 114 159 stone
842 114 160 stone
842 114 161 stone
842 114 162 stone
842 114 163 stone
842 114 164 stone
842 114 165 stone
842 114 166 stone
842 114 167 stone
842 114 168 diorite
842 114 169 diorite
842 114 170 diorite
842 114 171 diorite
842 114 172 diorite
842 114 173 diorite
842 114 174 diorite
842 114 175 diorite
842 114 176 stone
842 114 177 stone
842 114 178 gravel
842 114 179 gravel
842 114 180 gravel
842 114 181 gravel
842 114 182 gravel
842 114 183 gravel
842 114 184 gravel
842 114 185 stone
842 114 186 stone
842 114 187 stone
842 114 188 stone
842 114 189 stone
842 114 190 stone
842 114 191 stone
842 114 192 stone
842 114 193 stone
842 114 194 stone
