792 102 253 stone
792 102 254 stone
792 102 255 stone
793 102 128 stone
793 102 129 stone
793 102 130 stone
793 102 131 stone
793 102 132 stone
793 102 133 stone
793 102 134 stone
793 102 135 stone
793 102 136 stone
793 102 137 stone
793 102 138 stone
793 102 139 stone
793 102 140 diorite
793 102 141 diorite
793 102 142 diorite
793 102 143 diorite
793 102 144 stone
793 102 145 stone
793 102 146 granite
793 102 147 granite
793 102 148 granite
793 102 149 granite
793 102 150 granite
793 102 151 granite
793 102 152 granite
793 102 153 granite
793 102 154 granite
793 102 169 granite
793 102 170 granite
793 102 171 granite
793 102 172 granite
793 102 173 granite
793 102 174 granite
793 102 175 granite
793 102 177 granite
793 102 178 granite
793 102 179 stone
793 102 180 stone
793 102 181 stone
793 102 182 stone
793 102 183 stone
793 102 184 stone
793 102 185 stone
793 102 186 stone
793 102 187 stone
793 102 188 stone
793 102 189 stone
793 102 190 stone
793 102 191 stone
793 102 192 stone
793 102 193 stone
793 102 194 stone
793 102 195 stone
793 102 196 stone
793 102 197 stone
793 102 198 stone
793 102 199 stone
793 102 200 stone
793 102 201 granite
793 102 202 stone
793 102 203 granite
793 102 204 stone
793 102 205 stone
793 102 206 stone
793 102 207 stone
793 102 208 stone
793 102 209 stone
793 102 210 gravel
793 102 211 gravel
793 102 212 gravel
793 102 213 gravel
793 102 214 gravel
793 102 215 gravel
793 102 216 stone
793 102 217 stone
793 102 218 stone
793 102 219 stone
793 102 220 stone
793 102 221 stone
793 102 222 stone
793 102 223 stone
793 102 224 stone
793 102 225 stone
793 102 226 stone
793 102 227 stone
793 102 228 stone
793 102 229 stone
793 102 230 stone
793 102 231 stone
793 102 232 stone
793 102 233 stone
793 102 234 stone
793 102 235 stone
793 102 236 coal_ore
793 102 237 coal_ore
793 102 238 coal_ore
793 102 239 coal_ore
793 102 240 stone
793 102 241 stone
793 102 242 stone
793 102 243 stone
793 102 244 stone
793 102 245 stone
793 102 246 stone
793 102 247 stone
793 102 248 stone
793 102 249 stone
793 102 250 stone
793 102 251 stone
793 102 252 stone
793 102 253 copper_ore
793 102 254 stone
793 102 255 stone
794 102 128 stone
794 102 129 stone
794 102 130 stone
794 102 131 stone
794 102 132 stone
794 102 133 stone
794 102 134 stone
794 102 135 stone
794 102 136 stone
794 102 137 stone
794 102 138 stone
794 102 139 diorite
794 102 140 diorite
794 102 141 diorite
794 102 142 diorite
794 102 143 diorite
794 102 144 stone
794 102 145 stone
794 102 146 stone
794 102 169 granite
794 102 170 granite
794 102 171 granite
794 102 172 granite
794 102 173 granite
794 102 174 granite
794 102 175 granite
794 102 178 stone
794 102 179 stone
794 102 180 stone
794 102 181 stone
794 102 182 stone
794 102 183 gravel
794 102 184 gravel
794 102 185 gravel
794 102 186 gravel
794 102 187 stone
794 102 188 stone
794 102 189 stone
794 102 190 stone
794 102 191 stone
794 102 192 stone
794 102 193 stone
794 102 194 stone
794 102 195 stone
794 102 196 stone
794 102 197 stone
794 102 198 stone
794 102 199 stone
794 102 200 granite
794 102 201 stone
794 102 202 granite
794 102 203 stone
794 102 204 stone
794 102 205 stone
794 102 206 stone
794 102 207 stone
794 102 208 stone
794 102 209 stone
794 102 210 stone
794 102 211 gravel
794 102 212 gravel
794 102 213 gravel
794 102 214 gravel
794 102 215 gravel
794 102 216 stone
794 102 217 stone
794 102 218 stone
794 102 219 stone
794 102 220 stone
794 102 221 stone
794 102 222 stone
794 102 223 stone
794 102 224 stone
794 102 225 stone
794 102 226 stone
794 102 227 stone
794 102 228 stone
794 102 229 stone
794 102 230 stone
794 102 231 stone
794 102 232 stone
794 102 233 stone
794 102 234 stone
794 102 235 stone
794 102 236 stone
794 102 237 coal_ore
794 102 238 coal_ore
794 102 239 coal_ore
794 102 240 coal_ore
794 102 241 coal_ore
794 102 242 stone
794 102 243 stone
794 102 244 stone
794 102 245 stone
794 102 246 stone
794 102 247 stone
794 102 248 stone
794 102 249 stone
794 102 250 stone
794 102 251 stone
794 102 252 stone
794 102 253 stone
794 102 254 stone
794 102 255 stone
795 102 128 stone
795 102 129 stone
795 102 130 stone
795 102 131 stone
795 102 132 stone
795 102 133 stone
795 102 134 stone
795 102 135 stone
795 102 136 stone
795 102 137 stone
795 102 138 stone
795 102 139 stone
795 102 140 diorite
795 102 141 diorite
795 102 142 diorite
795 102 143 diorite
795 102 144 diorite
795 102 145 stone
795 102 146 stone
795 102 169 stone
795 102 170 stone
795 102 171 stone
795 102 172 granite
795 102 173 granite
795 102 174 stone
795 102 175 diorite
795 102 177 diorite
795 102 178 diorite
795 102 179 stone
795 102 180 stone
795 102 181 stone
795 102 182 stone
795 102 183 gravel
795 102 184 gravel
795 102 185 gravel
795 102 186 gravel
795 102 187 gravel
795 102 188 stone
795 102 189 stone
795 102 190 stone
795 102 191 stone
795 102 192 stone
795 102 193 stone
795 102 194 stone
795 102 195 stone
795 102 196 stone
795 102 197 stone
795 102 198 stone
795 102 199 stone
795 102 200 stone
795 102 201 stone
795 102 202 stone
795 102 203 stone
795 102 204 stone
795 102 205 stone
795 102 206 stone
795 102 207 stone
795 102 208 stone
795 102 209 stone
795 102 210 stone
795 102 211 stone
795 102 212 gravel
795 102 213 gravel
795 102 214 gravel
795 102 215 gravel
795 102 216 gravel
795 102 217 stone
795 102 218 stone
795 102 219 stone
795 102 220 stone
795 102 221 stone
795 102 222 stone
795 102 223 stone
795 102 224 stone
795 102 225 stone
795 102 226 stone
795 102 227 stone
795 102 228 stone
795 102 229 stone
795 102 230 stone
795 102 231 stone
795 102 232 stone
795 102 233 stone
795 102 234 stone
795 102 235 stone
795 102 236 stone
795 102 237 stone
795 102 238 stone
795 102 239 stone
795 102 240 stone
795 102 241 stone
795 102 242 stone
795 102 243 stone
795 102 244 stone
795 102 245 stone
795 102 246 stone
795 102 247 stone
795 102 248 stone
795 102 249 stone
795 102 250 stone
795 102 251 stone
795 102 252 stone
795 102 253 stone
795 102 254 stone
795 102 255 stone
796 102 128 stone
796 102 129 stone
796 102 130 stone
796 102 131 stone
796 102 132 stone
796 102 133 stone
796 102 134 stone
796 102 135 stone
796 102 136 stone
796 102 137 stone
796 102 138 stone
796 102 139 stone
796 102 140 diorite
796 102 141 diorite
796 102 142 diorite
796 102 143 diorite
796 102 144 stone
796 102 145 stone
796 102 162 granite
796 102 163 granite
796 102 164 stone
796 102 165 stone
796 102 166 stone
796 102 169 stone
796 102 170 copper_ore
796 102 171 stone
796 102 172 stone
796 102 173 stone
796 102 174 diorite
796 102 175 diorite
796 102 176 diorite
796 102 177 diorite
796 102 178 diorite
796 102 179 diorite
796 102 180 stone
796 102 181 stone
796 102 182 stone
796 102 183 gravel
796 102 184 gravel
796 102 185 gravel
796 102 186 gravel
796 102 187 gravel
796 102 188 stone
796 102 189 stone
796 102 190 stone
796 102 191 stone
796 102 192 stone
796 102 193 stone
796 102 194 stone
796 102 195 stone
796 102 196 stone
796 102 197 stone
796 102 198 stone
796 102 199 stone
796 102 200 stone
796 102 201 stone
796 102 202 stone
796 102 203 stone
796 102 204 stone
796 102 205 stone
796 102 206 stone
796 102 207 stone
796 102 208 stone
796 102 209 stone
796 102 210 stone
796 102 211 stone
796 102 212 stone
796 102 213 gravel
796 102 214 gravel
796 102 215 gravel
796 102 216 gravel
796 102 217 stone
796 102 218 stone
796 102 219 stone
796 102 220 stone
796 102 221 stone
796 102 222 stone
796 102 223 stone
796 102 224 stone
796 102 225 stone
796 102 226 stone
796 102 227 stone
796 102 228 stone
796 102 229 stone
796 102 230 stone
796 102 231 stone
796 102 232 stone
796 102 233 stone
796 102 234 stone
796 102 235 stone
796 102 236 stone
796 102 237 stone
796 102 238 stone
796 102 239 stone
796 102 240 stone
796 102 241 stone
796 102 242 stone
796 102 243 stone
796 102 244 stone
796 102 245 stone
796 102 246 stone
796 102 247 stone
796 102 248 stone
796 102 249 stone
796 102 250 stone
796 102 251 stone
796 102 252 stone
796 102 253 stone
796 102 254 stone
796 102 255 stone
797 102 128 stone
797 102 129 stone
797 102 130 stone
797 102 131 stone
797 102 132 stone
797 102 133 stone
797 102 134 stone
797 102 135 stone
797 102 136 stone
797 102 137 stone
797 102 138 stone
797 102 139 stone
797 102 140 gravel
797 102 141 gravel
797 102 142 gravel
797 102 143 diorite
797 102 144 stone
797 102 145 stone
797 102 162 granite
797 102 163 granite
797 102 164 granite
797 102 165 granite
797 102 166 stone
797 102 167 stone
797 102 169 stone
797 102 170 stone
797 102 171 stone
797 102 172 stone
797 102 173 stone
797 102 174 diorite
797 102 175 diorite
797 102 176 diorite
797 102 177 diorite
797 102 178 diorite
797 102 179 diorite
797 102 180 stone
797 102 181 stone
797 102 182 stone
797 102 183 gravel
797 102 184 gravel
797 102 185 gravel
797 102 186 gravel
797 102 187 gravel
797 102 188 gravel
797 102 189 stone
797 102 190 stone
797 102 191 stone
797 102 192 stone
797 102 193 stone
797 102 194 stone
797 102 195 stone
797 102 196 stone
797 102 197 stone
797 102 198 stone
797 102 199 stone
797 102 200 stone
797 102 201 stone
797 102 202 stone
797 102 203 stone
797 102 204 stone
797 102 205 stone
797 102 206 stone
797 102 207 stone
797 102 208 stone
797 102 209 stone
797 102 210 stone
797 102 211 stone
797 102 212 andesite
797 102 213 andesite
797 102 214 gravel
797 102 215 gravel
797 102 216 gravel
797 102 217 stone
797 102 218 stone
797 102 219 stone
797 102 220 stone
797 102 221 stone
797 102 222 stone
797 102 223 stone
797 102 224 stone
797 102 225 stone
797 102 226 stone
797 102 227 stone
797 102 228 stone
797 102 229 stone
797 102 230 stone
797 102 231 stone
797 102 232 stone
797 102 233 stone
797 102 234 stone
797 102 235 stone
797 102 236 stone
797 102 237 stone
797 102 238 stone
797 102 239 stone
797 102 240 stone
797 102 241 stone
797 102 242 stone
797 102 243 stone
797 102 244 stone
797 102 245 stone
797 102 246 stone
797 102 247 stone
797 102 248 stone
797 102 249 stone
797 102 250 stone
797 102 251 stone
797 102 252 stone
797 102 253 stone
797 102 254 stone
797 102 255 stone
798 102 130 stone
798 102 131 stone
798 102 132 stone
798 102 133 stone
798 102 134 stone
798 102 135 stone
798 102 136 stone
798 102 137 stone
798 102 138 stone
798 102 139 gravel
798 102 140 gravel
798 102 141 gravel
798 102 142 gravel
798 102 143 gravel
798 102 144 gravel
798 102 161 granite
798 102 162 granite
798 102 163 granite
798 102 164 granite
798 102 165 granite
798 102 166 stone
798 102 167 stone
798 102 169 stone
798 102 170 stone
798 102 171 stone
798 102 172 stone
798 102 173 diorite
798 102 174 diorite
798 102 175 diorite
798 102 176 diorite
798 102 177 diorite
798 102 178 diorite
798 102 179 diorite
798 102 180 stone
798 102 181 stone
798 102 182 stone
798 102 183 stone
798 102 184 gravel
798 102 185 gravel
798 102 186 gravel
798 102 187 gravel
798 102 188 gravel
798 102 189 gravel
798 102 190 stone
798 102 191 stone
798 102 192 stone
798 102 193 stone
798 102 194 stone
798 102 195 stone
798 102 196 stone
798 102 197 stone
798 102 198 stone
798 102 199 stone
798 102 200 stone
798 102 201 stone
798 102 202 stone
798 102 203 stone
798 102 204 stone
798 102 205 stone
798 102 206 stone
798 102 207 stone
798 102 208 stone
798 102 209 stone
798 102 210 stone
798 102 211 stone
798 102 212 andesite
798 102 213 andesite
798 102 214 andesite
798 102 215 andesite
798 102 216 andesite
798 102 217 andesite
798 102 218 andesite
798 102 219 stone
798 102 220 stone
798 102 221 stone
798 102 222 stone
798 102 223 stone
798 102 224 stone
798 102 225 stone
798 102 226 stone
798 102 227 stone
798 102 228 stone
798 102 229 stone
798 102 230 stone
798 102 231 stone
798 102 232 stone
798 102 233 stone
798 102 234 stone
798 102 235 stone
798 102 236 stone
798 102 237 stone
798 102 238 stone
798 102 239 stone
798 102 240 stone
798 102 241 stone
798 102 242 stone
798 102 243 stone
798 102 244 stone
798 102 245 stone
798 102 246 stone
798 102 247 stone
798 102 248 stone
798 102 249 stone
798 102 250 stone
798 102 251 stone
798 102 252 stone
798 102 253 stone
798 102 254 stone
798 102 255 stone
799 102 130 stone
799 102 131 stone
799 102 132 stone
799 102 133 stone
799 102 134 stone
799 102 135 stone
799 102 136 stone
799 102 137 stone
799 102 138 stone
799 102 139 stone
799 102 140 gravel
799 102 141 gravel
799 102 142 gravel
799 102 143 gravel
799 102 144 gravel
799 102 145 gravel
799 102 161 granite
799 102 162 granite
799 102 163 granite
799 102 164 granite
799 102 165 granite
799 102 166 granite
799 102 167 stone
799 102 169 stone
799 102 170 stone
799 102 171 stone
799 102 172 stone
799 102 173 diorite
799 102 174 diorite
799 102 175 diorite
799 102 176 diorite
799 102 177 diorite
799 102 178 diorite
799 102 179 diorite
799 102 180 stone
799 102 181 stone
799 102 182 stone
799 102 183 stone
799 102 184 stone
799 102 185 granite
799 102 186 gravel
799 102 187 gravel
799 102 188 gravel
799 102 189 gravel
799 102 190 stone
799 102 191 stone
799 102 192 stone
799 102 193 stone
799 102 194 stone
799 102 195 stone
799 102 196 stone
799 102 197 stone
799 102 198 stone
799 102 199 stone
799 102 200 stone
799 102 201 stone
799 102 202 stone
799 102 203 stone
799 102 204 stone
799 102 205 stone
799 102 206 stone
799 102 207 stone
799 102 208 stone
799 102 209 stone
799 102 210 stone
799 102 211 andesite
799 102 212 andesite
799 102 213 andesite
799 102 214 andesite
799 102 215 andesite
799 102 216 andesite
799 102 217 andesite
799 102 218 andesite
799 102 219 andesite
799 102 220 stone
799 102 221 stone
799 102 222 stone
799 102 223 stone
799 102 224 stone
799 102 225 stone
799 102 226 stone
799 102 227 stone
799 102 228 stone
799 102 229 stone
799 102 230 stone
799 102 231 stone
799 102 232 stone
799 102 233 stone
799 102 234 stone
799 102 235 stone
799 102 236 stone
799 102 237 stone
799 102 238 stone
799 102 239 stone
799 102 240 stone
799 102 241 stone
799 102 242 stone
799 102 243 stone
799 102 244 stone
799 102 245 stone
799 102 246 stone
799 102 247 stone
799 102 248 stone
799 102 249 stone
799 102 250 stone
799 102 251 stone
799 102 252 stone
799 102 253 stone
799 102 254 stone
799 102 255 stone
800 102 130 stone
800 102 131 stone
800 102 132 stone
800 102 133 stone
800 102 134 stone
800 102 135 stone
800 102 136 stone
800 102 137 stone
800 102 138 stone
800 102 139 stone
800 102 140 gravel
800 102 141 iron_ore
800 102 142 gravel
800 102 143 gravel
800 102 144 gravel
800 102 145 gravel
800 102 161 granite
800 102 162 granite
800 102 163 granite
800 102 164 granite
800 102 165 granite
800 102 166 granite
800 102 167 stone
800 102 168 stone
800 102 169 stone
800 102 170 stone
800 102 171 stone
800 102 172 granite
800 102 173 diorite
800 102 174 diorite
800 102 175 diorite
800 102 176 diorite
800 102 177 diorite
800 102 178 diorite
800 102 179 diorite
800 102 180 stone
800 102 181 stone
800 102 182 stone
800 102 183 stone
800 102 184 stone
800 102 185 granite
800 102 186 granite
800 102 187 granite
800 102 188 gravel
800 102 189 gravel
800 102 190 stone
800 102 191 stone
800 102 192 stone
800 102 193 stone
800 102 194 stone
800 102 195 stone
800 102 196 stone
800 102 197 stone
800 102 198 stone
800 102 199 stone
800 102 200 stone
800 102 201 stone
800 102 202 stone
800 102 203 stone
800 102 204 stone
800 102 205 stone
800 102 206 stone
800 102 207 stone
800 102 208 stone
800 102 209 stone
800 102 210 stone
800 102 211 stone
800 102 212 andesite
800 102 213 andesite
800 102 214 andesite
800 102 215 andesite
800 102 216 andesite
800 102 217 andesite
800 102 218 andesite
800 102 219 andesite
800 102 220 andesite
800 102 221 andesite
800 102 222 stone
800 102 223 stone
800 102 224 stone
800 102 225 stone
800 102 226 stone
800 102 227 stone
800 102 228 stone
800 102 229 stone
800 102 230 stone
800 102 231 stone
800 102 232 stone
800 102 233 stone
800 102 234 stone
800 102 235 stone
800 102 236 stone
800 102 237 stone
800 102 238 stone
800 102 239 stone
800 102 240 stone
800 102 241 stone
800 102 242 stone
800 102 243 stone
800 102 244 stone
800 102 245 stone
800 102 246 stone
800 102 247 stone
800 102 248 stone
800 102 249 stone
800 102 250 stone
800 102 251 stone
800 102 252 stone
800 102 253 stone
800 102 254 stone
800 102 255 stone
801 102 129 stone
801 102 130 stone
801 102 131 stone
801 102 132 stone
801 102 133 stone
801 102 134 stone
801 102 135 stone
801 102 136 stone
801 102 137 stone
801 102 138 stone
801 102 139 stone
801 102 140 stone
801 102 141 iron_ore
801 102 142 gravel
801 102 143 gravel
801 102 144 gravel
801 102 145 gravel
801 102 155 stone
801 102 156 stone
801 102 157 stone
801 102 158 stone
801 102 159 stone
801 102 160 granite
801 102 161 granite
801 102 162 granite
801 102 163 granite
801 102 164 granite
801 102 165 granite
801 102 166 granite
801 102 167 stone
801 102 168 stone
801 102 169 stone
801 102 170 granite
801 102 171 granite
801 102 172 granite
801 102 173 diorite
801 102 174 diorite
801 102 175 diorite
801 102 176 diorite
801 102 177 diorite
801 102 178 diorite
801 102 179 diorite
801 102 180 stone
801 102 181 stone
801 102 182 stone
801 102 183 stone
801 102 184 stone
801 102 185 granite
801 102 186 granite
801 102 187 granite
801 102 188 granite
801 102 189 granite
801 102 190 granite
801 102 191 stone
801 102 192 stone
801 102 193 stone
801 102 194 stone
801 102 195 stone
801 102 196 stone
801 102 197 stone
801 102 198 stone
801 102 199 stone
801 102 200 stone
801 102 201 stone
801 102 202 stone
801 102 203 stone
801 102 204 stone
801 102 205 stone
801 102 206 stone
801 102 207 stone
801 102 208 stone
801 102 209 stone
801 102 210 stone
801 102 211 diorite
801 102 212 andesite
801 102 213 andesite
801 102 214 andesite
801 102 215 andesite
801 102 216 andesite
801 102 217 andesite
801 102 218 andesite
801 102 219 andesite
801 102 220 andesite
801 102 221 andesite
801 102 222 andesite
801 102 223 stone
801 102 224 stone
801 102 225 stone
801 102 226 stone
801 102 227 stone
801 102 228 stone
801 102 229 stone
801 102 230 stone
801 102 231 stone
801 102 232 stone
801 102 233 stone
801 102 234 stone
801 102 235 stone
801 102 236 stone
801 102 237 stone
801 102 238 stone
801 102 239 stone
801 102 240 stone
801 102 241 stone
801 102 242 stone
801 102 243 stone
801 102 244 stone
801 102 245 stone
801 102 246 stone
801 102 247 stone
801 102 248 stone
801 102 249 stone
801 102 250 stone
801 102 251 stone
801 102 252 stone
801 102 253 stone
801 102 254 stone
801 102 255 stone
802 102 128 stone
802 102 129 stone
802 102 130 stone
802 102 131 stone
802 102 132 stone
802 102 133 stone
802 102 134 stone
802 102 135 stone
802 102 136 stone
802 102 137 stone
802 102 138 stone
802 102 139 stone
802 102 140 stone
802 102 141 stone
802 102 142 iron_ore
802 102 143 stone
802 102 144 stone
802 102 145 gravel
802 102 146 gravel
802 102 150 gravel
802 102 151 gravel
802 102 152 gravel
802 102 153 gravel
802 102 154 stone
802 102 155 stone
802 102 156 stone
802 102 157 stone
802 102 158 stone
802 102 159 stone
802 102 160 stone
802 102 161 granite
802 102 162 granite
802 102 163 granite
802 102 164 granite
802 102 165 granite
802 102 166 granite
802 102 167 granite
802 102 168 granite
802 102 169 granite
802 102 170 granite
802 102 171 granite
802 102 172 granite
802 102 173 diorite
802 102 174 diorite
802 102 175 diorite
802 102 176 diorite
802 102 177 diorite
802 102 178 diorite
802 102 179 diorite
802 102 180 stone
802 102 181 stone
802 102 182 stone
802 102 183 stone
802 102 184 granite
802 102 185 granite
802 102 186 granite
802 102 187 granite
802 102 188 granite
802 102 189 granite
802 102 190 granite
802 102 191 stone
802 102 192 stone
802 102 193 stone
802 102 194 stone
802 102 195 stone
802 102 196 stone
802 102 197 stone
802 102 198 stone
802 102 199 stone
802 102 200 stone
802 102 201 stone
802 102 202 stone
802 102 203 stone
802 102 204 stone
802 102 205 stone
802 102 206 stone
802 102 207 stone
802 102 208 stone
802 102 209 diorite
802 102 210 diorite
802 102 211 diorite
802 102 212 diorite
802 102 213 andesite
802 102 214 andesite
802 102 215 andesite
802 102 216 andesite
802 102 217 andesite
802 102 218 andesite
802 102 219 andesite
802 102 220 andesite
802 102 221 andesite
802 102 222 andesite
802 102 223 andesite
802 102 224 stone
802 102 225 stone
802 102 226 stone
802 102 227 stone
802 102 228 stone
802 102 229 stone
802 102 230 stone
802 102 231 stone
802 102 232 stone
802 102 233 stone
802 102 234 stone
802 102 235 stone
802 102 236 stone
802 102 237 stone
802 102 238 stone
802 102 239 stone
