820 118 193 stone
820 118 194 stone
820 118 195 stone
820 118 196 stone
820 118 197 stone
820 118 198 stone
820 118 199 stone
820 118 200 stone
820 118 201 stone
820 118 202 stone
820 118 203 stone
820 118 204 stone
820 118 205 stone
820 118 206 stone
820 118 207 stone
820 118 208 stone
820 118 209 stone
820 118 210 stone
820 118 211 stone
820 118 212 stone
820 118 213 stone
820 118 214 stone
820 118 215 stone
820 118 216 stone
820 118 217 stone
820 118 218 stone
820 118 219 stone
820 118 220 stone
820 118 221 stone
820 118 222 stone
820 118 223 stone
820 118 224 stone
820 118 225 stone
820 118 226 stone
820 118 227 stone
820 118 228 granite
820 118 229 granite
820 118 230 granite
820 118 231 granite
820 118 232 stone
820 118 233 stone
820 118 234 stone
820 118 235 stone
820 118 236 stone
820 118 237 stone
820 118 238 stone
820 118 239 stone
820 118 240 stone
820 118 241 stone
820 118 242 stone
820 118 243 stone
820 118 244 stone
820 118 245 stone
820 118 246 stone
820 118 247 stone
820 118 248 stone
820 118 249 stone
820 118 250 gravel
820 118 251 gravel
820 118 252 gravel
820 118 253 gravel
820 118 254 gravel
820 118 255 gravel
821 118 128 stone
821 118 129 stone
821 118 130 stone
821 118 131 stone
821 118 132 stone
821 118 133 stone
821 118 134 stone
821 118 135 stone
821 118 136 stone
821 118 137 stone
821 118 138 stone
821 118 139 stone
821 118 140 stone
821 118 141 stone
821 118 142 stone
821 118 143 stone
821 118 144 stone
821 118 145 stone
821 118 146 stone
821 118 147 stone
821 118 148 stone
821 118 149 stone
821 118 150 stone
821 118 151 stone
821 118 152 stone
821 118 153 stone
821 118 154 stone
821 118 155 copper_ore
821 118 156 stone
821 118 157 stone
821 118 158 stone
821 118 159 coal_ore
821 118 160 coal_ore
821 118 161 stone
821 118 162 stone
821 118 163 stone
821 118 164 stone
821 118 165 stone
821 118 166 stone
821 118 167 stone
821 118 168 stone
821 118 169 stone
821 118 170 stone
821 118 171 stone
821 118 172 stone
821 118 173 stone
821 118 174 stone
821 118 175 stone
821 118 176 stone
821 118 177 stone
821 118 178 stone
821 118 179 stone
821 118 180 stone
821 118 181 stone
821 118 182 stone
821 118 183 stone
821 118 184 stone
821 118 185 stone
821 118 186 stone
821 118 187 stone
821 118 188 stone
821 118 189 stone
821 118 190 stone
821 118 191 stone
821 118 192 stone
821 118 193 stone
821 118 194 stone
821 118 195 stone
821 118 196 stone
821 118 197 stone
821 118 198 stone
821 118 199 stone
821 118 200 stone
821 118 201 stone
821 118 202 stone
821 118 203 stone
821 118 204 stone
821 118 205 stone
821 118 206 stone
821 118 207 stone
821 118 208 stone
821 118 209 stone
821 118 210 stone
821 118 211 stone
821 118 212 stone
821 118 213 stone
821 118 214 andesite
821 118 215 andesite
821 118 216 andesite
821 118 217 andesite
821 118 218 andesite
821 118 219 stone
821 118 220 stone
821 118 221 stone
821 118 222 stone
821 118 223 stone
821 118 224 stone
821 118 225 stone
821 118 226 stone
821 118 227 granite
821 118 228 granite
821 118 229 granite
821 118 230 granite
821 118 231 granite
821 118 232 granite
821 118 233 stone
821 118 234 stone
821 118 235 stone
821 118 236 stone
821 118 237 stone
821 118 238 stone
821 118 239 stone
821 118 240 stone
821 118 241 stone
821 118 242 stone
821 118 243 stone
821 118 244 stone
821 118 245 stone
821 118 246 stone
821 118 247 stone
821 118 248 stone
821 118 249 stone
821 118 250 stone
821 118 251 stone
821 118 252 gravel
821 118 253 gravel
821 118 254 gravel
821 118 255 gravel
822 118 128 stone
822 118 129 stone
822 118 130 stone
822 118 131 stone
822 118 132 stone
822 118 133 stone
822 118 134 stone
822 118 135 stone
822 118 136 stone
822 118 137 stone
822 118 138 stone
822 118 139 stone
822 118 140 stone
822 118 141 stone
822 118 142 stone
822 118 143 stone
822 118 144 stone
822 118 145 stone
822 118 146 stone
822 118 147 stone
822 118 148 stone
822 118 149 stone
822 118 150 stone
822 118 151 stone
822 118 152 stone
822 118 153 stone
822 118 154 stone
822 118 155 stone
822 118 156 stone
822 118 157 stone
822 118 158 stone
822 118 159 coal_ore
822 118 160 coal_ore
822 118 161 stone
822 118 162 stone
822 118 163 stone
822 118 164 stone
822 118 165 stone
822 118 166 stone
822 118 167 stone
822 118 168 stone
822 118 169 stone
822 118 170 stone
822 118 171 stone
822 118 172 stone
822 118 173 stone
822 118 174 copper_ore
822 118 175 copper_ore
822 118 176 stone
822 118 177 stone
822 118 178 stone
822 118 179 stone
822 118 180 stone
822 118 181 stone
822 118 182 stone
822 118 183 stone
822 118 184 stone
822 118 185 stone
822 118 186 stone
822 118 187 stone
822 118 188 stone
822 118 189 stone
822 118 190 stone
822 118 191 stone
822 118 192 stone
822 118 193 stone
822 118 194 stone
822 118 195 stone
822 118 196 stone
822 118 197 stone
822 118 198 stone
822 118 199 stone
822 118 200 stone
822 118 201 stone
822 118 202 stone
822 118 203 stone
822 118 204 stone
822 118 205 stone
822 118 206 stone
822 118 207 stone
822 118 208 stone
822 118 209 stone
822 118 210 stone
822 118 211 andesite
822 118 212 andesite
822 118 213 andesite
822 118 214 andesite
822 118 215 andesite
822 118 216 andesite
822 118 217 andesite
822 118 218 andesite
822 118 219 andesite
822 118 220 andesite
822 118 221 andesite
822 118 222 stone
822 118 223 stone
822 118 224 stone
822 118 225 stone
822 118 226 stone
822 118 227 granite
822 118 228 granite
822 118 229 granite
822 118 230 granite
822 118 231 granite
822 118 232 granite
822 118 233 stone
822 118 234 stone
822 118 235 stone
822 118 236 stone
822 118 237 stone
822 118 238 stone
822 118 239 stone
822 118 240 stone
822 118 241 stone
822 118 242 stone
822 118 243 stone
822 118 244 stone
822 118 245 stone
822 118 246 stone
822 118 247 stone
822 118 248 stone
822 118 249 stone
822 118 250 stone
822 118 251 stone
822 118 252 stone
822 118 253 stone
822 118 254 stone
822 118 255 stone
823 118 128 stone
823 118 129 stone
823 118 130 stone
823 118 131 dirt
823 118 132 dirt
823 118 133 stone
823 118 134 stone
823 118 135 stone
823 118 136 stone
823 118 137 stone
823 118 138 stone
823 118 139 stone
823 118 140 stone
823 118 141 stone
823 118 142 stone
823 118 143 stone
823 118 144 stone
823 118 145 stone
823 118 146 stone
823 118 147 stone
823 118 148 stone
823 118 149 stone
823 118 150 stone
823 118 151 stone
823 118 152 stone
823 118 153 stone
823 118 154 stone
823 118 155 stone
823 118 156 andesite
823 118 157 stone
823 118 158 stone
823 118 159 stone
823 118 160 coal_ore
823 118 161 stone
823 118 162 stone
823 118 163 stone
823 118 164 stone
823 118 165 stone
823 118 166 stone
823 118 167 stone
823 118 168 stone
823 118 169 stone
823 118 170 stone
823 118 171 stone
823 118 172 stone
823 118 173 stone
823 118 174 copper_ore
823 118 175 copper_ore
823 118 176 stone
823 118 177 stone
823 118 178 stone
823 118 179 stone
823 118 180 stone
823 118 181 stone
823 118 182 stone
823 118 183 stone
823 118 184 stone
823 118 185 stone
823 118 186 stone
823 118 187 stone
823 118 188 stone
823 118 189 stone
823 118 190 stone
823 118 191 stone
823 118 192 stone
823 118 193 stone
823 118 194 stone
823 118 195 stone
823 118 196 stone
823 118 197 stone
823 118 198 stone
823 118 199 stone
823 118 200 stone
823 118 201 stone
823 118 202 stone
823 118 203 stone
823 118 204 stone
823 118 205 stone
823 118 206 stone
823 118 207 stone
823 118 208 stone
823 118 209 stone
823 118 210 stone
823 118 211 andesite
823 118 212 andesite
823 118 213 andesite
823 118 214 andesite
823 118 215 andesite
823 118 216 andesite
823 118 217 andesite
823 118 218 andesite
823 118 219 andesite
823 118 220 andesite
823 118 221 andesite
823 118 222 andesite
823 118 223 stone
823 118 224 stone
823 118 225 stone
823 118 226 stone
823 118 227 granite
823 118 228 granite
823 118 229 granite
823 118 230 granite
823 118 231 granite
823 118 232 granite
823 118 233 stone
823 118 234 stone
823 118 235 stone
823 118 236 stone
823 118 237 stone
823 118 238 stone
823 118 239 stone
823 118 240 stone
823 118 241 stone
823 118 242 stone
823 118 243 stone
823 118 244 stone
823 118 245 stone
823 118 246 stone
823 118 247 stone
823 118 248 stone
823 118 249 stone
823 118 250 stone
823 118 251 stone
823 118 252 stone
823 118 253 stone
823 118 254 stone
823 118 255 stone
824 118 128 stone
824 118 129 dirt
824 118 130 dirt
824 118 131 dirt
824 118 132 dirt
824 118 133 dirt
824 118 134 stone
824 118 135 stone
824 118 136 stone
824 118 137 stone
824 118 138 stone
824 118 139 stone
824 118 140 stone
824 118 141 stone
824 118 142 stone
824 118 143 stone
824 118 144 stone
824 118 145 stone
824 118 146 stone
824 118 147 stone
824 118 148 stone
824 118 149 stone
824 118 150 stone
824 118 151 stone
824 118 152 stone
824 118 153 stone
824 118 154 andesite
824 118 155 andesite
824 118 156 andesite
824 118 157 andesite
824 118 158 andesite
824 118 159 stone
824 118 160 stone
824 118 161 stone
824 118 162 stone
824 118 163 stone
824 118 164 stone
824 118 165 stone
824 118 166 stone
824 118 167 stone
824 118 168 stone
824 118 169 stone
824 118 170 stone
824 118 171 stone
824 118 172 stone
824 118 173 stone
824 118 174 copper_ore
824 118 175 stone
824 118 176 stone
824 118 177 stone
824 118 178 stone
824 118 179 stone
824 118 180 stone
824 118 181 stone
824 118 182 stone
824 118 183 stone
824 118 184 stone
824 118 185 stone
824 118 186 stone
824 118 187 stone
824 118 188 stone
824 118 189 stone
824 118 190 stone
824 118 191 stone
824 118 192 stone
824 118 193 stone
824 118 194 stone
824 118 195 stone
824 118 196 stone
824 118 197 stone
824 118 198 stone
824 118 199 stone
824 118 200 stone
824 118 201 stone
824 118 202 stone
824 118 203 stone
824 118 204 stone
824 118 205 stone
824 118 206 stone
824 118 207 stone
824 118 208 stone
824 118 209 stone
824 118 210 stone
824 118 211 andesite
824 118 212 andesite
824 118 213 andesite
824 118 214 andesite
824 118 215 andesite
824 118 216 andesite
824 118 217 andesite
824 118 218 andesite
824 118 219 andesite
824 118 220 andesite
824 118 221 andesite
824 118 222 andesite
824 118 223 andesite
824 118 224 andesite
824 118 225 andesite
824 118 226 stone
824 118 227 granite
824 118 228 granite
824 118 229 granite
824 118 230 granite
824 118 231 granite
824 118 232 granite
824 118 233 stone
824 118 234 stone
824 118 235 infested_stone
824 118 236 stone
824 118 237 stone
824 118 238 stone
824 118 239 stone
824 118 240 stone
824 118 241 stone
824 118 242 stone
824 118 243 stone
824 118 244 stone
824 118 245 stone
824 118 246 stone
824 118 247 stone
824 118 248 stone
824 118 249 stone
824 118 250 stone
824 118 251 stone
824 118 252 stone
824 118 253 stone
824 118 254 stone
824 118 255 stone
825 118 128 stone
825 118 129 dirt
825 118 130 dirt
825 118 131 dirt
825 118 132 dirt
825 118 133 stone
825 118 134 stone
825 118 135 stone
825 118 136 stone
825 118 137 stone
825 118 138 stone
825 118 139 stone
825 118 140 stone
825 118 141 stone
825 118 142 stone
825 118 143 stone
825 118 144 stone
825 118 145 stone
825 118 146 stone
825 118 147 stone
825 118 148 stone
825 118 149 stone
825 118 150 stone
825 118 151 stone
825 118 152 andesite
825 118 153 andesite
825 118 154 andesite
825 118 155 andesite
825 118 156 andesite
825 118 157 andesite
825 118 158 andesite
825 118 159 stone
825 118 160 stone
825 118 161 stone
825 118 162 stone
825 118 163 stone
825 118 164 stone
825 118 165 stone
825 118 166 stone
825 118 167 stone
825 118 168 stone
825 118 169 stone
825 118 170 stone
825 118 171 stone
825 118 172 stone
825 118 173 stone
825 118 174 stone
825 118 175 stone
825 118 176 stone
825 118 177 stone
825 118 178 stone
825 118 179 stone
825 118 180 stone
825 118 181 stone
825 118 182 stone
825 118 183 stone
825 118 184 stone
825 118 185 stone
825 118 186 stone
825 118 187 andesite
825 118 188 stone
825 118 189 stone
825 118 190 stone
825 118 191 stone
825 118 192 stone
825 118 193 stone
825 118 194 stone
825 118 195 stone
825 118 196 stone
825 118 197 stone
825 118 198 stone
825 118 199 stone
825 118 200 stone
825 118 201 stone
825 118 202 stone
825 118 203 stone
825 118 204 stone
825 118 205 stone
825 118 206 stone
825 118 207 stone
825 118 208 stone
825 118 209 stone
825 118 210 stone
825 118 211 andesite
825 118 212 andesite
825 118 213 andesite
825 118 214 andesite
825 118 215 andesite
825 118 216 andesite
825 118 217 andesite
825 118 218 andesite
825 118 219 andesite
825 118 220 andesite
825 118 221 andesite
825 118 222 andesite
825 118 223 andesite
825 118 224 andesite
825 118 225 andesite
825 118 226 andesite
825 118 227 granite
825 118 228 granite
825 118 229 granite
825 118 230 granite
825 118 231 granite
825 118 232 granite
825 118 233 stone
825 118 234 stone
825 118 235 stone
825 118 236 stone
825 118 237 stone
825 118 238 stone
825 118 239 stone
825 118 240 stone
825 118 241 stone
825 118 242 stone
825 118 243 stone
825 118 244 stone
825 118 245 stone
825 118 246 stone
825 118 247 stone
825 118 248 stone
825 118 249 stone
825 118 250 stone
825 118 251 stone
825 118 252 stone
825 118 253 stone
825 118 254 stone
825 118 255 stone
826 118 128 dirt
826 118 129 dirt
826 118 130 dirt
826 118 131 dirt
826 118 132 dirt
826 118 133 stone
826 118 134 stone
826 118 135 stone
826 118 136 stone
826 118 137 stone
826 118 138 stone
826 118 139 stone
826 118 140 stone
826 118 141 stone
826 118 142 stone
826 118 143 stone
826 118 144 stone
826 118 145 stone
826 118 146 stone
826 118 147 stone
826 118 148 stone
826 118 149 stone
826 118 150 stone
826 118 151 andesite
826 118 152 andesite
826 118 153 andesite
826 118 154 andesite
826 118 155 andesite
826 118 156 andesite
826 118 157 andesite
826 118 158 andesite
826 118 159 stone
826 118 160 stone
826 118 161 stone
826 118 162 stone
826 118 163 stone
826 118 164 stone
826 118 165 stone
826 118 166 stone
826 118 167 stone
826 118 168 stone
826 118 169 stone
826 118 170 stone
826 118 171 stone
826 118 172 stone
826 118 173 stone
826 118 174 stone
826 118 175 stone
826 118 176 stone
826 118 177 stone
826 118 178 stone
826 118 179 stone
826 118 180 stone
826 118 181 stone
826 118 182 stone
826 118 183 stone
826 118 184 stone
826 118 185 stone
826 118 186 stone
826 118 187 stone
826 118 188 stone
826 118 189 stone
826 118 190 stone
826 118 191 stone
826 118 192 stone
826 118 193 stone
826 118 194 stone
826 118 195 stone
826 118 196 stone
826 118 197 stone
826 118 198 stone
826 118 199 stone
826 118 200 stone
826 118 201 stone
826 118 202 stone
826 118 203 stone
826 118 204 stone
826 118 205 stone
826 118 206 stone
826 118 207 stone
826 118 208 stone
826 118 209 stone
826 118 210 stone
826 118 211 stone
826 118 212 andesite
826 118 213 andesite
826 118 214 andesite
826 118 215 andesite
826 118 216 andesite
826 118 217 andesite
826 118 218 andesite
826 118 219 andesite
826 118 220 andesite
826 118 221 andesite
826 118 222 andesite
826 118 223 andesite
826 118 224 andesite
826 118 225 andesite
826 118 226 andesite
826 118 227 granite
826 118 228 granite
826 118 229 granite
826 118 230 granite
826 118 231 granite
826 118 232 granite
826 118 233 stone
826 118 234 stone
826 118 235 stone
826 118 236 stone
826 118 237 stone
826 118 238 stone
826 118 239 stone
826 118 240 stone
826 118 241 stone
826 118 242 stone
826 118 243 stone
826 118 244 stone
826 118 245 stone
826 118 246 stone
826 118 247 stone
826 118 248 stone
826 118 249 stone
826 118 250 stone
826 118 251 stone
826 118 252 stone
826 118 253 stone
826 118 254 stone
826 118 255 stone
827 118 128 dirt
827 118 129 stone
827 118 130 dirt
827 118 131 stone
827 118 132 stone
827 118 133 stone
827 118 134 stone
827 118 135 stone
827 118 136 stone
827 118 137 stone
827 118 138 stone
827 118 139 stone
827 118 140 stone
827 118 141 stone
827 118 142 stone
827 118 143 stone
827 118 144 stone
827 118 145 stone
827 118 146 stone
827 118 147 stone
827 118 148 stone
827 118 149 stone
827 118 150 andesite
827 118 151 andesite
827 118 152 andesite
827 118 153 andesite
827 118 154 andesite
827 118 155 andesite
827 118 156 andesite
827 118 157 andesite
827 118 158 stone
827 118 159 stone
827 118 160 stone
827 118 161 stone
827 118 162 stone
827 118 163 stone
827 118 164 stone
827 118 165 stone
827 118 166 stone
827 118 167 stone
827 118 168 stone
827 118 169 stone
827 118 170 stone
827 118 171 stone
827 118 172 stone
827 118 173 stone
827 118 174 stone
827 118 175 stone
827 118 176 stone
827 118 177 stone
827 118 178 stone
827 118 179 stone
827 118 180 stone
827 118 181 stone
827 118 182 stone
827 118 183 stone
827 118 184 stone
827 118 185 stone
827 118 186 stone
827 118 187 stone
827 118 188 stone
827 118 189 stone
827 118 190 stone
827 118 191 stone
827 118 192 stone
827 118 193 stone
827 118 194 stone
827 118 195 stone
827 118 196 stone
827 118 197 stone
827 118 198 stone
827 118 199 stone
827 118 200 stone
827 118 201 stone
827 118 202 stone
827 118 203 stone
827 118 204 stone
827 118 205 stone
827 118 206 stone
827 118 207 stone
827 118 208 stone
827 118 209 stone
827 118 210 stone
827 118 211 stone
827 118 212 stone
827 118 213 andesite
827 118 214 andesite
827 118 215 andesite
827 118 216 andesite
827 118 217 andesite
827 118 218 andesite
827 118 219 andesite
827 118 220 andesite
827 118 221 andesite
827 118 222 andesite
827 118 223 andesite
827 118 224 andesite
827 118 225 andesite
827 118 226 andesite
827 118 227 andesite
827 118 228 granite
827 118 229 granite
827 118 230 granite
827 118 231 granite
827 118 232 stone
827 118 233 stone
827 118 234 stone
827 118 235 stone
827 118 236 stone
827 118 237 stone
827 118 238 stone
827 118 239 stone
827 118 240 stone
827 118 241 stone
827 118 242 stone
827 118 243 stone
827 118 244 stone
827 118 245 stone
827 118 246 stone
827 118 247 stone
827 118 248 stone
827 118 249 stone
827 118 250 stone
827 118 251 stone
827 118 252 stone
827 118 253 stone
827 118 254 stone
827 118 255 stone
828 118 128 stone
828 118 129 stone
828 118 130 stone
828 118 131 stone
828 118 132 stone
828 118 133 stone
828 118 134 stone
828 118 135 stone
828 118 136 stone
828 118 137 stone
828 118 138 stone
828 118 139 stone
828 118 140 stone
828 118 141 stone
828 118 142 stone
828 118 143 diorite
828 118 144 stone
828 118 145 stone
828 118 146 stone
828 118 147 stone
828 118 148 stone
828 118 149 andesite
828 118 150 andesite
828 118 151 andesite
828 118 152 andesite
828 118 153 andesite
828 118 154 andesite
828 118 155 andesite
828 118 156 andesite
828 118 157 andesite
828 118 158 stone
828 118 159 stone
828 118 160 stone
828 118 161 stone
828 118 162 stone
828 118 163 stone
828 118 164 stone
828 118 165 stone
828 118 166 stone
828 118 167 stone
828 118 168 stone
828 118 169 stone
828 118 170 stone
828 118 171 stone
828 118 172 stone
828 118 173 stone
828 118 174 stone
828 118 175 stone
828 118 176 stone
828 118 177 stone
828 118 178 stone
828 118 179 stone
828 118 180 stone
828 118 181 stone
828 118 182 stone
828 118 183 stone
828 118 184 stone
828 118 185 stone
828 118 186 stone
828 118 187 stone
828 118 188 stone
828 118 189 stone
828 118 190 stone
828 118 191 stone
828 118 192 stone
828 118 193 stone
828 118 194 stone
828 118 195 stone
828 118 196 stone
828 118 197 stone
828 118 198 stone
828 118 199 stone
828 118 200 stone
828 118 201 stone
828 118 202 stone
828 118 203 stone
828 118 204 stone
828 118 205 stone
828 118 206 stone
828 118 207 stone
828 118 208 stone
828 118 209 stone
828 118 210 stone
828 118 211 stone
828 118 212 stone
828 118 213 stone
828 118 214 stone
828 118 215 andesite
828 118 216 andesite
828 118 217 andesite
828 118 218 andesite
828 118 219 andesite
828 118 220 andesite
828 118 221 andesite
828 118 222 andesite
828 118 223 andesite
828 118 224 andesite
828 118 225 andesite
828 118 226 andesite
828 118 227 andesite
828 118 228 granite
828 118 229 granite
828 118 230 granite
828 118 231 granite
828 118 232 stone
828 118 233 stone
828 118 234 stone
828 118 235 stone
828 118 236 stone
828 118 237 stone
828 118 238 stone
828 118 239 stone
828 118 240 stone
828 118 241 stone
828 118 242 stone
828 118 243 stone
828 118 244 stone
828 118 245 stone
828 118 246 stone
828 118 247 stone
828 118 248 stone
828 118 249 stone
828 118 250 stone
828 118 251 stone
828 118 252 stone
828 118 253 stone
828 118 254 stone
828 118 255 stone
829 118 128 stone
829 118 129 stone
829 118 130 stone
829 118 131 stone
829 118 132 stone
829 118 133 stone
829 118 134 stone
829 118 135 stone
829 118 136 stone
829 118 137 stone
829 118 138 stone
829 118 139 stone
829 118 140 stone
829 118 141 stone
829 118 142 stone
829 118 143 diorite
829 118 144 diorite
829 118 145 diorite
