819 102 248 stone
819 102 249 granite
819 102 250 granite
819 102 251 granite
819 102 252 granite
819 102 253 granite
819 102 254 granite
819 102 255 granite
820 102 128 andesite
820 102 129 andesite
820 102 130 andesite
820 102 131 andesite
820 102 132 andesite
820 102 133 andesite
820 102 134 stone
820 102 135 stone
820 102 136 stone
820 102 137 stone
820 102 138 andesite
820 102 139 andesite
820 102 140 andesite
820 102 141 andesite
820 102 142 andesite
820 102 143 andesite
820 102 144 andesite
820 102 145 andesite
820 102 146 andesite
820 102 147 stone
820 102 148 coal_ore
820 102 149 coal_ore
820 102 150 stone
820 102 151 stone
820 102 152 stone
820 102 153 stone
820 102 154 stone
820 102 155 stone
820 102 156 stone
820 102 157 stone
820 102 158 stone
820 102 159 stone
820 102 160 stone
820 102 161 diorite
820 102 162 diorite
820 102 163 diorite
820 102 164 diorite
820 102 165 diorite
820 102 166 stone
820 102 167 stone
820 102 168 stone
820 102 169 stone
820 102 170 stone
820 102 171 stone
820 102 172 stone
820 102 173 stone
820 102 174 stone
820 102 175 stone
820 102 176 stone
820 102 177 stone
820 102 178 stone
820 102 179 stone
820 102 180 stone
820 102 181 stone
820 102 182 stone
820 102 183 stone
820 102 184 stone
820 102 185 stone
820 102 186 stone
820 102 187 stone
820 102 188 stone
820 102 189 stone
820 102 190 stone
820 102 191 diorite
820 102 192 diorite
820 102 193 diorite
820 102 194 diorite
820 102 195 diorite
820 102 196 diorite
820 102 197 stone
820 102 198 stone
820 102 199 stone
820 102 200 stone
820 102 201 stone
820 102 202 stone
820 102 203 stone
820 102 204 stone
820 102 205 stone
820 102 206 stone
820 102 207 stone
820 102 208 stone
820 102 209 stone
820 102 210 stone
820 102 211 stone
820 102 212 stone
820 102 213 stone
820 102 214 stone
820 102 215 stone
820 102 216 stone
820 102 217 stone
820 102 218 stone
820 102 219 stone
820 102 220 stone
820 102 221 stone
820 102 222 stone
820 102 223 stone
820 102 224 stone
820 102 225 stone
820 102 226 stone
820 102 227 stone
820 102 228 stone
820 102 229 stone
820 102 230 stone
820 102 231 stone
820 102 232 stone
820 102 233 stone
820 102 234 stone
820 102 235 stone
820 102 236 stone
820 102 237 stone
820 102 238 stone
820 102 239 stone
820 102 240 infested_stone
820 102 241 infested_stone
820 102 242 stone
820 102 243 stone
820 102 244 stone
820 102 245 stone
820 102 246 stone
820 102 247 stone
820 102 248 granite
820 102 249 granite
820 102 250 granite
820 102 251 granite
820 102 252 granite
820 102 253 granite
820 102 254 granite
820 102 255 granite
821 102 128 andesite
821 102 129 andesite
821 102 130 andesite
821 102 131 andesite
821 102 132 andesite
821 102 133 stone
821 102 134 stone
821 102 135 stone
821 102 136 stone
821 102 137 stone
821 102 138 stone
821 102 139 andesite
821 102 140 andesite
821 102 141 andesite
821 102 142 andesite
821 102 143 andesite
821 102 144 andesite
821 102 145 andesite
821 102 146 andesite
821 102 147 stone
821 102 148 coal_ore
821 102 149 coal_ore
821 102 150 coal_ore
821 102 151 stone
821 102 152 stone
821 102 153 stone
821 102 154 stone
821 102 155 stone
821 102 156 stone
821 102 157 stone
821 102 158 stone
821 102 159 stone
821 102 160 stone
821 102 161 diorite
821 102 162 diorite
821 102 163 diorite
821 102 164 diorite
821 102 165 diorite
821 102 166 stone
821 102 167 stone
821 102 168 stone
821 102 169 stone
821 102 170 stone
821 102 171 stone
821 102 172 stone
821 102 173 stone
821 102 174 stone
821 102 175 stone
821 102 176 stone
821 102 177 stone
821 102 178 stone
821 102 179 stone
821 102 180 stone
821 102 181 stone
821 102 182 stone
821 102 183 stone
821 102 184 stone
821 102 185 stone
821 102 186 stone
821 102 187 stone
821 102 188 stone
821 102 189 stone
821 102 190 diorite
821 102 191 diorite
821 102 192 diorite
821 102 193 diorite
821 102 194 diorite
821 102 195 diorite
821 102 196 diorite
821 102 197 stone
821 102 198 stone
821 102 199 stone
821 102 200 stone
821 102 201 stone
821 102 202 stone
821 102 203 stone
821 102 204 stone
821 102 205 stone
821 102 206 stone
821 102 207 stone
821 102 208 stone
821 102 209 stone
821 102 210 stone
821 102 211 stone
821 102 212 stone
821 102 213 stone
821 102 214 stone
821 102 215 stone
821 102 216 stone
821 102 217 stone
821 102 218 stone
821 102 219 stone
821 102 220 stone
821 102 221 stone
821 102 222 stone
821 102 223 stone
821 102 224 stone
821 102 225 stone
821 102 226 stone
821 102 227 stone
821 102 228 stone
821 102 229 stone
821 102 230 stone
821 102 231 stone
821 102 232 stone
821 102 233 stone
821 102 234 stone
821 102 235 stone
821 102 236 stone
821 102 237 stone
821 102 238 stone
821 102 239 stone
821 102 240 stone
821 102 241 stone
821 102 242 stone
821 102 243 stone
821 102 244 stone
821 102 245 stone
821 102 246 stone
821 102 247 stone
821 102 248 granite
821 102 249 granite
821 102 250 granite
821 102 251 granite
821 102 252 granite
821 102 253 granite
821 102 254 granite
821 102 255 granite
822 102 128 stone
822 102 129 stone
822 102 130 stone
822 102 131 stone
822 102 132 stone
822 102 133 stone
822 102 134 stone
822 102 135 stone
822 102 136 stone
822 102 137 stone
822 102 138 stone
822 102 139 andesite
822 102 140 andesite
822 102 141 andesite
822 102 142 andesite
822 102 143 andesite
822 102 144 andesite
822 102 145 andesite
822 102 146 andesite
822 102 147 andesite
822 102 148 coal_ore
822 102 149 coal_ore
822 102 150 coal_ore
822 102 151 coal_ore
822 102 152 coal_ore
822 102 153 stone
822 102 154 stone
822 102 155 stone
822 102 156 stone
822 102 157 stone
822 102 158 stone
822 102 159 stone
822 102 160 stone
822 102 161 diorite
822 102 162 diorite
822 102 163 diorite
822 102 164 diorite
822 102 165 diorite
822 102 166 diorite
822 102 167 stone
822 102 168 stone
822 102 169 stone
822 102 170 stone
822 102 171 stone
822 102 172 stone
822 102 173 stone
822 102 174 stone
822 102 175 stone
822 102 176 stone
822 102 177 stone
822 102 178 stone
822 102 179 stone
822 102 180 stone
822 102 181 stone
822 102 182 stone
822 102 183 stone
822 102 184 stone
822 102 185 stone
822 102 186 stone
822 102 187 stone
822 102 188 stone
822 102 189 stone
822 102 190 diorite
822 102 191 diorite
822 102 192 diorite
822 102 193 diorite
822 102 194 diorite
822 102 195 diorite
822 102 196 diorite
822 102 197 diorite
822 102 198 stone
822 102 199 stone
822 102 200 stone
822 102 201 stone
822 102 202 stone
822 102 203 stone
822 102 204 stone
822 102 205 stone
822 102 206 stone
822 102 207 stone
822 102 208 stone
822 102 209 stone
822 102 210 stone
822 102 211 stone
822 102 212 stone
822 102 213 stone
822 102 214 stone
822 102 215 stone
822 102 216 stone
822 102 217 stone
822 102 218 stone
822 102 219 stone
822 102 220 stone
822 102 221 stone
822 102 222 stone
822 102 223 stone
822 102 224 stone
822 102 225 stone
822 102 226 stone
822 102 227 stone
822 102 228 stone
822 102 229 stone
822 102 230 stone
822 102 231 stone
822 102 232 stone
822 102 233 stone
822 102 234 stone
822 102 235 stone
822 102 236 stone
822 102 237 stone
822 102 238 copper_ore
822 102 239 copper_ore
822 102 240 copper_ore
822 102 241 stone
822 102 242 stone
822 102 243 stone
822 102 244 stone
822 102 245 stone
822 102 246 stone
822 102 247 stone
822 102 248 stone
822 102 249 granite
822 102 250 granite
822 102 251 granite
822 102 252 granite
822 102 253 granite
822 102 254 granite
822 102 255 granite
823 102 128 stone
823 102 129 stone
823 102 130 stone
823 102 131 stone
823 102 132 stone
823 102 133 stone
823 102 134 stone
823 102 135 stone
823 102 136 stone
823 102 137 stone
823 102 138 stone
823 102 139 stone
823 102 140 andesite
823 102 141 andesite
823 102 142 andesite
823 102 143 andesite
823 102 144 andesite
823 102 145 andesite
823 102 146 andesite
823 102 147 andesite
823 102 148 dirt
823 102 149 dirt
823 102 150 dirt
823 102 151 coal_ore
823 102 152 coal_ore
823 102 153 stone
823 102 154 stone
823 102 155 stone
823 102 156 stone
823 102 157 stone
823 102 158 stone
823 102 159 stone
823 102 160 stone
823 102 161 diorite
823 102 162 diorite
823 102 163 diorite
823 102 164 diorite
823 102 165 diorite
823 102 166 diorite
823 102 167 diorite
823 102 168 diorite
823 102 169 stone
823 102 170 stone
823 102 171 stone
823 102 172 stone
823 102 173 stone
823 102 174 stone
823 102 175 stone
823 102 176 stone
823 102 177 stone
823 102 178 stone
823 102 179 stone
823 102 180 stone
823 102 181 stone
823 102 182 stone
823 102 183 stone
823 102 184 stone
823 102 185 stone
823 102 186 stone
823 102 187 stone
823 102 188 stone
823 102 189 diorite
823 102 190 diorite
823 102 191 diorite
823 102 192 diorite
823 102 193 diorite
823 102 194 diorite
823 102 195 diorite
823 102 196 diorite
823 102 197 diorite
823 102 198 stone
823 102 199 stone
823 102 200 stone
823 102 201 stone
823 102 202 stone
823 102 203 stone
823 102 204 stone
823 102 205 stone
823 102 206 stone
823 102 207 stone
823 102 208 stone
823 102 209 stone
823 102 210 stone
823 102 211 stone
823 102 212 stone
823 102 213 stone
823 102 214 stone
823 102 215 stone
823 102 216 stone
823 102 217 stone
823 102 218 stone
823 102 219 iron_ore
823 102 220 iron_ore
823 102 221 stone
823 102 222 stone
823 102 223 stone
823 102 224 stone
823 102 225 stone
823 102 226 stone
823 102 227 stone
823 102 228 stone
823 102 229 stone
823 102 230 stone
823 102 231 stone
823 102 232 stone
823 102 233 stone
823 102 234 stone
823 102 235 stone
823 102 236 stone
823 102 237 copper_ore
823 102 238 copper_ore
823 102 239 copper_ore
823 102 240 stone
823 102 241 stone
823 102 242 stone
823 102 243 stone
823 102 244 stone
823 102 245 stone
823 102 246 stone
823 102 247 copper_ore
823 102 248 copper_ore
823 102 249 copper_ore
823 102 250 diorite
823 102 251 stone
823 102 252 stone
823 102 253 stone
823 102 254 stone
823 102 255 stone
824 102 128 stone
824 102 129 stone
824 102 130 stone
824 102 131 stone
824 102 132 stone
824 102 133 stone
824 102 134 stone
824 102 135 stone
824 102 136 stone
824 102 137 stone
824 102 138 stone
824 102 139 stone
824 102 140 stone
824 102 141 andesite
824 102 142 andesite
824 102 143 andesite
824 102 144 andesite
824 102 145 andesite
824 102 146 andesite
824 102 147 andesite
824 102 148 dirt
824 102 149 dirt
824 102 150 dirt
824 102 151 dirt
824 102 152 stone
824 102 153 stone
824 102 154 stone
824 102 155 stone
824 102 156 stone
824 102 157 stone
824 102 158 stone
824 102 159 stone
824 102 160 stone
824 102 161 stone
824 102 162 diorite
824 102 163 diorite
824 102 164 diorite
824 102 165 diorite
824 102 166 diorite
824 102 167 diorite
824 102 168 diorite
824 102 169 stone
824 102 170 stone
824 102 171 stone
824 102 172 stone
824 102 173 stone
824 102 174 stone
824 102 175 stone
824 102 176 stone
824 102 177 stone
824 102 178 stone
824 102 179 stone
824 102 180 stone
824 102 181 stone
824 102 182 stone
824 102 183 stone
824 102 184 stone
824 102 185 stone
824 102 186 stone
824 102 187 stone
824 102 188 stone
824 102 189 diorite
824 102 190 diorite
824 102 191 diorite
824 102 192 diorite
824 102 193 diorite
824 102 194 diorite
824 102 195 diorite
824 102 196 diorite
824 102 197 diorite
824 102 198 stone
824 102 199 stone
824 102 200 stone
824 102 201 stone
824 102 202 stone
824 102 203 stone
824 102 204 stone
824 102 205 stone
824 102 206 stone
824 102 207 stone
824 102 208 stone
824 102 209 stone
824 102 210 stone
824 102 211 stone
824 102 212 stone
824 102 213 stone
824 102 214 stone
824 102 215 stone
824 102 216 stone
824 102 217 stone
824 102 218 iron_ore
824 102 219 iron_ore
824 102 220 iron_ore
824 102 221 stone
824 102 222 stone
824 102 223 stone
824 102 224 stone
824 102 225 stone
824 102 226 stone
824 102 227 stone
824 102 228 stone
824 102 229 stone
824 102 230 stone
824 102 231 stone
824 102 232 stone
824 102 233 stone
824 102 234 stone
824 102 235 stone
824 102 236 stone
824 102 237 stone
824 102 238 stone
824 102 239 stone
824 102 240 stone
824 102 241 stone
824 102 242 stone
824 102 243 stone
824 102 244 stone
824 102 245 stone
824 102 246 stone
824 102 247 copper_ore
824 102 248 copper_ore
824 102 249 diorite
824 102 250 diorite
824 102 251 diorite
824 102 252 stone
824 102 253 stone
824 102 254 stone
824 102 255 stone
825 102 128 stone
825 102 129 stone
825 102 130 stone
825 102 131 granite
825 102 132 granite
825 102 133 granite
825 102 134 granite
825 102 135 stone
825 102 136 stone
825 102 137 stone
825 102 138 stone
825 102 139 stone
825 102 140 stone
825 102 141 stone
825 102 142 andesite
825 102 143 andesite
825 102 144 andesite
825 102 145 andesite
825 102 146 andesite
825 102 147 andesite
825 102 148 dirt
825 102 149 dirt
825 102 150 dirt
825 102 151 dirt
825 102 152 dirt
825 102 153 stone
825 102 154 stone
825 102 155 stone
825 102 156 stone
825 102 157 stone
825 102 158 stone
825 102 159 stone
825 102 160 stone
825 102 161 stone
825 102 162 diorite
825 102 163 diorite
825 102 164 diorite
825 102 165 diorite
825 102 166 diorite
825 102 167 diorite
825 102 168 diorite
825 102 169 diorite
825 102 170 stone
825 102 171 stone
825 102 172 stone
825 102 173 stone
825 102 174 stone
825 102 175 copper_ore
825 102 176 copper_ore
825 102 177 stone
825 102 178 stone
825 102 179 stone
825 102 180 stone
825 102 181 stone
825 102 182 stone
825 102 183 stone
825 102 184 stone
825 102 185 stone
825 102 186 stone
825 102 187 stone
825 102 188 stone
825 102 189 diorite
825 102 190 diorite
825 102 191 diorite
825 102 192 diorite
825 102 193 diorite
825 102 194 diorite
825 102 195 diorite
825 102 196 diorite
825 102 197 stone
825 102 198 stone
825 102 199 stone
825 102 200 stone
825 102 201 stone
825 102 202 stone
825 102 203 stone
825 102 204 stone
825 102 205 stone
825 102 206 stone
825 102 207 stone
825 102 208 stone
825 102 209 stone
825 102 210 stone
825 102 211 stone
825 102 212 stone
825 102 213 stone
825 102 214 stone
825 102 215 stone
825 102 216 stone
825 102 217 stone
825 102 218 stone
825 102 219 stone
825 102 220 stone
825 102 221 stone
825 102 222 stone
825 102 223 stone
825 102 224 stone
825 102 225 stone
825 102 226 stone
825 102 227 stone
825 102 228 stone
825 102 229 stone
825 102 230 stone
825 102 231 stone
825 102 232 stone
825 102 233 stone
825 102 234 stone
825 102 235 stone
825 102 236 stone
825 102 237 stone
825 102 238 stone
825 102 239 stone
825 102 240 stone
825 102 241 stone
825 102 242 stone
825 102 243 stone
825 102 244 stone
825 102 245 stone
825 102 246 diorite
825 102 247 diorite
825 102 248 diorite
825 102 249 diorite
825 102 250 diorite
825 102 251 diorite
825 102 252 stone
825 102 253 stone
825 102 254 stone
825 102 255 dirt
826 102 128 stone
826 102 129 granite
826 102 130 granite
826 102 131 granite
826 102 132 granite
826 102 133 granite
826 102 134 granite
826 102 135 granite
826 102 136 granite
826 102 137 granite
826 102 138 granite
826 102 139 granite
826 102 140 granite
826 102 141 stone
826 102 142 stone
826 102 143 andesite
826 102 144 andesite
826 102 145 andesite
826 102 146 andesite
826 102 147 andesite
826 102 148 dirt
826 102 149 dirt
826 102 150 dirt
826 102 151 dirt
826 102 152 dirt
826 102 153 stone
826 102 154 stone
826 102 155 stone
826 102 156 stone
826 102 157 stone
826 102 158 stone
826 102 159 stone
826 102 160 stone
826 102 161 stone
826 102 162 copper_ore
826 102 163 copper_ore
826 102 164 diorite
826 102 165 diorite
826 102 166 diorite
826 102 167 diorite
826 102 168 diorite
826 102 169 diorite
826 102 170 stone
826 102 171 stone
826 102 172 stone
826 102 173 stone
826 102 174 stone
826 102 175 copper_ore
826 102 176 copper_ore
826 102 177 copper_ore
826 102 178 stone
826 102 179 stone
826 102 180 stone
826 102 181 stone
826 102 182 stone
826 102 183 stone
826 102 184 stone
826 102 185 stone
826 102 186 stone
826 102 187 stone
826 102 188 stone
826 102 189 diorite
826 102 190 diorite
826 102 191 diorite
826 102 192 diorite
826 102 193 diorite
826 102 194 diorite
826 102 195 diorite
826 102 196 diorite
826 102 197 stone
826 102 198 stone
826 102 199 stone
826 102 200 stone
826 102 201 stone
826 102 202 stone
826 102 203 stone
826 102 204 stone
826 102 205 stone
826 102 206 stone
826 102 207 stone
826 102 208 stone
826 102 209 stone
826 102 210 stone
826 102 211 stone
826 102 212 stone
826 102 213 stone
826 102 214 stone
826 102 215 stone
826 102 216 stone
826 102 217 stone
826 102 218 stone
826 102 219 stone
826 102 220 stone
826 102 221 stone
826 102 222 stone
826 102 223 stone
826 102 224 stone
826 102 225 stone
826 102 226 stone
826 102 227 stone
826 102 228 stone
826 102 229 stone
826 102 230 stone
826 102 231 stone
826 102 232 stone
826 102 233 stone
826 102 234 stone
826 102 235 stone
826 102 236 stone
826 102 237 stone
826 102 238 stone
826 102 239 stone
826 102 240 stone
826 102 241 granite
826 102 242 granite
826 102 243 stone
826 102 244 stone
826 102 245 stone
826 102 246 diorite
826 102 247 diorite
826 102 248 diorite
826 102 249 diorite
826 102 250 diorite
826 102 251 diorite
826 102 252 stone
826 102 253 stone
826 102 254 diorite
826 102 255 dirt
827 102 128 granite
827 102 129 granite
827 102 130 granite
827 102 131 granite
827 102 132 granite
827 102 133 granite
827 102 134 granite
827 102 135 granite
827 102 136 granite
827 102 137 granite
827 102 138 granite
827 102 139 granite
827 102 140 granite
827 102 141 granite
827 102 142 granite
827 102 143 stone
827 102 144 andesite
827 102 145 andesite
827 102 146 andesite
827 102 147 stone
827 102 148 stone
827 102 149 dirt
827 102 150 dirt
827 102 151 dirt
827 102 152 dirt
827 102 153 dirt
827 102 154 stone
827 102 155 stone
827 102 156 stone
827 102 157 stone
827 102 158 stone
827 102 159 stone
827 102 160 stone
827 102 161 stone
827 102 162 stone
827 102 163 diorite
827 102 164 diorite
827 102 165 diorite
827 102 166 diorite
827 102 167 diorite
827 102 168 diorite
827 102 169 diorite
827 102 170 diorite
827 102 171 stone
827 102 172 stone
827 102 173 stone
827 102 174 stone
827 102 175 stone
827 102 176 stone
827 102 177 stone
827 102 178 stone
827 102 179 stone
827 102 180 stone
827 102 181 stone
827 102 182 stone
827 102 183 stone
827 102 184 stone
827 102 185 stone
827 102 186 stone
827 102 187 stone
827 102 188 stone
827 102 189 diorite
827 102 190 diorite
827 102 191 diorite
827 102 192 diorite
827 102 193 diorite
827 102 194 diorite
827 102 195 diorite
827 102 196 diorite
827 102 197 stone
827 102 198 stone
827 102 199 stone
827 102 200 stone
827 102 201 stone
827 102 202 stone
827 102 203 stone
827 102 204 stone
827 102 205 stone
827 102 206 stone
827 102 207 stone
827 102 208 stone
827 102 209 stone
827 102 210 stone
827 102 211 stone
827 102 212 stone
827 102 213 stone
827 102 214 stone
827 102 215 stone
827 102 216 stone
827 102 217 stone
827 102 218 stone
827 102 219 stone
827 102 220 stone
827 102 221 stone
827 102 222 stone
827 102 223 stone
827 102 224 stone
827 102 225 stone
827 102 226 stone
827 102 227 stone
827 102 228 stone
827 102 229 stone
827 102 230 stone
827 102 231 stone
827 102 232 stone
827 102 233 stone
827 102 234 stone
827 102 235 stone
827 102 236 stone
827 102 237 stone
827 102 238 stone
827 102 239 granite
827 102 240 granite
827 102 241 granite
827 102 242 granite
827 102 243 stone
827 102 244 stone
827 102 245 diorite
827 102 246 diorite
827 102 247 diorite
827 102 248 diorite
827 102 249 diorite
827 102 250 diorite
827 102 251 diorite
827 102 252 stone
827 102 253 diorite
827 102 254 diorite
827 102 255 dirt
828 102 128 granite
828 102 129 granite
828 102 130 granite
828 102 131 granite
828 102 132 granite
828 102 133 granite
828 102 134 granite
828 102 135 granite
828 102 136 granite
828 102 137 granite
828 102 138 granite
828 102 139 granite
828 102 140 granite
828 102 141 granite
828 102 142 granite
828 102 143 granite
828 102 144 stone
828 102 145 stone
828 102 146 stone
828 102 147 stone
828 102 148 stone
828 102 149 dirt
828 102 150 dirt
828 102 151 dirt
828 102 152 dirt
828 102 153 dirt
828 102 154 dirt
828 102 155 stone
828 102 156 stone
828 102 157 stone
828 102 158 stone
828 102 159 stone
828 102 160 stone
828 102 161 stone
828 102 162 stone
828 102 163 diorite
828 102 164 diorite
828 102 165 diorite
828 102 166 diorite
828 102 167 diorite
828 102 168 diorite
828 102 169 diorite
828 102 170 diorite
828 102 171 stone
828 102 172 stone
828 102 173 stone
828 102 174 stone
828 102 175 stone
828 102 176 stone
828 102 177 stone
828 102 178 stone
828 102 179 stone
828 102 180 stone
828 102 181 stone
828 102 182 stone
828 102 183 stone
828 102 184 stone
828 102 185 stone
828 102 186 stone
828 102 187 stone
828 102 188 stone
