800 109 237 andesite
800 109 238 stone
800 109 239 stone
800 109 240 stone
800 109 241 stone
800 109 242 stone
800 109 243 stone
800 109 244 stone
800 109 245 stone
800 109 246 stone
800 109 247 stone
800 109 248 stone
800 109 249 stone
800 109 250 stone
800 109 251 stone
800 109 252 stone
800 109 253 stone
800 109 254 stone
800 109 255 stone
801 109 128 stone
801 109 129 stone
801 109 130 stone
801 109 131 stone
801 109 132 stone
801 109 133 granite
801 109 161 stone
801 109 162 stone
801 109 163 stone
801 109 164 stone
801 109 165 stone
801 109 166 stone
801 109 167 stone
801 109 168 stone
801 109 169 stone
801 109 170 stone
801 109 171 stone
801 109 172 stone
801 109 173 stone
801 109 174 stone
801 109 175 stone
801 109 176 stone
801 109 177 stone
801 109 178 stone
801 109 179 stone
801 109 180 stone
801 109 181 stone
801 109 182 stone
801 109 183 stone
801 109 184 stone
801 109 185 stone
801 109 186 stone
801 109 187 stone
801 109 188 stone
801 109 189 stone
801 109 190 stone
801 109 191 stone
801 109 192 diorite
801 109 193 diorite
801 109 194 diorite
801 109 195 diorite
801 109 196 diorite
801 109 197 diorite
801 109 198 diorite
801 109 199 diorite
801 109 200 diorite
801 109 201 diorite
801 109 202 stone
801 109 203 stone
801 109 204 stone
801 109 205 stone
801 109 206 stone
801 109 207 stone
801 109 208 stone
801 109 209 stone
801 109 210 stone
801 109 211 stone
801 109 212 coal_ore
801 109 213 coal_ore
801 109 214 coal_ore
801 109 215 coal_ore
801 109 216 coal_ore
801 109 217 stone
801 109 218 stone
801 109 219 stone
801 109 220 stone
801 109 221 stone
801 109 222 stone
801 109 223 stone
801 109 224 stone
801 109 225 stone
801 109 226 stone
801 109 227 stone
801 109 228 andesite
801 109 229 andesite
801 109 230 andesite
801 109 231 andesite
801 109 232 andesite
801 109 233 andesite
801 109 234 andesite
801 109 235 andesite
801 109 236 andesite
801 109 237 andesite
801 109 238 stone
801 109 239 stone
801 109 240 stone
801 109 241 stone
801 109 242 stone
801 109 243 stone
801 109 244 stone
801 109 245 stone
801 109 246 stone
801 109 247 stone
801 109 248 stone
801 109 249 stone
801 109 250 stone
801 109 251 stone
801 109 252 stone
801 109 253 stone
801 109 254 stone
801 109 255 stone
802 109 128 stone
802 109 129 stone
802 109 130 stone
802 109 160 stone
802 109 161 stone
802 109 162 stone
802 109 163 stone
802 109 164 stone
802 109 165 stone
802 109 166 stone
802 109 167 stone
802 109 168 stone
802 109 169 stone
802 109 170 stone
802 109 171 stone
802 109 172 stone
802 109 173 stone
802 109 174 stone
802 109 175 stone
802 109 176 stone
802 109 177 stone
802 109 178 stone
802 109 179 stone
802 109 180 stone
802 109 181 stone
802 109 182 stone
802 109 183 stone
802 109 184 stone
802 109 185 stone
802 109 186 stone
802 109 187 stone
802 109 188 stone
802 109 189 stone
802 109 190 stone
802 109 191 stone
802 109 192 diorite
802 109 193 diorite
802 109 194 diorite
802 109 195 diorite
802 109 196 diorite
802 109 197 diorite
802 109 198 diorite
802 109 199 diorite
802 109 200 diorite
802 109 201 diorite
802 109 202 stone
802 109 203 stone
802 109 204 stone
802 109 205 stone
802 109 206 stone
802 109 207 stone
802 109 208 stone
802 109 209 stone
802 109 210 stone
802 109 211 stone
802 109 212 stone
802 109 213 copper_ore
802 109 214 stone
802 109 215 coal_ore
802 109 216 stone
802 109 217 stone
802 109 218 stone
802 109 219 stone
802 109 220 stone
802 109 221 stone
802 109 222 stone
802 109 223 stone
802 109 224 stone
802 109 225 stone
802 109 226 stone
802 109 227 stone
802 109 228 andesite
802 109 229 andesite
802 109 230 andesite
802 109 231 andesite
802 109 232 andesite
802 109 233 andesite
802 109 234 andesite
802 109 235 andesite
802 109 236 andesite
802 109 237 stone
802 109 238 stone
802 109 239 stone
802 109 240 stone
802 109 241 stone
802 109 242 stone
802 109 243 stone
802 109 244 stone
802 109 245 stone
802 109 246 stone
802 109 247 stone
802 109 248 stone
802 109 249 stone
802 109 250 stone
802 109 251 stone
802 109 252 stone
802 109 253 stone
802 109 254 stone
802 109 255 stone
803 109 128 stone
803 109 129 stone
803 109 130 stone
803 109 139 andesite
803 109 140 andesite
803 109 152 granite
803 109 153 granite
803 109 154 granite
803 109 155 granite
803 109 156 stone
803 109 157 stone
803 109 158 stone
803 109 159 stone
803 109 160 stone
803 109 161 stone
803 109 162 stone
803 109 163 stone
803 109 164 stone
803 109 165 stone
803 109 166 stone
803 109 167 stone
803 109 168 stone
803 109 169 stone
803 109 170 stone
803 109 171 stone
803 109 172 stone
803 109 173 stone
803 109 174 stone
803 109 175 stone
803 109 176 stone
803 109 177 stone
803 109 178 stone
803 109 179 stone
803 109 180 stone
803 109 181 stone
803 109 182 stone
803 109 183 stone
803 109 184 stone
803 109 185 stone
803 109 186 stone
803 109 187 stone
803 109 188 stone
803 109 189 stone
803 109 190 stone
803 109 191 stone
803 109 192 stone
803 109 193 diorite
803 109 194 andesite
803 109 195 andesite
803 109 196 diorite
803 109 197 diorite
803 109 198 diorite
803 109 199 diorite
803 109 200 diorite
803 109 201 diorite
803 109 202 diorite
803 109 203 stone
803 109 204 stone
803 109 205 stone
803 109 206 stone
803 109 207 stone
803 109 208 stone
803 109 209 stone
803 109 210 stone
803 109 211 stone
803 109 212 stone
803 109 213 stone
803 109 214 stone
803 109 215 stone
803 109 216 stone
803 109 217 stone
803 109 218 stone
803 109 219 stone
803 109 220 stone
803 109 221 stone
803 109 222 stone
803 109 223 stone
803 109 224 stone
803 109 225 stone
803 109 226 andesite
803 109 227 andesite
803 109 228 andesite
803 109 229 andesite
803 109 230 andesite
803 109 231 andesite
803 109 232 andesite
803 109 233 andesite
803 109 234 andesite
803 109 235 andesite
803 109 236 andesite
803 109 237 stone
803 109 238 stone
803 109 239 stone
803 109 240 stone
803 109 241 stone
803 109 242 stone
803 109 243 stone
803 109 244 stone
803 109 245 stone
803 109 246 stone
803 109 247 granite
803 109 248 granite
803 109 249 granite
803 109 250 granite
803 109 251 granite
803 109 252 granite
803 109 253 stone
803 109 254 stone
803 109 255 stone
804 109 128 stone
804 109 129 stone
804 109 130 stone
804 109 131 stone
804 109 137 andesite
804 109 138 andesite
804 109 139 andesite
804 109 140 andesite
804 109 141 andesite
804 109 142 andesite
804 109 143 copper_ore
804 109 146 diorite
804 109 147 diorite
804 109 148 diorite
804 109 149 diorite
804 109 150 stone
804 109 151 stone
804 109 152 stone
804 109 153 stone
804 109 154 granite
804 109 155 granite
804 109 156 stone
804 109 157 stone
804 109 158 stone
804 109 159 stone
804 109 160 stone
804 109 161 stone
804 109 162 stone
804 109 163 stone
804 109 164 stone
804 109 165 stone
804 109 166 stone
804 109 167 stone
804 109 168 stone
804 109 169 stone
804 109 170 stone
804 109 171 stone
804 109 172 stone
804 109 173 stone
804 109 174 stone
804 109 175 stone
804 109 176 stone
804 109 177 stone
804 109 178 stone
804 109 179 stone
804 109 180 stone
804 109 181 stone
804 109 182 stone
804 109 183 stone
804 109 184 stone
804 109 185 stone
804 109 186 stone
804 109 187 stone
804 109 188 stone
804 109 189 stone
804 109 190 stone
804 109 191 stone
804 109 192 stone
804 109 193 andesite
804 109 194 andesite
804 109 195 andesite
804 109 196 diorite
804 109 197 diorite
804 109 198 diorite
804 109 199 diorite
804 109 200 diorite
804 109 201 diorite
804 109 202 diorite
804 109 203 diorite
804 109 204 stone
804 109 205 stone
804 109 206 stone
804 109 207 stone
804 109 208 stone
804 109 209 stone
804 109 210 stone
804 109 211 stone
804 109 212 stone
804 109 213 stone
804 109 214 stone
804 109 215 stone
804 109 216 stone
804 109 217 stone
804 109 218 stone
804 109 219 stone
804 109 220 stone
804 109 221 stone
804 109 222 stone
804 109 223 stone
804 109 224 stone
804 109 225 andesite
804 109 226 andesite
804 109 227 andesite
804 109 228 andesite
804 109 229 andesite
804 109 230 andesite
804 109 231 andesite
804 109 232 andesite
804 109 233 andesite
804 109 234 andesite
804 109 235 andesite
804 109 236 stone
804 109 237 stone
804 109 238 stone
804 109 239 stone
804 109 240 stone
804 109 241 stone
804 109 242 stone
804 109 243 stone
804 109 244 stone
804 109 245 stone
804 109 246 stone
804 109 247 granite
804 109 248 granite
804 109 249 granite
804 109 250 granite
804 109 251 granite
804 109 252 granite
804 109 253 granite
804 109 254 granite
804 109 255 granite
805 109 128 stone
805 109 129 stone
805 109 130 stone
805 109 131 stone
805 109 137 andesite
805 109 138 andesite
805 109 139 andesite
805 109 140 andesite
805 109 141 andesite
805 109 142 andesite
805 109 143 copper_ore
805 109 144 copper_ore
805 109 145 diorite
805 109 146 diorite
805 109 147 diorite
805 109 148 diorite
805 109 149 diorite
805 109 150 stone
805 109 151 stone
805 109 152 stone
805 109 153 stone
805 109 154 stone
805 109 155 stone
805 109 156 stone
805 109 157 stone
805 109 158 stone
805 109 159 stone
805 109 160 stone
805 109 161 stone
805 109 162 stone
805 109 163 stone
805 109 164 stone
805 109 165 stone
805 109 166 stone
805 109 167 stone
805 109 168 coal_ore
805 109 169 stone
805 109 170 stone
805 109 171 stone
805 109 172 stone
805 109 173 stone
805 109 174 stone
805 109 175 stone
805 109 176 stone
805 109 177 stone
805 109 178 stone
805 109 179 stone
805 109 180 stone
805 109 181 stone
805 109 182 stone
805 109 183 stone
805 109 184 stone
805 109 185 stone
805 109 186 stone
805 109 187 stone
805 109 188 stone
805 109 189 stone
805 109 190 stone
805 109 191 stone
805 109 192 stone
805 109 193 andesite
805 109 194 andesite
805 109 195 andesite
805 109 196 andesite
805 109 197 diorite
805 109 198 diorite
805 109 199 diorite
805 109 200 diorite
805 109 201 diorite
805 109 202 diorite
805 109 203 diorite
805 109 204 stone
805 109 205 stone
805 109 206 stone
805 109 207 stone
805 109 208 stone
805 109 209 stone
805 109 210 stone
805 109 211 stone
805 109 212 stone
805 109 213 stone
805 109 214 stone
805 109 215 stone
805 109 216 stone
805 109 217 stone
805 109 218 stone
805 109 219 stone
805 109 220 stone
805 109 221 stone
805 109 222 stone
805 109 223 stone
805 109 224 stone
805 109 225 andesite
805 109 226 andesite
805 109 227 andesite
805 109 228 andesite
805 109 229 andesite
805 109 230 andesite
805 109 231 andesite
805 109 232 andesite
805 109 233 andesite
805 109 234 stone
805 109 235 stone
805 109 236 stone
805 109 237 stone
805 109 238 stone
805 109 239 stone
805 109 240 stone
805 109 241 stone
805 109 242 stone
805 109 243 stone
805 109 244 stone
805 109 245 stone
805 109 246 granite
805 109 247 granite
805 109 248 granite
805 109 249 granite
805 109 250 granite
805 109 251 granite
805 109 252 granite
805 109 253 granite
805 109 254 granite
805 109 255 granite
806 109 128 stone
806 109 129 stone
806 109 130 stone
806 109 131 stone
806 109 132 stone
806 109 137 andesite
806 109 138 andesite
806 109 139 andesite
806 109 140 andesite
806 109 141 andesite
806 109 142 diorite
806 109 143 diorite
806 109 144 diorite
806 109 145 diorite
806 109 146 diorite
806 109 147 diorite
806 109 148 diorite
806 109 149 stone
806 109 150 stone
806 109 151 stone
806 109 152 stone
806 109 153 stone
806 109 154 stone
806 109 155 stone
806 109 156 stone
806 109 157 stone
806 109 158 stone
806 109 159 stone
806 109 160 stone
806 109 161 stone
806 109 162 stone
806 109 163 stone
806 109 164 stone
806 109 165 stone
806 109 166 stone
806 109 167 stone
806 109 168 stone
806 109 169 stone
806 109 170 stone
806 109 171 stone
806 109 172 stone
806 109 173 stone
806 109 174 stone
806 109 175 stone
806 109 176 stone
806 109 177 iron_ore
806 109 178 stone
806 109 179 stone
806 109 180 stone
806 109 181 stone
806 109 182 stone
806 109 183 stone
806 109 184 stone
806 109 185 stone
806 109 186 stone
806 109 187 stone
806 109 188 stone
806 109 189 stone
806 109 190 stone
806 109 191 stone
806 109 192 andesite
806 109 193 andesite
806 109 194 andesite
806 109 195 andesite
806 109 196 andesite
806 109 197 stone
806 109 198 stone
806 109 199 diorite
806 109 200 diorite
806 109 201 diorite
806 109 202 diorite
806 109 203 diorite
806 109 204 stone
806 109 205 stone
806 109 206 stone
806 109 207 stone
806 109 208 stone
806 109 209 stone
806 109 210 stone
806 109 211 stone
806 109 212 stone
806 109 213 stone
806 109 214 stone
806 109 215 stone
806 109 216 stone
806 109 217 stone
806 109 218 stone
806 109 219 stone
806 109 220 stone
806 109 221 stone
806 109 222 stone
806 109 223 stone
806 109 224 stone
806 109 225 andesite
806 109 226 andesite
806 109 227 andesite
806 109 228 andesite
806 109 229 andesite
806 109 230 andesite
806 109 231 andesite
806 109 232 stone
806 109 233 stone
806 109 234 stone
806 109 235 stone
806 109 236 stone
806 109 237 stone
806 109 238 stone
806 109 239 stone
806 109 240 stone
806 109 241 stone
806 109 242 stone
806 109 243 stone
806 109 244 stone
806 109 245 stone
806 109 246 stone
806 109 247 granite
806 109 248 granite
806 109 249 granite
806 109 250 granite
806 109 251 granite
806 109 252 granite
806 109 253 granite
806 109 254 granite
806 109 255 granite
807 109 128 stone
807 109 129 stone
807 109 130 copper_ore
807 109 131 copper_ore
807 109 132 stone
807 109 133 andesite
807 109 134 andesite
807 109 135 andesite
807 109 136 andesite
807 109 137 andesite
807 109 138 andesite
807 109 139 andesite
807 109 140 andesite
807 109 141 stone
807 109 142 stone
807 109 143 stone
807 109 144 stone
807 109 145 stone
807 109 146 stone
807 109 147 stone
807 109 148 stone
807 109 149 stone
807 109 150 stone
807 109 151 stone
807 109 152 stone
807 109 153 stone
807 109 154 stone
807 109 155 stone
807 109 156 stone
807 109 157 stone
807 109 158 stone
807 109 159 stone
807 109 160 stone
807 109 161 stone
807 109 162 stone
807 109 163 stone
807 109 164 stone
807 109 165 stone
807 109 166 stone
807 109 167 stone
807 109 168 stone
807 109 169 stone
807 109 170 stone
807 109 171 stone
807 109 172 stone
807 109 173 stone
807 109 174 stone
807 109 175 stone
807 109 176 stone
807 109 177 iron_ore
807 109 178 stone
807 109 179 stone
807 109 180 stone
807 109 181 stone
807 109 182 stone
807 109 183 stone
807 109 184 stone
807 109 185 stone
807 109 186 stone
807 109 187 stone
807 109 188 stone
807 109 189 stone
807 109 190 stone
807 109 191 andesite
807 109 192 andesite
807 109 193 andesite
807 109 194 andesite
807 109 195 andesite
807 109 196 andesite
807 109 197 stone
807 109 198 stone
807 109 199 stone
807 109 200 stone
807 109 201 diorite
807 109 202 diorite
807 109 203 stone
807 109 204 stone
807 109 205 stone
807 109 206 stone
807 109 207 stone
807 109 208 stone
807 109 209 stone
807 109 210 stone
807 109 211 stone
807 109 212 stone
807 109 213 stone
807 109 214 stone
807 109 215 stone
807 109 216 stone
807 109 217 stone
807 109 218 stone
807 109 219 stone
807 109 220 stone
807 109 221 stone
807 109 222 stone
807 109 223 stone
807 109 224 stone
807 109 225 stone
807 109 226 andesite
807 109 227 andesite
807 109 228 stone
807 109 229 stone
807 109 230 stone
807 109 231 stone
807 109 232 stone
807 109 233 stone
807 109 234 stone
807 109 235 stone
807 109 236 stone
807 109 237 stone
807 109 238 stone
807 109 239 stone
807 109 240 stone
807 109 241 stone
807 109 242 stone
807 109 243 stone
807 109 244 stone
807 109 245 stone
807 109 246 stone
807 109 247 stone
807 109 248 granite
807 109 249 granite
807 109 250 granite
807 109 251 granite
807 109 252 granite
807 109 253 granite
807 109 254 granite
807 109 255 granite
808 109 128 stone
808 109 129 stone
808 109 130 copper_ore
808 109 131 copper_ore
808 109 132 coal_ore
808 109 133 andesite
808 109 134 andesite
808 109 135 andesite
808 109 136 andesite
808 109 137 andesite
808 109 138 andesite
808 109 139 andesite
808 109 140 andesite
808 109 141 copper_ore
808 109 142 copper_ore
808 109 143 stone
808 109 144 stone
808 109 145 stone
808 109 146 stone
808 109 147 stone
808 109 148 stone
808 109 149 stone
808 109 150 stone
808 109 151 stone
808 109 152 stone
808 109 153 stone
808 109 154 stone
808 109 155 stone
808 109 156 stone
808 109 157 stone
808 109 158 stone
808 109 159 stone
808 109 160 stone
808 109 161 stone
808 109 162 stone
808 109 163 stone
808 109 164 stone
808 109 165 stone
808 109 166 stone
808 109 167 stone
808 109 168 stone
808 109 169 stone
808 109 170 stone
808 109 171 stone
808 109 172 stone
808 109 173 stone
808 109 174 diorite
808 109 175 diorite
808 109 176 diorite
808 109 177 diorite
808 109 178 stone
808 109 179 stone
808 109 180 stone
808 109 181 stone
808 109 182 stone
808 109 183 stone
808 109 184 stone
808 109 185 stone
808 109 186 stone
808 109 187 stone
808 109 188 stone
808 109 189 stone
808 109 190 stone
808 109 191 andesite
808 109 192 andesite
808 109 193 andesite
808 109 194 andesite
808 109 195 andesite
808 109 196 andesite
808 109 197 stone
808 109 198 stone
808 109 199 stone
808 109 200 stone
808 109 201 stone
808 109 202 stone
808 109 203 stone
808 109 204 stone
808 109 205 stone
808 109 206 stone
808 109 207 stone
808 109 208 stone
808 109 209 copper_ore
808 109 210 copper_ore
808 109 211 stone
808 109 212 stone
808 109 213 stone
808 109 214 stone
808 109 215 stone
808 109 216 stone
808 109 217 stone
808 109 218 stone
808 109 219 stone
808 109 220 stone
808 109 221 stone
808 109 222 stone
808 109 223 stone
808 109 224 stone
808 109 225 coal_ore
808 109 226 stone
808 109 227 stone
808 109 228 stone
808 109 229 stone
808 109 230 stone
808 109 231 stone
808 109 232 stone
808 109 233 stone
808 109 234 stone
808 109 235 stone
808 109 236 stone
808 109 237 stone
808 109 238 stone
808 109 239 stone
808 109 240 stone
808 109 241 stone
808 109 242 stone
808 109 243 stone
808 109 244 stone
808 109 245 stone
808 109 246 stone
808 109 247 stone
808 109 248 stone
808 109 249 granite
808 109 250 granite
808 109 251 granite
808 109 252 granite
808 109 253 granite
808 109 254 granite
808 109 255 granite
809 109 128 stone
809 109 129 stone
809 109 130 stone
809 109 131 coal_ore
809 109 132 coal_ore
809 109 133 coal_ore
809 109 134 andesite
809 109 135 andesite
809 109 136 andesite
809 109 137 andesite
809 109 138 andesite
809 109 139 andesite
809 109 140 stone
809 109 141 copper_ore
809 109 142 copper_ore
809 109 143 stone
809 109 144 stone
809 109 145 stone
809 109 146 stone
809 109 147 stone
809 109 148 stone
809 109 149 stone
809 109 150 stone
809 109 151 stone
809 109 152 stone
809 109 153 stone
809 109 154 stone
809 109 155 stone
809 109 156 stone
809 109 157 stone
809 109 158 stone
809 109 159 stone
809 109 160 stone
809 109 161 stone
809 109 162 stone
809 109 163 stone
809 109 164 stone
809 109 165 stone
809 109 166 stone
809 109 167 stone
809 109 168 stone
809 109 169 stone
809 109 170 stone
809 109 171 stone
809 109 172 stone
809 109 173 stone
809 109 174 diorite
809 109 175 diorite
809 109 176 diorite
809 109 177 diorite
809 109 178 stone
809 109 179 stone
809 109 180 stone
809 109 181 stone
809 109 182 stone
809 109 183 stone
809 109 184 stone
809 109 185 stone
809 109 186 stone
809 109 187 stone
809 109 188 stone
809 109 189 stone
809 109 190 stone
809 109 191 andesite
809 109 192 andesite
809 109 193 andesite
809 109 194 andesite
809 109 195 andesite
809 109 196 andesite
809 109 197 stone
809 109 198 stone
809 109 199 stone
809 109 200 stone
809 109 201 stone
809 109 202 stone
809 109 203 stone
809 109 204 stone
809 109 205 stone
809 109 206 stone
809 109 207 stone
809 109 208 stone
809 109 209 stone
809 109 210 stone
809 109 211 stone
809 109 212 stone
809 109 213 stone
809 109 214 stone
809 109 215 stone
809 109 216 stone
809 109 217 stone
809 109 218 stone
809 109 219 stone
809 109 220 stone
809 109 221 stone
809 109 222 stone
809 109 223 stone
809 109 224 coal_ore
809 109 225 coal_ore
809 109 226 stone
809 109 227 stone
809 109 228 stone
809 109 229 stone
809 109 230 stone
809 109 231 stone
809 109 232 stone
809 109 233 stone
809 109 234 stone
809 109 235 stone
809 109 236 stone
809 109 237 stone
809 109 238 stone
809 109 239 stone
809 109 240 stone
809 109 241 stone
809 109 242 stone
809 109 243 stone
809 109 244 stone
809 109 245 stone
809 109 246 stone
809 109 247 stone
809 109 248 stone
809 109 249 granite
809 109 250 granite
809 109 251 granite
809 109 252 granite
809 109 253 granite
809 109 254 granite
809 109 255 granite
810 109 128 stone
810 109 129 stone
810 109 130 coal_ore
810 109 131 coal_ore
810 109 132 coal_ore
810 109 133 andesite
810 109 134 andesite
810 109 135 andesite
810 109 136 andesite
810 109 137 andesite
810 109 138 stone
810 109 139 stone
