719 104 236 andesite
719 104 237 andesite
719 104 238 andesite
719 104 239 andesite
719 104 240 andesite
719 104 241 andesite
719 104 242 stone
719 104 243 stone
719 104 244 stone
719 104 245 stone
719 104 246 stone
719 104 247 stone
719 104 248 stone
719 104 249 stone
719 104 250 stone
719 104 251 stone
719 104 252 granite
719 104 253 granite
719 104 254 granite
719 104 255 granite
719 104 256 granite
719 104 257 granite
719 104 258 granite
719 104 259 granite
719 104 260 granite
719 104 262 stone
719 104 263 stone
719 104 264 stone
719 104 265 stone
719 104 266 stone
719 104 267 diorite
719 104 268 diorite
719 104 269 diorite
719 104 270 diorite
719 104 271 stone
719 104 272 stone
719 104 273 granite
719 104 274 granite
719 104 275 granite
719 104 276 stone
719 104 277 stone
719 104 278 stone
719 104 279 stone
719 104 280 stone
719 104 281 stone
719 104 282 stone
719 104 283 stone
719 104 284 stone
719 104 285 stone
719 104 286 stone
719 104 287 stone
719 104 288 stone
719 104 289 stone
719 104 290 stone
719 104 291 stone
719 104 292 stone
719 104 293 stone
719 104 294 stone
719 104 295 stone
719 104 296 stone
719 104 297 stone
719 104 298 dirt
719 104 299 dirt
719 104 300 dirt
719 104 301 dirt
719 104 302 dirt
719 104 303 dirt
719 104 304 dirt
719 104 305 stone
719 104 306 stone
719 104 307 stone
719 104 308 stone
719 104 309 stone
719 104 310 stone
719 104 311 stone
719 104 312 stone
719 104 313 stone
719 104 314 diorite
719 104 315 diorite
719 104 316 diorite
719 104 317 diorite
719 104 318 diorite
719 104 319 diorite
719 104 320 stone
719 104 321 stone
719 104 322 stone
719 104 323 stone
719 104 324 stone
719 104 325 stone
719 104 326 stone
719 104 327 stone
719 104 328 stone
719 104 329 stone
719 104 330 stone
719 104 331 stone
719 104 332 stone
719 104 333 stone
719 104 334 stone
719 104 335 stone
719 104 336 stone
719 104 337 stone
719 104 338 stone
719 104 339 stone
719 104 340 stone
719 104 341 stone
719 104 342 stone
719 104 343 stone
719 104 344 stone
719 104 345 stone
719 104 346 stone
719 104 347 stone
719 104 348 stone
719 104 349 diorite
719 104 350 diorite
719 104 351 diorite
719 104 352 diorite
719 104 353 diorite
719 104 354 diorite
719 104 355 stone
719 104 356 stone
719 104 357 andesite
719 104 358 andesite
719 104 359 andesite
719 104 360 andesite
719 104 361 andesite
719 104 362 andesite
719 104 363 andesite
719 104 364 andesite
719 104 365 granite
719 104 366 granite
719 104 367 granite
719 104 368 granite
719 104 369 granite
719 104 370 stone
719 104 371 stone
719 104 372 stone
719 104 373 stone
719 104 374 stone
719 104 375 stone
719 104 376 stone
719 104 377 stone
719 104 378 stone
719 104 379 stone
719 104 380 stone
719 104 381 stone
719 104 382 stone
719 104 383 stone
719 104 384 granite
719 104 385 granite
719 104 386 granite
719 104 387 granite
719 104 388 granite
719 104 389 granite
719 104 390 granite
719 104 391 granite
719 104 392 stone
719 104 393 stone
719 104 394 stone
719 104 395 stone
719 104 396 stone
719 104 397 stone
719 104 398 stone
719 104 399 stone
719 104 400 stone
719 104 401 stone
719 104 402 stone
719 104 403 stone
719 104 404 stone
719 104 405 stone
719 104 406 stone
719 104 407 stone
719 104 408 stone
719 104 409 stone
719 104 410 stone
719 104 411 stone
719 104 412 stone
719 104 413 stone
719 104 414 stone
719 104 415 stone
719 104 416 stone
719 104 417 stone
719 104 418 stone
719 104 419 stone
719 104 420 stone
719 104 421 stone
719 104 422 andesite
719 104 423 andesite
719 104 424 andesite
719 104 425 andesite
719 104 426 andesite
719 104 427 andesite
719 104 428 andesite
719 104 429 andesite
719 104 430 andesite
719 104 431 stone
719 104 432 stone
719 104 433 stone
719 104 434 stone
719 104 435 stone
719 104 436 andesite
719 104 437 andesite
719 104 438 andesite
719 104 439 andesite
719 104 440 andesite
719 104 441 iron_ore
719 104 442 iron_ore
719 104 443 diorite
719 104 444 diorite
719 104 445 diorite
719 104 446 diorite
719 104 447 diorite
719 104 448 diorite
719 104 449 diorite
719 104 450 stone
719 104 451 stone
719 104 452 stone
719 104 453 stone
719 104 454 stone
719 104 455 stone
719 104 456 copper_ore
719 104 457 copper_ore
719 104 458 stone
719 104 459 stone
719 104 460 stone
719 104 461 stone
719 104 462 stone
719 104 463 stone
719 104 464 stone
719 104 465 stone
719 104 466 stone
719 104 467 stone
719 104 468 stone
719 104 469 stone
719 104 470 stone
719 104 471 diorite
719 104 472 diorite
719 104 473 diorite
719 104 474 diorite
719 104 475 diorite
719 104 476 diorite
719 104 477 diorite
719 104 478 diorite
719 104 479 diorite
719 104 480 diorite
719 104 481 diorite
719 104 482 diorite
719 104 483 diorite
719 104 484 diorite
719 104 485 diorite
719 104 486 diorite
719 104 487 stone
719 104 488 stone
719 104 489 stone
719 104 490 stone
719 104 491 stone
719 104 492 stone
719 104 493 stone
719 104 494 stone
719 104 495 stone
719 104 496 coal_ore
719 104 497 coal_ore
719 104 498 coal_ore
719 104 499 water[level=0]
719 104 500 water[level=0]
719 104 501 water[level=0]
719 104 502 water[level=0]
719 104 503 water[level=0]
719 104 504 water[level=0]
719 104 505 water[level=0]
719 104 506 water[level=0]
719 104 507 water[level=0]
719 104 508 glow_lichen[down=false,east=false,north=false,south=true,up=false,waterlogged=true,west=false]
719 104 509 andesite
719 104 510 andesite
719 104 511 andesite
719 104 512 andesite
719 104 513 andesite
719 104 514 andesite
719 104 515 andesite
719 104 516 andesite
719 104 517 andesite
719 104 518 andesite
719 104 519 andesite
719 104 520 andesite
719 104 521 andesite
719 104 522 andesite
719 104 523 andesite
719 104 524 stone
719 104 525 stone
719 104 526 stone
719 104 527 stone
719 104 528 stone
719 104 529 stone
719 104 530 stone
719 104 531 stone
719 104 532 stone
719 104 533 stone
719 104 534 stone
719 104 535 stone
719 104 536 stone
719 104 537 stone
719 104 538 diorite
719 104 539 diorite
719 104 540 diorite
719 104 541 diorite
719 104 542 diorite
719 104 543 lapis_ore
719 104 544 diorite
719 104 545 diorite
719 104 546 diorite
719 104 547 diorite
719 104 548 diorite
719 104 549 diorite
719 104 550 diorite
719 104 551 diorite
719 104 552 diorite
719 104 553 diorite
719 104 554 diorite
719 104 555 diorite
719 104 556 diorite
719 104 557 diorite
719 104 558 diorite
719 104 559 diorite
719 104 560 stone
719 104 561 stone
719 104 562 stone
719 104 563 stone
719 104 564 stone
719 104 565 stone
719 104 566 stone
719 104 567 stone
719 104 568 stone
719 104 569 stone
719 104 570 stone
719 104 571 stone
719 104 572 stone
719 104 573 stone
719 104 574 stone
719 104 575 granite
719 104 576 granite
719 104 577 granite
719 104 578 granite
719 104 579 granite
719 104 580 granite
719 104 581 granite
719 104 582 granite
719 104 583 granite
719 104 584 stone
719 104 585 stone
719 104 586 stone
719 104 587 stone
719 104 588 stone
719 104 589 stone
719 104 590 stone
719 104 591 stone
719 104 592 stone
719 104 593 stone
719 104 594 stone
719 104 595 stone
719 104 596 stone
719 104 597 stone
719 104 598 stone
719 104 599 stone
719 104 600 stone
719 104 601 stone
719 104 602 stone
719 104 603 stone
719 104 604 stone
719 104 605 stone
719 104 606 andesite
719 104 607 andesite
719 104 608 stone
719 104 609 stone
719 104 610 stone
719 104 611 stone
719 104 612 stone
719 104 613 stone
719 104 614 stone
719 104 615 stone
719 104 616 stone
719 104 617 stone
719 104 618 stone
719 104 619 stone
719 104 620 stone
719 104 621 stone
719 104 622 stone
719 104 623 stone
719 104 624 stone
719 104 625 stone
719 104 626 stone
719 104 627 stone
719 104 628 stone
719 104 629 stone
719 104 630 stone
719 104 631 granite
719 104 632 granite
719 104 633 granite
719 104 634 granite
719 104 635 granite
719 104 636 granite
719 104 637 granite
719 104 638 granite
719 104 639 granite
719 104 640 granite
719 104 641 stone
719 104 642 stone
719 104 643 stone
719 104 644 stone
719 104 645 stone
719 104 646 stone
719 104 647 stone
719 104 648 stone
719 104 649 stone
719 104 650 stone
719 104 651 stone
719 104 652 stone
719 104 653 stone
719 104 654 stone
719 104 655 andesite
719 104 656 andesite
719 104 657 andesite
719 104 658 andesite
719 104 659 andesite
719 104 660 andesite
719 104 661 andesite
719 104 662 andesite
719 104 663 stone
719 104 664 stone
719 104 665 stone
719 104 666 stone
719 104 667 stone
719 104 668 stone
719 104 669 stone
719 104 670 stone
719 104 671 stone
719 104 672 stone
719 104 673 stone
719 104 674 stone
719 104 675 stone
719 104 676 stone
719 104 677 stone
719 104 678 stone
719 104 679 stone
719 104 680 stone
719 104 681 stone
719 104 682 stone
719 104 683 stone
719 104 684 stone
719 104 685 stone
719 104 686 stone
719 104 687 stone
719 104 688 stone
719 104 689 stone
719 104 690 stone
719 104 691 stone
719 104 692 stone
719 104 693 stone
719 104 694 stone
719 104 695 stone
719 104 696 stone
719 104 697 stone
719 104 698 stone
719 104 699 stone
719 104 700 stone
719 104 701 stone
719 104 702 stone
719 104 703 stone
719 104 704 stone
719 104 705 stone
719 104 706 stone
719 104 707 stone
719 104 708 stone
719 104 709 stone
719 104 710 granite
719 104 711 granite
719 104 712 granite
719 104 713 granite
719 104 714 stone
719 104 715 stone
719 104 716 stone
719 104 717 stone
719 104 718 stone
719 104 719 stone
719 104 720 stone
719 104 721 stone
719 104 722 stone
719 104 723 stone
719 104 724 stone
719 104 725 stone
719 104 726 stone
719 104 727 stone
719 104 728 stone
719 104 729 stone
719 104 730 stone
719 104 731 stone
719 104 732 stone
719 104 733 stone
719 104 734 stone
719 104 735 stone
719 104 736 stone
719 104 737 stone
719 104 738 stone
719 104 739 stone
719 104 740 stone
719 104 741 stone
719 104 742 stone
719 104 743 stone
719 104 744 stone
719 104 745 stone
719 104 746 stone
719 104 747 stone
719 104 748 stone
719 104 749 stone
719 104 750 stone
719 104 751 stone
719 104 752 stone
719 104 753 stone
719 104 754 stone
719 104 755 stone
719 104 756 stone
719 104 757 stone
719 104 758 stone
719 104 759 andesite
719 104 760 andesite
719 104 761 andesite
719 104 762 andesite
719 104 763 stone
719 104 764 stone
719 104 765 stone
719 104 766 stone
719 104 767 granite
719 104 768 granite
719 104 769 granite
719 104 770 granite
719 104 771 granite
719 104 772 stone
719 104 773 stone
719 104 774 stone
719 104 775 stone
719 104 776 stone
719 104 777 stone
719 104 778 stone
719 104 779 granite
719 104 780 granite
719 104 781 granite
719 104 782 granite
719 104 783 granite
719 104 784 granite
719 104 785 granite
719 104 786 granite
719 104 787 granite
719 104 788 stone
719 104 789 stone
719 104 790 stone
719 104 791 stone
719 104 792 stone
719 104 793 stone
719 104 794 stone
719 104 795 stone
719 104 796 stone
719 104 797 stone
719 104 798 stone
719 104 799 stone
719 104 800 stone
719 104 801 stone
719 104 802 stone
719 104 803 stone
719 104 804 diorite
719 104 805 diorite
719 104 806 diorite
719 104 807 diorite
719 104 808 diorite
719 104 809 diorite
719 104 810 diorite
719 104 811 diorite
719 104 812 stone
719 104 813 stone
719 104 814 stone
719 104 815 stone
719 104 816 stone
719 104 817 stone
719 104 818 stone
719 104 819 stone
719 104 820 stone
719 104 821 stone
719 104 822 stone
719 104 823 stone
719 104 824 stone
719 104 825 stone
719 104 826 stone
719 104 827 stone
719 104 828 stone
719 104 829 stone
719 104 830 stone
719 104 831 stone
719 104 832 stone
719 104 833 stone
719 104 834 stone
719 104 835 stone
719 104 836 stone
719 104 837 stone
719 104 838 stone
719 104 839 stone
719 104 840 stone
719 104 841 stone
719 104 842 stone
719 104 843 diorite
719 104 844 diorite
719 104 845 diorite
719 104 846 diorite
719 104 847 diorite
719 104 848 diorite
719 104 849 diorite
719 104 850 stone
719 104 851 stone
719 104 852 stone
719 104 853 stone
719 104 854 stone
719 104 855 stone
719 104 856 stone
719 104 857 stone
719 104 858 stone
719 104 859 stone
719 104 860 stone
719 104 861 stone
719 104 862 stone
719 104 863 stone
719 104 864 stone
719 104 868 granite
719 104 869 granite
719 104 870 granite
719 104 871 granite
719 104 872 granite
719 104 873 granite
719 104 874 granite
719 104 875 granite
719 104 876 granite
719 104 877 granite
719 104 878 granite
719 104 879 granite
719 104 880 granite
719 104 881 granite
719 104 882 granite
719 104 883 granite
719 104 884 stone
719 104 885 stone
719 104 886 stone
719 104 887 stone
719 104 896 stone
719 104 897 stone
719 104 898 stone
719 104 899 stone
719 104 900 stone
719 104 901 stone
719 104 902 stone
719 104 903 stone
719 104 904 stone
719 104 905 stone
719 104 906 stone
719 104 907 stone
719 104 908 stone
719 104 909 stone
719 104 910 stone
719 104 911 stone
719 104 912 stone
719 104 913 diorite
719 104 914 diorite
719 104 915 diorite
719 104 916 diorite
719 104 917 diorite
719 104 918 diorite
719 104 919 diorite
719 104 920 stone
719 104 921 stone
719 104 922 stone
719 104 923 stone
719 104 924 stone
719 104 925 stone
719 104 926 stone
719 104 927 stone
719 104 928 stone
719 104 929 stone
719 104 930 stone
719 104 931 stone
719 104 932 andesite
719 104 933 andesite
719 104 934 andesite
719 104 935 andesite
719 104 936 andesite
719 104 937 andesite
719 104 938 stone
719 104 939 stone
719 104 940 stone
719 104 941 stone
719 104 942 stone
719 104 943 stone
719 104 944 stone
719 104 945 stone
719 104 946 stone
719 104 947 copper_ore
719 104 948 copper_ore
719 104 949 stone
719 104 950 stone
719 104 951 stone
719 104 952 copper_ore
719 104 953 copper_ore
719 104 954 copper_ore
719 104 955 stone
719 104 956 stone
719 104 957 stone
719 104 958 stone
719 104 959 stone
719 104 960 stone
719 104 961 stone
719 104 962 stone
719 104 963 stone
719 104 964 stone
719 104 965 stone
719 104 966 stone
719 104 967 stone
719 104 968 stone
719 104 969 stone
719 104 970 stone
719 104 971 stone
719 104 972 stone
719 104 973 stone
719 104 974 stone
719 104 975 stone
719 104 976 stone
719 104 977 stone
719 104 978 stone
719 104 979 diorite
719 104 980 diorite
719 104 981 diorite
719 104 982 diorite
719 104 983 diorite
719 104 984 diorite
719 104 985 diorite
719 104 986 diorite
719 104 987 diorite
719 104 988 stone
719 104 989 stone
719 104 990 stone
719 104 991 stone
719 104 992 stone
719 104 993 granite
719 104 994 granite
719 104 995 granite
719 104 996 granite
719 104 997 granite
719 104 998 granite
719 104 999 granite
719 104 1000 granite
719 104 1001 granite
719 104 1002 stone
719 104 1003 stone
719 104 1004 stone
719 104 1005 stone
719 104 1006 stone
719 104 1007 stone
719 104 1008 andesite
719 104 1009 andesite
719 104 1010 andesite
719 104 1011 andesite
719 104 1012 andesite
719 104 1013 andesite
719 104 1014 andesite
719 104 1015 andesite
719 104 1016 stone
719 104 1017 stone
719 104 1018 stone
719 104 1019 stone
719 104 1020 stone
719 104 1021 stone
719 104 1022 stone
719 104 1023 stone
719 105 0 granite
719 105 1 granite
719 105 2 stone
719 105 3 stone
719 105 4 stone
719 105 5 stone
719 105 6 stone
719 105 7 stone
719 105 8 stone
719 105 9 stone
719 105 10 stone
719 105 11 stone
719 105 12 stone
719 105 13 stone
719 105 14 granite
719 105 15 granite
719 105 16 granite
719 105 17 diorite
719 105 18 diorite
719 105 19 diorite
719 105 20 diorite
719 105 21 iron_ore
719 105 22 iron_ore
719 105 23 stone
719 105 24 stone
719 105 25 stone
719 105 26 stone
719 105 27 stone
719 105 28 stone
719 105 29 stone
719 105 30 stone
719 105 31 stone
719 105 32 diorite
719 105 33 diorite
719 105 34 diorite
719 105 35 diorite
719 105 36 diorite
719 105 37 diorite
719 105 38 diorite
719 105 39 diorite
719 105 40 diorite
719 105 41 diorite
719 105 42 copper_ore
719 105 43 copper_ore
719 105 44 copper_ore
719 105 45 granite
719 105 46 granite
719 105 47 granite
719 105 48 copper_ore
719 105 49 copper_ore
719 105 50 copper_ore
719 105 51 stone
719 105 52 stone
719 105 53 stone
719 105 54 stone
719 105 55 stone
719 105 56 stone
719 105 57 stone
719 105 58 stone
719 105 59 stone
719 105 60 stone
719 105 61 stone
719 105 62 stone
719 105 63 stone
719 105 64 stone
719 105 65 stone
719 105 66 stone
719 105 67 stone
719 105 68 stone
719 105 69 stone
719 105 70 stone
719 105 71 stone
719 105 72 granite
719 105 73 granite
719 105 74 granite
719 105 75 granite
719 105 76 granite
719 105 77 granite
719 105 78 stone
719 105 79 stone
719 105 80 stone
719 105 81 stone
719 105 82 stone
719 105 83 stone
719 105 84 stone
719 105 85 stone
719 105 86 iron_ore
719 105 87 iron_ore
719 105 88 stone
719 105 89 stone
719 105 90 stone
719 105 91 stone
719 105 92 stone
719 105 93 stone
719 105 94 stone
719 105 95 stone
719 105 96 stone
719 105 97 stone
719 105 98 stone
719 105 99 stone
719 105 100 stone
719 105 101 stone
719 105 102 stone
719 105 103 stone
719 105 104 stone
719 105 105 stone
719 105 106 stone
719 105 107 stone
719 105 108 stone
719 105 109 stone
719 105 110 stone
719 105 111 stone
719 105 112 stone
719 105 113 stone
719 105 114 stone
719 105 115 stone
719 105 116 stone
719 105 117 stone
719 105 118 stone
719 105 119 stone
719 105 120 stone
719 105 121 stone
719 105 122 stone
719 105 123 stone
719 105 124 stone
719 105 125 stone
719 105 126 stone
719 105 127 stone
719 105 128 stone
719 105 129 stone
719 105 130 stone
719 105 131 stone
719 105 132 stone
719 105 133 stone
719 105 134 stone
719 105 135 stone
719 105 136 diorite
719 105 137 diorite
719 105 138 diorite
719 105 139 diorite
719 105 140 diorite
719 105 141 diorite
719 105 142 diorite
719 105 143 diorite
719 105 144 diorite
719 105 145 gravel
719 105 146 gravel
719 105 147 gravel
719 105 148 gravel
719 105 149 gravel
719 105 150 diorite
719 105 151 diorite
719 105 152 stone
719 105 153 stone
719 105 154 stone
719 105 155 stone
719 105 156 stone
719 105 157 stone
719 105 158 stone
719 105 159 stone
719 105 160 stone
719 105 161 stone
719 105 162 stone
719 105 163 stone
719 105 164 stone
719 105 165 stone
719 105 166 stone
719 105 167 stone
719 105 168 stone
719 105 169 andesite
719 105 170 andesite
719 105 171 andesite
719 105 172 andesite
719 105 173 andesite
719 105 174 andesite
719 105 175 stone
719 105 176 stone
719 105 177 stone
719 105 178 stone
719 105 179 stone
719 105 180 stone
719 105 181 stone
719 105 182 stone
719 105 183 stone
719 105 184 stone
719 105 185 stone
719 105 186 stone
719 105 187 stone
719 105 188 stone
719 105 189 stone
719 105 190 stone
719 105 191 stone
719 105 192 stone
719 105 193 stone
719 105 194 stone
719 105 195 stone
719 105 196 stone
719 105 197 stone
719 105 198 stone
719 105 199 stone
719 105 200 stone
719 105 201 stone
719 105 202 stone
719 105 203 stone
719 105 204 stone
719 105 205 stone
719 105 206 stone
719 105 207 stone
719 105 208 copper_ore
719 105 209 stone
719 105 210 stone
719 105 211 stone
719 105 212 stone
719 105 213 stone
719 105 214 stone
719 105 215 stone
719 105 216 stone
719 105 217 andesite
719 105 218 andesite
719 105 219 andesite
719 105 220 andesite
719 105 221 stone
719 105 222 stone
719 105 223 stone
719 105 224 stone
719 105 225 stone
719 105 226 stone
719 105 227 stone
719 105 228 stone
719 105 229 stone
719 105 230 diorite
719 105 231 diorite
719 105 232 diorite
719 105 233 iron_ore
719 105 234 andesite
719 105 235 andesite
719 105 236 andesite
719 105 237 andesite
719 105 238 andesite
719 105 239 andesite
719 105 240 andesite
719 105 241 andesite
719 105 242 stone
719 105 243 stone
719 105 244 stone
719 105 245 stone
719 105 246 stone
719 105 247 stone
719 105 248 stone
719 105 249 stone
719 105 250 stone
719 105 251 stone
719 105 252 stone
719 105 253 stone
719 105 254 stone
719 105 255 stone
719 105 256 stone
719 105 257 stone
719 105 258 stone
719 105 259 stone
719 105 260 stone
719 105 263 stone
719 105 264 stone
719 105 265 stone
719 105 266 stone
719 105 267 diorite
719 105 268 diorite
719 105 269 diorite
719 105 270 diorite
719 105 271 diorite
719 105 272 diorite
719 105 273 stone
719 105 274 stone
719 105 275 stone
719 105 276 stone
719 105 277 stone
719 105 278 stone
719 105 279 stone
719 105 280 stone
719 105 281 stone
719 105 282 stone
719 105 283 stone
719 105 284 stone
719 105 285 stone
719 105 286 stone
719 105 287 stone
719 105 288 stone
719 105 289 stone
719 105 290 stone
719 105 291 stone
719 105 292 stone
719 105 293 stone
719 105 294 stone
719 105 295 stone
719 105 296 stone
719 105 297 stone
719 105 298 stone
719 105 299 dirt
719 105 300 dirt
719 105 301 dirt
719 105 302 dirt
719 105 303 dirt
719 105 304 stone
719 105 305 stone
719 105 306 stone
719 105 307 stone
719 105 308 stone
719 105 309 stone
719 105 310 stone
719 105 311 stone
719 105 312 stone
