663 108 699 stone
663 108 700 stone
663 108 701 stone
663 108 702 stone
663 108 703 stone
663 108 704 stone
663 108 705 stone
663 108 706 stone
663 108 707 stone
663 108 708 stone
663 108 709 stone
663 108 710 stone
663 108 711 stone
663 108 712 stone
663 108 713 stone
663 108 714 stone
663 108 715 granite
663 108 716 granite
663 108 717 granite
663 108 718 granite
663 108 719 granite
663 108 720 infested_stone
663 108 721 infested_stone
663 108 722 stone
663 108 723 stone
663 108 724 stone
663 108 725 stone
663 108 726 stone
663 108 727 stone
663 108 728 stone
663 108 729 stone
663 108 730 stone
663 108 731 stone
663 108 732 stone
663 108 733 stone
663 108 734 stone
663 108 735 stone
663 108 736 stone
663 108 737 stone
663 108 738 stone
663 108 739 stone
663 108 740 stone
663 108 741 stone
663 108 742 stone
663 108 743 iron_ore
663 108 744 iron_ore
663 108 745 stone
663 108 746 stone
663 108 747 stone
663 108 748 stone
663 108 749 stone
663 108 750 stone
663 108 751 stone
663 108 752 stone
663 108 753 stone
663 108 754 stone
663 108 755 stone
663 108 756 stone
663 108 757 stone
663 108 758 stone
663 108 759 stone
663 108 760 stone
663 108 761 stone
663 108 762 stone
663 108 763 stone
663 108 764 stone
663 108 765 stone
663 108 766 stone
663 108 767 stone
664 108 640 stone
664 108 641 stone
664 108 642 stone
664 108 643 stone
664 108 644 stone
664 108 645 stone
664 108 646 stone
664 108 647 stone
664 108 648 stone
664 108 649 stone
664 108 650 stone
664 108 651 stone
664 108 652 stone
664 108 653 stone
664 108 654 diorite
664 108 655 diorite
664 108 656 diorite
664 108 657 diorite
664 108 658 diorite
664 108 659 diorite
664 108 660 diorite
664 108 661 diorite
664 108 662 diorite
664 108 663 diorite
664 108 664 diorite
664 108 665 diorite
664 108 666 diorite
664 108 667 stone
664 108 668 gravel
664 108 669 gravel
664 108 670 gravel
664 108 671 stone
664 108 672 stone
664 108 673 stone
664 108 674 stone
664 108 675 stone
664 108 676 stone
664 108 677 stone
664 108 678 stone
664 108 679 stone
664 108 680 stone
664 108 681 stone
664 108 682 stone
664 108 683 stone
664 108 684 stone
664 108 685 stone
664 108 686 stone
664 108 687 stone
664 108 688 dirt
664 108 689 dirt
664 108 690 stone
664 108 691 stone
664 108 692 stone
664 108 693 stone
664 108 694 stone
664 108 695 stone
664 108 696 stone
664 108 697 stone
664 108 698 stone
664 108 699 stone
664 108 700 stone
664 108 701 stone
664 108 702 stone
664 108 703 stone
664 108 704 stone
664 108 705 stone
664 108 706 stone
664 108 707 stone
664 108 708 stone
664 108 709 stone
664 108 710 stone
664 108 711 stone
664 108 712 stone
664 108 713 stone
664 108 714 stone
664 108 715 stone
664 108 716 granite
664 108 717 granite
664 108 718 granite
664 108 719 granite
664 108 720 infested_stone
664 108 721 stone
664 108 722 stone
664 108 723 stone
664 108 724 stone
664 108 725 stone
664 108 726 stone
664 108 727 stone
664 108 728 stone
664 108 729 stone
664 108 730 stone
664 108 731 stone
664 108 732 stone
664 108 733 stone
664 108 734 stone
664 108 735 stone
664 108 736 stone
664 108 737 stone
664 108 738 stone
664 108 739 stone
664 108 740 stone
664 108 741 stone
664 108 742 stone
664 108 743 iron_ore
664 108 744 iron_ore
664 108 745 iron_ore
664 108 746 stone
664 108 747 stone
664 108 748 stone
664 108 749 stone
664 108 750 stone
664 108 751 stone
664 108 752 stone
664 108 753 stone
664 108 754 stone
664 108 755 stone
664 108 756 stone
664 108 757 stone
664 108 758 stone
664 108 759 stone
664 108 760 stone
664 108 761 stone
664 108 762 stone
664 108 763 stone
664 108 764 stone
664 108 765 stone
664 108 766 stone
664 108 767 stone
665 108 640 stone
665 108 641 stone
665 108 642 stone
665 108 643 stone
665 108 644 stone
665 108 645 stone
665 108 646 stone
665 108 647 stone
665 108 648 stone
665 108 649 stone
665 108 650 stone
665 108 651 stone
665 108 652 stone
665 108 653 stone
665 108 654 diorite
665 108 655 diorite
665 108 656 diorite
665 108 657 diorite
665 108 658 diorite
665 108 659 diorite
665 108 660 diorite
665 108 661 diorite
665 108 662 diorite
665 108 663 diorite
665 108 664 diorite
665 108 665 andesite
665 108 666 andesite
665 108 667 andesite
665 108 668 gravel
665 108 669 gravel
665 108 670 gravel
665 108 671 stone
665 108 672 stone
665 108 673 stone
665 108 674 stone
665 108 675 stone
665 108 676 stone
665 108 677 stone
665 108 678 stone
665 108 679 stone
665 108 680 stone
665 108 681 stone
665 108 682 stone
665 108 683 stone
665 108 684 stone
665 108 685 stone
665 108 686 dirt
665 108 687 dirt
665 108 688 dirt
665 108 689 dirt
665 108 690 stone
665 108 691 stone
665 108 692 stone
665 108 693 stone
665 108 694 stone
665 108 695 stone
665 108 696 stone
665 108 697 stone
665 108 698 stone
665 108 699 stone
665 108 700 stone
665 108 701 stone
665 108 702 stone
665 108 703 stone
665 108 704 stone
665 108 705 stone
665 108 706 stone
665 108 707 stone
665 108 708 stone
665 108 709 stone
665 108 710 stone
665 108 711 stone
665 108 712 stone
665 108 713 stone
665 108 714 stone
665 108 715 stone
665 108 716 stone
665 108 717 granite
665 108 718 granite
665 108 719 granite
665 108 720 granite
665 108 721 stone
665 108 722 stone
665 108 723 stone
665 108 724 stone
665 108 725 stone
665 108 726 stone
665 108 727 stone
665 108 728 stone
665 108 729 stone
665 108 730 stone
665 108 731 stone
665 108 732 stone
665 108 733 stone
665 108 734 stone
665 108 735 stone
665 108 736 stone
665 108 737 stone
665 108 738 stone
665 108 739 stone
665 108 740 stone
665 108 741 stone
665 108 742 stone
665 108 743 stone
665 108 744 stone
665 108 745 stone
665 108 746 stone
665 108 747 stone
665 108 748 stone
665 108 749 stone
665 108 750 stone
665 108 751 stone
665 108 752 stone
665 108 753 stone
665 108 754 stone
665 108 755 stone
665 108 756 stone
665 108 757 stone
665 108 758 stone
665 108 759 stone
665 108 760 stone
665 108 761 stone
665 108 762 stone
665 108 763 stone
665 108 764 stone
665 108 765 stone
665 108 766 stone
665 108 767 stone
666 108 640 stone
666 108 641 stone
666 108 642 stone
666 108 643 stone
666 108 644 stone
666 108 645 stone
666 108 646 stone
666 108 647 stone
666 108 648 stone
666 108 649 stone
666 108 650 stone
666 108 651 stone
666 108 652 stone
666 108 653 stone
666 108 654 diorite
666 108 655 diorite
666 108 656 diorite
666 108 657 diorite
666 108 658 diorite
666 108 659 diorite
666 108 660 diorite
666 108 661 diorite
666 108 662 diorite
666 108 663 diorite
666 108 664 stone
666 108 665 andesite
666 108 666 andesite
666 108 667 andesite
666 108 668 gravel
666 108 669 andesite
666 108 670 andesite
666 108 671 andesite
666 108 672 stone
666 108 673 stone
666 108 674 stone
666 108 675 stone
666 108 676 stone
666 108 677 stone
666 108 678 stone
666 108 679 stone
666 108 680 stone
666 108 681 stone
666 108 682 stone
666 108 683 stone
666 108 684 stone
666 108 685 dirt
666 108 686 dirt
666 108 687 dirt
666 108 688 dirt
666 108 689 dirt
666 108 690 stone
666 108 691 stone
666 108 692 stone
666 108 693 stone
666 108 694 stone
666 108 695 stone
666 108 696 stone
666 108 697 stone
666 108 698 stone
666 108 699 stone
666 108 700 stone
666 108 701 stone
666 108 702 stone
666 108 703 stone
666 108 704 stone
666 108 705 stone
666 108 706 stone
666 108 707 stone
666 108 708 stone
666 108 709 stone
666 108 710 stone
666 108 711 stone
666 108 712 stone
666 108 713 stone
666 108 714 stone
666 108 715 stone
666 108 716 stone
666 108 717 granite
666 108 718 granite
666 108 719 granite
666 108 720 granite
666 108 721 stone
666 108 722 stone
666 108 723 stone
666 108 724 stone
666 108 725 stone
666 108 726 stone
666 108 727 stone
666 108 728 stone
666 108 729 stone
666 108 730 stone
666 108 731 stone
666 108 732 stone
666 108 733 stone
666 108 734 stone
666 108 735 stone
666 108 736 stone
666 108 737 stone
666 108 738 stone
666 108 739 stone
666 108 740 stone
666 108 741 stone
666 108 742 stone
666 108 743 stone
666 108 744 stone
666 108 745 stone
666 108 746 dirt
666 108 747 dirt
666 108 748 stone
666 108 749 stone
666 108 750 stone
666 108 751 stone
666 108 752 stone
666 108 753 stone
666 108 754 stone
666 108 755 stone
666 108 756 stone
666 108 757 stone
666 108 758 stone
666 108 759 stone
666 108 760 stone
666 108 761 stone
666 108 762 stone
666 108 763 stone
666 108 764 stone
666 108 765 stone
666 108 766 stone
666 108 767 stone
667 108 640 stone
667 108 641 stone
667 108 642 stone
667 108 643 stone
667 108 644 stone
667 108 645 stone
667 108 646 stone
667 108 647 gravel
667 108 648 gravel
667 108 649 gravel
667 108 650 stone
667 108 651 stone
667 108 652 stone
667 108 653 diorite
667 108 654 diorite
667 108 655 diorite
667 108 656 diorite
667 108 657 diorite
667 108 658 diorite
667 108 659 diorite
667 108 660 diorite
667 108 661 diorite
667 108 662 diorite
667 108 663 andesite
667 108 664 andesite
667 108 665 andesite
667 108 666 andesite
667 108 667 andesite
667 108 668 andesite
667 108 669 andesite
667 108 670 andesite
667 108 671 andesite
667 108 672 stone
667 108 673 stone
667 108 674 stone
667 108 675 stone
667 108 676 stone
667 108 677 stone
667 108 678 stone
667 108 679 stone
667 108 680 stone
667 108 681 stone
667 108 682 stone
667 108 683 stone
667 108 684 dirt
667 108 685 dirt
667 108 686 dirt
667 108 687 dirt
667 108 688 dirt
667 108 689 dirt
667 108 690 stone
667 108 691 stone
667 108 692 stone
667 108 693 stone
667 108 694 stone
667 108 695 stone
667 108 696 stone
667 108 697 stone
667 108 698 stone
667 108 699 stone
667 108 700 stone
667 108 701 stone
667 108 702 stone
667 108 703 stone
667 108 704 stone
667 108 705 stone
667 108 706 stone
667 108 707 stone
667 108 708 stone
667 108 709 stone
667 108 710 stone
667 108 711 stone
667 108 712 stone
667 108 713 stone
667 108 714 stone
667 108 715 stone
667 108 716 stone
667 108 717 stone
667 108 718 granite
667 108 719 granite
667 108 720 granite
667 108 721 stone
667 108 722 stone
667 108 723 stone
667 108 724 stone
667 108 725 stone
667 108 726 stone
667 108 727 stone
667 108 728 stone
667 108 729 stone
667 108 730 stone
667 108 731 stone
667 108 732 stone
667 108 733 stone
667 108 734 stone
667 108 735 stone
667 108 736 stone
667 108 737 stone
667 108 738 stone
667 108 739 stone
667 108 740 stone
667 108 741 stone
667 108 742 stone
667 108 743 stone
667 108 744 dirt
667 108 745 stone
667 108 746 stone
667 108 747 dirt
667 108 748 dirt
667 108 749 stone
667 108 750 stone
667 108 751 stone
667 108 752 stone
667 108 753 stone
667 108 754 stone
667 108 755 stone
667 108 756 stone
667 108 757 stone
667 108 758 stone
667 108 759 stone
667 108 760 stone
667 108 761 stone
667 108 762 stone
667 108 763 stone
667 108 764 stone
667 108 765 stone
667 108 766 stone
667 108 767 stone
668 108 640 stone
668 108 641 stone
668 108 642 stone
668 108 643 stone
668 108 644 gravel
668 108 645 gravel
668 108 646 gravel
668 108 647 gravel
668 108 648 gravel
668 108 649 gravel
668 108 650 gravel
668 108 651 stone
668 108 652 stone
668 108 653 diorite
668 108 654 diorite
668 108 655 diorite
668 108 656 diorite
668 108 657 diorite
668 108 658 diorite
668 108 659 diorite
668 108 660 diorite
668 108 661 andesite
668 108 662 andesite
668 108 663 andesite
668 108 664 andesite
668 108 665 andesite
668 108 666 andesite
668 108 667 andesite
668 108 668 andesite
668 108 669 andesite
668 108 670 andesite
668 108 671 andesite
668 108 672 stone
668 108 673 stone
668 108 674 stone
668 108 675 stone
668 108 676 stone
668 108 677 stone
668 108 678 stone
668 108 679 stone
668 108 680 stone
668 108 681 stone
668 108 682 stone
668 108 683 stone
668 108 684 dirt
668 108 685 dirt
668 108 686 dirt
668 108 687 dirt
668 108 688 dirt
668 108 689 dirt
668 108 690 stone
668 108 691 stone
668 108 692 stone
668 108 693 stone
668 108 694 stone
668 108 695 stone
668 108 696 stone
668 108 697 stone
668 108 698 stone
668 108 699 stone
668 108 700 stone
668 108 701 stone
668 108 702 stone
668 108 703 stone
668 108 704 stone
668 108 705 stone
668 108 706 stone
668 108 707 stone
668 108 708 stone
668 108 709 stone
668 108 710 stone
668 108 711 stone
668 108 712 stone
668 108 713 stone
668 108 714 stone
668 108 715 stone
668 108 716 stone
668 108 717 stone
668 108 718 stone
668 108 719 stone
668 108 720 stone
668 108 721 stone
668 108 722 stone
668 108 723 stone
668 108 724 stone
668 108 725 stone
668 108 726 stone
668 108 727 stone
668 108 728 stone
668 108 729 stone
668 108 730 stone
668 108 731 stone
668 108 732 stone
668 108 733 stone
668 108 734 stone
668 108 735 stone
668 108 736 stone
668 108 737 stone
668 108 738 stone
668 108 739 stone
668 108 740 stone
668 108 741 stone
668 108 742 stone
668 108 743 stone
668 108 744 stone
668 108 745 stone
668 108 746 iron_ore
668 108 747 dirt
668 108 748 dirt
668 108 749 dirt
668 108 750 stone
668 108 751 stone
668 108 752 stone
668 108 753 stone
668 108 754 stone
668 108 755 stone
668 108 756 stone
668 108 757 stone
668 108 758 stone
668 108 759 stone
668 108 760 stone
668 108 761 stone
668 108 762 stone
668 108 763 stone
668 108 764 stone
668 108 765 stone
668 108 766 stone
668 108 767 stone
669 108 640 stone
669 108 641 stone
669 108 642 stone
669 108 643 gravel
669 108 644 gravel
669 108 645 gravel
669 108 646 gravel
669 108 647 gravel
669 108 648 gravel
669 108 649 gravel
669 108 650 stone
669 108 651 stone
669 108 652 stone
669 108 653 diorite
669 108 654 diorite
669 108 655 diorite
669 108 656 diorite
669 108 657 diorite
669 108 658 diorite
669 108 659 stone
669 108 660 stone
669 108 661 andesite
669 108 662 andesite
669 108 663 andesite
669 108 664 andesite
669 108 665 andesite
669 108 666 andesite
669 108 667 andesite
669 108 668 andesite
669 108 669 andesite
669 108 670 andesite
669 108 671 stone
669 108 672 stone
669 108 673 stone
669 108 674 stone
669 108 675 stone
669 108 676 stone
669 108 677 stone
669 108 678 stone
669 108 679 stone
669 108 680 stone
669 108 681 stone
669 108 682 stone
669 108 683 stone
669 108 684 dirt
669 108 685 dirt
669 108 686 dirt
669 108 687 dirt
669 108 688 dirt
669 108 689 stone
669 108 690 stone
669 108 691 stone
669 108 692 stone
669 108 693 stone
669 108 694 coal_ore
669 108 695 stone
669 108 696 stone
669 108 697 stone
669 108 698 stone
669 108 699 stone
669 108 700 stone
669 108 701 stone
669 108 702 stone
669 108 703 stone
669 108 704 stone
669 108 705 stone
669 108 706 stone
669 108 707 stone
669 108 708 stone
669 108 709 stone
669 108 710 stone
669 108 711 stone
669 108 712 stone
669 108 713 stone
669 108 714 stone
669 108 715 stone
669 108 716 stone
669 108 717 stone
669 108 718 stone
669 108 719 stone
669 108 720 stone
669 108 721 stone
669 108 722 stone
669 108 723 stone
669 108 724 stone
669 108 725 stone
669 108 726 stone
669 108 727 stone
669 108 728 stone
669 108 729 stone
669 108 730 stone
669 108 731 stone
669 108 732 stone
669 108 733 stone
669 108 734 stone
669 108 735 stone
669 108 736 stone
669 108 737 stone
669 108 738 stone
669 108 739 stone
669 108 740 stone
669 108 741 stone
669 108 742 stone
669 108 743 stone
669 108 744 stone
669 108 745 granite
669 108 746 granite
669 108 747 dirt
669 108 748 dirt
669 108 749 dirt
669 108 750 stone
669 108 751 stone
669 108 752 stone
669 108 753 stone
669 108 754 stone
669 108 755 stone
669 108 756 stone
669 108 757 stone
669 108 758 stone
669 108 759 stone
669 108 760 stone
669 108 761 stone
669 108 762 stone
669 108 763 stone
669 108 764 stone
669 108 765 stone
669 108 766 stone
669 108 767 stone
670 108 640 stone
670 108 641 stone
670 108 642 stone
670 108 643 gravel
670 108 644 gravel
670 108 645 gravel
670 108 646 gravel
670 108 647 gravel
670 108 648 gravel
670 108 649 stone
670 108 650 stone
670 108 651 stone
670 108 652 stone
670 108 653 stone
670 108 654 stone
670 108 655 stone
670 108 656 stone
670 108 657 stone
670 108 658 stone
670 108 659 stone
670 108 660 andesite
670 108 661 andesite
670 108 662 andesite
670 108 663 andesite
670 108 664 andesite
670 108 665 andesite
670 108 666 andesite
670 108 667 andesite
670 108 668 andesite
670 108 669 andesite
670 108 670 andesite
670 108 671 stone
670 108 672 stone
670 108 673 stone
670 108 674 stone
670 108 675 stone
670 108 676 stone
670 108 677 stone
670 108 678 stone
670 108 679 stone
670 108 680 stone
670 108 681 stone
670 108 682 stone
670 108 683 dirt
670 108 684 dirt
670 108 685 dirt
670 108 686 dirt
670 108 687 dirt
670 108 688 stone
670 108 689 stone
670 108 690 stone
670 108 691 stone
670 108 692 stone
670 108 693 stone
670 108 694 coal_ore
670 108 695 coal_ore
670 108 696 stone
670 108 697 stone
670 108 698 stone
670 108 699 stone
670 108 700 stone
670 108 701 stone
670 108 702 stone
670 108 703 stone
670 108 704 stone
670 108 705 stone
670 108 706 stone
670 108 707 stone
670 108 708 stone
670 108 709 stone
670 108 710 stone
670 108 711 stone
670 108 712 stone
670 108 713 stone
670 108 714 stone
670 108 715 stone
670 108 716 stone
670 108 717 stone
670 108 718 stone
670 108 719 stone
670 108 720 stone
670 108 721 stone
670 108 722 stone
670 108 723 stone
670 108 724 stone
670 108 725 stone
670 108 726 stone
670 108 727 stone
670 108 728 stone
670 108 729 stone
670 108 730 stone
670 108 731 stone
670 108 732 stone
670 108 733 stone
670 108 734 stone
670 108 735 stone
670 108 736 stone
670 108 737 stone
670 108 738 stone
670 108 739 stone
670 108 740 stone
670 108 741 stone
670 108 742 stone
670 108 743 stone
670 108 744 granite
670 108 745 granite
670 108 746 granite
670 108 747 granite
670 108 748 stone
670 108 749 stone
670 108 750 stone
670 108 751 stone
670 108 752 stone
670 108 753 stone
670 108 754 stone
670 108 755 stone
670 108 756 stone
670 108 757 stone
670 108 758 stone
670 108 759 stone
670 108 760 stone
670 108 761 stone
670 108 762 stone
670 108 763 stone
670 108 764 stone
670 108 765 stone
670 108 766 stone
670 108 767 stone
671 108 640 stone
671 108 641 stone
671 108 642 stone
671 108 643 stone
671 108 644 gravel
671 108 645 gravel
671 108 646 gravel
671 108 647 stone
671 108 648 stone
671 108 649 stone
671 108 650 stone
671 108 651 stone
671 108 652 stone
671 108 653 stone
671 108 654 stone
671 108 655 stone
671 108 656 stone
671 108 657 stone
671 108 658 stone
671 108 659 stone
671 108 660 andesite
671 108 661 andesite
671 108 662 andesite
671 108 663 andesite
671 108 664 andesite
671 108 665 andesite
671 108 666 andesite
671 108 667 andesite
671 108 668 andesite
671 108 669 andesite
671 108 670 stone
671 108 671 stone
671 108 672 stone
671 108 673 stone
671 108 674 stone
671 108 675 stone
671 108 676 stone
671 108 677 stone
671 108 678 stone
671 108 679 stone
671 108 680 stone
671 108 681 stone
671 108 682 stone
671 108 683 dirt
671 108 684 dirt
671 108 685 dirt
671 108 686 stone
671 108 687 stone
671 108 688 stone
671 108 689 iron_ore
671 108 690 stone
671 108 691 stone
671 108 692 stone
671 108 693 stone
671 108 694 coal_ore
671 108 695 stone
671 108 696 stone
671 108 697 stone
671 108 698 stone
671 108 699 stone
671 108 700 stone
671 108 701 stone
671 108 702 stone
671 108 703 diorite
671 108 704 diorite
671 108 705 diorite
671 108 706 stone
671 108 707 stone
671 108 708 stone
671 108 709 stone
671 108 710 stone
671 108 711 stone
671 108 712 stone
671 108 713 stone
671 108 714 stone
671 108 715 stone
671 108 716 stone
671 108 717 stone
671 108 718 stone
671 108 719 stone
671 108 720 stone
671 108 721 stone
671 108 722 stone
671 108 723 stone
671 108 724 stone
671 108 725 stone
671 108 726 stone
671 108 727 stone
671 108 728 stone
671 108 729 stone
671 108 730 stone
671 108 731 stone
671 108 732 stone
671 108 733 stone
671 108 734 stone
671 108 735 stone
671 108 736 stone
671 108 737 stone
671 108 738 stone
671 108 739 stone
671 108 740 stone
671 108 741 stone
671 108 742 stone
671 108 743 stone
671 108 744 granite
671 108 745 granite
671 108 746 granite
671 108 747 granite
671 108 748 stone
671 108 749 stone
671 108 750 stone
671 108 751 stone
671 108 752 stone
671 108 753 stone
671 108 754 stone
671 108 755 stone
671 108 756 stone
671 108 757 stone
671 108 758 stone
671 108 759 stone
671 108 760 stone
671 108 761 stone
671 108 762 stone
671 108 763 stone
671 108 764 stone
671 108 765 stone
671 108 766 stone
671 108 767 stone
672 108 640 stone
672 108 641 stone
672 108 642 stone
672 108 643 stone
672 108 644 stone
672 108 645 stone
672 108 646 stone
672 108 647 stone
672 108 648 stone
672 108 649 stone
672 108 650 stone
672 108 651 stone
672 108 652 stone
672 108 653 stone
672 108 654 stone
672 108 655 stone
672 108 656 stone
672 108 657 stone
672 108 658 stone
672 108 659 andesite
672 108 660 andesite
