899 102 131 copper_ore
899 102 132 copper_ore
fill 899 102 133 899 102 137 stone
899 102 138 andesite
899 102 139 andesite
fill 899 102 140 899 102 143 stone
fill 899 102 144 899 102 147 granite
fill 899 102 148 899 102 180 stone
fill 899 102 181 899 102 196 gravel
899 102 197 water[level=0]
899 102 198 water[level=0]
fill 899 102 199 899 102 202 gravel
899 102 203 andesite
899 102 204 andesite
899 102 205 stone
fill 899 102 206 899 102 216 gravel
fill 899 102 217 899 102 225 water[level=0]
fill 899 102 226 899 102 234 gravel
fill 899 102 235 899 102 239 stone
fill 899 102 240 899 102 244 granite
899 102 245 gravel
899 102 246 water[level=0]
899 102 247 seagrass
fill 899 102 248 899 102 255 water[level=0]
fill 900 102 128 900 102 136 stone
fill 900 102 137 900 102 140 andesite
fill 900 102 141 900 102 143 stone
fill 900 102 144 900 102 148 granite
fill 900 102 149 900 102 159 stone
900 102 160 water[level=0]
900 102 161 water[level=0]
fill 900 102 162 900 102 171 stone
900 102 172 gravel
900 102 173 gravel
fill 900 102 174 900 102 178 stone
fill 900 102 179 900 102 196 gravel
900 102 197 water[level=0]
900 102 198 water[level=0]
fill 900 102 199 900 102 216 gravel
900 102 217 water[level=0]
900 102 218 tall_seagrass[half=lower]
900 102 219 seagrass
900 102 220 water[level=0]
900 102 221 water[level=0]
900 102 222 tall_seagrass[half=lower]
fill 900 102 223 900 102 226 water[level=0]
fill 900 102 227 900 102 231 gravel
fill 900 102 232 900 102 241 stone
fill 900 102 242 900 102 245 granite
900 102 246 gravel
fill 900 102 247 900 102 251 water[level=0]
900 102 252 tall_seagrass[half=upper]
fill 900 102 253 900 102 255 water[level=0]
fill 901 102 128 901 102 136 stone
fill 901 102 137 901 102 141 andesite
901 102 142 stone
901 102 143 stone
fill 901 102 144 901 102 149 granite
fill 901 102 150 901 102 158 stone
fill 901 102 159 901 102 163 water[level=0]
fill 901 102 164 901 102 170 stone
fill 901 102 171 901 102 195 gravel
901 102 196 water[level=0]
901 102 197 gravel
901 102 198 water[level=0]
fill 901 102 199 901 102 216 gravel
901 102 217 water[level=0]
901 102 218 tall_seagrass[half=lower]
fill 901 102 219 901 102 226 water[level=0]
fill 901 102 227 901 102 230 gravel
901 102 231 sand
fill 901 102 232 901 102 241 stone
fill 901 102 242 901 102 247 granite
901 102 248 gravel
901 102 249 seagrass
fill 901 102 250 901 102 255 water[level=0]
fill 902 102 128 902 102 136 stone
fill 902 102 137 902 102 141 andesite
902 102 142 stone
902 102 143 stone
fill 902 102 144 902 102 150 granite
fill 902 102 151 902 102 158 stone
fill 902 102 159 902 102 163 water[level=0]
902 102 164 tall_seagrass[half=upper]
fill 902 102 165 902 102 169 stone
fill 902 102 170 902 102 174 gravel
fill 902 102 175 902 102 191 stone
902 102 192 granite
902 102 193 granite
fill 902 102 194 902 102 200 water[level=0]
fill 902 102 201 902 102 216 gravel
902 102 217 seagrass
902 102 218 water[level=0]
902 102 219 water[level=0]
902 102 220 seagrass
fill 902 102 221 902 102 226 water[level=0]
fill 902 102 227 902 102 229 gravel
902 102 230 sand
902 102 231 dirt
fill 902 102 232 902 102 242 stone
fill 902 102 243 902 102 247 granite
902 102 248 stone
902 102 249 stone
fill 902 102 250 902 102 252 gravel
902 102 253 seagrass
902 102 254 water[level=0]
902 102 255 water[level=0]
fill 903 102 128 903 102 135 stone
fill 903 102 136 903 102 141 andesite
fill 903 102 142 903 102 144 stone
fill 903 102 145 903 102 150 granite
fill 903 102 151 903 102 158 stone
fill 903 102 159 903 102 165 water[level=0]
fill 903 102 166 903 102 192 stone
903 102 193 granite
fill 903 102 194 903 102 202 water[level=0]
fill 903 102 203 903 102 207 gravel
903 102 208 water[level=0]
fill 903 102 209 903 102 216 gravel
fill 903 102 217 903 102 219 water[level=0]
903 102 220 seagrass
fill 903 102 221 903 102 226 water[level=0]
903 102 227 gravel
903 102 228 gravel
903 102 229 gravel
fill 903 102 230 903 102 244 stone
903 102 245 granite
903 102 246 granite
fill 903 102 247 903 102 249 stone
fill 903 102 250 903 102 252 andesite
903 102 253 gravel
903 102 254 seagrass
903 102 255 water[level=0]
fill 904 102 128 904 102 135 stone
904 102 136 water[level=0]
904 102 137 water[level=0]
fill 904 102 138 904 102 141 andesite
fill 904 102 142 904 102 144 stone
fill 904 102 145 904 102 151 granite
fill 904 102 152 904 102 158 stone
fill 904 102 159 904 102 164 water[level=0]
904 102 165 tall_seagrass[half=upper]
904 102 166 tall_seagrass[half=lower]
904 102 167 water[level=0]
fill 904 102 168 904 102 193 stone
fill 904 102 194 904 102 209 water[level=0]
fill 904 102 210 904 102 214 gravel
904 102 215 tall_seagrass[half=lower]
904 102 216 tall_seagrass[half=lower]
fill 904 102 217 904 102 226 water[level=0]
fill 904 102 227 904 102 229 gravel
fill 904 102 230 904 102 249 stone
fill 904 102 250 904 102 253 andesite
904 102 254 gravel
904 102 255 water[level=0]
fill 905 102 128 905 102 134 stone
fill 905 102 135 905 102 138 water[level=0]
fill 905 102 139 905 102 141 andesite
fill 905 102 142 905 102 145 stone
fill 905 102 146 905 102 152 granite
fill 905 102 153 905 102 159 stone
fill 905 102 160 905 102 165 water[level=0]
905 102 166 seagrass
905 102 167 water[level=0]
905 102 168 water[level=0]
fill 905 102 169 905 102 192 stone
fill 905 102 193 905 102 211 water[level=0]
905 102 212 gravel
fill 905 102 213 905 102 218 water[level=0]
905 102 219 tall_seagrass[half=lower]
fill 905 102 220 905 102 226 water[level=0]
fill 905 102 227 905 102 229 gravel
fill 905 102 230 905 102 249 stone
fill 905 102 250 905 102 254 andesite
905 102 255 gravel
fill 906 102 128 906 102 135 stone
fill 906 102 136 906 102 139 water[level=0]
906 102 140 andesite
906 102 141 andesite
fill 906 102 142 906 102 146 stone
fill 906 102 147 906 102 152 granite
fill 906 102 153 906 102 159 stone
fill 906 102 160 906 102 163 water[level=0]
906 102 164 tall_seagrass[half=upper]
906 102 165 water[level=0]
906 102 166 tall_seagrass[half=lower]
906 102 167 water[level=0]
906 102 168 water[level=0]
fill 906 102 169 906 102 187 stone
906 102 188 granite
906 102 189 granite
fill 906 102 190 906 102 192 stone
fill 906 102 193 906 102 225 water[level=0]
fill 906 102 226 906 102 229 gravel
fill 906 102 230 906 102 245 stone
fill 906 102 246 906 102 248 andesite
906 102 249 stone
fill 906 102 250 906 102 254 andesite
906 102 255 gravel
fill 907 102 128 907 102 135 stone
907 102 136 andesite
fill 907 102 137 907 102 139 water[level=0]
907 102 140 andesite
907 102 141 andesite
fill 907 102 142 907 102 146 stone
fill 907 102 147 907 102 153 granite
fill 907 102 154 907 102 159 stone
907 102 160 gravel
907 102 161 water[level=0]
907 102 162 water[level=0]
907 102 163 tall_seagrass[half=upper]
fill 907 102 164 907 102 168 water[level=0]
fill 907 102 169 907 102 186 stone
fill 907 102 187 907 102 190 granite
fill 907 102 191 907 102 197 stone
fill 907 102 198 907 102 225 water[level=0]
fill 907 102 226 907 102 229 gravel
fill 907 102 230 907 102 239 stone
907 102 240 copper_ore
907 102 241 copper_ore
fill 907 102 242 907 102 245 stone
fill 907 102 246 907 102 255 andesite
fill 908 102 128 908 102 135 stone
908 102 136 andesite
908 102 137 water[level=0]
fill 908 102 138 908 102 141 andesite
fill 908 102 142 908 102 147 stone
fill 908 102 148 908 102 153 granite
fill 908 102 154 908 102 157 stone
fill 908 102 158 908 102 161 gravel
908 102 162 stone
fill 908 102 163 908 102 167 water[level=0]
fill 908 102 168 908 102 185 stone
fill 908 102 186 908 102 190 granite
908 102 191 stone
908 102 192 stone
908 102 193 granite
fill 908 102 194 908 102 197 stone
fill 908 102 198 908 102 225 water[level=0]
fill 908 102 226 908 102 229 gravel
908 102 230 andesite
fill 908 102 231 908 102 239 stone
908 102 240 copper_ore
908 102 241 copper_ore
fill 908 102 242 908 102 245 stone
fill 908 102 246 908 102 255 andesite
fill 909 102 128 909 102 135 stone
fill 909 102 136 909 102 140 andesite
fill 909 102 141 909 102 147 stone
fill 909 102 148 909 102 153 granite
909 102 154 stone
909 102 155 stone
fill 909 102 156 909 102 160 gravel
fill 909 102 161 909 102 185 stone
fill 909 102 186 909 102 193 granite
fill 909 102 194 909 102 197 stone
fill 909 102 198 909 102 225 water[level=0]
fill 909 102 226 909 102 228 gravel
fill 909 102 229 909 102 231 andesite
fill 909 102 232 909 102 246 stone
fill 909 102 247 909 102 255 andesite
fill 910 102 128 910 102 135 stone
fill 910 102 136 910 102 140 andesite
fill 910 102 141 910 102 148 stone
fill 910 102 149 910 102 153 granite
fill 910 102 154 910 102 156 gravel
910 102 157 seagrass
fill 910 102 158 910 102 160 water[level=0]
fill 910 102 161 910 102 184 stone
fill 910 102 185 910 102 194 granite
fill 910 102 195 910 102 197 stone
fill 910 102 198 910 102 201 water[level=0]
910 102 202 gravel
fill 910 102 203 910 102 225 water[level=0]
fill 910 102 226 910 102 228 gravel
fill 910 102 229 910 102 233 andesite
fill 910 102 234 910 102 247 stone
fill 910 102 248 910 102 255 andesite
fill 911 102 128 911 102 135 stone
fill 911 102 136 911 102 140 andesite
fill 911 102 141 911 102 143 stone
911 102 144 iron_ore
fill 911 102 145 911 102 150 stone
911 102 151 granite
fill 911 102 152 911 102 155 stone
911 102 156 gravel
fill 911 102 157 911 102 175 stone
fill 911 102 176 911 102 184 stone
fill 911 102 185 911 102 195 granite
fill 911 102 196 911 102 198 stone
fill 911 102 199 911 102 201 water[level=0]
911 102 202 gravel
fill 911 102 203 911 102 224 water[level=0]
fill 911 102 225 911 102 228 gravel
fill 911 102 229 911 102 234 andesite
fill 911 102 235 911 102 247 stone
fill 911 102 248 911 102 255 andesite
fill 912 102 128 912 102 133 stone
912 102 134 granite
912 102 135 stone
912 102 136 stone
fill 912 102 137 912 102 140 andesite
fill 912 102 141 912 102 184 stone
fill 912 102 185 912 102 195 granite
fill 912 102 196 912 102 198 stone
fill 912 102 199 912 102 201 water[level=0]
912 102 202 gravel
fill 912 102 203 912 102 221 water[level=0]
fill 912 102 222 912 102 227 gravel
fill 912 102 228 912 102 235 andesite
fill 912 102 236 912 102 248 stone
fill 912 102 249 912 102 255 andesite
fill 913 102 128 913 102 133 stone
913 102 134 granite
913 102 135 stone
913 102 136 stone
fill 913 102 137 913 102 139 andesite
fill 913 102 140 913 102 145 stone
913 102 146 granite
913 102 147 granite
fill 913 102 148 913 102 183 stone
913 102 184 iron_ore
913 102 185 iron_ore
fill 913 102 186 913 102 195 granite
fill 913 102 196 913 102 202 stone
fill 913 102 203 913 102 218 water[level=0]
fill 913 102 219 913 102 226 gravel
fill 913 102 227 913 102 235 andesite
fill 913 102 236 913 102 248 stone
fill 913 102 249 913 102 255 andesite
fill 914 102 128 914 102 145 stone
914 102 146 granite
914 102 147 granite
fill 914 102 148 914 102 183 stone
914 102 184 iron_ore
914 102 185 iron_ore
fill 914 102 186 914 102 195 granite
fill 914 102 196 914 102 202 stone
fill 914 102 203 914 102 216 water[level=0]
fill 914 102 217 914 102 225 gravel
914 102 226 stone
fill 914 102 227 914 102 235 andesite
914 102 236 diorite
914 102 237 diorite
fill 914 102 238 914 102 248 stone
fill 914 102 249 914 102 255 andesite
fill 915 102 128 915 102 134 stone
fill 915 102 135 915 102 138 diorite
fill 915 102 139 915 102 183 stone
fill 915 102 184 915 102 195 granite
fill 915 102 196 915 102 200 stone
915 102 201 water[level=0]
915 102 202 water[level=0]
915 102 203 stone
915 102 204 water[level=0]
915 102 205 gravel
915 102 206 gravel
fill 915 102 207 915 102 209 stone
915 102 210 gravel
fill 915 102 211 915 102 216 water[level=0]
fill 915 102 217 915 102 224 gravel
fill 915 102 225 915 102 227 stone
915 102 228 diorite
915 102 229 diorite
fill 915 102 230 915 102 235 andesite
fill 915 102 236 915 102 238 diorite
fill 915 102 239 915 102 246 stone
915 102 247 gravel
915 102 248 stone
fill 915 102 249 915 102 255 andesite
fill 916 102 128 916 102 133 stone
fill 916 102 134 916 102 139 diorite
fill 916 102 140 916 102 142 stone
fill 916 102 143 916 102 145 granite
fill 916 102 146 916 102 183 stone
fill 916 102 184 916 102 195 granite
fill 916 102 196 916 102 199 stone
fill 916 102 200 916 102 203 water[level=0]
fill 916 102 204 916 102 209 stone
916 102 210 granite
916 102 211 gravel
fill 916 102 212 916 102 216 water[level=0]
fill 916 102 217 916 102 222 gravel
fill 916 102 223 916 102 229 stone
916 102 230 diorite
fill 916 102 231 916 102 234 andesite
fill 916 102 235 916 102 239 diorite
fill 916 102 240 916 102 245 stone
fill 916 102 246 916 102 250 gravel
fill 916 102 251 916 102 255 andesite
fill 917 102 128 917 102 132 stone
fill 917 102 133 917 102 139 diorite
917 102 140 stone
917 102 141 stone
fill 917 102 142 917 102 146 granite
fill 917 102 147 917 102 158 stone
fill 917 102 159 917 102 164 water[level=0]
fill 917 102 165 917 102 183 stone
fill 917 102 184 917 102 194 granite
fill 917 102 195 917 102 198 stone
fill 917 102 199 917 102 203 water[level=0]
fill 917 102 204 917 102 208 stone
917 102 209 copper_ore
917 102 210 copper_ore
917 102 211 granite
fill 917 102 212 917 102 216 water[level=0]
fill 917 102 217 917 102 221 gravel
fill 917 102 222 917 102 230 stone
fill 917 102 231 917 102 241 diorite
fill 917 102 242 917 102 245 stone
fill 917 102 246 917 102 250 gravel
fill 917 102 251 917 102 255 andesite
fill 918 102 128 918 102 132 stone
fill 918 102 133 918 102 139 diorite
918 102 140 stone
918 102 141 stone
fill 918 102 142 918 102 146 granite
fill 918 102 147 918 102 156 stone
fill 918 102 157 918 102 165 water[level=0]
fill 918 102 166 918 102 183 stone
918 102 184 granite
918 102 185 granite
918 102 186 coal_ore
fill 918 102 187 918 102 194 granite
fill 918 102 195 918 102 199 stone
fill 918 102 200 918 102 204 water[level=0]
fill 918 102 205 918 102 208 stone
918 102 209 copper_ore
918 102 210 copper_ore
918 102 211 granite
fill 918 102 212 918 102 216 water[level=0]
fill 918 102 217 918 102 231 stone
fill 918 102 232 918 102 241 diorite
fill 918 102 242 918 102 244 stone
fill 918 102 245 918 102 255 andesite
fill 919 102 128 919 102 132 stone
fill 919 102 133 919 102 140 diorite
919 102 141 stone
fill 919 102 142 919 102 146 granite
fill 919 102 147 919 102 156 stone
fill 919 102 157 919 102 163 water[level=0]
fill 919 102 164 919 102 177 stone
fill 919 102 178 919 102 183 stone
919 102 184 granite
919 102 185 granite
fill 919 102 186 919 102 188 coal_ore
fill 919 102 189 919 102 194 granite
919 102 195 stone
919 102 196 stone
919 102 197 diorite
919 102 198 diorite
919 102 199 stone
fill 919 102 200 919 102 204 water[level=0]
fill 919 102 205 919 102 208 stone
919 102 209 iron_ore
919 102 210 iron_ore
fill 919 102 211 919 102 216 granite
fill 919 102 217 919 102 231 stone
fill 919 102 232 919 102 242 diorite
919 102 243 stone
919 102 244 stone
fill 919 102 245 919 102 255 andesite
fill 920 102 128 920 102 131 stone
fill 920 102 132 920 102 140 diorite
920 102 141 stone
920 102 142 stone
fill 920 102 143 920 102 146 granite
fill 920 102 147 920 102 155 stone
fill 920 102 156 920 102 163 water[level=0]
fill 920 102 164 920 102 166 granite
fill 920 102 167 920 102 183 stone
fill 920 102 184 920 102 186 granite
920 102 187 coal_ore
fill 920 102 188 920 102 194 granite
fill 920 102 195 920 102 199 diorite
fill 920 102 200 920 102 204 water[level=0]
fill 920 102 205 920 102 207 stone
920 102 208 granite
920 102 209 iron_ore
920 102 210 iron_ore
fill 920 102 211 920 102 216 granite
fill 920 102 217 920 102 232 stone
fill 920 102 233 920 102 243 diorite
920 102 244 stone
920 102 245 stone
fill 920 102 246 920 102 255 andesite
fill 921 102 128 921 102 131 stone
fill 921 102 132 921 102 140 diorite
fill 921 102 141 921 102 155 stone
fill 921 102 156 921 102 162 water[level=0]
921 102 163 stone
fill 921 102 164 921 102 167 granite
fill 921 102 168 921 102 184 stone
fill 921 102 185 921 102 193 granite
921 102 194 stone
fill 921 102 195 921 102 199 diorite
fill 921 102 200 921 102 204 water[level=0]
fill 921 102 205 921 102 207 stone
921 102 208 granite
921 102 209 granite
921 102 210 iron_ore
fill 921 102 211 921 102 215 granite
fill 921 102 216 921 102 233 stone
fill 921 102 234 921 102 243 diorite
fill 921 102 244 921 102 247 stone
921 102 248 andesite
fill 921 102 249 921 102 255 stone
fill 922 102 128 922 102 131 stone
fill 922 102 132 922 102 140 diorite
fill 922 102 141 922 102 154 stone
fill 922 102 155 922 102 162 water[level=0]
fill 922 102 163 922 102 167 granite
922 102 168 lapis_ore
922 102 169 lapis_ore
fill 922 102 170 922 102 184 stone
fill 922 102 185 922 102 193 granite
922 102 194 stone
fill 922 102 195 922 102 199 diorite
fill 922 102 200 922 102 204 water[level=0]
fill 922 102 205 922 102 207 stone
fill 922 102 208 922 102 215 granite
fill 922 102 216 922 102 224 diorite
fill 922 102 225 922 102 235 stone
fill 922 102 236 922 102 243 diorite
fill 922 102 244 922 102 255 stone
fill 923 102 128 923 102 131 stone
fill 923 102 132 923 102 140 diorite
fill 923 102 141 923 102 154 stone
fill 923 102 155 923 102 162 water[level=0]
fill 923 102 163 923 102 167 granite
923 102 168 stone
923 102 169 lapis_ore
fill 923 102 170 923 102 185 stone
fill 923 102 186 923 102 192 granite
923 102 193 stone
923 102 194 stone
fill 923 102 195 923 102 199 diorite
fill 923 102 200 923 102 204 water[level=0]
fill 923 102 205 923 102 207 stone
fill 923 102 208 923 102 215 granite
923 102 216 diorite
fill 923 102 217 923 102 220 andesite
fill 923 102 221 923 102 226 diorite
fill 923 102 227 923 102 237 stone
fill 923 102 238 923 102 243 diorite
fill 923 102 244 923 102 255 stone
fill 924 102 128 924 102 131 stone
fill 924 102 132 924 102 139 diorite
fill 924 102 140 924 102 144 stone
fill 924 102 145 924 102 148 andesite
fill 924 102 149 924 102 155 stone
fill 924 102 156 924 102 162 water[level=0]
924 102 163 stone
fill 924 102 164 924 102 166 granite
fill 924 102 167 924 102 188 stone
fill 924 102 189 924 102 191 granite
fill 924 102 192 924 102 194 stone
fill 924 102 195 924 102 199 diorite
fill 924 102 200 924 102 204 water[level=0]
fill 924 102 205 924 102 207 stone
fill 924 102 208 924 102 214 granite
924 102 215 diorite
fill 924 102 216 924 102 221 andesite
fill 924 102 222 924 102 228 diorite
fill 924 102 229 924 102 243 stone
fill 924 102 244 924 102 247 dirt
fill 924 102 248 924 102 255 stone
fill 925 102 128 925 102 130 stone
fill 925 102 131 925 102 139 diorite
fill 925 102 140 925 102 144 stone
fill 925 102 145 925 102 149 andesite
fill 925 102 150 925 102 155 stone
fill 925 102 156 925 102 163 water[level=0]
925 102 164 stone
fill 925 102 165 925 102 167 granite
fill 925 102 168 925 102 177 stone
925 102 178 water[level=0]
925 102 179 water[level=0]
fill 925 102 180 925 102 195 stone
fill 925 102 196 925 102 199 diorite
fill 925 102 200 925 102 205 water[level=0]
925 102 206 stone
925 102 207 stone
fill 925 102 208 925 102 214 granite
925 102 215 diorite
fill 925 102 216 925 102 221 andesite
fill 925 102 222 925 102 229 diorite
fill 925 102 230 925 102 243 stone
fill 925 102 244 925 102 248 dirt
fill 925 102 249 925 102 255 stone
fill 926 102 128 926 102 130 stone
fill 926 102 131 926 102 138 diorite
fill 926 102 139 926 102 144 stone
fill 926 102 145 926 102 150 andesite
fill 926 102 151 926 102 156 stone
fill 926 102 157 926 102 165 water[level=0]
926 102 166 granite
926 102 167 granite
fill 926 102 168 926 102 177 stone
fill 926 102 178 926 102 180 water[level=0]
fill 926 102 181 926 102 195 stone
fill 926 102 196 926 102 199 diorite
fill 926 102 200 926 102 205 water[level=0]
926 102 206 stone
926 102 207 stone
fill 926 102 208 926 102 212 granite
fill 926 102 213 926 102 215 stone
926 102 216 diorite
926 102 217 diorite
fill 926 102 218 926 102 220 andesite
fill 926 102 221 926 102 230 diorite
fill 926 102 231 926 102 244 stone
fill 926 102 245 926 102 249 dirt
fill 926 102 250 926 102 255 stone
fill 927 102 128 927 102 130 stone
fill 927 102 131 927 102 133 diorite
927 102 134 iron_ore
927 102 135 iron_ore
fill 927 102 136 927 102 138 diorite
fill 927 102 139 927 102 144 stone
fill 927 102 145 927 102 151 andesite
fill 927 102 152 927 102 157 stone
fill 927 102 158 927 102 163 water[level=0]
fill 927 102 164 927 102 168 granite
fill 927 102 169 927 102 178 stone
927 102 179 water[level=0]
927 102 180 water[level=0]
fill 927 102 181 927 102 187 stone
fill 927 102 188 927 102 195 stone
fill 927 102 196 927 102 199 diorite
fill 927 102 200 927 102 205 water[level=0]
927 102 206 stone
927 102 207 stone
fill 927 102 208 927 102 212 granite
fill 927 102 213 927 102 216 stone
fill 927 102 217 927 102 230 diorite