fill 975 106 146 975 106 179 stone
fill 975 106 180 975 106 187 granite
fill 975 106 188 975 106 190 stone
fill 975 106 198 975 106 233 stone
fill 975 106 234 975 106 240 andesite
fill 975 106 241 975 106 249 stone
fill 975 106 250 975 106 255 water[level=0]
fill 976 106 128 976 106 142 stone
fill 976 106 143 976 106 145 andesite
fill 976 106 146 976 106 180 stone
fill 976 106 181 976 106 188 granite
976 106 189 iron_ore
976 106 190 stone
fill 976 106 198 976 106 233 stone
fill 976 106 234 976 106 240 andesite
fill 976 106 241 976 106 247 stone
fill 976 106 248 976 106 255 water[level=0]
fill 977 106 128 977 106 142 stone
fill 977 106 143 977 106 146 andesite
fill 977 106 147 977 106 180 stone
fill 977 106 181 977 106 188 granite
977 106 189 stone
977 106 190 stone
fill 977 106 198 977 106 232 stone
fill 977 106 233 977 106 240 andesite
fill 977 106 241 977 106 246 stone
977 106 247 gravel
fill 977 106 248 977 106 255 water[level=0]
fill 978 106 128 978 106 142 stone
fill 978 106 143 978 106 146 andesite
fill 978 106 147 978 106 181 stone
fill 978 106 182 978 106 189 granite
978 106 190 stone
fill 978 106 197 978 106 232 stone
fill 978 106 233 978 106 239 andesite
fill 978 106 240 978 106 246 stone
fill 978 106 247 978 106 255 water[level=0]
fill 979 106 128 979 106 146 stone
979 106 147 copper_ore
979 106 148 copper_ore
fill 979 106 149 979 106 181 stone
fill 979 106 182 979 106 190 granite
fill 979 106 197 979 106 232 stone
fill 979 106 233 979 106 239 andesite
fill 979 106 240 979 106 246 stone
fill 979 106 247 979 106 255 water[level=0]
fill 980 106 128 980 106 147 stone
980 106 148 copper_ore
fill 980 106 149 980 106 182 stone
fill 980 106 183 980 106 190 granite
fill 980 106 196 980 106 231 stone
fill 980 106 232 980 106 239 andesite
fill 980 106 240 980 106 245 stone
fill 980 106 246 980 106 255 water[level=0]
fill 981 106 128 981 106 137 stone
981 106 138 andesite
981 106 139 andesite
fill 981 106 140 981 106 182 stone
fill 981 106 183 981 106 190 granite
fill 981 106 196 981 106 216 stone
981 106 217 coal_ore
fill 981 106 218 981 106 231 stone
fill 981 106 232 981 106 239 andesite
fill 981 106 240 981 106 244 stone
981 106 245 gravel
fill 981 106 246 981 106 255 water[level=0]
fill 982 106 128 982 106 134 stone
fill 982 106 135 982 106 145 andesite
fill 982 106 146 982 106 158 stone
982 106 159 dirt
982 106 160 stone
982 106 161 stone
982 106 162 copper_ore
fill 982 106 163 982 106 172 stone
fill 982 106 173 982 106 182 stone
fill 982 106 183 982 106 190 granite
fill 982 106 195 982 106 231 stone
fill 982 106 232 982 106 238 andesite
fill 982 106 239 982 106 242 stone
982 106 243 gravel
fill 982 106 244 982 106 255 water[level=0]
fill 983 106 128 983 106 134 stone
fill 983 106 135 983 106 146 andesite
fill 983 106 147 983 106 159 stone
983 106 160 dirt
fill 983 106 161 983 106 180 stone
983 106 181 iron_ore
983 106 182 iron_ore
983 106 183 stone
fill 983 106 184 983 106 191 granite
fill 983 106 195 983 106 231 stone
fill 983 106 232 983 106 238 andesite
fill 983 106 239 983 106 241 stone
983 106 242 copper_ore
fill 983 106 243 983 106 255 water[level=0]
fill 984 106 128 984 106 136 stone
fill 984 106 137 984 106 146 andesite
fill 984 106 147 984 106 160 stone
984 106 161 dirt
fill 984 106 162 984 106 180 stone
984 106 181 iron_ore
984 106 182 iron_ore
984 106 183 stone
984 106 184 stone
fill 984 106 185 984 106 191 granite
fill 984 106 194 984 106 196 stone
984 106 197 water[level=0]
984 106 198 water[level=0]
fill 984 106 199 984 106 231 stone
fill 984 106 232 984 106 238 andesite
fill 984 106 239 984 106 242 stone
fill 984 106 243 984 106 255 water[level=0]
fill 985 106 128 985 106 136 stone
fill 985 106 137 985 106 147 andesite
fill 985 106 148 985 106 181 stone
985 106 182 iron_ore
fill 985 106 183 985 106 185 stone
fill 985 106 186 985 106 190 granite
985 106 191 stone
fill 985 106 195 985 106 197 stone
985 106 198 water[level=0]
fill 985 106 199 985 106 231 stone
fill 985 106 232 985 106 237 andesite
fill 985 106 238 985 106 242 stone
fill 985 106 243 985 106 255 water[level=0]
fill 986 106 128 986 106 139 stone
fill 986 106 140 986 106 147 andesite
fill 986 106 148 986 106 186 stone
fill 986 106 187 986 106 190 granite
986 106 191 stone
fill 986 106 197 986 106 230 stone
fill 986 106 231 986 106 236 andesite
fill 986 106 237 986 106 242 stone
fill 986 106 243 986 106 255 water[level=0]
fill 987 106 128 987 106 140 stone
fill 987 106 141 987 106 145 andesite
fill 987 106 146 987 106 188 stone
987 106 189 granite
987 106 190 stone
987 106 191 stone
fill 987 106 198 987 106 201 stone
987 106 202 diorite
fill 987 106 203 987 106 230 stone
fill 987 106 231 987 106 236 andesite
987 106 237 stone
987 106 238 stone
987 106 239 copper_ore
987 106 240 copper_ore
987 106 241 stone
fill 987 106 242 987 106 255 water[level=0]
fill 988 106 128 988 106 192 stone
fill 988 106 198 988 106 200 stone
fill 988 106 201 988 106 204 diorite
fill 988 106 205 988 106 231 stone
fill 988 106 232 988 106 235 andesite
fill 988 106 236 988 106 238 stone
988 106 239 copper_ore
988 106 240 copper_ore
988 106 241 stone
fill 988 106 242 988 106 255 water[level=0]
fill 989 106 128 989 106 130 stone
989 106 131 granite
fill 989 106 132 989 106 192 stone
989 106 199 stone
fill 989 106 200 989 106 204 diorite
fill 989 106 205 989 106 208 dirt
fill 989 106 209 989 106 238 stone
989 106 239 copper_ore
989 106 240 stone
989 106 241 stone
fill 989 106 242 989 106 255 water[level=0]
fill 990 106 128 990 106 133 granite
fill 990 106 134 990 106 191 stone
fill 990 106 199 990 106 203 diorite
fill 990 106 204 990 106 207 dirt
fill 990 106 208 990 106 241 stone
fill 990 106 242 990 106 246 water[level=0]
fill 990 106 247 990 106 255 water[level=0]
991 106 128 diorite
fill 991 106 129 991 106 135 granite
fill 991 106 136 991 106 171 stone
991 106 172 iron_ore
991 106 173 iron_ore
fill 991 106 174 991 106 191 stone
fill 991 106 199 991 106 202 diorite
fill 991 106 203 991 106 206 dirt
fill 991 106 207 991 106 240 stone
fill 991 106 241 991 106 255 water[level=0]
992 106 128 diorite
992 106 129 diorite
fill 992 106 130 992 106 135 granite
fill 992 106 136 992 106 161 stone
992 106 162 iron_ore
992 106 163 granite
fill 992 106 164 992 106 171 stone
fill 992 106 172 992 106 174 iron_ore
992 106 175 stone
fill 992 106 176 992 106 181 granite
fill 992 106 182 992 106 191 stone
fill 992 106 199 992 106 204 diorite
fill 992 106 205 992 106 238 stone
992 106 239 gravel
fill 992 106 240 992 106 255 water[level=0]
fill 993 106 128 993 106 130 diorite
fill 993 106 131 993 106 138 granite
fill 993 106 139 993 106 160 stone
fill 993 106 161 993 106 163 granite
fill 993 106 164 993 106 172 stone
fill 993 106 173 993 106 178 granite
993 106 179 dirt
993 106 180 dirt
fill 993 106 181 993 106 183 granite
fill 993 106 184 993 106 192 stone
fill 993 106 199 993 106 204 diorite
fill 993 106 205 993 106 238 stone
fill 993 106 239 993 106 255 water[level=0]
994 106 128 dirt
fill 994 106 129 994 106 131 diorite
fill 994 106 132 994 106 140 granite
fill 994 106 141 994 106 161 stone
994 106 162 granite
994 106 163 granite
fill 994 106 164 994 106 171 stone
fill 994 106 172 994 106 178 granite
fill 994 106 179 994 106 181 dirt
fill 994 106 182 994 106 184 granite
fill 994 106 185 994 106 187 gravel
fill 994 106 188 994 106 192 stone
fill 994 106 199 994 106 204 diorite
fill 994 106 205 994 106 211 stone
994 106 212 andesite
994 106 213 andesite
fill 994 106 214 994 106 237 stone
fill 994 106 238 994 106 255 water[level=0]
995 106 128 granite
995 106 129 diorite
995 106 130 granite
995 106 131 granite
fill 995 106 132 995 106 134 diorite
fill 995 106 135 995 106 141 granite
fill 995 106 142 995 106 153 stone
995 106 154 copper_ore
fill 995 106 155 995 106 171 stone
fill 995 106 172 995 106 178 granite
fill 995 106 179 995 106 181 dirt
995 106 182 granite
995 106 183 granite
fill 995 106 184 995 106 188 gravel
fill 995 106 189 995 106 191 stone
fill 995 106 199 995 106 204 diorite
fill 995 106 205 995 106 209 stone
fill 995 106 210 995 106 214 andesite
fill 995 106 215 995 106 237 stone
fill 995 106 238 995 106 255 water[level=0]
996 106 128 stone
996 106 129 granite
996 106 130 granite
fill 996 106 131 996 106 135 diorite
fill 996 106 136 996 106 140 granite
fill 996 106 141 996 106 152 stone
fill 996 106 155 996 106 172 stone
fill 996 106 173 996 106 178 granite
fill 996 106 179 996 106 181 dirt
996 106 182 granite
fill 996 106 183 996 106 188 gravel
fill 996 106 189 996 106 191 stone
fill 996 106 199 996 106 203 diorite
fill 996 106 204 996 106 209 stone
fill 996 106 210 996 106 216 andesite
fill 996 106 217 996 106 236 stone
fill 996 106 237 996 106 255 water[level=0]
997 106 128 stone
997 106 129 stone
fill 997 106 130 997 106 135 diorite
997 106 136 stone
fill 997 106 137 997 106 140 granite
fill 997 106 141 997 106 151 stone
fill 997 106 155 997 106 174 stone
fill 997 106 175 997 106 178 granite
fill 997 106 179 997 106 182 dirt
fill 997 106 183 997 106 186 gravel
997 106 187 granite
997 106 188 granite
fill 997 106 189 997 106 191 stone
fill 997 106 198 997 106 203 diorite
fill 997 106 204 997 106 209 stone
fill 997 106 210 997 106 218 andesite
fill 997 106 219 997 106 234 stone
fill 997 106 235 997 106 255 water[level=0]
998 106 128 stone
fill 998 106 129 998 106 134 diorite
fill 998 106 135 998 106 146 stone
fill 998 106 147 998 106 149 gravel
998 106 150 stone
fill 998 106 154 998 106 175 stone
fill 998 106 176 998 106 178 granite
fill 998 106 179 998 106 182 dirt
fill 998 106 183 998 106 187 granite
fill 998 106 188 998 106 191 stone
fill 998 106 198 998 106 203 diorite
fill 998 106 204 998 106 210 stone
fill 998 106 211 998 106 219 andesite
fill 998 106 220 998 106 234 stone
fill 998 106 235 998 106 255 water[level=0]
fill 999 106 128 999 106 134 diorite
fill 999 106 135 999 106 139 stone
999 106 140 gravel
999 106 141 gravel
fill 999 106 142 999 106 145 stone
fill 999 106 146 999 106 149 gravel
999 106 150 stone
fill 999 106 152 999 106 177 stone
999 106 178 granite
fill 999 106 179 999 106 183 dirt
999 106 184 granite
999 106 185 granite
999 106 186 stone
999 106 187 stone
fill 999 106 188 999 106 190 stone
fill 999 106 198 999 106 202 diorite
fill 999 106 203 999 106 210 stone
fill 999 106 211 999 106 220 andesite
fill 999 106 221 999 106 234 stone
fill 999 106 235 999 106 255 water[level=0]
fill 1000 106 128 1000 106 134 diorite
fill 1000 106 135 1000 106 137 stone
fill 1000 106 138 1000 106 141 gravel
1000 106 142 stone
1000 106 143 stone
fill 1000 106 144 1000 106 149 gravel
fill 1000 106 150 1000 106 178 stone
fill 1000 106 179 1000 106 183 dirt
fill 1000 106 184 1000 106 188 stone
1000 106 197 diorite
1000 106 198 lapis_ore
fill 1000 106 199 1000 106 202 diorite
fill 1000 106 203 1000 106 211 stone
fill 1000 106 212 1000 106 221 andesite
fill 1000 106 222 1000 106 233 stone
fill 1000 106 234 1000 106 255 water[level=0]
fill 1001 106 128 1001 106 134 diorite
1001 106 135 stone
1001 106 136 stone
fill 1001 106 137 1001 106 141 gravel
1001 106 142 stone
1001 106 143 stone
fill 1001 106 144 1001 106 148 gravel
fill 1001 106 149 1001 106 179 stone
fill 1001 106 180 1001 106 182 dirt
fill 1001 106 183 1001 106 188 stone
fill 1001 106 196 1001 106 201 diorite
fill 1001 106 202 1001 106 212 stone
fill 1001 106 213 1001 106 221 andesite
fill 1001 106 222 1001 106 233 stone
fill 1001 106 234 1001 106 255 water[level=0]
fill 1002 106 128 1002 106 134 diorite
1002 106 135 stone
1002 106 136 stone
fill 1002 106 137 1002 106 141 gravel
1002 106 142 stone
fill 1002 106 143 1002 106 147 gravel
fill 1002 106 148 1002 106 180 stone
1002 106 181 dirt
1002 106 182 dirt
fill 1002 106 183 1002 106 186 stone
fill 1002 106 195 1002 106 201 diorite
fill 1002 106 202 1002 106 212 stone
fill 1002 106 213 1002 106 222 andesite
fill 1002 106 223 1002 106 233 stone
fill 1002 106 234 1002 106 255 water[level=0]
fill 1003 106 128 1003 106 134 diorite
1003 106 135 stone
fill 1003 106 136 1003 106 147 gravel
fill 1003 106 148 1003 106 186 stone
1003 106 194 stone
fill 1003 106 195 1003 106 200 diorite
fill 1003 106 201 1003 106 213 stone
fill 1003 106 214 1003 106 223 andesite
fill 1003 106 224 1003 106 233 stone
fill 1003 106 234 1003 106 255 water[level=0]
fill 1004 106 128 1004 106 133 diorite
1004 106 134 stone
1004 106 135 stone
fill 1004 106 136 1004 106 140 gravel
1004 106 141 stone
fill 1004 106 142 1004 106 145 gravel
fill 1004 106 146 1004 106 168 stone
1004 106 169 copper_ore
fill 1004 106 170 1004 106 186 stone
fill 1004 106 191 1004 106 194 stone
fill 1004 106 195 1004 106 199 diorite
fill 1004 106 200 1004 106 214 stone
fill 1004 106 215 1004 106 223 andesite
fill 1004 106 224 1004 106 233 stone
fill 1004 106 234 1004 106 255 water[level=0]
fill 1005 106 128 1005 106 133 diorite
1005 106 134 stone
1005 106 135 stone
fill 1005 106 136 1005 106 139 gravel
fill 1005 106 140 1005 106 142 stone
1005 106 143 gravel
1005 106 144 gravel
fill 1005 106 145 1005 106 184 stone
fill 1005 106 188 1005 106 195 stone
fill 1005 106 196 1005 106 198 diorite
fill 1005 106 199 1005 106 210 stone
fill 1005 106 211 1005 106 217 diorite
fill 1005 106 218 1005 106 224 andesite
fill 1005 106 225 1005 106 233 stone
fill 1005 106 234 1005 106 255 water[level=0]
fill 1006 106 128 1006 106 132 diorite
1006 106 133 stone
1006 106 134 stone
fill 1006 106 135 1006 106 138 gravel
fill 1006 106 139 1006 106 171 stone
1006 106 172 copper_ore
1006 106 173 copper_ore
fill 1006 106 174 1006 106 183 stone
fill 1006 106 189 1006 106 210 stone
fill 1006 106 211 1006 106 218 diorite
fill 1006 106 219 1006 106 224 andesite
fill 1006 106 225 1006 106 233 stone
1006 106 234 gravel
fill 1006 106 235 1006 106 255 water[level=0]
fill 1007 106 128 1007 106 131 diorite
fill 1007 106 132 1007 106 137 stone
1007 106 138 iron_ore
fill 1007 106 139 1007 106 170 stone
fill 1007 106 171 1007 106 173 copper_ore
fill 1007 106 174 1007 106 182 stone
1007 106 188 stone
1007 106 189 stone
fill 1007 106 190 1007 106 210 stone
fill 1007 106 211 1007 106 220 diorite
fill 1007 106 221 1007 106 225 andesite
fill 1007 106 226 1007 106 233 stone
fill 1007 106 234 1007 106 255 water[level=0]
fill 1008 106 128 1008 106 130 diorite
fill 1008 106 131 1008 106 136 stone
1008 106 137 iron_ore
1008 106 138 iron_ore
fill 1008 106 139 1008 106 181 stone
fill 1008 106 188 1008 106 210 stone
fill 1008 106 211 1008 106 221 diorite
fill 1008 106 222 1008 106 224 andesite
fill 1008 106 225 1008 106 233 stone
fill 1008 106 234 1008 106 255 water[level=0]
fill 1009 106 128 1009 106 130 diorite
fill 1009 106 131 1009 106 180 stone
fill 1009 106 186 1009 106 202 stone
fill 1009 106 203 1009 106 210 diorite
1009 106 211 stone
fill 1009 106 212 1009 106 221 diorite
1009 106 222 granite
1009 106 223 copper_ore
1009 106 224 copper_ore
fill 1009 106 225 1009 106 233 stone
fill 1009 106 234 1009 106 255 water[level=0]
1010 106 128 diorite
1010 106 129 diorite
fill 1010 106 130 1010 106 179 stone
fill 1010 106 186 1010 106 198 stone
1010 106 199 diorite
1010 106 200 diorite
1010 106 201 copper_ore
fill 1010 106 202 1010 106 211 diorite
1010 106 212 stone
fill 1010 106 213 1010 106 222 diorite
1010 106 223 copper_ore
1010 106 224 copper_ore
fill 1010 106 225 1010 106 233 stone
fill 1010 106 234 1010 106 255 water[level=0]
1011 106 128 diorite
fill 1011 106 129 1011 106 179 stone
fill 1011 106 184 1011 106 197 stone
fill 1011 106 198 1011 106 212 diorite
1011 106 213 stone
fill 1011 106 214 1011 106 224 diorite
fill 1011 106 225 1011 106 233 stone
fill 1011 106 234 1011 106 255 water[level=0]
fill 1012 106 128 1012 106 178 stone
fill 1012 106 183 1012 106 196 stone
1012 106 197 gravel
fill 1012 106 198 1012 106 224 diorite
fill 1012 106 225 1012 106 233 stone
fill 1012 106 234 1012 106 255 water[level=0]
fill 1013 106 128 1013 106 136 stone
1013 106 137 iron_ore
fill 1013 106 138 1013 106 177 stone
1013 106 182 gravel
fill 1013 106 183 1013 106 195 stone
fill 1013 106 196 1013 106 198 gravel
fill 1013 106 199 1013 106 214 diorite
1013 106 215 stone
1013 106 216 stone
fill 1013 106 217 1013 106 225 diorite
fill 1013 106 226 1013 106 233 stone
fill 1013 106 234 1013 106 255 water[level=0]
fill 1014 106 128 1014 106 167 stone
1014 106 168 dirt
1014 106 169 dirt
fill 1014 106 170 1014 106 177 stone
1014 106 181 gravel
1014 106 182 gravel
fill 1014 106 183 1014 106 195 stone
fill 1014 106 196 1014 106 198 gravel
fill 1014 106 199 1014 106 213 diorite
fill 1014 106 214 1014 106 219 stone
fill 1014 106 220 1014 106 225 diorite
fill 1014 106 226 1014 106 233 stone
fill 1014 106 234 1014 106 255 water[level=0]
fill 1015 106 128 1015 106 167 stone
fill 1015 106 168 1015 106 170 dirt
1015 106 171 stone
1015 106 172 stone
1015 106 173 copper_ore
fill 1015 106 174 1015 106 176 stone
1015 106 181 gravel
fill 1015 106 182 1015 106 196 stone
fill 1015 106 197 1015 106 199 gravel
fill 1015 106 200 1015 106 212 diorite
fill 1015 106 213 1015 106 221 stone
fill 1015 106 222 1015 106 224 diorite
fill 1015 106 225 1015 106 233 stone
fill 1015 106 234 1015 106 255 water[level=0]
1016 106 128 andesite
fill 1016 106 129 1016 106 168 stone
fill 1016 106 169 1016 106 171 dirt
fill 1016 106 172 1016 106 176 stone
fill 1016 106 180 1016 106 196 stone
fill 1016 106 197 1016 106 200 gravel
1016 106 201 stone
1016 106 202 stone
fill 1016 106 203 1016 106 209 gravel
1016 106 210 diorite
fill 1016 106 211 1016 106 222 stone
1016 106 223 copper_ore
1016 106 224 copper_ore
fill 1016 106 225 1016 106 233 stone
fill 1016 106 234 1016 106 255 water[level=0]
1017 106 128 andesite
fill 1017 106 129 1017 106 169 stone
1017 106 170 dirt
fill 1017 106 171 1017 106 176 stone
fill 1017 106 179 1017 106 196 stone
fill 1017 106 197 1017 106 209 gravel
fill 1017 106 210 1017 106 222 stone
1017 106 223 copper_ore
1017 106 224 copper_ore
fill 1017 106 225 1017 106 233 stone
fill 1017 106 234 1017 106 255 water[level=0]
1018 106 128 andesite
fill 1018 106 129 1018 106 185 stone
fill 1018 106 186 1018 106 196 granite
1018 106 197 stone
fill 1018 106 198 1018 106 208 gravel
fill 1018 106 209 1018 106 222 stone
1018 106 223 copper_ore
1018 106 224 copper_ore
fill 1018 106 225 1018 106 233 stone
fill 1018 106 234 1018 106 255 water[level=0]
1019 106 128 andesite
1019 106 129 andesite
fill 1019 106 130 1019 106 137 stone
1019 106 138 lapis_ore
1019 106 139 lapis_ore
fill 1019 106 140 1019 106 183 stone
fill 1019 106 184 1019 106 198 granite
1019 106 199 gravel
1019 106 200 gravel
1019 106 201 stone
fill 1019 106 202 1019 106 207 gravel
fill 1019 106 208 1019 106 220 stone
fill 1019 106 221 1019 106 223 dirt
fill 1019 106 224 1019 106 233 stone
fill 1019 106 234 1019 106 255 water[level=0]
fill 1020 106 128 1020 106 130 andesite
fill 1020 106 131 1020 106 137 stone
1020 106 138 lapis_ore
1020 106 139 lapis_ore
fill 1020 106 140 1020 106 182 stone
fill 1020 106 183 1020 106 200 granite
fill 1020 106 201 1020 106 207 stone
fill 1020 106 208 1020 106 211 andesite
fill 1020 106 212 1020 106 219 stone
1020 106 220 diorite
fill 1020 106 221 1020 106 223 dirt
1020 106 224 diorite
fill 1020 106 225 1020 106 233 stone
fill 1020 106 234 1020 106 255 water[level=0]
fill 1021 106 128 1021 106 131 andesite
fill 1021 106 132 1021 106 135 stone
1021 106 136 iron_ore
1021 106 137 iron_ore
fill 1021 106 138 1021 106 181 stone
fill 1021 106 182 1021 106 201 granite
fill 1021 106 202 1021 106 206 stone
fill 1021 106 207 1021 106 211 andesite
fill 1021 106 212 1021 106 218 stone
1021 106 219 diorite
1021 106 220 diorite
fill 1021 106 221 1021 106 223 dirt
1021 106 224 diorite
1021 106 225 stone
fill 1021 106 226 1021 106 228 diorite
fill 1021 106 229 1021 106 233 stone
1021 106 234 gravel
fill 1021 106 235 1021 106 255 water[level=0]
fill 1022 106 128 1022 106 131 andesite
fill 1022 106 132 1022 106 181 stone
fill 1022 106 182 1022 106 201 granite
fill 1022 106 202 1022 106 205 stone
fill 1022 106 206 1022 106 211 andesite
fill 1022 106 212 1022 106 218 stone
1022 106 219 diorite
1022 106 220 diorite
fill 1022 106 221 1022 106 224 dirt
fill 1022 106 225 1022 106 229 diorite
fill 1022 106 230 1022 106 233 stone
1022 106 234 gravel
fill 1022 106 235 1022 106 255 water[level=0]
1023 106 128 andesite
fill 1023 106 129 1023 106 131 andesite
fill 1023 106 132 1023 106 140 stone
1023 106 141 copper_ore
fill 1023 106 142 1023 106 159 stone
1023 106 160 gravel
1023 106 161 gravel
fill 1023 106 162 1023 106 182 stone
fill 1023 106 183 1023 106 200 granite
fill 1023 106 201 1023 106 204 stone