756 107 712 stone
756 107 713 stone
756 107 714 stone
756 107 715 stone
756 107 716 stone
756 107 717 stone
756 107 718 stone
756 107 719 stone
756 107 720 stone
756 107 721 stone
756 107 722 stone
756 107 723 stone
756 107 724 stone
756 107 725 stone
756 107 726 stone
756 107 727 gravel
756 107 728 gravel
756 107 729 gravel
756 107 730 gravel
756 107 731 stone
756 107 732 stone
756 107 733 stone
756 107 734 stone
756 107 735 stone
756 107 736 stone
756 107 737 stone
756 107 738 stone
756 107 739 stone
756 107 740 stone
756 107 741 stone
756 107 742 stone
756 107 743 stone
756 107 744 stone
756 107 745 stone
756 107 746 stone
756 107 747 stone
756 107 748 stone
756 107 749 stone
756 107 750 stone
756 107 751 stone
756 107 752 stone
756 107 753 stone
756 107 754 stone
756 107 755 stone
756 107 756 stone
756 107 757 stone
756 107 758 stone
756 107 759 water[level=0]
756 107 760 water[level=0]
756 107 761 water[level=0]
756 107 762 water[level=0]
756 107 763 water[level=0]
756 107 764 water[level=0]
756 107 765 stone
756 107 766 water[level=0]
756 107 767 water[level=0]
757 107 640 stone
757 107 641 stone
757 107 642 stone
757 107 643 stone
757 107 644 stone
757 107 645 stone
757 107 646 granite
757 107 647 granite
757 107 648 granite
757 107 649 granite
757 107 650 granite
757 107 651 granite
757 107 652 granite
757 107 653 granite
757 107 654 granite
757 107 655 granite
757 107 656 stone
757 107 657 stone
757 107 658 stone
757 107 659 stone
757 107 660 stone
757 107 661 stone
757 107 662 stone
757 107 663 stone
757 107 664 stone
757 107 665 stone
757 107 666 stone
757 107 667 stone
757 107 668 granite
757 107 669 granite
757 107 670 stone
757 107 671 stone
757 107 672 stone
757 107 673 stone
757 107 674 stone
757 107 675 stone
757 107 676 stone
757 107 677 stone
757 107 678 stone
757 107 679 stone
757 107 680 stone
757 107 681 diorite
757 107 682 diorite
757 107 683 gravel
757 107 684 gravel
757 107 685 diorite
757 107 686 diorite
757 107 687 stone
757 107 688 stone
757 107 689 stone
757 107 690 stone
757 107 691 gravel
757 107 692 water[level=0]
757 107 693 water[level=0]
757 107 694 water[level=0]
757 107 695 water[level=0]
757 107 696 water[level=0]
757 107 697 water[level=0]
757 107 698 gravel
757 107 699 gravel
757 107 700 stone
757 107 701 stone
757 107 702 stone
757 107 703 stone
757 107 704 dirt
757 107 705 dirt
757 107 706 dirt
757 107 707 stone
757 107 708 stone
757 107 709 stone
757 107 710 stone
757 107 711 stone
757 107 712 stone
757 107 713 stone
757 107 714 stone
757 107 715 stone
757 107 716 stone
757 107 717 stone
757 107 718 stone
757 107 719 stone
757 107 720 stone
757 107 721 stone
757 107 722 stone
757 107 723 stone
757 107 724 stone
757 107 725 stone
757 107 726 stone
757 107 727 stone
757 107 728 stone
757 107 729 stone
757 107 730 stone
757 107 731 stone
757 107 732 stone
757 107 733 stone
757 107 734 stone
757 107 735 stone
757 107 736 stone
757 107 737 stone
757 107 738 stone
757 107 739 stone
757 107 740 stone
757 107 741 stone
757 107 742 stone
757 107 743 stone
757 107 744 stone
757 107 745 stone
757 107 746 stone
757 107 747 stone
757 107 748 stone
757 107 749 stone
757 107 750 iron_ore
757 107 751 stone
757 107 752 stone
757 107 753 stone
757 107 754 stone
757 107 755 stone
757 107 756 stone
757 107 757 stone
757 107 758 water[level=0]
757 107 759 water[level=0]
757 107 760 water[level=0]
757 107 761 water[level=0]
757 107 762 stone
757 107 763 stone
757 107 764 stone
757 107 765 stone
757 107 766 stone
757 107 767 water[level=0]
758 107 640 stone
758 107 641 stone
758 107 642 stone
758 107 643 stone
758 107 644 stone
758 107 645 stone
758 107 646 granite
758 107 647 granite
758 107 648 granite
758 107 649 granite
758 107 650 granite
758 107 651 granite
758 107 652 granite
758 107 653 granite
758 107 654 granite
758 107 655 stone
758 107 656 stone
758 107 657 stone
758 107 658 stone
758 107 659 stone
758 107 660 stone
758 107 661 stone
758 107 662 stone
758 107 663 stone
758 107 664 stone
758 107 665 stone
758 107 666 stone
758 107 667 granite
758 107 668 granite
758 107 669 granite
758 107 670 granite
758 107 671 granite
758 107 672 stone
758 107 673 stone
758 107 674 stone
758 107 675 stone
758 107 676 stone
758 107 677 stone
758 107 678 stone
758 107 679 stone
758 107 680 stone
758 107 681 diorite
758 107 682 diorite
758 107 683 diorite
758 107 684 diorite
758 107 685 diorite
758 107 686 diorite
758 107 687 diorite
758 107 688 diorite
758 107 689 diorite
758 107 690 diorite
758 107 691 diorite
758 107 692 stone
758 107 693 stone
758 107 694 copper_ore
758 107 695 copper_ore
758 107 696 stone
758 107 697 stone
758 107 698 stone
758 107 699 stone
758 107 700 stone
758 107 701 stone
758 107 702 stone
758 107 703 dirt
758 107 704 dirt
758 107 705 dirt
758 107 706 dirt
758 107 707 stone
758 107 708 stone
758 107 709 stone
758 107 710 stone
758 107 711 stone
758 107 712 stone
758 107 713 stone
758 107 714 stone
758 107 715 stone
758 107 716 stone
758 107 717 stone
758 107 718 stone
758 107 719 stone
758 107 720 stone
758 107 721 stone
758 107 722 stone
758 107 723 stone
758 107 724 stone
758 107 725 stone
758 107 726 stone
758 107 727 stone
758 107 728 stone
758 107 729 stone
758 107 730 stone
758 107 731 stone
758 107 732 stone
758 107 733 stone
758 107 734 stone
758 107 735 stone
758 107 736 stone
758 107 737 stone
758 107 738 stone
758 107 739 stone
758 107 740 stone
758 107 741 coal_ore
758 107 742 stone
758 107 743 stone
758 107 744 stone
758 107 745 stone
758 107 746 stone
758 107 747 stone
758 107 748 stone
758 107 749 stone
758 107 750 stone
758 107 751 stone
758 107 752 stone
758 107 753 stone
758 107 754 stone
758 107 755 stone
758 107 756 stone
758 107 757 stone
758 107 758 stone
758 107 759 stone
758 107 760 stone
758 107 761 stone
758 107 762 stone
758 107 763 stone
758 107 764 stone
758 107 765 stone
758 107 766 stone
758 107 767 water[level=0]
759 107 640 stone
759 107 641 stone
759 107 642 stone
759 107 643 stone
759 107 644 andesite
759 107 645 granite
759 107 646 granite
759 107 647 granite
759 107 648 granite
759 107 649 granite
759 107 650 granite
759 107 651 granite
759 107 652 granite
759 107 653 granite
759 107 654 stone
759 107 655 stone
759 107 656 stone
759 107 657 stone
759 107 658 stone
759 107 659 stone
759 107 660 stone
759 107 661 stone
759 107 662 stone
759 107 663 stone
759 107 664 stone
759 107 665 stone
759 107 666 stone
759 107 667 granite
759 107 668 granite
759 107 669 granite
759 107 670 granite
759 107 671 granite
759 107 672 stone
759 107 673 stone
759 107 674 stone
759 107 675 stone
759 107 676 stone
759 107 677 stone
759 107 678 stone
759 107 679 stone
759 107 680 stone
759 107 681 diorite
759 107 682 diorite
759 107 683 diorite
759 107 684 diorite
759 107 685 diorite
759 107 686 diorite
759 107 687 diorite
759 107 688 diorite
759 107 689 diorite
759 107 690 diorite
759 107 691 diorite
759 107 692 diorite
759 107 693 stone
759 107 694 copper_ore
759 107 695 copper_ore
759 107 696 copper_ore
759 107 697 stone
759 107 698 stone
759 107 699 stone
759 107 700 stone
759 107 701 stone
759 107 702 stone
759 107 703 dirt
759 107 704 dirt
759 107 705 dirt
759 107 706 dirt
759 107 707 stone
759 107 708 stone
759 107 709 stone
759 107 710 stone
759 107 711 stone
759 107 712 stone
759 107 713 stone
759 107 714 stone
759 107 715 stone
759 107 716 stone
759 107 717 stone
759 107 718 stone
759 107 719 stone
759 107 720 stone
759 107 721 stone
759 107 722 stone
759 107 723 stone
759 107 724 stone
759 107 725 stone
759 107 726 stone
759 107 727 stone
759 107 728 stone
759 107 729 stone
759 107 730 stone
759 107 731 stone
759 107 732 stone
759 107 733 stone
759 107 734 stone
759 107 735 stone
759 107 736 stone
759 107 737 stone
759 107 738 stone
759 107 739 stone
759 107 740 stone
759 107 741 coal_ore
759 107 742 coal_ore
759 107 743 stone
759 107 744 stone
759 107 745 stone
759 107 746 stone
759 107 747 stone
759 107 748 stone
759 107 749 stone
759 107 750 stone
759 107 751 stone
759 107 752 stone
759 107 753 stone
759 107 754 stone
759 107 755 stone
759 107 756 stone
759 107 757 stone
759 107 758 stone
759 107 759 stone
759 107 760 stone
759 107 761 stone
759 107 762 stone
759 107 763 stone
759 107 764 stone
759 107 765 stone
759 107 766 stone
759 107 767 water[level=0]
760 107 640 stone
760 107 641 stone
760 107 642 andesite
760 107 643 andesite
760 107 644 andesite
760 107 645 andesite
760 107 646 diorite
760 107 647 diorite
760 107 648 andesite
760 107 649 andesite
760 107 650 andesite
760 107 651 granite
760 107 652 granite
760 107 653 stone
760 107 654 stone
760 107 655 stone
760 107 656 stone
760 107 657 stone
760 107 658 stone
760 107 659 stone
760 107 660 stone
760 107 661 stone
760 107 662 stone
760 107 663 stone
760 107 664 stone
760 107 665 stone
760 107 666 stone
760 107 667 granite
760 107 668 granite
760 107 669 granite
760 107 670 granite
760 107 671 granite
760 107 672 granite
760 107 673 stone
760 107 674 stone
760 107 675 stone
760 107 676 stone
760 107 677 stone
760 107 678 stone
760 107 679 stone
760 107 680 stone
760 107 681 stone
760 107 682 diorite
760 107 683 diorite
760 107 684 diorite
760 107 685 diorite
760 107 686 diorite
760 107 687 diorite
760 107 688 diorite
760 107 689 diorite
760 107 690 diorite
760 107 691 diorite
760 107 692 diorite
760 107 693 diorite
760 107 694 stone
760 107 695 stone
760 107 696 stone
760 107 697 stone
760 107 698 stone
760 107 699 stone
760 107 700 stone
760 107 701 stone
760 107 702 stone
760 107 703 dirt
760 107 704 dirt
760 107 705 dirt
760 107 706 stone
760 107 707 stone
760 107 708 stone
760 107 709 stone
760 107 710 stone
760 107 711 stone
760 107 712 stone
760 107 713 stone
760 107 714 stone
760 107 715 stone
760 107 716 stone
760 107 717 stone
760 107 718 stone
760 107 719 stone
760 107 720 stone
760 107 721 stone
760 107 722 stone
760 107 723 stone
760 107 724 stone
760 107 725 stone
760 107 726 stone
760 107 727 stone
760 107 728 stone
760 107 729 stone
760 107 730 stone
760 107 731 stone
760 107 732 stone
760 107 733 stone
760 107 734 stone
760 107 735 stone
760 107 736 stone
760 107 737 stone
760 107 738 stone
760 107 739 stone
760 107 740 stone
760 107 741 coal_ore
760 107 742 coal_ore
760 107 743 stone
760 107 744 stone
760 107 745 stone
760 107 746 stone
760 107 747 stone
760 107 748 stone
760 107 749 stone
760 107 750 stone
760 107 751 stone
760 107 752 stone
760 107 753 stone
760 107 754 stone
760 107 755 stone
760 107 756 stone
760 107 757 stone
760 107 758 stone
760 107 759 stone
760 107 760 stone
760 107 761 stone
760 107 762 stone
760 107 763 stone
760 107 764 stone
760 107 765 stone
760 107 766 stone
760 107 767 water[level=0]
761 107 640 stone
761 107 641 diorite
761 107 642 diorite
761 107 643 diorite
761 107 644 diorite
761 107 645 diorite
761 107 646 diorite
761 107 647 diorite
761 107 648 andesite
761 107 649 andesite
761 107 650 andesite
761 107 651 andesite
761 107 652 andesite
761 107 653 stone
761 107 654 stone
761 107 655 stone
761 107 656 stone
761 107 657 stone
761 107 658 stone
761 107 659 stone
761 107 660 stone
761 107 661 stone
761 107 662 stone
761 107 663 stone
761 107 664 stone
761 107 665 stone
761 107 666 stone
761 107 667 granite
761 107 668 granite
761 107 669 granite
761 107 670 granite
761 107 671 granite
761 107 672 granite
761 107 673 stone
761 107 674 stone
761 107 675 stone
761 107 676 stone
761 107 677 stone
761 107 678 stone
761 107 679 stone
761 107 680 stone
761 107 681 stone
761 107 682 stone
761 107 683 diorite
761 107 684 diorite
761 107 685 diorite
761 107 686 diorite
761 107 687 diorite
761 107 688 diorite
761 107 689 diorite
761 107 690 diorite
761 107 691 diorite
761 107 692 diorite
761 107 693 diorite
761 107 694 diorite
761 107 695 diorite
761 107 696 stone
761 107 697 stone
761 107 698 stone
761 107 699 stone
761 107 700 stone
761 107 701 stone
761 107 702 stone
761 107 703 dirt
761 107 704 dirt
761 107 705 stone
761 107 706 stone
761 107 707 stone
761 107 708 stone
761 107 709 stone
761 107 710 stone
761 107 711 stone
761 107 712 stone
761 107 713 stone
761 107 714 stone
761 107 715 stone
761 107 716 stone
761 107 717 stone
761 107 718 stone
761 107 719 stone
761 107 720 stone
761 107 721 stone
761 107 722 stone
761 107 723 stone
761 107 724 oak_planks
761 107 725 cave_air
761 107 726 oak_planks
761 107 727 stone
761 107 728 stone
761 107 729 oak_planks
761 107 730 cave_air
761 107 731 oak_planks
761 107 732 stone
761 107 733 stone
761 107 734 stone
761 107 735 stone
761 107 736 stone
761 107 737 stone
761 107 738 stone
761 107 739 stone
761 107 740 stone
761 107 741 stone
761 107 742 stone
761 107 743 coal_ore
761 107 744 stone
761 107 745 stone
761 107 746 stone
761 107 747 stone
761 107 748 stone
761 107 749 stone
761 107 750 stone
761 107 751 stone
761 107 752 stone
761 107 753 stone
761 107 754 stone
761 107 755 stone
761 107 756 stone
761 107 757 stone
761 107 758 stone
761 107 759 stone
761 107 760 stone
761 107 761 stone
761 107 762 stone
761 107 763 stone
761 107 764 stone
761 107 765 stone
761 107 766 stone
761 107 767 water[level=0]
762 107 640 diorite
762 107 641 diorite
762 107 642 diorite
762 107 643 diorite
762 107 644 diorite
762 107 645 diorite
762 107 646 diorite
762 107 647 diorite
762 107 648 andesite
762 107 649 andesite
762 107 650 andesite
762 107 651 andesite
762 107 652 andesite
762 107 653 andesite
762 107 654 stone
762 107 655 stone
762 107 656 stone
762 107 657 stone
762 107 658 stone
762 107 659 stone
762 107 660 stone
762 107 661 stone
762 107 662 stone
762 107 663 stone
762 107 664 stone
762 107 665 stone
762 107 666 stone
762 107 667 granite
762 107 668 granite
762 107 669 granite
762 107 670 granite
762 107 671 granite
762 107 672 granite
762 107 673 stone
762 107 674 stone
762 107 675 stone
762 107 676 stone
762 107 677 stone
762 107 678 stone
762 107 679 stone
762 107 680 stone
762 107 681 stone
762 107 682 stone
762 107 683 stone
762 107 684 stone
762 107 685 diorite
762 107 686 diorite
762 107 687 diorite
762 107 688 diorite
762 107 689 diorite
762 107 690 diorite
762 107 691 diorite
762 107 692 diorite
762 107 693 diorite
762 107 694 diorite
762 107 695 diorite
762 107 696 diorite
762 107 697 stone
762 107 698 stone
762 107 699 stone
762 107 700 stone
762 107 701 stone
762 107 702 stone
762 107 703 stone
762 107 704 stone
762 107 705 stone
762 107 706 stone
762 107 707 stone
762 107 708 stone
762 107 709 stone
762 107 710 stone
762 107 711 stone
762 107 712 stone
762 107 713 stone
762 107 714 stone
762 107 715 stone
762 107 716 stone
762 107 717 stone
762 107 718 stone
762 107 719 stone
762 107 720 stone
762 107 721 stone
762 107 722 stone
762 107 723 stone
762 107 724 cave_air
762 107 725 cave_air
762 107 726 cave_air
762 107 727 stone
762 107 728 stone
762 107 729 cave_air
762 107 730 cave_air
762 107 731 cave_air
762 107 732 stone
762 107 733 stone
762 107 734 stone
762 107 735 stone
762 107 736 stone
762 107 737 stone
762 107 738 stone
762 107 739 stone
762 107 740 stone
762 107 741 stone
762 107 742 coal_ore
762 107 743 stone
762 107 744 stone
762 107 745 stone
762 107 746 stone
762 107 747 stone
762 107 748 stone
762 107 749 stone
762 107 750 stone
762 107 751 stone
762 107 752 stone
762 107 753 stone
762 107 754 stone
762 107 755 stone
762 107 756 stone
762 107 757 stone
762 107 758 stone
762 107 759 stone
762 107 760 stone
762 107 761 stone
762 107 762 stone
762 107 763 stone
762 107 764 stone
762 107 765 stone
762 107 766 stone
762 107 767 water[level=0]
763 107 640 diorite
763 107 641 diorite
763 107 642 diorite
763 107 643 diorite
763 107 644 diorite
763 107 645 diorite
763 107 646 diorite
763 107 647 andesite
763 107 648 andesite
763 107 649 andesite
763 107 650 andesite
763 107 651 andesite
763 107 652 andesite
763 107 653 andesite
763 107 654 stone
763 107 655 stone
763 107 656 stone
763 107 657 stone
763 107 658 stone
763 107 659 stone
763 107 660 stone
763 107 661 stone
763 107 662 stone
763 107 663 stone
763 107 664 stone
763 107 665 stone
763 107 666 stone
763 107 667 granite
763 107 668 granite
763 107 669 granite
763 107 670 granite
763 107 671 granite
763 107 672 granite
763 107 673 granite
763 107 674 stone
763 107 675 stone
763 107 676 stone
763 107 677 stone
763 107 678 stone
763 107 679 stone
763 107 680 stone
763 107 681 stone
763 107 682 stone
763 107 683 stone
763 107 684 stone
763 107 685 stone
763 107 686 diorite
763 107 687 diorite
763 107 688 diorite
763 107 689 diorite
763 107 690 diorite
763 107 691 diorite
763 107 692 diorite
763 107 693 diorite
763 107 694 diorite
763 107 695 diorite
763 107 696 diorite
763 107 697 stone
763 107 698 stone
763 107 699 stone
763 107 700 stone
763 107 701 stone
763 107 702 stone
763 107 703 stone
763 107 704 stone
763 107 705 stone
763 107 706 stone
763 107 707 stone
763 107 708 stone
763 107 709 stone
763 107 710 stone
763 107 711 stone
763 107 712 stone
763 107 713 stone
763 107 714 stone
763 107 715 stone
763 107 716 stone
763 107 717 stone
763 107 718 stone
763 107 719 stone
763 107 720 stone
763 107 721 stone
763 107 722 stone
763 107 723 stone
763 107 724 oak_planks
763 107 725 cave_air
763 107 726 oak_planks
763 107 727 stone
763 107 728 stone
763 107 729 oak_planks
763 107 730 cave_air
763 107 731 oak_planks
763 107 732 stone
763 107 733 stone
763 107 734 stone
763 107 735 stone
763 107 736 stone
763 107 737 stone
763 107 738 stone
763 107 739 stone
763 107 740 stone
763 107 741 stone
763 107 742 stone
763 107 743 stone
763 107 744 stone
763 107 745 stone
763 107 746 stone
763 107 747 stone
763 107 748 stone
763 107 749 stone
763 107 750 coal_ore
763 107 751 coal_ore
763 107 752 stone
763 107 753 stone
763 107 754 stone
763 107 755 stone
763 107 756 stone
763 107 757 stone
763 107 758 stone
763 107 759 stone
763 107 760 stone
763 107 761 stone
763 107 762 stone
763 107 763 stone
763 107 764 stone
763 107 765 stone
763 107 766 stone
763 107 767 stone
764 107 640 diorite
764 107 641 diorite
764 107 642 diorite
764 107 643 diorite
764 107 644 diorite
764 107 645 diorite
764 107 646 diorite
764 107 647 andesite
764 107 648 andesite
764 107 649 andesite
764 107 650 andesite
764 107 651 andesite
764 107 652 andesite
764 107 653 andesite
764 107 654 andesite
764 107 655 stone
764 107 656 stone
764 107 657 stone
764 107 658 stone
764 107 659 stone
764 107 660 stone
764 107 661 stone
764 107 662 stone
764 107 663 stone
764 107 664 stone
764 107 665 stone
764 107 666 stone
764 107 667 stone
764 107 668 granite
764 107 669 granite
764 107 670 granite
764 107 671 granite
764 107 672 granite
764 107 673 granite
764 107 674 granite
764 107 675 stone
764 107 676 stone
764 107 677 stone
764 107 678 stone
764 107 679 stone
764 107 680 stone
764 107 681 stone
764 107 682 stone
764 107 683 stone
764 107 684 stone
764 107 685 stone
764 107 686 stone
764 107 687 diorite
764 107 688 diorite
764 107 689 diorite
764 107 690 diorite
764 107 691 diorite
764 107 692 diorite
764 107 693 diorite
764 107 694 diorite
764 107 695 diorite
764 107 696 diorite
764 107 697 diorite
764 107 698 stone
764 107 699 stone
764 107 700 stone
764 107 701 stone
764 107 702 stone
764 107 703 stone
764 107 704 stone
764 107 705 stone
764 107 706 stone
764 107 707 stone
764 107 708 stone
764 107 709 stone
764 107 710 stone
764 107 711 stone
764 107 712 stone
764 107 713 stone
764 107 714 stone
764 107 715 stone
764 107 716 stone
764 107 717 stone
764 107 718 stone
764 107 719 stone
764 107 720 stone
764 107 721 stone
764 107 722 stone
764 107 723 stone
764 107 724 stone
764 107 725 stone
764 107 726 stone
764 107 727 stone
764 107 728 stone
764 107 729 stone
764 107 730 stone
764 107 731 stone
764 107 732 stone
764 107 733 stone
764 107 734 stone
764 107 735 stone
764 107 736 stone
764 107 737 stone
764 107 738 stone
764 107 739 stone
764 107 740 stone
764 107 741 stone
764 107 742 stone
764 107 743 stone
764 107 744 stone
764 107 745 stone
764 107 746 stone
764 107 747 stone
764 107 748 stone
764 107 749 stone
764 107 750 coal_ore
764 107 751 stone
764 107 752 stone
764 107 753 stone
764 107 754 stone
764 107 755 stone
764 107 756 stone
764 107 757 stone
764 107 758 stone
764 107 759 stone
764 107 760 stone
764 107 761 stone
764 107 762 stone
764 107 763 stone
764 107 764 stone
764 107 765 stone
764 107 766 stone
764 107 767 water[level=0]
765 107 640 diorite
765 107 641 diorite
765 107 642 diorite
765 107 643 diorite
765 107 644 diorite
765 107 645 diorite
765 107 646 diorite
765 107 647 andesite
765 107 648 andesite
765 107 649 andesite
