842 120 358 granite
842 120 359 granite
842 120 360 stone
842 120 361 stone
842 120 362 stone
842 120 363 stone
842 120 364 stone
842 120 365 granite
842 120 366 granite
842 120 367 granite
842 120 368 stone
842 120 369 stone
842 120 370 stone
842 120 371 stone
842 120 372 stone
842 120 373 stone
842 120 374 stone
842 120 375 stone
842 120 376 stone
842 120 377 stone
842 120 378 stone
842 120 379 stone
842 120 380 stone
842 120 381 stone
842 120 382 stone
842 120 383 stone
842 120 384 stone
842 120 385 stone
842 120 386 stone
842 120 387 stone
842 120 388 stone
842 120 389 stone
842 120 390 stone
842 120 391 stone
842 120 392 stone
842 120 393 stone
842 120 394 stone
842 120 395 stone
842 120 396 stone
842 120 397 stone
842 120 398 stone
842 120 399 stone
842 120 400 stone
842 120 401 stone
842 120 402 stone
842 120 403 stone
842 120 404 stone
842 120 405 stone
842 120 406 stone
842 120 407 stone
842 120 408 water[level=0]
842 120 409 water[level=0]
842 120 410 water[level=0]
842 120 411 water[level=0]
842 120 412 water[level=0]
842 120 413 water[level=0]
842 120 414 stone
842 120 415 stone
842 120 416 stone
842 120 417 stone
842 120 418 stone
842 120 419 stone
842 120 420 stone
842 120 421 stone
842 120 422 stone
842 120 423 stone
842 120 424 andesite
842 120 425 andesite
842 120 426 stone
842 120 427 stone
842 120 428 stone
842 120 429 stone
842 120 430 stone
842 120 431 stone
842 120 432 stone
842 120 433 stone
842 120 434 stone
842 120 435 stone
842 120 436 stone
842 120 437 dirt
842 120 438 water[level=0]
842 120 439 water[level=0]
842 120 440 water[level=0]
842 120 441 water[level=0]
842 120 442 water[level=0]
842 120 443 water[level=0]
842 120 444 water[level=0]
842 120 445 water[level=0]
842 120 446 water[level=0]
842 120 447 water[level=0]
842 120 448 water[level=0]
842 120 449 water[level=0]
842 120 450 water[level=0]
842 120 451 water[level=0]
842 120 452 water[level=0]
842 120 453 water[level=0]
842 120 454 water[level=0]
842 120 455 water[level=0]
842 120 456 water[level=0]
842 120 457 water[level=0]
842 120 458 water[level=0]
842 120 459 water[level=0]
842 120 460 water[level=0]
842 120 461 water[level=0]
842 120 462 water[level=0]
842 120 463 water[level=0]
842 120 464 water[level=0]
842 120 465 water[level=0]
842 120 466 water[level=0]
842 120 467 water[level=0]
842 120 468 water[level=0]
842 120 469 water[level=0]
842 120 470 water[level=0]
842 120 471 water[level=0]
842 120 472 water[level=0]
842 120 473 water[level=0]
842 120 474 dirt
842 120 475 dirt
842 120 476 stone
842 120 477 stone
842 120 478 stone
842 120 479 stone
842 120 480 stone
842 120 481 stone
842 120 482 stone
842 120 483 stone
842 120 484 stone
842 120 485 stone
842 120 486 stone
842 120 487 stone
842 120 488 stone
842 120 489 stone
842 120 490 stone
842 120 491 stone
842 120 492 stone
842 120 493 stone
842 120 494 stone
842 120 495 stone
842 120 496 stone
842 120 497 stone
842 120 498 coal_ore
842 120 499 coal_ore
842 120 500 stone
842 120 501 stone
842 120 502 stone
842 120 503 stone
842 120 504 stone
842 120 505 stone
842 120 506 stone
842 120 507 stone
842 120 508 stone
842 120 509 stone
842 120 510 stone
842 120 511 stone
842 120 512 stone
842 120 513 gravel
842 120 514 stone
842 120 515 stone
842 120 516 stone
842 120 517 stone
842 120 518 stone
842 120 519 stone
842 120 520 stone
842 120 521 copper_ore
842 120 522 copper_ore
842 120 523 stone
842 120 524 stone
842 120 525 stone
842 120 526 stone
842 120 527 stone
842 120 528 stone
842 120 529 stone
842 120 530 stone
842 120 531 stone
842 120 532 stone
842 120 533 stone
842 120 534 stone
842 120 535 stone
842 120 536 stone
842 120 537 stone
842 120 538 dirt
842 120 539 dirt
842 120 540 dirt
842 120 541 stone
842 120 542 stone
842 120 543 stone
842 120 544 stone
842 120 545 stone
842 120 546 stone
842 120 547 stone
842 120 548 stone
842 120 549 stone
842 120 550 stone
842 120 551 stone
842 120 552 stone
842 120 553 stone
842 120 554 stone
842 120 555 stone
842 120 556 stone
842 120 557 lapis_ore
842 120 558 lapis_ore
842 120 559 granite
842 120 560 granite
842 120 561 granite
842 120 562 stone
842 120 563 stone
842 120 564 stone
842 120 565 stone
842 120 566 stone
842 120 567 stone
842 120 568 stone
842 120 569 stone
842 120 570 stone
842 120 571 diorite
842 120 572 diorite
842 120 573 diorite
842 120 574 diorite
842 120 575 diorite
842 120 576 stone
842 120 577 stone
842 120 578 stone
842 120 579 stone
842 120 580 stone
842 120 581 stone
842 120 582 stone
842 120 583 stone
842 120 584 stone
842 120 585 stone
842 120 586 stone
842 120 587 stone
842 120 588 stone
842 120 589 stone
842 120 590 stone
842 120 591 stone
842 120 592 stone
842 120 593 stone
842 120 594 stone
842 120 595 stone
842 120 596 stone
842 120 597 stone
842 120 598 stone
842 120 599 stone
842 120 600 stone
842 120 601 stone
842 120 602 stone
842 120 603 stone
842 120 604 stone
842 120 605 stone
842 120 606 stone
842 120 607 stone
842 120 608 stone
842 120 609 stone
842 120 610 stone
842 120 611 stone
842 120 612 stone
842 120 613 stone
842 120 614 stone
842 120 615 stone
842 120 616 stone
842 120 617 stone
842 120 618 stone
842 120 619 diorite
842 120 620 granite
842 120 621 granite
842 120 622 granite
842 120 623 granite
842 120 624 granite
842 120 625 granite
842 120 626 stone
842 120 627 stone
842 120 628 stone
842 120 629 stone
842 120 630 stone
842 120 631 andesite
842 120 632 andesite
842 120 633 andesite
842 120 634 andesite
842 120 635 andesite
842 120 636 stone
842 120 637 stone
842 120 638 stone
842 120 639 stone
842 120 640 stone
842 120 641 stone
842 120 642 stone
842 120 643 stone
842 120 644 stone
842 120 645 gravel
842 120 646 gravel
842 120 647 gravel
842 120 648 gravel
842 120 649 stone
842 120 650 stone
842 120 651 stone
842 120 652 stone
842 120 653 stone
842 120 654 stone
842 120 655 stone
842 120 656 stone
842 120 657 stone
842 120 658 stone
842 120 659 andesite
842 120 660 andesite
842 120 661 andesite
842 120 662 andesite
842 120 663 andesite
842 120 664 andesite
842 120 665 andesite
842 120 666 andesite
842 120 667 stone
842 120 668 stone
842 120 669 stone
842 120 670 stone
842 120 671 stone
842 120 672 stone
842 120 673 stone
842 120 674 stone
842 120 675 stone
842 120 676 stone
842 120 677 stone
842 120 678 stone
842 120 679 stone
842 120 680 stone
842 120 686 stone
842 120 687 stone
842 120 688 stone
842 120 689 stone
842 120 690 stone
842 120 692 stone
842 120 693 stone
842 120 694 stone
842 120 695 stone
842 120 696 stone
842 120 697 stone
842 120 698 stone
842 120 699 stone
842 120 700 stone
842 120 701 stone
842 120 702 stone
842 120 703 stone
842 120 704 stone
842 120 705 stone
842 120 706 stone
842 120 707 stone
842 120 708 stone
842 120 709 stone
842 120 710 stone
842 120 711 stone
842 120 712 stone
842 120 716 stone
842 120 717 stone
842 120 718 stone
842 120 719 stone
842 120 720 stone
842 120 721 stone
842 120 722 stone
842 120 723 stone
842 120 724 stone
842 120 725 stone
842 120 726 stone
842 120 727 stone
842 120 728 granite
842 120 729 granite
842 120 730 stone
842 120 731 stone
842 120 732 stone
842 120 733 stone
842 120 734 stone
842 120 735 stone
842 120 736 stone
842 120 737 stone
842 120 738 stone
842 120 739 stone
842 120 740 stone
842 120 741 stone
842 120 742 stone
842 120 743 stone
842 120 744 stone
842 120 745 stone
842 120 746 stone
842 120 747 stone
842 120 748 stone
842 120 749 stone
842 120 750 stone
842 120 751 stone
842 120 752 stone
842 120 753 stone
842 120 754 stone
842 120 755 stone
842 120 756 stone
842 120 757 stone
842 120 758 stone
842 120 759 stone
842 120 760 stone
842 120 761 stone
842 120 762 stone
842 120 763 stone
842 120 764 stone
842 120 765 stone
842 120 766 diorite
842 120 767 diorite
842 120 768 diorite
842 120 769 diorite
842 120 770 diorite
842 120 771 diorite
842 120 772 diorite
842 120 773 stone
842 120 774 stone
842 120 775 stone
842 120 789 stone
842 120 790 stone
842 120 791 stone
842 120 792 stone
842 120 793 stone
842 120 794 stone
842 120 795 stone
842 120 796 stone
842 120 797 stone
842 120 798 stone
842 120 799 stone
842 120 800 stone
842 120 801 stone
842 120 802 stone
842 120 803 stone
842 120 804 stone
842 120 805 copper_ore
842 120 806 copper_ore
842 120 807 stone
842 120 808 stone
842 120 809 stone
842 120 810 stone
842 120 811 stone
842 120 812 stone
842 120 813 stone
842 120 814 stone
842 120 815 stone
842 120 816 stone
842 120 817 stone
842 120 818 stone
842 120 819 stone
842 120 820 stone
842 120 821 stone
842 120 822 stone
842 120 823 stone
842 120 824 stone
842 120 825 stone
842 120 826 stone
842 120 827 stone
842 120 828 stone
842 120 829 stone
842 120 830 granite
842 120 831 granite
842 120 832 granite
842 120 833 stone
842 120 834 andesite
842 120 835 andesite
842 120 836 andesite
842 120 837 stone
842 120 838 stone
842 120 839 stone
842 120 840 stone
842 120 841 stone
842 120 842 stone
842 120 843 stone
842 120 844 stone
842 120 845 stone
842 120 846 stone
842 120 847 stone
842 120 848 stone
842 120 849 stone
842 120 850 stone
842 120 851 stone
842 120 852 stone
842 120 853 andesite
842 120 854 andesite
842 120 855 andesite
842 120 856 andesite
842 120 857 andesite
842 120 858 andesite
842 120 859 andesite
842 120 860 andesite
842 120 861 andesite
842 120 862 andesite
842 120 863 andesite
842 120 864 andesite
842 120 865 andesite
842 120 866 stone
842 120 867 stone
842 120 868 stone
842 120 869 stone
842 120 870 stone
842 120 871 stone
842 120 872 stone
842 120 873 stone
842 120 874 stone
842 120 875 stone
842 120 876 stone
842 120 877 stone
842 120 878 stone
842 120 879 stone
842 120 880 stone
842 120 881 stone
842 120 882 stone
842 120 883 stone
842 120 884 stone
842 120 885 stone
842 120 886 stone
842 120 887 andesite
842 120 888 andesite
842 120 889 dirt
842 120 890 dirt
842 120 891 dirt
842 120 892 dirt
842 120 893 gravel
842 120 894 gravel
842 120 895 stone
842 120 896 stone
842 120 897 stone
842 120 898 stone
842 120 899 diorite
842 120 900 diorite
842 120 901 diorite
842 120 902 diorite
842 120 903 gravel
842 120 904 gravel
842 120 905 gravel
842 120 906 gravel
842 120 907 gravel
842 120 908 gravel
842 120 909 gravel
842 120 910 stone
842 120 911 stone
842 120 912 stone
842 120 913 stone
842 120 914 stone
842 120 915 stone
842 120 916 stone
842 120 917 stone
842 120 918 stone
842 120 919 stone
842 120 920 stone
842 120 921 stone
842 120 922 stone
842 120 923 stone
842 120 924 stone
842 120 925 stone
842 120 926 stone
842 120 927 stone
842 120 928 stone
842 120 929 stone
842 120 930 stone
842 120 931 stone
842 120 932 stone
842 120 933 stone
842 120 934 stone
842 120 935 stone
842 120 936 stone
842 120 937 stone
842 120 938 stone
842 120 939 stone
842 120 940 stone
842 120 941 stone
842 120 942 stone
842 120 943 stone
842 120 944 stone
842 120 945 stone
842 120 946 stone
842 120 947 stone
842 120 948 stone
842 120 949 stone
842 120 950 stone
842 120 951 stone
842 120 952 stone
842 120 953 stone
842 120 954 water[level=0]
842 120 955 water[level=0]
842 120 956 water[level=0]
842 120 957 water[level=0]
842 120 958 water[level=0]
842 120 959 water[level=0]
842 120 960 water[level=0]
842 120 961 water[level=0]
842 120 962 water[level=0]
842 120 963 water[level=0]
842 120 964 dirt
842 120 965 stone
842 120 966 stone
842 120 967 stone
842 120 968 stone
842 120 969 stone
842 120 970 stone
842 120 971 stone
842 120 972 stone
842 120 973 stone
842 120 974 stone
842 120 975 stone
842 120 976 stone
842 120 977 stone
842 120 978 stone
842 120 979 stone
842 120 980 stone
842 120 981 stone
842 120 982 stone
842 120 983 stone
842 120 984 stone
842 120 985 stone
842 120 986 stone
842 120 987 stone
842 120 988 stone
842 120 989 stone
842 120 990 stone
842 120 991 stone
842 120 992 stone
842 120 993 stone
842 120 994 stone
842 120 995 stone
842 120 996 stone
842 120 997 stone
842 120 998 stone
842 120 999 diorite
842 120 1000 diorite
842 120 1001 diorite
842 120 1002 diorite
842 120 1003 diorite
842 120 1008 granite
842 120 1009 granite
842 120 1010 granite
842 120 1011 granite
842 120 1012 granite
842 120 1013 granite
842 120 1014 granite
842 120 1015 granite
842 120 1016 granite
842 120 1017 stone
842 120 1018 coal_ore
842 120 1019 coal_ore
842 120 1020 stone
842 120 1021 stone
842 120 1022 stone
842 120 1023 stone
842 121 0 granite
842 121 1 granite
842 121 2 coal_ore
842 121 3 coal_ore
842 121 4 granite
842 121 5 granite
842 121 6 granite
842 121 7 granite
842 121 8 granite
842 121 9 stone
842 121 10 stone
842 121 11 stone
842 121 12 stone
842 121 13 stone
842 121 14 stone
842 121 15 stone
842 121 16 stone
842 121 17 stone
842 121 18 stone
842 121 19 stone
842 121 20 stone
842 121 21 stone
842 121 22 stone
842 121 23 stone
842 121 24 stone
842 121 25 stone
842 121 26 stone
842 121 27 stone
842 121 28 stone
842 121 29 stone
842 121 30 stone
842 121 31 stone
842 121 32 stone
842 121 33 stone
842 121 34 stone
842 121 35 iron_ore
842 121 36 stone
842 121 37 stone
842 121 38 stone
842 121 39 stone
842 121 40 stone
842 121 41 stone
842 121 42 stone
842 121 43 stone
842 121 44 stone
842 121 45 stone
842 121 46 stone
842 121 47 stone
842 121 48 stone
842 121 49 stone
842 121 50 stone
842 121 51 stone
842 121 52 stone
842 121 53 stone
842 121 54 stone
842 121 55 stone
842 121 56 stone
842 121 57 stone
842 121 58 stone
842 121 59 stone
842 121 60 stone
842 121 61 stone
842 121 62 stone
842 121 63 stone
842 121 64 stone
842 121 65 stone
842 121 66 stone
842 121 67 stone
842 121 68 stone
842 121 69 stone
842 121 70 stone
842 121 71 stone
842 121 72 stone
842 121 73 stone
842 121 74 stone
842 121 75 stone
842 121 76 stone
842 121 77 stone
842 121 78 stone
842 121 79 stone
842 121 80 stone
842 121 81 stone
842 121 82 stone
842 121 83 stone
842 121 84 stone
842 121 85 stone
842 121 86 stone
842 121 87 dirt
842 121 88 dirt
842 121 89 dirt
842 121 90 dirt
842 121 91 stone
842 121 92 stone
842 121 93 stone
842 121 94 coal_ore
842 121 95 coal_ore
842 121 96 coal_ore
842 121 97 stone
842 121 98 stone
842 121 99 stone
842 121 100 stone
842 121 101 stone
842 121 102 stone
842 121 103 stone
842 121 104 granite
842 121 105 granite
842 121 106 granite
842 121 107 granite
842 121 108 granite
842 121 109 granite
842 121 110 granite
842 121 111 granite
842 121 112 granite
842 121 113 granite
842 121 114 granite
842 121 115 granite
842 121 116 stone
842 121 117 stone
842 121 118 stone
842 121 119 stone
842 121 120 stone
842 121 121 stone
842 121 122 stone
842 121 123 stone
842 121 124 coal_ore
842 121 125 stone
842 121 126 stone
842 121 127 stone
842 121 128 stone
842 121 129 stone
842 121 130 stone
842 121 131 stone
842 121 132 stone
842 121 133 stone
842 121 134 stone
842 121 135 stone
842 121 136 stone
842 121 137 stone
842 121 138 stone
842 121 139 stone
842 121 140 stone
842 121 141 stone
842 121 142 stone
842 121 143 stone
842 121 144 andesite
842 121 145 andesite
842 121 146 andesite
842 121 147 andesite
842 121 148 andesite
842 121 149 andesite
842 121 150 andesite
842 121 151 andesite
842 121 152 andesite
842 121 153 andesite
842 121 154 coal_ore
842 121 155 coal_ore
842 121 156 stone
842 121 157 stone
842 121 158 stone
842 121 159 stone
842 121 160 stone
842 121 161 stone
842 121 162 stone
842 121 163 diorite
842 121 164 diorite
842 121 165 diorite
842 121 166 diorite
842 121 167 diorite
842 121 168 diorite
842 121 169 diorite
842 121 170 diorite
842 121 171 diorite
842 121 172 diorite
842 121 173 diorite
842 121 174 diorite
842 121 175 stone
842 121 176 stone
842 121 177 diorite
842 121 178 diorite
842 121 179 diorite
842 121 180 diorite
842 121 181 diorite
842 121 182 diorite
842 121 183 diorite
842 121 184 stone
842 121 185 stone
842 121 186 stone
842 121 187 stone
842 121 188 stone
842 121 189 coal_ore
842 121 190 coal_ore
842 121 191 coal_ore
842 121 192 stone
842 121 193 stone
842 121 194 stone
842 121 195 stone
842 121 196 stone
842 121 197 stone
842 121 198 stone
842 121 199 stone
842 121 200 stone
842 121 201 stone
842 121 202 stone
842 121 203 stone
842 121 204 stone
842 121 205 stone
842 121 206 stone
842 121 207 stone
842 121 208 stone
842 121 209 stone
842 121 210 stone
842 121 211 stone
842 121 212 stone
842 121 213 stone
842 121 214 stone
842 121 215 diorite
842 121 216 copper_ore
842 121 217 diorite
842 121 218 diorite
842 121 219 diorite
842 121 220 diorite
842 121 221 copper_ore
842 121 222 copper_ore
842 121 223 diorite
842 121 224 diorite
842 121 225 diorite
842 121 226 stone
842 121 227 stone
842 121 228 stone
842 121 229 stone
842 121 230 stone
842 121 231 stone
842 121 232 stone
842 121 233 stone
842 121 234 stone
842 121 235 stone
842 121 236 stone
842 121 237 stone
842 121 238 stone
842 121 239 gravel
842 121 240 gravel
842 121 241 gravel
842 121 242 gravel
842 121 243 gravel
842 121 244 gravel
842 121 245 stone
842 121 246 stone
842 121 247 stone
842 121 248 stone
842 121 249 stone
842 121 250 stone
842 121 251 stone
842 121 252 stone
842 121 253 stone
842 121 254 stone
842 121 255 stone
842 121 256 stone
842 121 257 stone
842 121 258 stone
842 121 259 stone
842 121 260 stone
842 121 261 stone
842 121 262 dirt
842 121 263 dirt
842 121 264 stone
842 121 265 stone
842 121 266 stone
842 121 267 stone
842 121 268 stone
842 121 269 stone
842 121 270 stone
842 121 271 stone
842 121 272 diorite
842 121 273 diorite
842 121 274 diorite
842 121 275 diorite
842 121 276 diorite
842 121 277 stone
842 121 278 stone
842 121 279 stone
842 121 280 stone
842 121 281 stone
842 121 282 stone
842 121 283 stone
842 121 284 stone
842 121 285 stone
842 121 286 stone
842 121 287 stone
842 121 288 stone
842 121 289 stone
842 121 290 stone
842 121 291 stone
842 121 292 stone
842 121 293 stone
842 121 294 stone
842 121 295 stone
842 121 296 stone
842 121 297 stone
842 121 298 stone
842 121 299 stone
842 121 300 stone
842 121 301 stone
842 121 302 stone
842 121 303 stone
842 121 304 stone
842 121 305 stone
842 121 306 stone
842 121 307 stone
842 121 308 stone
842 121 309 stone
842 121 310 stone
842 121 311 stone
842 121 312 stone
842 121 313 stone
842 121 314 stone
842 121 315 stone
842 121 316 stone
842 121 317 stone
842 121 318 stone
842 121 319 stone
842 121 320 stone
842 121 321 stone
842 121 322 stone
842 121 323 stone
842 121 324 stone
842 121 325 stone
842 121 326 stone
842 121 327 stone
842 121 328 stone
842 121 329 stone
842 121 330 stone
842 121 331 stone
842 121 332 stone
842 121 333 stone
842 121 334 stone
842 121 335 stone
842 121 336 dirt
842 121 337 dirt
842 121 338 dirt
842 121 339 dirt
842 121 340 dirt
842 121 341 stone
842 121 342 stone
842 121 343 stone
842 121 344 stone
842 121 345 stone
842 121 346 stone
842 121 347 stone
842 121 348 stone
842 121 349 stone
842 121 350 stone
842 121 351 stone
842 121 352 stone
842 121 353 stone
842 121 354 stone
842 121 355 stone
842 121 356 dirt
842 121 357 stone
842 121 358 stone
842 121 359 stone
842 121 360 stone
842 121 361 stone
842 121 362 stone
842 121 363 stone
842 121 364 stone
842 121 365 stone
842 121 366 stone
842 121 367 stone
842 121 368 stone
842 121 369 stone
842 121 370 stone
842 121 371 stone
842 121 372 stone
842 121 373 stone
842 121 374 stone
842 121 375 stone
842 121 376 stone
842 121 377 stone
842 121 378 stone
842 121 379 stone
842 121 380 stone
842 121 381 stone
842 121 382 stone
842 121 383 stone
842 121 384 stone
842 121 385 stone
842 121 386 stone
842 121 387 stone
842 121 388 stone
842 121 389 stone
842 121 390 stone
842 121 391 stone
842 121 392 stone
842 121 393 stone
842 121 394 stone
842 121 395 water[level=0]
842 121 396 water[level=0]
842 121 397 water[level=0]
842 121 398 water[level=0]
842 121 399 water[level=0]
842 121 400 water[level=0]
842 121 401 water[level=0]
842 121 402 water[level=0]
842 121 403 water[level=0]
842 121 404 water[level=0]
842 121 405 water[level=0]
842 121 406 water[level=0]
842 121 407 water[level=0]
842 121 408 water[level=0]
842 121 409 water[level=0]
842 121 410 water[level=0]
842 121 411 water[level=0]
842 121 412 stone
842 121 413 stone
842 121 414 stone
842 121 415 stone
842 121 416 stone
842 121 417 stone
842 121 418 stone
842 121 419 stone
842 121 420 stone
842 121 421 stone
842 121 422 stone
842 121 423 andesite
842 121 424 andesite
842 121 425 andesite
842 121 426 andesite
842 121 427 stone
842 121 428 stone
842 121 429 copper_ore
842 121 430 stone
842 121 431 stone
842 121 432 stone
842 121 433 stone
842 121 434 stone
842 121 435 stone
842 121 436 stone
842 121 437 dirt
842 121 438 water[level=0]
842 121 439 water[level=0]
842 121 440 water[level=0]
842 121 441 water[level=0]
