836 128 7 stone
836 128 8 stone
836 128 9 copper_ore
836 128 10 copper_ore
836 128 11 stone
836 128 12 stone
836 128 13 stone
836 128 14 stone
836 128 15 stone
836 128 16 stone
836 128 17 stone
836 128 18 stone
836 128 19 stone
836 128 20 stone
836 128 21 stone
836 128 22 stone
836 128 23 stone
836 128 24 stone
836 128 25 stone
836 128 26 stone
836 128 27 stone
836 128 28 stone
836 128 29 stone
836 128 30 stone
836 128 31 stone
836 128 32 dirt
836 128 33 dirt
836 128 34 dirt
836 128 35 dirt
836 128 36 stone
836 128 37 stone
836 128 38 stone
836 128 39 stone
836 128 40 stone
836 128 41 stone
836 128 42 stone
836 128 43 stone
836 128 44 stone
836 128 45 stone
836 128 46 stone
836 128 47 stone
836 128 48 stone
836 128 49 stone
836 128 50 stone
836 128 51 stone
836 128 52 stone
836 128 53 stone
836 128 54 stone
836 128 55 stone
836 128 56 stone
836 128 57 stone
836 128 58 stone
836 128 59 stone
836 128 60 stone
836 128 61 stone
836 128 62 stone
836 128 63 stone
836 128 64 stone
836 128 65 stone
836 128 66 stone
836 128 67 stone
836 128 68 stone
836 128 69 stone
836 128 70 stone
836 128 71 stone
836 128 72 stone
836 128 73 stone
836 128 74 stone
836 128 75 stone
836 128 76 stone
836 128 77 stone
836 128 78 stone
836 128 79 stone
836 128 80 stone
836 128 81 stone
836 128 82 stone
836 128 83 stone
836 128 84 stone
836 128 85 stone
836 128 86 stone
836 128 87 stone
836 128 88 stone
836 128 89 stone
836 128 90 stone
836 128 91 stone
836 128 92 stone
836 128 93 stone
836 128 94 stone
836 128 95 stone
836 128 96 stone
836 128 97 stone
836 128 98 stone
836 128 99 stone
836 128 100 stone
836 128 101 stone
836 128 102 stone
836 128 103 stone
836 128 104 stone
836 128 105 stone
836 128 106 stone
836 128 107 stone
836 128 108 stone
836 128 109 stone
836 128 110 stone
836 128 111 stone
836 128 112 stone
836 128 113 stone
836 128 114 stone
836 128 115 stone
836 128 116 stone
836 128 117 stone
836 128 118 stone
836 128 119 stone
836 128 120 stone
836 128 121 gravel
836 128 122 gravel
836 128 123 gravel
836 128 124 stone
836 128 125 stone
836 128 126 stone
836 128 127 stone
836 128 128 stone
836 128 129 stone
836 128 130 stone
836 128 131 stone
836 128 132 stone
836 128 133 stone
836 128 134 stone
836 128 135 stone
836 128 136 stone
836 128 137 stone
836 128 138 stone
836 128 139 stone
836 128 140 dirt
836 128 141 dirt
836 128 142 dirt
836 128 143 stone
836 128 144 stone
836 128 145 stone
836 128 146 stone
836 128 147 stone
836 128 148 stone
836 128 149 stone
836 128 150 stone
836 128 151 stone
836 128 152 stone
836 128 153 stone
836 128 154 stone
836 128 155 stone
836 128 156 stone
836 128 157 stone
836 128 158 stone
836 128 159 stone
836 128 160 stone
836 128 161 stone
836 128 162 stone
836 128 163 stone
836 128 164 stone
836 128 165 stone
836 128 166 stone
836 128 167 stone
836 128 168 stone
836 128 169 stone
836 128 170 stone
836 128 171 stone
836 128 172 stone
836 128 173 stone
836 128 174 stone
836 128 175 stone
836 128 176 stone
836 128 177 stone
836 128 178 stone
836 128 179 stone
836 128 180 stone
836 128 181 stone
836 128 182 stone
836 128 183 stone
836 128 184 stone
836 128 185 stone
836 128 186 stone
836 128 187 stone
836 128 188 stone
836 128 189 stone
836 128 190 stone
836 128 191 stone
836 128 192 stone
836 128 193 stone
836 128 194 stone
836 128 195 stone
836 128 196 stone
836 128 197 stone
836 128 198 stone
836 128 199 stone
836 128 200 stone
836 128 201 stone
836 128 202 stone
836 128 203 stone
836 128 204 stone
836 128 205 coal_ore
836 128 206 coal_ore
836 128 207 coal_ore
836 128 208 stone
836 128 209 stone
836 128 210 stone
836 128 211 stone
836 128 212 stone
836 128 213 stone
836 128 214 stone
836 128 215 stone
836 128 216 stone
836 128 217 stone
836 128 218 stone
836 128 219 stone
836 128 220 stone
836 128 221 stone
836 128 222 stone
836 128 223 stone
836 128 224 stone
836 128 225 stone
836 128 226 stone
836 128 227 stone
836 128 228 stone
836 128 229 stone
836 128 230 stone
836 128 231 stone
836 128 232 stone
836 128 233 stone
836 128 234 stone
836 128 235 stone
836 128 236 stone
836 128 237 stone
836 128 238 stone
836 128 239 stone
836 128 240 stone
836 128 241 stone
836 128 242 stone
836 128 243 stone
836 128 244 stone
836 128 245 stone
836 128 246 stone
836 128 247 stone
836 128 248 stone
836 128 249 stone
836 128 250 stone
836 128 251 stone
836 128 252 stone
836 128 253 stone
836 128 254 stone
836 128 255 stone
836 128 256 stone
836 128 257 stone
836 128 258 stone
836 128 259 stone
836 128 260 stone
836 128 261 stone
836 128 262 gravel
836 128 263 stone
836 128 264 stone
836 128 265 stone
836 128 266 stone
836 128 267 stone
836 128 268 stone
836 128 269 stone
836 128 270 stone
836 128 271 stone
836 128 272 stone
836 128 273 stone
836 128 274 stone
836 128 275 stone
836 128 276 stone
836 128 277 stone
836 128 278 stone
836 128 279 stone
836 128 280 stone
836 128 281 stone
836 128 282 stone
836 128 283 stone
836 128 284 stone
836 128 285 stone
836 128 286 stone
836 128 287 stone
836 128 288 stone
836 128 289 stone
836 128 290 stone
836 128 291 stone
836 128 292 stone
836 128 293 stone
836 128 294 stone
836 128 295 stone
836 128 296 stone
836 128 297 stone
836 128 298 stone
836 128 299 stone
836 128 300 stone
836 128 301 stone
836 128 302 stone
836 128 303 stone
836 128 304 stone
836 128 305 stone
836 128 306 stone
836 128 307 stone
836 128 308 stone
836 128 309 stone
836 128 310 stone
836 128 311 stone
836 128 312 stone
836 128 313 stone
836 128 314 stone
836 128 315 stone
836 128 316 stone
836 128 317 stone
836 128 318 stone
836 128 319 stone
836 128 320 stone
836 128 321 stone
836 128 322 stone
836 128 323 stone
836 128 324 stone
836 128 325 stone
836 128 326 dirt
836 128 327 dirt
836 128 328 dirt
836 128 329 dirt
836 128 330 gravel
836 128 331 gravel
836 128 332 gravel
836 128 333 stone
836 128 334 stone
836 128 335 stone
836 128 336 stone
836 128 337 stone
836 128 338 stone
836 128 339 stone
836 128 340 stone
836 128 341 stone
836 128 342 stone
836 128 343 stone
836 128 344 stone
836 128 345 stone
836 128 346 dirt
836 128 347 dirt
836 128 348 stone
836 128 349 stone
836 128 350 stone
836 128 351 stone
836 128 352 stone
836 128 353 stone
836 128 354 stone
836 128 355 stone
836 128 356 stone
836 128 357 stone
836 128 358 stone
836 128 359 stone
836 128 360 stone
836 128 361 stone
836 128 362 stone
836 128 363 stone
836 128 364 stone
836 128 365 stone
836 128 366 stone
836 128 367 stone
836 128 368 stone
836 128 369 stone
836 128 370 stone
836 128 371 stone
836 128 372 stone
836 128 373 stone
836 128 374 stone
836 128 375 stone
836 128 376 stone
836 128 377 stone
836 128 378 stone
836 128 379 stone
836 128 380 stone
836 128 381 stone
836 128 382 stone
836 128 383 stone
836 128 384 stone
836 128 385 stone
836 128 386 stone
836 128 387 stone
836 128 388 stone
836 128 389 stone
836 128 390 stone
836 128 391 stone
836 128 392 stone
836 128 393 stone
836 128 394 stone
836 128 395 stone
836 128 396 stone
836 128 397 stone
836 128 398 stone
836 128 399 stone
836 128 400 stone
836 128 401 stone
836 128 402 stone
836 128 403 stone
836 128 404 stone
836 128 405 stone
836 128 406 stone
836 128 407 stone
836 128 408 stone
836 128 409 stone
836 128 410 stone
836 128 411 stone
836 128 412 stone
836 128 413 stone
836 128 414 coal_ore
836 128 415 coal_ore
836 128 416 coal_ore
836 128 417 stone
836 128 418 stone
836 128 419 stone
836 128 420 stone
836 128 421 stone
836 128 422 stone
836 128 423 stone
836 128 424 stone
836 128 425 stone
836 128 426 stone
836 128 427 stone
836 128 428 stone
836 128 429 stone
836 128 430 stone
836 128 431 stone
836 128 432 stone
836 128 433 stone
836 128 434 stone
836 128 435 stone
836 128 436 stone
836 128 437 stone
836 128 438 dirt
836 128 474 short_grass
836 128 476 grass_block[snowy=false]
836 128 477 dirt
836 128 478 stone
836 128 479 stone
836 128 480 stone
836 128 481 stone
836 128 482 stone
836 128 483 copper_ore
836 128 484 copper_ore
836 128 485 stone
836 128 486 stone
836 128 487 stone
836 128 488 stone
836 128 489 stone
836 128 490 stone
836 128 491 stone
836 128 492 stone
836 128 493 stone
836 128 494 stone
836 128 495 stone
836 128 496 stone
836 128 497 stone
836 128 498 stone
836 128 499 stone
836 128 500 stone
836 128 501 stone
836 128 502 stone
836 128 503 stone
836 128 504 stone
836 128 505 stone
836 128 506 stone
836 128 507 stone
836 128 508 stone
836 128 509 stone
836 128 510 stone
836 128 511 stone
836 128 512 stone
836 128 513 stone
836 128 514 granite
836 128 515 granite
836 128 516 granite
836 128 517 granite
836 128 518 granite
836 128 519 granite
836 128 520 granite
836 128 521 granite
836 128 522 stone
836 128 523 stone
836 128 524 stone
836 128 525 stone
836 128 526 stone
836 128 527 stone
836 128 528 stone
836 128 529 stone
836 128 530 stone
836 128 531 stone
836 128 532 stone
836 128 533 stone
836 128 534 stone
836 128 535 stone
836 128 536 stone
836 128 537 stone
836 128 538 stone
836 128 539 stone
836 128 540 stone
836 128 541 stone
836 128 542 stone
836 128 543 stone
836 128 544 stone
836 128 545 stone
836 128 546 stone
836 128 547 stone
836 128 548 stone
836 128 549 stone
836 128 550 stone
836 128 551 stone
836 128 552 stone
836 128 553 stone
836 128 554 stone
836 128 555 stone
836 128 556 stone
836 128 557 stone
836 128 558 stone
836 128 559 stone
836 128 560 stone
836 128 561 stone
836 128 562 stone
836 128 563 stone
836 128 564 stone
836 128 565 stone
836 128 566 stone
836 128 567 stone
836 128 568 stone
836 128 569 stone
836 128 570 stone
836 128 571 stone
836 128 572 stone
836 128 573 stone
836 128 574 stone
836 128 575 stone
836 128 576 stone
836 128 577 stone
836 128 578 stone
836 128 579 stone
836 128 580 stone
836 128 581 stone
836 128 582 stone
836 128 583 stone
836 128 584 stone
836 128 585 stone
836 128 586 stone
836 128 587 stone
836 128 588 stone
836 128 589 stone
836 128 590 stone
836 128 591 stone
836 128 592 stone
836 128 593 stone
836 128 594 stone
836 128 595 stone
836 128 596 stone
836 128 597 stone
836 128 598 stone
836 128 599 stone
836 128 600 stone
836 128 601 stone
836 128 602 stone
836 128 603 stone
836 128 604 stone
836 128 605 stone
836 128 606 stone
836 128 607 stone
836 128 608 stone
836 128 609 stone
836 128 610 stone
836 128 611 stone
836 128 612 stone
836 128 613 stone
836 128 614 stone
836 128 615 stone
836 128 616 stone
836 128 617 stone
836 128 618 stone
836 128 619 stone
836 128 620 stone
836 128 621 stone
836 128 622 stone
836 128 623 stone
836 128 624 stone
836 128 625 stone
836 128 626 stone
836 128 627 stone
836 128 628 stone
836 128 629 stone
836 128 630 stone
836 128 631 stone
836 128 632 granite
836 128 633 granite
836 128 634 stone
836 128 635 stone
836 128 636 stone
836 128 637 stone
836 128 638 stone
836 128 639 stone
836 128 640 stone
836 128 641 stone
836 128 642 stone
836 128 643 stone
836 128 644 stone
836 128 645 stone
836 128 646 stone
836 128 647 stone
836 128 648 stone
836 128 649 stone
836 128 650 stone
836 128 651 stone
836 128 652 stone
836 128 653 stone
836 128 654 stone
836 128 655 stone
836 128 656 stone
836 128 657 stone
836 128 658 stone
836 128 659 stone
836 128 660 stone
836 128 661 stone
836 128 662 stone
836 128 663 stone
836 128 664 stone
836 128 665 stone
836 128 666 stone
836 128 667 stone
836 128 668 stone
836 128 669 stone
836 128 670 stone
836 128 671 stone
836 128 672 stone
836 128 673 stone
836 128 674 stone
836 128 675 stone
836 128 676 stone
836 128 677 stone
836 128 678 stone
836 128 679 stone
836 128 680 stone
836 128 681 stone
836 128 682 stone
836 128 683 stone
836 128 684 stone
836 128 685 stone
836 128 686 stone
836 128 687 stone
836 128 688 stone
836 128 689 gravel
836 128 690 stone
836 128 691 stone
836 128 692 stone
836 128 693 stone
836 128 694 stone
836 128 695 stone
836 128 696 stone
836 128 697 stone
836 128 698 stone
836 128 715 stone
836 128 716 stone
836 128 717 stone
836 128 718 stone
836 128 719 stone
836 128 720 stone
836 128 721 stone
836 128 722 stone
836 128 723 stone
836 128 724 stone
836 128 725 stone
836 128 726 stone
836 128 727 stone
836 128 728 stone
836 128 729 stone
836 128 730 stone
836 128 731 stone
836 128 732 stone
836 128 733 stone
836 128 734 stone
836 128 735 stone
836 128 736 stone
836 128 737 stone
836 128 738 stone
836 128 739 stone
836 128 740 stone
836 128 741 stone
836 128 742 stone
836 128 743 stone
836 128 744 stone
836 128 745 stone
836 128 746 stone
836 128 747 stone
836 128 748 stone
836 128 749 stone
836 128 750 stone
836 128 751 stone
836 128 752 stone
836 128 753 stone
836 128 754 stone
836 128 755 stone
836 128 756 stone
836 128 757 stone
836 128 758 stone
836 128 759 stone
836 128 760 stone
836 128 761 stone
836 128 762 stone
836 128 763 stone
836 128 764 stone
836 128 765 stone
836 128 766 stone
836 128 767 stone
836 128 768 stone
836 128 769 stone
836 128 770 stone
836 128 771 stone
836 128 772 stone
836 128 773 stone
836 128 774 stone
836 128 775 stone
836 128 776 stone
836 128 789 stone
836 128 790 stone
836 128 791 stone
836 128 792 stone
836 128 793 stone
836 128 794 stone
836 128 795 stone
836 128 796 stone
836 128 797 stone
836 128 798 stone
836 128 799 stone
836 128 800 stone
836 128 801 stone
836 128 802 stone
836 128 803 stone
836 128 804 stone
836 128 805 stone
836 128 806 stone
836 128 807 stone
836 128 808 stone
836 128 809 stone
836 128 810 stone
836 128 811 stone
836 128 812 stone
836 128 813 stone
836 128 814 stone
836 128 815 stone
836 128 816 stone
836 128 817 stone
836 128 818 stone
836 128 819 stone
836 128 820 stone
836 128 821 stone
836 128 822 stone
836 128 823 stone
836 128 824 stone
836 128 825 stone
836 128 826 stone
836 128 827 copper_ore
836 128 828 copper_ore
836 128 829 stone
836 128 830 stone
836 128 831 stone
836 128 832 stone
836 128 833 stone
836 128 834 stone
836 128 835 stone
836 128 836 copper_ore
836 128 837 copper_ore
836 128 838 stone
836 128 839 stone
836 128 840 stone
836 128 841 stone
836 128 842 stone
836 128 843 stone
836 128 844 stone
836 128 845 stone
836 128 846 stone
836 128 847 stone
836 128 848 stone
836 128 849 stone
836 128 850 stone
836 128 851 stone
836 128 852 stone
836 128 853 stone
836 128 854 stone
836 128 855 stone
836 128 856 stone
836 128 857 stone
836 128 858 stone
836 128 859 stone
836 128 860 stone
836 128 861 stone
836 128 862 stone
836 128 863 stone
836 128 864 stone
836 128 865 stone
836 128 866 stone
836 128 867 stone
836 128 868 stone
836 128 869 stone
836 128 870 stone
836 128 871 stone
836 128 872 stone
836 128 873 stone
836 128 874 stone
836 128 875 stone
836 128 876 stone
836 128 877 stone
836 128 878 stone
836 128 879 stone
836 128 880 stone
836 128 881 stone
836 128 882 stone
836 128 883 stone
836 128 884 stone
836 128 885 stone
836 128 886 stone
836 128 887 stone
836 128 888 stone
836 128 889 stone
836 128 890 stone
836 128 891 stone
836 128 892 stone
836 128 893 stone
836 128 894 stone
836 128 895 stone
836 128 896 stone
836 128 897 stone
836 128 898 stone
836 128 899 stone
836 128 900 stone
836 128 901 stone
836 128 902 stone
836 128 903 stone
836 128 904 stone
836 128 905 stone
836 128 906 stone
836 128 907 stone
836 128 908 stone
836 128 909 stone
836 128 910 stone
836 128 911 stone
836 128 912 stone
836 128 913 stone
836 128 914 stone
836 128 915 stone
836 128 916 stone
836 128 917 stone
836 128 918 stone
836 128 919 stone
836 128 920 stone
836 128 921 stone
836 128 922 stone
836 128 923 stone
836 128 924 stone
836 128 925 stone
836 128 926 gravel
836 128 927 gravel
836 128 928 stone
836 128 929 stone
836 128 930 stone
836 128 931 stone
836 128 932 stone
836 128 933 stone
836 128 934 stone
836 128 935 stone
836 128 936 stone
836 128 937 stone
836 128 938 gravel
836 128 939 gravel
836 128 940 gravel
836 128 941 gravel
836 128 942 stone
836 128 943 stone
836 128 944 stone
836 128 945 stone
836 128 946 stone
836 128 947 stone
836 128 948 stone
836 128 949 stone
836 128 950 stone
836 128 951 stone
836 128 952 stone
836 128 953 stone
836 128 954 stone
836 128 955 dirt
836 128 967 gravel
836 128 968 gravel
836 128 969 stone
836 128 970 stone
836 128 971 stone
836 128 972 dirt
836 128 973 dirt
836 128 974 dirt
836 128 975 stone
836 128 976 stone
836 128 977 stone
836 128 978 stone
836 128 979 stone
836 128 980 stone
836 128 981 gravel
836 128 982 gravel
836 128 983 gravel
836 128 984 gravel
836 128 985 stone
836 128 986 stone
836 128 987 stone
836 128 988 stone
836 128 989 stone
836 128 990 stone
836 128 991 stone
836 128 992 stone
836 128 993 stone
836 128 994 stone
836 128 995 stone
836 128 996 stone
836 128 997 stone
836 128 998 stone
836 128 999 stone
836 128 1000 stone
836 128 1001 stone
836 128 1002 coal_ore
836 128 1003 coal_ore
836 128 1004 stone
836 128 1005 stone
836 128 1006 stone
836 128 1007 stone
836 128 1008 stone
836 128 1009 stone
836 128 1010 stone
836 128 1011 stone
836 128 1012 stone
836 128 1013 stone
836 128 1014 stone
836 128 1015 stone
836 128 1016 stone
836 128 1017 stone
836 128 1018 stone
836 128 1019 stone
836 128 1020 stone
836 128 1021 stone
836 129 0 stone
836 129 1 stone
836 129 2 stone
836 129 3 stone
836 129 4 stone
836 129 5 stone
836 129 6 stone
836 129 7 stone
836 129 8 stone
836 129 9 copper_ore
836 129 10 copper_ore
836 129 11 stone
836 129 12 stone
836 129 13 stone
836 129 14 stone
836 129 15 stone
836 129 16 stone
836 129 17 stone
836 129 18 stone
836 129 19 stone
836 129 20 stone
836 129 21 stone
836 129 22 stone
836 129 23 stone
836 129 24 stone
836 129 25 stone
836 129 26 stone
836 129 27 stone
836 129 28 stone
836 129 29 stone
836 129 30 stone
836 129 31 stone
836 129 32 dirt
836 129 38 stone
836 129 39 stone
836 129 40 stone
836 129 41 stone
836 129 42 stone
836 129 43 stone
836 129 44 stone
836 129 45 stone
836 129 46 stone
836 129 47 stone
836 129 48 stone
836 129 49 stone
836 129 50 stone
836 129 51 stone
836 129 52 stone
836 129 53 stone
836 129 54 stone
836 129 55 stone
836 129 56 stone
836 129 57 stone
836 129 58 stone
836 129 59 stone
836 129 60 stone
836 129 61 stone
836 129 62 stone
836 129 63 stone
836 129 64 stone
836 129 65 stone
836 129 66 stone
836 129 67 stone
836 129 68 stone
836 129 69 stone
836 129 70 stone
836 129 71 stone
836 129 72 stone
836 129 73 stone
836 129 74 stone
836 129 75 stone
836 129 76 stone
836 129 77 stone
836 129 78 stone
836 129 79 stone
836 129 80 stone
836 129 81 stone
836 129 82 stone
836 129 83 stone
836 129 84 stone
836 129 85 stone
836 129 86 stone
836 129 87 stone
836 129 88 stone
836 129 89 stone
836 129 90 stone
836 129 91 dirt
836 129 92 dirt
836 129 93 dirt
836 129 94 dirt
836 129 95 dirt
836 129 96 dirt
836 129 97 dirt
836 129 98 dirt
836 129 99 dirt
836 129 100 dirt
836 129 101 dirt
836 129 102 dirt
836 129 103 dirt
836 129 104 stone
836 129 105 stone
836 129 106 dirt
836 129 107 dirt
836 129 108 dirt
836 129 109 dirt
836 129 110 dirt
836 129 111 dirt
836 129 112 dirt
836 129 113 dirt
836 129 114 dirt
836 129 115 dirt
836 129 116 dirt
836 129 117 dirt
836 129 118 dirt
836 129 119 dirt
836 129 120 dirt
836 129 121 dirt
836 129 122 dirt
836 129 123 dirt
836 129 124 dirt
836 129 125 dirt
836 129 126 stone
836 129 127 stone
836 129 128 stone
836 129 129 stone
836 129 130 stone
836 129 131 dirt
836 129 132 dirt
836 129 133 dirt
836 129 134 dirt
836 129 135 dirt
836 129 136 dirt
836 129 137 dirt
836 129 138 dirt
836 129 139 dirt
836 129 140 dirt
836 129 141 dirt
836 129 142 dirt
836 129 143 dirt
836 129 144 dirt
836 129 145 dirt
836 129 146 dirt
836 129 147 dirt
836 129 148 dirt
836 129 149 stone
836 129 150 stone
836 129 151 stone
836 129 152 stone
836 129 153 dirt
836 129 154 stone
836 129 155 stone
836 129 156 stone
836 129 157 stone
836 129 158 stone
836 129 159 stone
836 129 160 stone
836 129 161 stone
836 129 162 stone
836 129 163 stone
836 129 164 stone
836 129 165 stone
836 129 166 stone
836 129 167 stone
836 129 168 stone
836 129 169 stone
836 129 170 stone
836 129 171 stone
836 129 172 stone
836 129 173 stone
836 129 174 stone
836 129 175 stone
836 129 176 stone
836 129 177 stone
836 129 178 stone
836 129 179 dirt
836 129 180 dirt
836 129 181 dirt
836 129 182 dirt
836 129 183 stone
836 129 184 stone
836 129 185 stone
836 129 186 stone
836 129 187 stone
836 129 188 stone
836 129 189 stone
836 129 190 stone
836 129 191 stone
836 129 192 stone
836 129 193 stone
836 129 194 stone
836 129 195 stone
836 129 196 stone
836 129 197 stone
836 129 198 stone
836 129 199 stone
836 129 200 stone
836 129 201 stone
836 129 202 stone
836 129 203 stone
836 129 204 stone
836 129 205 stone
836 129 206 coal_ore
836 129 207 stone
836 129 208 stone
