fill 770 101 831 770 101 872 stone
770 101 873 copper_ore
770 101 874 stone
770 101 875 stone
fill 770 101 876 770 101 878 coal_ore
fill 770 101 879 770 101 886 stone
fill 770 101 887 770 101 894 granite
770 101 895 stone
fill 771 101 768 771 101 770 granite
fill 771 101 771 771 101 780 stone
771 101 781 copper_ore
fill 771 101 782 771 101 784 stone
fill 771 101 785 771 101 794 water[level=0]
771 101 795 stone
771 101 796 stone
fill 771 101 798 771 101 817 stone
771 101 818 diorite
771 101 819 dirt
771 101 820 dirt
fill 771 101 821 771 101 825 diorite
fill 771 101 826 771 101 829 granite
fill 771 101 830 771 101 843 stone
fill 771 101 844 771 101 846 copper_ore
fill 771 101 847 771 101 876 stone
771 101 877 coal_ore
771 101 878 coal_ore
fill 771 101 879 771 101 886 stone
fill 771 101 887 771 101 894 granite
771 101 895 stone
fill 772 101 768 772 101 771 granite
fill 772 101 772 772 101 780 stone
772 101 781 copper_ore
772 101 782 copper_ore
fill 772 101 783 772 101 785 stone
fill 772 101 786 772 101 794 water[level=0]
772 101 795 stone
772 101 796 stone
fill 772 101 798 772 101 809 stone
fill 772 101 810 772 101 812 coal_ore
fill 772 101 813 772 101 816 stone
fill 772 101 817 772 101 824 diorite
772 101 825 stone
772 101 826 granite
fill 772 101 827 772 101 833 stone
772 101 834 copper_ore
772 101 835 copper_ore
fill 772 101 836 772 101 843 stone
772 101 844 copper_ore
772 101 845 copper_ore
fill 772 101 846 772 101 861 stone
772 101 862 copper_ore
772 101 863 copper_ore
fill 772 101 864 772 101 873 stone
772 101 874 dirt
772 101 875 dirt
fill 772 101 876 772 101 886 stone
fill 772 101 887 772 101 894 granite
772 101 895 stone
773 101 768 granite
773 101 769 granite
773 101 770 granite
773 101 771 granite
fill 773 101 772 773 101 780 stone
fill 773 101 781 773 101 783 copper_ore
fill 773 101 784 773 101 786 stone
fill 773 101 787 773 101 794 water[level=0]
773 101 795 stone
773 101 796 stone
fill 773 101 798 773 101 809 stone
fill 773 101 810 773 101 812 coal_ore
773 101 813 stone
773 101 814 stone
fill 773 101 815 773 101 817 andesite
fill 773 101 818 773 101 824 diorite
fill 773 101 825 773 101 832 stone
773 101 833 granite
773 101 834 copper_ore
773 101 835 copper_ore
773 101 836 granite
fill 773 101 837 773 101 860 stone
fill 773 101 861 773 101 863 copper_ore
fill 773 101 864 773 101 872 stone
fill 773 101 873 773 101 875 dirt
fill 773 101 876 773 101 886 stone
fill 773 101 887 773 101 895 granite
fill 774 101 768 774 101 772 granite
fill 774 101 773 774 101 781 stone
774 101 782 copper_ore
fill 774 101 783 774 101 788 stone
fill 774 101 789 774 101 794 water[level=0]
774 101 795 stone
774 101 796 stone
fill 774 101 798 774 101 813 stone
fill 774 101 814 774 101 817 andesite
fill 774 101 818 774 101 824 diorite
fill 774 101 825 774 101 828 stone
fill 774 101 829 774 101 831 gravel
774 101 832 granite
774 101 833 granite
774 101 834 copper_ore
774 101 835 copper_ore
774 101 836 granite
774 101 837 granite
fill 774 101 838 774 101 872 stone
fill 774 101 873 774 101 876 dirt
fill 774 101 877 774 101 886 stone
fill 774 101 887 774 101 895 granite
fill 775 101 768 775 101 773 granite
fill 775 101 774 775 101 789 stone
fill 775 101 790 775 101 795 water[level=0]
775 101 796 stone
fill 775 101 798 775 101 813 stone
fill 775 101 814 775 101 818 andesite
fill 775 101 819 775 101 824 diorite
775 101 825 stone
775 101 826 stone
fill 775 101 827 775 101 832 gravel
fill 775 101 833 775 101 837 granite
fill 775 101 838 775 101 870 stone
775 101 871 copper_ore
775 101 872 stone
fill 775 101 873 775 101 876 dirt
fill 775 101 877 775 101 886 stone
fill 775 101 887 775 101 895 granite
fill 776 101 768 776 101 773 granite
fill 776 101 774 776 101 791 stone
fill 776 101 792 776 101 795 water[level=0]
776 101 796 stone
fill 776 101 797 776 101 799 copper_ore
fill 776 101 800 776 101 813 stone
fill 776 101 814 776 101 819 andesite
fill 776 101 820 776 101 823 diorite
776 101 824 stone
776 101 825 stone
fill 776 101 826 776 101 832 gravel
fill 776 101 833 776 101 838 granite
fill 776 101 839 776 101 864 stone
776 101 865 diorite
fill 776 101 866 776 101 870 stone
776 101 871 copper_ore
776 101 872 stone
fill 776 101 873 776 101 876 dirt
fill 776 101 877 776 101 887 stone
fill 776 101 888 776 101 894 granite
776 101 895 stone
fill 777 101 768 777 101 774 granite
fill 777 101 775 777 101 797 stone
fill 777 101 798 777 101 800 copper_ore
fill 777 101 801 777 101 813 stone
fill 777 101 814 777 101 819 andesite
fill 777 101 820 777 101 823 diorite
777 101 824 stone
fill 777 101 825 777 101 831 gravel
777 101 832 dirt
fill 777 101 833 777 101 838 granite
fill 777 101 839 777 101 846 stone
777 101 847 lapis_ore
777 101 848 lapis_ore
fill 777 101 849 777 101 863 stone
fill 777 101 864 777 101 866 diorite
fill 777 101 867 777 101 872 stone
fill 777 101 873 777 101 876 dirt
fill 777 101 877 777 101 887 stone
fill 777 101 888 777 101 894 granite
777 101 895 stone
fill 778 101 768 778 101 774 granite
778 101 775 stone
778 101 776 stone
fill 778 101 777 778 101 782 andesite
fill 778 101 783 778 101 813 stone
fill 778 101 814 778 101 819 andesite
fill 778 101 820 778 101 822 diorite
778 101 823 stone
fill 778 101 824 778 101 830 gravel
fill 778 101 831 778 101 833 dirt
fill 778 101 834 778 101 838 granite
fill 778 101 839 778 101 846 stone
778 101 847 lapis_ore
778 101 848 lapis_ore
fill 778 101 849 778 101 864 stone
fill 778 101 865 778 101 868 diorite
fill 778 101 869 778 101 872 stone
fill 778 101 873 778 101 876 dirt
fill 778 101 877 778 101 888 stone
fill 778 101 889 778 101 894 granite
778 101 895 stone
fill 779 101 768 779 101 771 granite
fill 779 101 772 779 101 783 andesite
fill 779 101 784 779 101 813 stone
fill 779 101 814 779 101 820 andesite
779 101 821 diorite
779 101 822 stone
779 101 823 stone
fill 779 101 824 779 101 829 gravel
779 101 830 stone
fill 779 101 831 779 101 834 dirt
fill 779 101 835 779 101 838 granite
fill 779 101 839 779 101 865 stone
fill 779 101 866 779 101 870 diorite
779 101 871 stone
779 101 872 stone
fill 779 101 873 779 101 876 dirt
fill 779 101 877 779 101 888 stone
fill 779 101 889 779 101 894 granite
779 101 895 stone
780 101 768 stone
780 101 769 granite
780 101 770 granite
fill 780 101 771 780 101 783 andesite
fill 780 101 784 780 101 802 stone
780 101 803 copper_ore
780 101 804 copper_ore
fill 780 101 805 780 101 809 stone
fill 780 101 810 780 101 812 andesite
780 101 813 stone
fill 780 101 814 780 101 820 andesite
fill 780 101 821 780 101 824 stone
780 101 825 gravel
fill 780 101 826 780 101 830 stone
fill 780 101 831 780 101 835 dirt
fill 780 101 836 780 101 839 granite
fill 780 101 840 780 101 865 stone
fill 780 101 866 780 101 870 diorite
780 101 871 stone
780 101 872 stone
fill 780 101 873 780 101 876 dirt
fill 780 101 877 780 101 889 stone
fill 780 101 890 780 101 894 granite
780 101 895 stone
781 101 768 stone
fill 781 101 769 781 101 773 andesite
781 101 774 coal_ore
781 101 775 coal_ore
fill 781 101 776 781 101 783 andesite
fill 781 101 784 781 101 802 stone
781 101 803 copper_ore
781 101 804 copper_ore
fill 781 101 805 781 101 808 stone
fill 781 101 809 781 101 821 andesite
fill 781 101 822 781 101 828 stone
fill 781 101 829 781 101 831 stone
fill 781 101 832 781 101 836 dirt
fill 781 101 837 781 101 839 granite
fill 781 101 840 781 101 866 stone
fill 781 101 867 781 101 871 diorite
fill 781 101 872 781 101 874 stone
781 101 875 dirt
fill 781 101 876 781 101 890 stone
781 101 891 granite
781 101 892 granite
fill 781 101 893 781 101 895 stone
fill 782 101 768 782 101 772 andesite
fill 782 101 773 782 101 775 coal_ore
fill 782 101 776 782 101 782 andesite
fill 782 101 783 782 101 808 stone
fill 782 101 809 782 101 821 andesite
fill 782 101 822 782 101 832 stone
fill 782 101 833 782 101 837 dirt
fill 782 101 838 782 101 866 stone
fill 782 101 867 782 101 872 diorite
fill 782 101 873 782 101 895 stone
fill 783 101 768 783 101 771 andesite
fill 783 101 772 783 101 774 coal_ore
fill 783 101 775 783 101 781 andesite
fill 783 101 782 783 101 808 stone
fill 783 101 809 783 101 821 andesite
fill 783 101 822 783 101 833 stone
fill 783 101 834 783 101 837 dirt
fill 783 101 838 783 101 867 stone
fill 783 101 868 783 101 872 diorite
fill 783 101 873 783 101 895 stone
fill 784 101 768 784 101 771 andesite
784 101 772 coal_ore
784 101 773 coal_ore
fill 784 101 774 784 101 779 andesite
784 101 780 granite
fill 784 101 781 784 101 808 stone
fill 784 101 809 784 101 821 andesite
fill 784 101 822 784 101 834 stone
784 101 835 dirt
784 101 836 dirt
fill 784 101 837 784 101 869 stone
784 101 870 diorite
784 101 871 diorite
fill 784 101 872 784 101 895 stone
fill 785 101 768 785 101 777 andesite
fill 785 101 778 785 101 781 granite
fill 785 101 782 785 101 800 stone
785 101 801 diorite
785 101 802 diorite
fill 785 101 803 785 101 808 stone
fill 785 101 809 785 101 821 andesite
fill 785 101 822 785 101 895 stone
fill 786 101 768 786 101 776 andesite
fill 786 101 777 786 101 781 granite
fill 786 101 782 786 101 799 stone
fill 786 101 800 786 101 803 diorite
fill 786 101 804 786 101 809 stone
fill 786 101 810 786 101 820 andesite
fill 786 101 821 786 101 895 stone
fill 787 101 768 787 101 773 andesite
fill 787 101 774 787 101 781 granite
fill 787 101 782 787 101 799 stone
fill 787 101 800 787 101 802 copper_ore
fill 787 101 803 787 101 805 diorite
fill 787 101 806 787 101 809 stone
fill 787 101 810 787 101 815 andesite
fill 787 101 816 787 101 818 iron_ore
787 101 819 andesite
fill 787 101 820 787 101 895 stone
fill 788 101 768 788 101 780 granite
fill 788 101 781 788 101 799 stone
788 101 800 diorite
fill 788 101 801 788 101 803 copper_ore
788 101 804 diorite
788 101 805 diorite
fill 788 101 806 788 101 809 stone
fill 788 101 810 788 101 815 andesite
788 101 816 iron_ore
788 101 817 iron_ore
788 101 818 andesite
fill 788 101 819 788 101 856 stone
788 101 857 infested_stone
fill 788 101 858 788 101 895 stone
fill 789 101 768 789 101 771 granite
789 101 772 gravel
789 101 773 gravel
fill 789 101 774 789 101 778 granite
fill 789 101 779 789 101 799 stone
fill 789 101 800 789 101 806 diorite
789 101 807 stone
789 101 808 stone
fill 789 101 809 789 101 818 andesite
fill 789 101 819 789 101 878 stone
789 101 879 coal_ore
fill 789 101 880 789 101 895 stone
fill 790 101 768 790 101 770 granite
fill 790 101 771 790 101 774 gravel
790 101 775 granite
790 101 776 granite
790 101 777 granite
fill 790 101 778 790 101 799 stone
fill 790 101 800 790 101 806 diorite
790 101 807 stone
fill 790 101 808 790 101 818 andesite
fill 790 101 819 790 101 877 stone
790 101 878 coal_ore
790 101 879 coal_ore
fill 790 101 880 790 101 895 stone
fill 791 101 768 791 101 770 granite
fill 791 101 771 791 101 774 gravel
791 101 775 granite
fill 791 101 776 791 101 799 stone
fill 791 101 800 791 101 806 diorite
fill 791 101 807 791 101 819 andesite
fill 791 101 820 791 101 877 stone
791 101 878 coal_ore
791 101 879 coal_ore
fill 791 101 880 791 101 895 stone
fill 792 101 768 792 101 770 granite
fill 792 101 771 792 101 774 gravel
fill 792 101 775 792 101 799 stone
fill 792 101 800 792 101 806 diorite
fill 792 101 807 792 101 819 andesite
fill 792 101 820 792 101 878 stone
792 101 879 coal_ore
fill 792 101 880 792 101 895 stone
fill 793 101 768 793 101 770 granite
fill 793 101 771 793 101 774 gravel
fill 793 101 775 793 101 800 stone
fill 793 101 801 793 101 806 diorite
fill 793 101 807 793 101 820 andesite
fill 793 101 821 793 101 895 stone
fill 794 101 768 794 101 770 coal_ore
fill 794 101 771 794 101 774 gravel
fill 794 101 775 794 101 800 stone
fill 794 101 801 794 101 805 diorite
fill 794 101 806 794 101 812 andesite
794 101 813 stone
794 101 814 stone
fill 794 101 815 794 101 820 andesite
fill 794 101 821 794 101 895 stone
fill 795 101 768 795 101 770 coal_ore
fill 795 101 771 795 101 774 gravel
fill 795 101 775 795 101 800 stone
fill 795 101 801 795 101 805 diorite
fill 795 101 806 795 101 812 andesite
795 101 813 stone
795 101 814 stone
fill 795 101 815 795 101 820 andesite
fill 795 101 821 795 101 867 stone
795 101 868 gravel
fill 795 101 869 795 101 895 stone
796 101 768 stone
796 101 769 stone
796 101 770 coal_ore
796 101 771 stone
fill 796 101 772 796 101 774 gravel
fill 796 101 775 796 101 801 stone
fill 796 101 802 796 101 804 diorite
fill 796 101 805 796 101 812 andesite
fill 796 101 813 796 101 815 stone
fill 796 101 816 796 101 819 andesite
fill 796 101 820 796 101 859 stone
796 101 860 gravel
796 101 861 gravel
fill 796 101 862 796 101 895 stone
fill 797 101 768 797 101 771 stone
797 101 772 gravel
797 101 773 gravel
fill 797 101 774 797 101 802 stone
797 101 803 diorite
797 101 804 diorite
fill 797 101 805 797 101 811 andesite
fill 797 101 812 797 101 815 stone
797 101 818 andesite
fill 797 101 819 797 101 859 stone
797 101 860 gravel
797 101 861 gravel
fill 797 101 862 797 101 881 stone
797 101 882 coal_ore
797 101 883 coal_ore
fill 797 101 884 797 101 895 stone
fill 798 101 768 798 101 803 stone
fill 798 101 804 798 101 811 andesite
fill 798 101 812 798 101 816 stone
fill 798 101 822 798 101 859 stone
798 101 860 gravel
798 101 861 gravel
fill 798 101 862 798 101 869 stone
fill 798 101 870 798 101 881 stone
fill 798 101 882 798 101 884 coal_ore
798 101 885 copper_ore
fill 798 101 886 798 101 895 stone
fill 799 101 768 799 101 803 stone
fill 799 101 804 799 101 811 andesite
fill 799 101 812 799 101 817 stone
fill 799 101 824 799 101 859 stone
799 101 860 gravel
fill 799 101 861 799 101 882 stone
799 101 883 coal_ore
799 101 884 coal_ore
799 101 885 dirt
799 101 886 dirt
fill 799 101 887 799 101 895 stone
fill 800 101 768 800 101 804 stone
fill 800 101 805 800 101 811 andesite
fill 800 101 812 800 101 818 stone
fill 800 101 825 800 101 859 stone
800 101 860 gravel
800 101 861 gravel
fill 800 101 862 800 101 882 stone
fill 800 101 883 800 101 887 dirt
fill 800 101 888 800 101 895 stone
fill 801 101 768 801 101 803 stone
fill 801 101 804 801 101 811 andesite
fill 801 101 812 801 101 817 stone
801 101 818 andesite
801 101 819 andesite
fill 801 101 827 801 101 851 stone
801 101 852 copper_ore
801 101 853 stone
fill 801 101 856 801 101 859 stone
801 101 860 gravel
fill 801 101 861 801 101 876 stone
801 101 881 stone
801 101 882 stone
fill 801 101 883 801 101 886 dirt
fill 801 101 887 801 101 895 stone
fill 802 101 768 802 101 803 stone
fill 802 101 804 802 101 812 andesite
fill 802 101 813 802 101 817 stone
fill 802 101 818 802 101 823 andesite
802 101 824 coal_ore
802 101 825 andesite
fill 802 101 826 802 101 830 stone
fill 802 101 831 802 101 836 andesite
fill 802 101 837 802 101 847 stone
fill 802 101 858 802 101 875 stone
802 101 876 water[level=8]
802 101 877 water[level=1]
fill 802 101 880 802 101 882 stone
fill 802 101 883 802 101 886 dirt
fill 802 101 887 802 101 895 stone
fill 803 101 768 803 101 803 stone
fill 803 101 804 803 101 813 andesite
fill 803 101 814 803 101 817 stone
fill 803 101 818 803 101 823 andesite
803 101 824 coal_ore
803 101 825 coal_ore
803 101 826 andesite
803 101 827 andesite
fill 803 101 828 803 101 830 stone
fill 803 101 831 803 101 837 andesite
fill 803 101 838 803 101 846 stone
fill 803 101 859 803 101 876 stone
803 101 877 water[level=8]
803 101 878 water[level=1]
803 101 880 stone
803 101 881 stone
fill 803 101 882 803 101 885 dirt
fill 803 101 886 803 101 895 stone
fill 804 101 768 804 101 804 stone
fill 804 101 805 804 101 815 andesite
fill 804 101 816 804 101 818 stone
fill 804 101 819 804 101 823 andesite
804 101 824 coal_ore
804 101 825 coal_ore
fill 804 101 826 804 101 828 andesite
804 101 829 stone
804 101 830 stone
fill 804 101 831 804 101 839 andesite
fill 804 101 840 804 101 846 stone
fill 804 101 861 804 101 881 stone
804 101 882 dirt
804 101 883 dirt
fill 804 101 884 804 101 895 stone
fill 805 101 768 805 101 804 stone
fill 805 101 805 805 101 815 andesite
fill 805 101 816 805 101 818 stone
fill 805 101 819 805 101 823 andesite
805 101 824 coal_ore
805 101 825 coal_ore
fill 805 101 826 805 101 829 andesite
805 101 830 stone
fill 805 101 831 805 101 840 andesite
fill 805 101 841 805 101 847 stone
805 101 854 glow_lichen[down=false,east=true,north=false,south=false,up=false,waterlogged=false,west=false]
805 101 855 glow_lichen[down=false,east=true,north=false,south=false,up=false,waterlogged=false,west=false]
fill 805 101 857 805 101 895 stone
fill 806 101 768 806 101 807 stone
fill 806 101 808 806 101 816 andesite
fill 806 101 817 806 101 819 stone
fill 806 101 820 806 101 823 andesite
806 101 824 coal_ore
fill 806 101 825 806 101 841 andesite
fill 806 101 842 806 101 847 stone
fill 806 101 853 806 101 874 stone
806 101 875 diorite
806 101 876 stone
806 101 877 diorite
fill 806 101 878 806 101 895 stone
807 101 768 gravel
807 101 769 gravel
fill 807 101 770 807 101 790 stone
fill 807 101 791 807 101 793 copper_ore
fill 807 101 794 807 101 807 stone
fill 807 101 808 807 101 817 andesite
807 101 818 stone
807 101 819 stone
fill 807 101 820 807 101 831 andesite
807 101 832 stone
fill 807 101 833 807 101 843 andesite
fill 807 101 844 807 101 848 stone
807 101 850 stone
807 101 851 infested_stone
807 101 852 infested_stone
fill 807 101 853 807 101 870 stone
fill 807 101 871 807 101 879 diorite
fill 807 101 880 807 101 882 stone
fill 807 101 883 807 101 895 stone
808 101 768 gravel
808 101 769 gravel
fill 808 101 770 808 101 791 stone
fill 808 101 792 808 101 794 copper_ore
fill 808 101 795 808 101 807 stone
fill 808 101 808 808 101 817 andesite
fill 808 101 818 808 101 821 stone
fill 808 101 822 808 101 832 andesite
808 101 833 stone
808 101 834 stone
fill 808 101 835 808 101 844 andesite
fill 808 101 845 808 101 867 stone
fill 808 101 868 808 101 879 diorite
fill 808 101 880 808 101 890 stone
808 101 891 iron_ore
808 101 892 iron_ore
fill 808 101 893 808 101 895 stone
809 101 768 gravel
fill 809 101 769 809 101 808 stone
fill 809 101 809 809 101 817 andesite
fill 809 101 818 809 101 821 stone
fill 809 101 822 809 101 832 andesite
fill 809 101 833 809 101 837 stone
fill 809 101 838 809 101 843 andesite
fill 809 101 844 809 101 866 stone
fill 809 101 867 809 101 879 diorite
fill 809 101 880 809 101 890 stone
809 101 891 iron_ore
809 101 892 iron_ore
fill 809 101 893 809 101 895 stone
fill 810 101 768 810 101 801 stone
810 101 802 granite
810 101 803 granite
fill 810 101 804 810 101 809 stone
fill 810 101 810 810 101 818 andesite
fill 810 101 819 810 101 823 stone
fill 810 101 824 810 101 833 andesite
fill 810 101 834 810 101 865 stone
fill 810 101 866 810 101 879 diorite
fill 810 101 880 810 101 894 stone
810 101 895 gravel
fill 811 101 768 811 101 800 stone
fill 811 101 801 811 101 803 granite
fill 811 101 804 811 101 809 stone
fill 811 101 810 811 101 819 andesite
fill 811 101 820 811 101 825 stone
fill 811 101 826 811 101 833 andesite
fill 811 101 834 811 101 863 stone
fill 811 101 864 811 101 878 diorite
fill 811 101 879 811 101 894 stone
811 101 895 gravel
fill 812 101 768 812 101 799 stone
fill 812 101 800 812 101 803 granite
fill 812 101 804 812 101 811 stone
fill 812 101 812 812 101 819 andesite
fill 812 101 820 812 101 827 stone
812 101 828 andesite
812 101 829 stone
812 101 830 stone
fill 812 101 831 812 101 833 andesite
fill 812 101 834 812 101 843 stone
812 101 844 gravel
812 101 845 gravel
fill 812 101 846 812 101 862 stone
fill 812 101 863 812 101 877 diorite
fill 812 101 878 812 101 895 stone
fill 813 101 768 813 101 781 stone
fill 813 101 782 813 101 784 diorite
fill 813 101 785 813 101 799 stone
fill 813 101 800 813 101 803 granite
fill 813 101 804 813 101 812 stone
fill 813 101 813 813 101 819 andesite
fill 813 101 820 813 101 861 stone
fill 813 101 862 813 101 876 diorite
fill 813 101 877 813 101 895 stone
fill 814 101 768 814 101 781 stone
fill 814 101 782 814 101 785 diorite
814 101 786 copper_ore
814 101 787 copper_ore
fill 814 101 788 814 101 799 stone
fill 814 101 800 814 101 803 granite
fill 814 101 804 814 101 813 stone
fill 814 101 814 814 101 819 andesite
fill 814 101 820 814 101 822 coal_ore
fill 814 101 823 814 101 860 stone
fill 814 101 861 814 101 874 diorite
fill 814 101 875 814 101 885 stone
814 101 886 copper_ore
814 101 887 copper_ore
fill 814 101 888 814 101 895 stone
fill 815 101 768 815 101 780 stone
fill 815 101 781 815 101 785 diorite
815 101 786 copper_ore
815 101 787 copper_ore
fill 815 101 788 815 101 799 stone
fill 815 101 800 815 101 803 granite
fill 815 101 804 815 101 814 stone
fill 815 101 815 815 101 818 andesite
fill 815 101 819 815 101 822 coal_ore
fill 815 101 823 815 101 860 stone