835 120 75 stone
835 120 76 stone
835 120 77 stone
835 120 78 stone
835 120 79 stone
835 120 80 stone
835 120 81 stone
835 120 82 stone
835 120 83 stone
835 120 84 stone
835 120 85 stone
835 120 86 stone
835 120 87 stone
835 120 88 stone
835 120 89 stone
835 120 90 stone
835 120 91 stone
835 120 92 stone
835 120 93 stone
835 120 94 stone
835 120 95 granite
835 120 96 granite
835 120 97 granite
835 120 98 granite
835 120 99 stone
835 120 100 stone
835 120 101 stone
835 120 102 stone
835 120 103 stone
835 120 104 stone
835 120 105 stone
835 120 106 stone
835 120 107 andesite
835 120 108 andesite
835 120 109 andesite
835 120 110 andesite
835 120 111 andesite
835 120 112 andesite
835 120 113 stone
835 120 114 stone
835 120 115 stone
835 120 116 stone
835 120 117 stone
835 120 118 stone
835 120 119 stone
835 120 120 stone
835 120 121 stone
835 120 122 coal_ore
835 120 123 stone
835 120 124 stone
835 120 125 stone
835 120 126 stone
835 120 127 stone
835 120 128 stone
835 120 129 stone
835 120 130 stone
835 120 131 stone
835 120 132 stone
835 120 133 stone
835 120 134 stone
835 120 135 stone
835 120 136 stone
835 120 137 stone
835 120 138 stone
835 120 139 stone
835 120 140 stone
835 120 141 stone
835 120 142 stone
835 120 143 stone
835 120 144 diorite
835 120 145 andesite
835 120 146 andesite
835 120 147 andesite
835 120 148 andesite
835 120 149 andesite
835 120 150 andesite
835 120 151 andesite
835 120 152 copper_ore
835 120 153 copper_ore
835 120 154 stone
835 120 155 stone
835 120 156 andesite
835 120 157 andesite
835 120 158 andesite
835 120 159 stone
835 120 160 stone
835 120 161 stone
835 120 162 stone
835 120 163 stone
835 120 164 stone
835 120 165 stone
835 120 166 stone
835 120 167 stone
835 120 168 stone
835 120 169 stone
835 120 170 stone
835 120 171 stone
835 120 172 stone
835 120 173 stone
835 120 174 stone
835 120 175 stone
835 120 176 stone
835 120 177 stone
835 120 178 stone
835 120 179 stone
835 120 180 stone
835 120 181 stone
835 120 182 stone
835 120 183 stone
835 120 184 stone
835 120 185 stone
835 120 186 stone
835 120 187 stone
835 120 188 stone
835 120 189 stone
835 120 190 stone
835 120 191 stone
835 120 192 stone
835 120 193 stone
835 120 194 stone
835 120 195 stone
835 120 196 stone
835 120 197 stone
835 120 198 stone
835 120 199 stone
835 120 200 stone
835 120 201 stone
835 120 202 dirt
835 120 203 dirt
835 120 204 dirt
835 120 205 dirt
835 120 206 dirt
835 120 207 stone
835 120 208 stone
835 120 209 stone
835 120 210 stone
835 120 211 stone
835 120 212 stone
835 120 213 stone
835 120 214 stone
835 120 215 stone
835 120 216 stone
835 120 217 stone
835 120 218 stone
835 120 219 stone
835 120 220 stone
835 120 221 stone
835 120 222 diorite
835 120 223 diorite
835 120 224 diorite
835 120 225 diorite
835 120 226 diorite
835 120 227 diorite
835 120 228 stone
835 120 229 stone
835 120 230 stone
835 120 231 stone
835 120 232 stone
835 120 233 stone
835 120 234 stone
835 120 235 stone
835 120 236 stone
835 120 237 stone
835 120 238 stone
835 120 239 stone
835 120 240 stone
835 120 241 stone
835 120 242 stone
835 120 243 stone
835 120 244 stone
835 120 245 stone
835 120 246 stone
835 120 247 stone
835 120 248 stone
835 120 249 stone
835 120 250 stone
835 120 251 stone
835 120 252 stone
835 120 253 stone
835 120 254 stone
835 120 255 stone
835 120 256 stone
835 120 257 stone
835 120 258 stone
835 120 259 stone
835 120 260 stone
835 120 261 stone
835 120 262 stone
835 120 263 stone
835 120 264 stone
835 120 265 stone
835 120 266 stone
835 120 267 stone
835 120 268 stone
835 120 269 stone
835 120 270 stone
835 120 271 stone
835 120 272 stone
835 120 273 stone
835 120 274 stone
835 120 275 stone
835 120 276 stone
835 120 277 stone
835 120 278 stone
835 120 279 stone
835 120 280 stone
835 120 281 copper_ore
835 120 282 copper_ore
835 120 283 stone
835 120 284 stone
835 120 285 stone
835 120 286 stone
835 120 287 stone
835 120 288 stone
835 120 289 stone
835 120 290 stone
835 120 291 stone
835 120 292 stone
835 120 293 stone
835 120 294 stone
835 120 295 stone
835 120 296 stone
835 120 297 stone
835 120 298 stone
835 120 299 stone
835 120 300 stone
835 120 301 stone
835 120 302 granite
835 120 303 granite
835 120 304 granite
835 120 305 granite
835 120 306 granite
835 120 307 stone
835 120 308 stone
835 120 309 stone
835 120 310 stone
835 120 311 stone
835 120 312 stone
835 120 313 stone
835 120 314 stone
835 120 315 andesite
835 120 316 andesite
835 120 317 andesite
835 120 318 andesite
835 120 319 andesite
835 120 320 andesite
835 120 321 andesite
835 120 322 dirt
835 120 323 dirt
835 120 324 stone
835 120 325 stone
835 120 326 stone
835 120 327 stone
835 120 328 stone
835 120 329 stone
835 120 330 stone
835 120 331 stone
835 120 332 stone
835 120 333 gravel
835 120 334 gravel
835 120 335 stone
835 120 336 stone
835 120 337 stone
835 120 338 stone
835 120 339 stone
835 120 340 stone
835 120 341 stone
835 120 342 stone
835 120 343 stone
835 120 344 stone
835 120 345 stone
835 120 346 stone
835 120 347 stone
835 120 348 stone
835 120 349 stone
835 120 350 stone
835 120 351 stone
835 120 352 stone
835 120 353 stone
835 120 354 stone
835 120 355 stone
835 120 356 stone
835 120 357 stone
835 120 358 stone
835 120 359 stone
835 120 360 stone
835 120 361 stone
835 120 362 stone
835 120 363 stone
835 120 364 stone
835 120 365 stone
835 120 366 stone
835 120 367 stone
835 120 368 stone
835 120 369 stone
835 120 370 stone
835 120 371 stone
835 120 372 stone
835 120 373 stone
835 120 374 stone
835 120 375 stone
835 120 376 stone
835 120 377 stone
835 120 378 stone
835 120 379 stone
835 120 380 stone
835 120 381 stone
835 120 382 stone
835 120 383 stone
835 120 384 stone
835 120 385 stone
835 120 386 stone
835 120 387 stone
835 120 388 stone
835 120 389 stone
835 120 390 stone
835 120 391 stone
835 120 392 stone
835 120 393 stone
835 120 394 stone
835 120 395 stone
835 120 396 stone
835 120 397 stone
835 120 398 stone
835 120 399 stone
835 120 400 stone
835 120 401 stone
835 120 402 stone
835 120 403 stone
835 120 404 stone
835 120 405 stone
835 120 406 stone
835 120 407 stone
835 120 408 stone
835 120 409 stone
835 120 410 stone
835 120 411 stone
835 120 412 stone
835 120 413 stone
835 120 414 stone
835 120 415 stone
835 120 416 stone
835 120 417 stone
835 120 418 water[level=0]
835 120 419 water[level=0]
835 120 420 water[level=0]
835 120 421 water[level=0]
835 120 422 water[level=0]
835 120 423 stone
835 120 424 stone
835 120 425 stone
835 120 426 stone
835 120 427 stone
835 120 428 stone
835 120 429 granite
835 120 430 granite
835 120 431 granite
835 120 432 granite
835 120 433 granite
835 120 434 granite
835 120 435 granite
835 120 436 granite
835 120 437 granite
835 120 438 granite
835 120 439 granite
835 120 440 dirt
835 120 441 dirt
835 120 442 water[level=0]
835 120 443 water[level=0]
835 120 444 water[level=0]
835 120 445 water[level=0]
835 120 446 water[level=0]
835 120 447 water[level=0]
835 120 448 water[level=0]
835 120 449 water[level=0]
835 120 450 water[level=0]
835 120 451 water[level=0]
835 120 452 water[level=0]
835 120 453 water[level=0]
835 120 454 water[level=0]
835 120 455 water[level=0]
835 120 456 water[level=0]
835 120 457 water[level=0]
835 120 458 water[level=0]
835 120 459 water[level=0]
835 120 460 water[level=0]
835 120 461 water[level=0]
835 120 462 water[level=0]
835 120 463 water[level=0]
835 120 464 water[level=0]
835 120 465 water[level=0]
835 120 466 water[level=0]
835 120 467 water[level=0]
835 120 468 water[level=0]
835 120 469 water[level=0]
835 120 470 water[level=0]
835 120 471 dirt
835 120 472 stone
835 120 473 stone
835 120 474 stone
835 120 475 stone
835 120 476 stone
835 120 477 stone
835 120 478 stone
835 120 479 stone
835 120 480 stone
835 120 481 stone
835 120 482 stone
835 120 483 stone
835 120 484 stone
835 120 485 stone
835 120 486 stone
835 120 487 stone
835 120 488 water[level=0]
835 120 489 water[level=0]
835 120 490 water[level=0]
835 120 491 water[level=0]
835 120 492 water[level=0]
835 120 493 dirt
835 120 494 water[level=0]
835 120 495 water[level=0]
835 120 496 water[level=0]
835 120 497 water[level=0]
835 120 498 water[level=0]
835 120 499 water[level=0]
835 120 500 stone
835 120 501 stone
835 120 502 stone
835 120 503 stone
835 120 504 stone
835 120 505 stone
835 120 506 stone
835 120 507 stone
835 120 508 stone
835 120 509 stone
835 120 510 stone
835 120 511 stone
835 120 512 stone
835 120 513 stone
835 120 514 gravel
835 120 515 gravel
835 120 516 stone
835 120 517 stone
835 120 518 stone
835 120 519 stone
835 120 520 stone
835 120 521 stone
835 120 522 stone
835 120 523 stone
835 120 524 stone
835 120 525 stone
835 120 526 stone
835 120 527 stone
835 120 528 stone
835 120 529 stone
835 120 530 stone
835 120 531 stone
835 120 532 stone
835 120 533 stone
835 120 534 stone
835 120 535 stone
835 120 536 stone
835 120 537 stone
835 120 538 stone
835 120 539 stone
835 120 540 stone
835 120 541 stone
835 120 542 stone
835 120 543 stone
835 120 544 stone
835 120 545 stone
835 120 546 stone
835 120 547 stone
835 120 548 stone
835 120 549 stone
835 120 550 stone
835 120 551 stone
835 120 552 stone
835 120 553 granite
835 120 554 granite
835 120 555 granite
835 120 556 granite
835 120 557 granite
835 120 558 granite
835 120 559 granite
835 120 560 granite
835 120 561 granite
835 120 562 stone
835 120 563 stone
835 120 564 stone
835 120 565 stone
835 120 566 stone
835 120 567 stone
835 120 568 stone
835 120 569 stone
835 120 570 stone
835 120 571 stone
835 120 572 stone
835 120 573 stone
835 120 574 stone
835 120 575 stone
835 120 576 stone
835 120 577 stone
835 120 578 stone
835 120 579 stone
835 120 580 stone
835 120 581 stone
835 120 582 stone
835 120 583 stone
835 120 584 stone
835 120 585 stone
835 120 586 stone
835 120 587 stone
835 120 588 stone
835 120 589 stone
835 120 590 stone
835 120 591 stone
835 120 592 stone
835 120 593 stone
835 120 594 stone
835 120 595 stone
835 120 596 stone
835 120 597 stone
835 120 598 stone
835 120 599 stone
835 120 600 stone
835 120 601 stone
835 120 602 stone
835 120 603 stone
835 120 604 stone
835 120 605 stone
835 120 606 stone
835 120 607 stone
835 120 608 stone
835 120 609 stone
835 120 610 stone
835 120 611 stone
835 120 612 stone
835 120 613 stone
835 120 614 stone
835 120 615 stone
835 120 616 stone
835 120 617 stone
835 120 618 stone
835 120 619 stone
835 120 620 stone
835 120 621 stone
835 120 622 stone
835 120 623 diorite
835 120 624 diorite
835 120 625 diorite
835 120 626 diorite
835 120 627 diorite
835 120 628 diorite
835 120 629 diorite
835 120 630 diorite
835 120 631 diorite
835 120 632 diorite
835 120 633 andesite
835 120 634 andesite
835 120 635 andesite
835 120 636 andesite
835 120 637 andesite
835 120 638 andesite
835 120 639 stone
835 120 640 stone
835 120 641 stone
835 120 642 stone
835 120 643 stone
835 120 644 stone
835 120 645 stone
835 120 646 coal_ore
835 120 647 stone
835 120 648 stone
835 120 649 stone
835 120 650 stone
835 120 651 stone
835 120 652 stone
835 120 653 stone
835 120 654 stone
835 120 655 stone
835 120 656 stone
835 120 657 stone
835 120 658 stone
835 120 659 diorite
835 120 660 diorite
835 120 661 diorite
835 120 662 diorite
835 120 663 diorite
835 120 664 diorite
835 120 665 diorite
835 120 666 andesite
835 120 667 andesite
835 120 668 diorite
835 120 669 diorite
835 120 670 diorite
835 120 671 diorite
835 120 672 granite
835 120 689 stone
835 120 690 stone
835 120 691 stone
835 120 692 stone
835 120 693 stone
835 120 694 stone
835 120 695 stone
835 120 696 stone
835 120 697 stone
835 120 698 stone
835 120 699 granite
835 120 700 granite
835 120 701 granite
835 120 702 granite
835 120 703 granite
835 120 704 granite
835 120 705 coal_ore
835 120 706 coal_ore
835 120 707 coal_ore
835 120 708 stone
835 120 709 dirt
835 120 710 dirt
835 120 711 dirt
835 120 712 dirt
835 120 713 dirt
835 120 714 stone
835 120 715 stone
835 120 719 stone
835 120 720 stone
835 120 721 stone
835 120 722 stone
835 120 723 stone
835 120 724 stone
835 120 725 stone
835 120 726 stone
835 120 727 stone
835 120 728 stone
835 120 729 stone
835 120 730 stone
835 120 731 stone
835 120 732 stone
835 120 733 stone
835 120 734 stone
835 120 735 stone
835 120 736 stone
835 120 737 stone
835 120 738 stone
835 120 739 stone
835 120 740 stone
835 120 741 stone
835 120 742 stone
835 120 743 stone
835 120 744 stone
835 120 745 stone
835 120 746 stone
835 120 747 stone
835 120 748 stone
835 120 749 stone
835 120 750 stone
835 120 751 stone
835 120 752 stone
835 120 753 stone
835 120 754 stone
835 120 755 stone
835 120 756 stone
835 120 757 stone
835 120 758 stone
835 120 759 stone
835 120 760 stone
835 120 761 stone
835 120 762 stone
835 120 763 stone
835 120 764 stone
835 120 765 stone
835 120 766 stone
835 120 767 diorite
835 120 768 diorite
835 120 769 diorite
835 120 770 diorite
835 120 771 stone
835 120 772 coal_ore
835 120 773 coal_ore
835 120 774 stone
835 120 775 stone
835 120 776 stone
835 120 777 stone
835 120 778 stone
835 120 779 dirt
835 120 780 dirt
835 120 781 dirt
835 120 782 dirt
835 120 783 dirt
835 120 785 dirt
835 120 786 dirt
835 120 787 dirt
835 120 788 dirt
835 120 789 stone
835 120 790 granite
835 120 791 coal_ore
835 120 792 coal_ore
835 120 793 coal_ore
835 120 794 granite
835 120 795 granite
835 120 796 granite
835 120 797 granite
835 120 798 granite
835 120 799 granite
835 120 800 granite
835 120 801 granite
835 120 802 granite
835 120 803 andesite
835 120 804 copper_ore
835 120 805 andesite
835 120 806 andesite
835 120 807 andesite
835 120 808 andesite
835 120 809 andesite
835 120 810 andesite
835 120 811 andesite
835 120 812 andesite
835 120 813 andesite
835 120 814 andesite
835 120 815 andesite
835 120 816 andesite
835 120 817 stone
835 120 818 stone
835 120 819 stone
835 120 820 stone
835 120 821 stone
835 120 822 diorite
835 120 823 diorite
835 120 824 diorite
835 120 825 diorite
835 120 826 diorite
835 120 827 diorite
835 120 828 diorite
835 120 829 diorite
835 120 830 diorite
835 120 831 diorite
835 120 832 granite
835 120 833 granite
835 120 834 granite
835 120 835 stone
835 120 836 stone
835 120 837 stone
835 120 838 stone
835 120 839 stone
835 120 840 stone
835 120 841 stone
835 120 842 stone
835 120 843 stone
835 120 844 stone
835 120 845 stone
835 120 846 stone
835 120 847 stone
835 120 848 stone
835 120 849 stone
835 120 850 stone
835 120 854 stone
835 120 855 stone
835 120 856 stone
835 120 857 stone
835 120 858 diorite
835 120 859 diorite
835 120 860 diorite
835 120 861 diorite
835 120 862 diorite
835 120 863 diorite
835 120 864 diorite
835 120 865 diorite
835 120 866 stone
835 120 867 stone
835 120 868 stone
835 120 869 stone
835 120 870 stone
835 120 871 stone
835 120 872 stone
835 120 873 stone
835 120 874 stone
835 120 875 stone
835 120 876 stone
835 120 877 stone
835 120 878 stone
835 120 879 stone
835 120 880 stone
835 120 881 stone
835 120 882 stone
835 120 883 stone
835 120 884 stone
835 120 885 stone
835 120 886 stone
835 120 887 stone
835 120 888 granite
835 120 889 granite
835 120 890 granite
835 120 891 granite
835 120 892 granite
835 120 893 granite
835 120 894 granite
835 120 895 stone
835 120 896 diorite
835 120 897 diorite
835 120 898 diorite
835 120 899 diorite
835 120 900 diorite
835 120 901 diorite
835 120 902 diorite
835 120 903 diorite
835 120 904 stone
835 120 905 stone
835 120 906 stone
835 120 907 stone
835 120 908 stone
835 120 909 stone
835 120 910 stone
835 120 911 stone
835 120 912 stone
835 120 913 stone
835 120 914 stone
835 120 915 stone
835 120 916 stone
835 120 917 stone
835 120 918 stone
835 120 919 stone
835 120 920 stone
835 120 921 stone
835 120 922 stone
835 120 923 stone
835 120 924 stone
835 120 925 stone
835 120 926 stone
835 120 927 stone
835 120 928 stone
835 120 929 stone
835 120 930 stone
835 120 931 stone
835 120 932 stone
835 120 933 stone
835 120 934 stone
835 120 935 stone
835 120 936 stone
835 120 937 stone
835 120 938 stone
835 120 939 stone
835 120 940 stone
835 120 941 stone
835 120 942 stone
835 120 943 stone
835 120 944 stone
835 120 945 stone
835 120 946 stone
835 120 947 granite
835 120 948 stone
835 120 949 stone
835 120 950 stone
835 120 951 stone
835 120 952 stone
835 120 953 stone
835 120 954 stone
835 120 955 stone
835 120 956 dirt
835 120 957 water[level=0]
835 120 958 water[level=0]
835 120 959 water[level=0]
835 120 960 water[level=0]
835 120 961 water[level=0]
835 120 962 water[level=0]
835 120 963 water[level=0]
835 120 964 water[level=0]
835 120 965 water[level=0]
835 120 966 water[level=0]
835 120 967 granite
835 120 968 granite
835 120 969 granite
835 120 970 granite
835 120 971 granite
835 120 972 granite
835 120 973 stone
835 120 974 stone
835 120 975 stone
835 120 976 stone
835 120 977 stone
835 120 978 stone
835 120 979 stone
835 120 980 stone
835 120 981 stone
835 120 982 stone
835 120 983 stone
835 120 984 stone
835 120 985 stone
835 120 986 stone
835 120 987 stone
835 120 988 stone
835 120 989 stone
835 120 990 stone
835 120 991 stone
835 120 992 stone
835 120 993 stone
835 120 994 stone
835 120 995 stone
835 120 996 stone
835 120 997 stone
835 120 998 stone
835 120 999 stone
835 120 1000 stone
835 120 1001 stone
835 120 1002 stone
835 120 1003 stone
835 120 1007 stone
835 120 1008 stone
835 120 1009 stone
835 120 1010 stone
835 120 1011 stone
835 120 1012 diorite
835 120 1013 diorite
835 120 1014 diorite
835 120 1015 granite
835 120 1016 granite
835 120 1017 granite
835 120 1018 granite
835 120 1019 granite
835 120 1020 stone
835 120 1021 stone
835 120 1022 stone
835 120 1023 stone
835 121 0 stone
835 121 1 stone
835 121 2 stone
835 121 3 stone
835 121 4 stone
835 121 5 stone
835 121 6 granite
835 121 7 granite
835 121 8 granite
835 121 9 granite
835 121 10 granite
835 121 11 granite
835 121 12 granite
835 121 13 stone
835 121 14 stone
835 121 15 stone
835 121 16 stone
835 121 17 stone
835 121 18 stone
835 121 19 stone
835 121 20 stone
835 121 21 stone
835 121 22 stone
835 121 23 stone
835 121 24 stone
835 121 25 stone
835 121 26 stone
835 121 27 stone
835 121 28 stone
835 121 29 stone
835 121 30 stone
835 121 31 stone
835 121 32 stone
835 121 33 stone
835 121 34 stone
835 121 35 stone
835 121 36 stone
835 121 37 stone
835 121 38 stone
835 121 39 stone
835 121 40 stone
835 121 41 stone
835 121 42 stone
835 121 43 stone
835 121 44 stone
835 121 45 stone
835 121 46 stone
835 121 47 stone
835 121 48 stone
835 121 49 stone
835 121 50 stone
835 121 51 stone
835 121 52 stone
835 121 53 stone
835 121 54 stone
835 121 55 stone
835 121 56 stone
835 121 57 stone
835 121 58 stone
835 121 59 stone
835 121 60 stone
835 121 61 stone
835 121 62 stone
835 121 63 stone
835 121 64 stone
835 121 65 stone
835 121 66 copper_ore
835 121 67 copper_ore
835 121 68 copper_ore
835 121 69 stone
835 121 70 stone
835 121 71 stone
835 121 72 stone
835 121 73 stone
835 121 74 stone
835 121 75 stone
835 121 76 stone
835 121 77 stone
835 121 78 stone
835 121 79 stone
835 121 80 stone
835 121 81 stone
835 121 82 stone
835 121 83 stone
835 121 84 stone
835 121 85 stone
835 121 86 stone
835 121 87 stone
835 121 88 stone
835 121 89 stone
835 121 90 stone
835 121 91 stone
835 121 92 stone
835 121 93 stone
835 121 94 stone
835 121 95 stone
835 121 96 stone
835 121 97 stone
835 121 98 stone
835 121 99 stone
835 121 100 stone
835 121 101 stone
835 121 102 stone
835 121 103 stone
835 121 104 stone
835 121 105 stone
835 121 106 stone
835 121 107 andesite
835 121 108 andesite
835 121 109 andesite
835 121 110 andesite
835 121 111 andesite
835 121 112 andesite
835 121 113 stone
835 121 114 stone
835 121 115 stone
835 121 116 stone
835 121 117 stone
835 121 118 stone
835 121 119 stone
835 121 120 stone
835 121 121 stone
835 121 122 coal_ore
835 121 123 stone
835 121 124 stone
835 121 125 stone
835 121 126 stone
835 121 127 stone
835 121 128 stone
835 121 129 stone
835 121 130 stone
835 121 131 stone
835 121 132 stone
835 121 133 stone
835 121 134 stone
835 121 135 stone
835 121 136 stone
835 121 137 stone
835 121 138 stone
835 121 139 stone
835 121 140 stone
835 121 141 stone
835 121 142 stone
835 121 143 stone
835 121 144 diorite
835 121 145 andesite
835 121 146 andesite
835 121 147 andesite
835 121 148 andesite
835 121 149 andesite
835 121 150 andesite
835 121 151 andesite
835 121 152 andesite
835 121 153 stone
835 121 154 stone
835 121 155 stone
835 121 156 stone
835 121 157 andesite
835 121 158 stone
835 121 159 stone
835 121 160 stone
835 121 161 stone
835 121 162 stone
835 121 163 stone
835 121 164 granite
