835 153 1005 stone
835 153 1006 stone
835 153 1007 stone
835 153 1008 stone
835 153 1009 stone
835 153 1010 stone
835 153 1011 stone
835 153 1012 stone
835 153 1013 stone
835 153 1014 stone
835 153 1015 stone
835 153 1016 stone
835 153 1017 stone
835 153 1018 stone
835 153 1019 stone
835 153 1020 stone
835 153 1021 stone
835 153 1022 stone
835 153 1023 stone
835 154 27 short_grass
835 154 29 grass_block[snowy=false]
835 154 30 dirt
835 154 31 dirt
835 154 32 dirt
835 154 33 dirt
835 154 34 stone
835 154 35 stone
835 154 36 stone
835 154 37 stone
835 154 38 stone
835 154 39 stone
835 154 40 stone
835 154 41 stone
835 154 42 stone
835 154 43 stone
835 154 44 stone
835 154 45 stone
835 154 46 stone
835 154 47 stone
835 154 48 stone
835 154 49 stone
835 154 50 stone
835 154 51 stone
835 154 52 stone
835 154 53 stone
835 154 54 stone
835 154 55 stone
835 154 56 stone
835 154 57 stone
835 154 58 stone
835 154 59 dirt
835 154 60 dirt
835 154 287 cherry_leaves[distance=1,persistent=false,waterlogged=false]
835 154 299 grass_block[snowy=false]
835 154 300 dirt
835 154 301 dirt
835 154 302 dirt
835 154 303 dirt
835 154 304 dirt
835 154 305 dirt
835 154 306 dirt
835 154 307 dirt
835 154 308 dirt
835 154 309 dirt
835 154 310 dirt
835 154 311 dirt
835 154 312 dirt
835 154 313 dirt
835 154 314 dirt
835 154 315 dirt
835 154 316 dirt
835 154 317 dirt
835 154 318 dirt
835 154 319 dirt
835 154 320 dirt
835 154 321 dirt
835 154 322 dirt
835 154 323 dirt
835 154 324 stone
835 154 325 stone
835 154 326 stone
835 154 327 coal_ore
835 154 328 dirt
835 154 329 stone
835 154 330 stone
835 154 331 dirt
835 154 332 dirt
835 154 333 dirt
835 154 334 dirt
835 154 335 grass_block[snowy=false]
835 154 336 grass_block[snowy=false]
835 154 342 gravel
835 154 343 gravel
835 154 344 gravel
835 154 345 gravel
835 154 346 stone
835 154 347 stone
835 154 348 stone
835 154 349 stone
835 154 350 stone
835 154 351 stone
835 154 352 stone
835 154 353 stone
835 154 354 stone
835 154 355 stone
835 154 356 stone
835 154 357 stone
835 154 358 stone
835 154 359 stone
835 154 360 stone
835 154 361 stone
835 154 362 stone
835 154 363 stone
835 154 364 coal_ore
835 154 365 stone
835 154 366 stone
835 154 368 stone
835 154 369 stone
835 154 370 stone
835 154 371 stone
835 154 372 stone
835 154 373 stone
835 154 374 stone
835 154 375 dirt
835 154 376 dirt
835 154 377 dirt
835 154 378 stone
835 154 379 stone
835 154 380 stone
835 154 381 stone
835 154 382 dirt
835 154 383 dirt
835 154 384 dirt
835 154 385 dirt
835 154 386 dirt
835 154 387 dirt
835 154 388 dirt
835 154 389 dirt
835 154 390 dirt
835 154 391 grass_block[snowy=false]
835 154 394 short_grass
835 154 426 grass_block[snowy=false]
835 154 427 grass_block[snowy=false]
835 154 428 grass_block[snowy=false]
835 154 429 short_grass
835 154 537 grass_block[snowy=false]
835 154 538 dirt
835 154 539 dirt
835 154 540 dirt
835 154 541 dirt
835 154 542 stone
835 154 543 stone
835 154 544 stone
835 154 545 stone
835 154 546 stone
835 154 547 stone
835 154 548 stone
835 154 549 stone
835 154 550 stone
835 154 551 stone
835 154 552 stone
835 154 553 stone
835 154 554 stone
835 154 555 stone
835 154 556 stone
835 154 557 stone
835 154 558 stone
835 154 559 stone
835 154 560 stone
835 154 561 stone
835 154 562 stone
835 154 563 stone
835 154 564 stone
835 154 565 stone
835 154 566 stone
835 154 567 copper_ore
835 154 568 stone
835 154 569 stone
835 154 570 stone
835 154 571 stone
835 154 572 stone
835 154 573 stone
835 154 574 stone
835 154 575 stone
835 154 576 stone
835 154 577 stone
835 154 578 stone
835 154 579 stone
835 154 580 stone
835 154 581 dirt
835 154 582 dirt
835 154 583 dirt
835 154 584 dirt
835 154 585 stone
835 154 586 stone
835 154 587 stone
835 154 588 stone
835 154 589 stone
835 154 590 stone
835 154 591 stone
835 154 592 stone
835 154 593 stone
835 154 594 stone
835 154 595 stone
835 154 596 stone
835 154 597 stone
835 154 598 stone
835 154 599 stone
835 154 600 stone
835 154 601 stone
835 154 602 stone
835 154 603 stone
835 154 604 stone
835 154 605 stone
835 154 606 stone
835 154 607 stone
835 154 608 stone
835 154 609 stone
835 154 610 stone
835 154 611 stone
835 154 612 stone
835 154 613 stone
835 154 614 stone
835 154 615 stone
835 154 616 stone
835 154 617 stone
835 154 618 stone
835 154 619 stone
835 154 620 stone
835 154 621 stone
835 154 622 stone
835 154 623 stone
835 154 624 stone
835 154 625 stone
835 154 626 stone
835 154 627 stone
835 154 628 stone
835 154 629 stone
835 154 630 stone
835 154 631 stone
835 154 632 stone
835 154 633 stone
835 154 634 stone
835 154 635 stone
835 154 636 stone
835 154 637 stone
835 154 638 stone
835 154 639 stone
835 154 640 stone
835 154 641 stone
835 154 642 stone
835 154 643 stone
835 154 644 stone
835 154 645 stone
835 154 646 stone
835 154 647 stone
835 154 648 stone
835 154 649 stone
835 154 650 stone
835 154 651 stone
835 154 652 stone
835 154 653 stone
835 154 654 stone
835 154 655 stone
835 154 656 stone
835 154 657 stone
835 154 658 stone
835 154 659 stone
835 154 660 stone
835 154 661 stone
835 154 662 stone
835 154 663 stone
835 154 664 stone
835 154 665 stone
835 154 666 stone
835 154 667 stone
835 154 668 stone
835 154 669 stone
835 154 670 stone
835 154 671 stone
835 154 672 stone
835 154 673 stone
835 154 674 stone
835 154 675 stone
835 154 676 stone
835 154 677 stone
835 154 678 stone
835 154 679 stone
835 154 680 stone
835 154 681 stone
835 154 682 stone
835 154 683 stone
835 154 684 stone
835 154 685 stone
835 154 686 stone
835 154 687 stone
835 154 688 stone
835 154 689 stone
835 154 690 stone
835 154 691 stone
835 154 692 stone
835 154 693 stone
835 154 694 stone
835 154 695 stone
835 154 696 stone
835 154 697 stone
835 154 698 stone
835 154 699 stone
835 154 700 stone
835 154 701 stone
835 154 702 stone
835 154 703 stone
835 154 704 dirt
835 154 705 dirt
835 154 706 dirt
835 154 707 grass_block[snowy=false]
835 154 708 grass_block[snowy=false]
835 154 711 short_grass
835 154 714 short_grass
835 154 715 grass_block[snowy=false]
835 154 716 grass_block[snowy=false]
835 154 717 grass_block[snowy=false]
835 154 718 dirt
835 154 719 dirt
835 154 720 dirt
835 154 721 dirt
835 154 722 dirt
835 154 723 dirt
835 154 724 dirt
835 154 725 dirt
835 154 726 dirt
835 154 727 dirt
835 154 728 dirt
835 154 729 dirt
835 154 730 dirt
835 154 731 dirt
835 154 732 dirt
835 154 733 dirt
835 154 734 dirt
835 154 735 dirt
835 154 736 dirt
835 154 737 dirt
835 154 738 dirt
835 154 739 dirt
835 154 740 dirt
835 154 741 dirt
835 154 742 dirt
835 154 743 dirt
835 154 744 dirt
835 154 745 dirt
835 154 746 dirt
835 154 747 dirt
835 154 748 dirt
835 154 749 dirt
835 154 750 dirt
835 154 751 dirt
835 154 752 dirt
835 154 753 dirt
835 154 754 stone
835 154 755 stone
835 154 756 stone
835 154 757 stone
835 154 758 stone
835 154 759 stone
835 154 760 stone
835 154 761 stone
835 154 762 stone
835 154 763 stone
835 154 764 stone
835 154 765 stone
835 154 766 stone
835 154 767 stone
835 154 768 stone
835 154 769 stone
835 154 770 granite
835 154 771 granite
835 154 772 granite
835 154 773 granite
835 154 774 granite
835 154 775 stone
835 154 776 stone
835 154 777 dirt
835 154 778 dirt
835 154 779 stone
835 154 780 stone
835 154 781 stone
835 154 782 stone
835 154 783 stone
835 154 784 stone
835 154 785 stone
835 154 786 stone
835 154 787 stone
835 154 788 stone
835 154 789 stone
835 154 790 stone
835 154 791 stone
835 154 792 stone
835 154 793 stone
835 154 794 stone
835 154 795 coal_ore
835 154 796 coal_ore
835 154 797 stone
835 154 798 stone
835 154 799 stone
835 154 800 stone
835 154 801 stone
835 154 802 stone
835 154 803 stone
835 154 804 stone
835 154 805 stone
835 154 806 stone
835 154 807 stone
835 154 808 stone
835 154 809 stone
835 154 810 stone
835 154 811 stone
835 154 812 stone
835 154 813 stone
835 154 814 stone
835 154 815 stone
835 154 816 stone
835 154 817 stone
835 154 818 stone
835 154 819 stone
835 154 820 stone
835 154 821 stone
835 154 822 stone
835 154 823 stone
835 154 824 stone
835 154 825 stone
835 154 826 stone
835 154 827 stone
835 154 828 stone
835 154 829 stone
835 154 830 stone
835 154 831 stone
835 154 832 stone
835 154 833 stone
835 154 834 stone
835 154 835 stone
835 154 836 stone
835 154 837 stone
835 154 841 stone
835 154 842 stone
835 154 843 stone
835 154 844 stone
835 154 845 stone
835 154 846 stone
835 154 847 stone
835 154 848 stone
835 154 849 stone
835 154 850 stone
835 154 851 stone
835 154 852 stone
835 154 853 stone
835 154 854 stone
835 154 855 stone
835 154 856 stone
835 154 857 stone
835 154 858 stone
835 154 859 stone
835 154 860 stone
835 154 861 stone
835 154 862 stone
835 154 863 stone
835 154 864 stone
835 154 865 stone
835 154 866 stone
835 154 867 stone
835 154 868 stone
835 154 869 stone
835 154 870 stone
835 154 871 stone
835 154 872 stone
835 154 873 stone
835 154 874 stone
835 154 875 stone
835 154 876 stone
835 154 877 stone
835 154 878 stone
835 154 879 stone
835 154 880 stone
835 154 881 stone
835 154 882 stone
835 154 883 stone
835 154 884 stone
835 154 885 stone
835 154 886 stone
835 154 887 stone
835 154 888 stone
835 154 889 stone
835 154 890 stone
835 154 891 stone
835 154 892 stone
835 154 893 stone
835 154 894 stone
835 154 895 stone
835 154 896 stone
835 154 897 stone
835 154 898 stone
835 154 899 stone
835 154 900 stone
835 154 901 stone
835 154 902 stone
835 154 903 stone
835 154 904 stone
835 154 905 stone
835 154 906 stone
835 154 907 dirt
835 154 908 dirt
835 154 909 dirt
835 154 910 dirt
835 154 911 dirt
835 154 912 stone
835 154 913 stone
835 154 914 stone
835 154 915 stone
835 154 916 stone
835 154 917 stone
835 154 918 stone
835 154 919 stone
835 154 920 stone
835 154 921 stone
835 154 922 stone
835 154 923 stone
835 154 924 stone
835 154 925 stone
835 154 926 stone
835 154 927 stone
835 154 928 stone
835 154 929 stone
835 154 930 stone
835 154 931 stone
835 154 932 stone
835 154 933 stone
835 154 934 stone
835 154 935 stone
835 154 936 stone
835 154 937 stone
835 154 938 stone
835 154 939 stone
835 154 940 stone
835 154 941 stone
835 154 942 stone
835 154 943 dirt
835 154 944 grass_block[snowy=false]
835 154 971 stone
835 154 972 stone
835 154 973 stone
835 154 974 dirt
835 154 975 dirt
835 154 976 grass_block[snowy=false]
835 154 977 grass_block[snowy=false]
835 154 983 stone
835 154 984 stone
835 154 985 stone
835 154 986 stone
835 154 987 stone
835 154 988 stone
835 154 989 stone
835 154 990 stone
835 154 991 stone
835 154 992 stone
835 154 993 stone
835 154 994 stone
835 154 995 stone
835 154 996 stone
835 154 997 stone
835 154 998 stone
835 154 999 stone
835 154 1000 stone
835 154 1001 stone
835 154 1002 stone
835 154 1003 stone
835 154 1004 stone
835 154 1005 stone
835 154 1006 stone
835 154 1007 stone
835 154 1008 stone
835 154 1009 stone
835 154 1010 stone
835 154 1011 stone
835 154 1012 stone
835 154 1013 stone
835 154 1014 stone
835 154 1015 stone
835 154 1016 stone
835 154 1017 stone
835 154 1018 stone
835 154 1019 stone
835 154 1020 stone
835 154 1021 stone
835 154 1022 stone
835 154 1023 stone
835 155 29 short_grass
835 155 30 grass_block[snowy=false]
835 155 31 dirt
835 155 32 dirt
835 155 33 dirt
835 155 34 dirt
835 155 35 dirt
835 155 36 stone
835 155 37 stone
835 155 38 stone
835 155 39 stone
835 155 40 stone
835 155 41 stone
835 155 42 stone
835 155 43 stone
835 155 44 stone
835 155 45 stone
835 155 46 stone
835 155 47 stone
835 155 48 stone
835 155 49 stone
835 155 50 stone
835 155 51 stone
835 155 52 stone
835 155 53 stone
835 155 54 stone
835 155 55 coal_ore
835 155 56 stone
835 155 57 stone
835 155 58 dirt
835 155 59 dirt
835 155 60 grass_block[snowy=false]
835 155 285 cherry_leaves[distance=3,persistent=false,waterlogged=false]
835 155 287 cherry_log[axis=x]
835 155 288 cherry_leaves[distance=1,persistent=false,waterlogged=false]
835 155 289 cherry_leaves[distance=2,persistent=false,waterlogged=false]
835 155 290 cherry_leaves[distance=3,persistent=false,waterlogged=false]
835 155 299 short_grass
835 155 300 grass_block[snowy=false]
835 155 301 dirt
835 155 302 dirt
835 155 303 dirt
835 155 304 dirt
835 155 305 dirt
835 155 306 dirt
835 155 307 dirt
835 155 308 dirt
835 155 309 dirt
835 155 310 dirt
835 155 311 dirt
835 155 312 dirt
835 155 313 dirt
835 155 314 dirt
835 155 315 dirt
835 155 316 dirt
835 155 317 dirt
835 155 318 dirt
835 155 319 dirt
835 155 320 dirt
835 155 321 dirt
835 155 322 dirt
835 155 323 dirt
835 155 324 dirt
835 155 325 dirt
835 155 326 dirt
835 155 327 dirt
835 155 328 dirt
835 155 329 dirt
835 155 330 dirt
835 155 331 dirt
835 155 332 dirt
835 155 333 dirt
835 155 334 grass_block[snowy=false]
835 155 339 stone
835 155 340 stone
835 155 341 stone
835 155 342 gravel
835 155 343 gravel
835 155 344 gravel
835 155 345 gravel
835 155 346 stone
835 155 347 stone
835 155 348 stone
835 155 349 stone
835 155 350 stone
835 155 351 stone
835 155 352 stone
835 155 353 stone
835 155 354 stone
835 155 355 stone
835 155 356 stone
835 155 357 stone
835 155 358 stone
835 155 359 stone
835 155 360 stone
835 155 361 stone
835 155 362 stone
835 155 363 stone
835 155 364 stone
835 155 365 stone
835 155 366 coal_ore
835 155 367 coal_ore
835 155 368 stone
835 155 369 stone
835 155 370 stone
835 155 371 stone
835 155 372 dirt
835 155 373 dirt
835 155 374 iron_ore
835 155 375 dirt
835 155 376 dirt
835 155 377 dirt
835 155 378 dirt
835 155 379 stone
835 155 380 dirt
835 155 381 dirt
835 155 382 dirt
835 155 383 dirt
835 155 384 dirt
835 155 385 dirt
835 155 386 dirt
835 155 387 grass_block[snowy=false]
835 155 388 grass_block[snowy=false]
835 155 389 dirt
835 155 390 grass_block[snowy=false]
835 155 426 short_grass
835 155 538 grass_block[snowy=false]
835 155 539 grass_block[snowy=false]
835 155 540 dirt
835 155 541 dirt
835 155 542 dirt
835 155 543 stone
835 155 544 stone
835 155 545 stone
835 155 546 stone
835 155 547 stone
835 155 548 stone
835 155 549 coal_ore
835 155 550 coal_ore
835 155 551 stone
835 155 552 coal_ore
835 155 553 coal_ore
835 155 554 coal_ore
835 155 555 stone
835 155 556 stone
835 155 557 stone
835 155 558 stone
835 155 559 stone
835 155 560 stone
835 155 561 stone
835 155 562 stone
835 155 563 stone
835 155 564 stone
835 155 565 copper_ore
835 155 566 copper_ore
835 155 567 copper_ore
835 155 568 stone
835 155 569 stone
835 155 570 stone
835 155 571 stone
835 155 572 stone
835 155 573 stone
835 155 574 stone
835 155 575 stone
835 155 576 stone
835 155 577 stone
835 155 578 stone
835 155 579 stone
835 155 580 dirt
835 155 581 dirt
835 155 582 dirt
835 155 583 dirt
835 155 584 dirt
835 155 585 dirt
835 155 586 stone
835 155 587 stone
835 155 588 stone
835 155 589 stone
835 155 590 stone
835 155 591 stone
835 155 592 stone
835 155 593 stone
835 155 594 stone
835 155 595 stone
835 155 596 stone
835 155 597 stone
835 155 598 stone
835 155 599 stone
835 155 600 stone
835 155 601 stone
835 155 602 stone
835 155 603 stone
835 155 604 stone
835 155 605 stone
835 155 606 stone
835 155 607 stone
835 155 608 stone
835 155 609 stone
835 155 610 stone
835 155 611 stone
835 155 612 stone
835 155 613 stone
835 155 614 stone
835 155 615 stone
835 155 616 stone
835 155 617 stone
835 155 618 stone
835 155 619 stone
835 155 620 stone
835 155 621 stone
835 155 622 stone
835 155 623 stone
835 155 624 stone
835 155 625 stone
835 155 626 stone
835 155 627 stone
835 155 628 stone
835 155 629 stone
835 155 630 stone
835 155 631 stone
835 155 632 stone
835 155 633 stone
835 155 634 stone
835 155 635 stone
835 155 636 stone
835 155 637 stone
835 155 638 stone
835 155 639 stone
835 155 640 stone
835 155 641 stone
835 155 642 stone
835 155 643 stone
835 155 644 stone
835 155 645 stone
835 155 646 stone
835 155 647 dirt
835 155 648 dirt
835 155 649 dirt
835 155 650 dirt
835 155 651 dirt
835 155 652 dirt
835 155 653 dirt
835 155 654 dirt
835 155 655 dirt
835 155 656 dirt
835 155 657 dirt
835 155 658 stone
835 155 659 stone
835 155 660 stone
835 155 661 stone
835 155 662 stone
835 155 663 dirt
835 155 664 stone
835 155 665 stone
835 155 666 stone
835 155 667 stone
835 155 668 stone
835 155 669 stone
835 155 670 stone
835 155 671 stone
835 155 672 stone
835 155 673 stone
835 155 674 stone
835 155 675 stone
835 155 676 stone
835 155 677 stone
835 155 678 stone
835 155 679 stone
835 155 680 stone
835 155 681 stone
835 155 682 stone
835 155 683 stone
835 155 684 stone
835 155 685 stone
835 155 686 stone
835 155 687 stone
835 155 688 stone
835 155 689 stone
835 155 690 stone
835 155 691 stone
835 155 692 stone
835 155 693 stone
835 155 694 stone
835 155 695 stone
835 155 696 stone
835 155 697 stone
835 155 698 stone
835 155 699 stone
835 155 700 stone
835 155 701 stone
835 155 702 dirt
835 155 703 dirt
835 155 704 dirt
835 155 705 dirt
835 155 706 grass_block[snowy=false]
835 155 707 short_grass
835 155 718 grass_block[snowy=false]
835 155 719 grass_block[snowy=false]
835 155 720 grass_block[snowy=false]
835 155 721 dirt
835 155 722 dirt
835 155 723 dirt
835 155 724 dirt
835 155 725 dirt
835 155 726 dirt
835 155 727 dirt
835 155 728 dirt
835 155 729 dirt
835 155 730 dirt
835 155 731 dirt
835 155 732 dirt
835 155 733 dirt
835 155 734 dirt
835 155 735 dirt
835 155 736 dirt
835 155 737 dirt
835 155 738 dirt
835 155 739 dirt
835 155 740 dirt
835 155 741 dirt
835 155 742 dirt
835 155 743 dirt
835 155 744 dirt
835 155 745 dirt
835 155 746 dirt
835 155 747 dirt
835 155 748 dirt
835 155 749 dirt
835 155 750 dirt
835 155 751 dirt
835 155 752 dirt
835 155 753 dirt
835 155 754 dirt
835 155 755 dirt
835 155 756 dirt
835 155 757 stone
835 155 758 stone
835 155 759 gravel
835 155 760 gravel
835 155 761 gravel
835 155 762 gravel
835 155 763 stone
835 155 764 stone
835 155 765 stone
835 155 766 stone
835 155 767 stone
835 155 768 stone
835 155 769 stone
835 155 770 granite
835 155 771 granite
835 155 772 granite
835 155 773 granite
835 155 774 granite
835 155 775 stone
835 155 776 stone
835 155 777 dirt
835 155 778 grass_block[snowy=false]
835 155 779 stone
835 155 780 stone
835 155 781 stone
835 155 782 stone
835 155 783 stone
835 155 784 stone
835 155 785 stone
835 155 786 stone
835 155 787 stone
835 155 788 stone
835 155 789 stone
835 155 790 stone
835 155 791 stone
835 155 792 stone
835 155 793 stone
835 155 794 stone
835 155 795 stone
835 155 796 stone
835 155 797 stone
835 155 798 stone
835 155 799 stone
835 155 800 stone
835 155 801 stone
835 155 802 stone
835 155 803 stone
835 155 804 stone
835 155 805 stone
835 155 806 stone
835 155 807 stone
835 155 808 stone
835 155 809 stone
835 155 810 stone
835 155 811 stone
835 155 812 stone
835 155 813 stone
835 155 814 stone
835 155 815 stone
835 155 816 stone
835 155 817 stone
835 155 818 stone
835 155 819 stone
835 155 820 stone
835 155 821 stone
835 155 822 stone
835 155 823 stone
835 155 824 stone
835 155 825 stone
835 155 826 stone
835 155 827 stone
835 155 828 stone
835 155 829 stone
835 155 830 stone
835 155 831 stone
835 155 832 stone
835 155 833 stone
835 155 834 stone
835 155 835 stone
835 155 836 stone
835 155 837 stone
835 155 838 stone
835 155 839 stone
835 155 840 stone
835 155 841 stone
835 155 842 stone
835 155 843 stone
835 155 844 stone
835 155 845 stone
835 155 846 stone
835 155 847 stone
835 155 848 stone
835 155 849 stone
835 155 850 stone
835 155 851 stone
835 155 852 stone
835 155 853 stone
835 155 854 stone
835 155 855 stone
835 155 856 stone
835 155 857 stone
835 155 858 stone
835 155 859 stone
835 155 860 stone
835 155 861 stone
835 155 862 stone
835 155 863 stone
835 155 864 stone
835 155 865 stone
835 155 866 stone
835 155 867 stone
835 155 868 stone
835 155 869 stone
835 155 870 stone
835 155 871 stone
835 155 872 stone
835 155 873 stone
835 155 874 stone
835 155 875 stone
835 155 876 stone
835 155 877 stone
835 155 878 stone
835 155 879 stone
835 155 880 stone
835 155 881 stone
835 155 882 stone
835 155 883 stone
835 155 884 stone
835 155 885 stone
835 155 886 stone
835 155 887 stone
835 155 888 stone
835 155 889 stone
835 155 890 stone
835 155 891 stone
835 155 892 stone
835 155 893 stone
835 155 894 stone
835 155 895 stone
835 155 896 stone
835 155 897 stone
835 155 898 stone
835 155 899 stone
835 155 900 stone
835 155 901 stone
835 155 902 stone
835 155 903 stone
835 155 904 stone
835 155 905 stone
835 155 906 stone
835 155 907 stone
835 155 908 dirt
835 155 909 dirt
835 155 910 dirt
835 155 911 stone
835 155 912 stone
835 155 913 stone
835 155 914 stone
835 155 915 stone
835 155 916 stone
835 155 917 stone
835 155 918 stone
835 155 919 stone
835 155 920 stone
835 155 921 stone
