fill 847 148 741 847 148 756 stone
fill 847 148 757 847 148 759 dirt
fill 848 148 640 848 148 644 stone
fill 848 148 645 848 148 649 dirt
fill 848 148 650 848 148 716 stone
848 148 717 coal_ore
848 148 718 coal_ore
fill 848 148 719 848 148 724 stone
fill 848 148 725 848 148 728 gravel
fill 848 148 729 848 148 735 stone
fill 848 148 736 848 148 741 dirt
fill 848 148 742 848 148 759 stone
848 148 760 dirt
fill 848 148 761 848 148 767 stone
fill 849 148 640 849 148 644 stone
fill 849 148 645 849 148 649 dirt
fill 849 148 650 849 148 716 stone
849 148 717 coal_ore
849 148 718 coal_ore
fill 849 148 719 849 148 723 stone
fill 849 148 724 849 148 728 gravel
fill 849 148 729 849 148 736 stone
fill 849 148 737 849 148 740 dirt
fill 849 148 741 849 148 767 stone
fill 850 148 640 850 148 645 stone
fill 850 148 646 850 148 650 dirt
fill 850 148 651 850 148 705 stone
850 148 706 gravel
fill 850 148 707 850 148 717 stone
850 148 718 coal_ore
850 148 719 coal_ore
fill 850 148 720 850 148 722 stone
850 148 723 gravel
850 148 724 gravel
fill 850 148 725 850 148 727 dirt
fill 850 148 728 850 148 737 stone
fill 850 148 738 850 148 741 dirt
fill 850 148 742 850 148 767 stone
fill 851 148 640 851 148 645 stone
fill 851 148 646 851 148 650 dirt
fill 851 148 651 851 148 705 stone
851 148 706 gravel
fill 851 148 707 851 148 722 stone
851 148 723 gravel
851 148 724 gravel
fill 851 148 725 851 148 727 dirt
851 148 728 stone
fill 851 148 729 851 148 767 stone
fill 852 148 640 852 148 646 stone
fill 852 148 647 852 148 651 dirt
fill 852 148 652 852 148 723 stone
fill 852 148 724 852 148 727 dirt
fill 852 148 728 852 148 767 stone
fill 853 148 640 853 148 643 coal_ore
fill 853 148 644 853 148 647 stone
fill 853 148 648 853 148 651 dirt
fill 853 148 652 853 148 723 stone
fill 853 148 724 853 148 727 dirt
fill 853 148 728 853 148 767 stone
fill 854 148 640 854 148 643 coal_ore
fill 854 148 644 854 148 649 stone
854 148 650 dirt
fill 854 148 651 854 148 723 stone
fill 854 148 724 854 148 727 dirt
fill 854 148 728 854 148 767 stone
fill 855 148 640 855 148 723 stone
fill 855 148 724 855 148 727 dirt
fill 855 148 728 855 148 767 stone
fill 856 148 640 856 148 723 stone
fill 856 148 724 856 148 727 dirt
fill 856 148 728 856 148 753 stone
fill 856 148 755 856 148 767 stone
fill 857 148 640 857 148 723 stone
fill 857 148 724 857 148 726 dirt
fill 857 148 727 857 148 752 stone
fill 857 148 756 857 148 767 stone
fill 858 148 640 858 148 660 stone
fill 858 148 661 858 148 664 coal_ore
fill 858 148 665 858 148 724 stone
858 148 725 dirt
858 148 726 dirt
fill 858 148 727 858 148 753 stone
fill 858 148 756 858 148 767 stone
859 148 640 stone
859 148 641 copper_ore
859 148 642 copper_ore
fill 859 148 643 859 148 659 stone
fill 859 148 660 859 148 663 coal_ore
fill 859 148 664 859 148 754 stone
fill 859 148 757 859 148 767 stone
860 148 640 stone
fill 860 148 641 860 148 643 copper_ore
fill 860 148 644 860 148 660 stone
860 148 661 coal_ore
fill 860 148 662 860 148 719 stone
fill 860 148 720 860 148 767 stone
fill 861 148 640 861 148 767 stone
fill 862 148 640 862 148 705 stone
862 148 706 andesite
862 148 707 stone
862 148 708 andesite
fill 862 148 709 862 148 767 stone
fill 863 148 640 863 148 700 stone
fill 863 148 701 863 148 709 andesite
fill 863 148 710 863 148 767 stone
fill 864 148 640 864 148 699 stone
fill 864 148 700 864 148 709 andesite
fill 864 148 710 864 148 767 stone
fill 865 148 640 865 148 699 stone
fill 865 148 700 865 148 709 andesite
fill 865 148 710 865 148 767 stone
fill 866 148 640 866 148 699 stone
fill 866 148 700 866 148 707 andesite
fill 866 148 708 866 148 752 stone
866 148 753 dirt
fill 866 148 754 866 148 767 stone
fill 867 148 640 867 148 700 stone
867 148 701 andesite
867 148 702 andesite
867 148 703 stone
867 148 704 andesite
fill 867 148 705 867 148 752 stone
867 148 753 dirt
867 148 754 dirt
fill 867 148 755 867 148 767 stone
fill 868 148 640 868 148 751 stone
fill 868 148 752 868 148 755 dirt
fill 868 148 756 868 148 767 stone
fill 869 148 640 869 148 698 stone
fill 869 148 699 869 148 714 stone
869 148 715 coal_ore
869 148 716 coal_ore
fill 869 148 717 869 148 751 stone
fill 869 148 752 869 148 755 dirt
fill 869 148 756 869 148 767 stone
fill 870 148 640 870 148 713 stone
fill 870 148 714 870 148 716 coal_ore
fill 870 148 717 870 148 751 stone
fill 870 148 752 870 148 755 dirt
fill 870 148 756 870 148 767 stone
fill 871 148 640 871 148 713 stone
871 148 714 coal_ore
871 148 715 coal_ore
fill 871 148 716 871 148 720 stone
fill 871 148 721 871 148 723 copper_ore
fill 871 148 724 871 148 752 stone
fill 871 148 753 871 148 755 dirt
fill 871 148 756 871 148 767 stone
fill 872 148 640 872 148 721 stone
fill 872 148 722 872 148 724 copper_ore
fill 872 148 725 872 148 752 stone
fill 872 148 753 872 148 755 dirt
fill 872 148 756 872 148 767 stone
fill 873 148 640 873 148 752 stone
fill 873 148 753 873 148 755 dirt
fill 873 148 756 873 148 767 stone
fill 874 148 640 874 148 695 stone
874 148 696 coal_ore
fill 874 148 697 874 148 752 stone
874 148 753 copper_ore
874 148 754 copper_ore
fill 874 148 755 874 148 767 stone
fill 875 148 640 875 148 695 stone
875 148 696 coal_ore
875 148 697 coal_ore
fill 875 148 698 875 148 752 stone
875 148 753 copper_ore
875 148 754 copper_ore
fill 875 148 755 875 148 767 stone
fill 876 148 640 876 148 695 stone
fill 876 148 696 876 148 698 coal_ore
fill 876 148 699 876 148 767 stone
fill 877 148 640 877 148 695 stone
fill 877 148 696 877 148 698 coal_ore
fill 877 148 699 877 148 767 stone
fill 878 148 640 878 148 653 stone
878 148 654 coal_ore
fill 878 148 655 878 148 679 stone
fill 878 148 680 878 148 767 stone
fill 879 148 640 879 148 650 stone
fill 879 148 651 879 148 654 coal_ore
fill 879 148 655 879 148 677 stone
fill 879 148 678 879 148 680 granite
fill 879 148 681 879 148 767 stone
fill 880 148 640 880 148 649 stone
fill 880 148 650 880 148 654 coal_ore
fill 880 148 655 880 148 676 stone
fill 880 148 677 880 148 680 granite
fill 880 148 681 880 148 767 stone
fill 881 148 640 881 148 650 stone
881 148 651 coal_ore
fill 881 148 652 881 148 676 stone
fill 881 148 677 881 148 680 granite
fill 881 148 681 881 148 767 stone
fill 882 148 640 882 148 677 stone
fill 882 148 678 882 148 681 granite
fill 882 148 682 882 148 767 stone
fill 883 148 640 883 148 668 stone
883 148 669 iron_ore
883 148 670 iron_ore
fill 883 148 671 883 148 676 stone
fill 883 148 677 883 148 682 granite
fill 883 148 683 883 148 744 stone
883 148 745 iron_ore
fill 883 148 746 883 148 764 stone
fill 883 148 765 883 148 767 coal_ore
fill 884 148 640 884 148 668 stone
884 148 669 iron_ore
fill 884 148 670 884 148 676 stone
fill 884 148 677 884 148 682 granite
fill 884 148 683 884 148 744 stone
884 148 745 emerald_ore
fill 884 148 746 884 148 764 stone
fill 884 148 765 884 148 767 coal_ore
fill 885 148 640 885 148 677 stone
fill 885 148 678 885 148 682 granite
fill 885 148 683 885 148 766 stone
885 148 767 coal_ore
fill 886 148 640 886 148 677 stone
fill 886 148 678 886 148 682 granite
fill 886 148 683 886 148 766 stone
886 148 767 coal_ore
fill 887 148 640 887 148 656 stone
fill 887 148 657 887 148 678 stone
fill 887 148 679 887 148 682 granite
fill 887 148 683 887 148 765 stone
887 148 766 coal_ore
887 148 767 coal_ore
fill 888 148 640 888 148 679 stone
888 148 680 granite
888 148 681 granite
fill 888 148 682 888 148 766 stone
888 148 767 coal_ore
fill 889 148 640 889 148 697 stone
fill 889 148 698 889 148 705 dirt
fill 889 148 706 889 148 767 stone
fill 890 148 640 890 148 697 stone
fill 890 148 698 890 148 705 dirt
fill 890 148 706 890 148 767 stone
fill 891 148 640 891 148 671 stone
fill 891 148 672 891 148 674 dirt
fill 891 148 675 891 148 698 stone
891 148 699 dirt
fill 891 148 700 891 148 705 stone
891 148 706 coal_ore
891 148 707 coal_ore
fill 891 148 708 891 148 767 stone
fill 892 148 640 892 148 671 stone
fill 892 148 672 892 148 674 dirt
fill 892 148 675 892 148 705 stone
fill 892 148 706 892 148 708 coal_ore
fill 892 148 709 892 148 767 stone
fill 893 148 640 893 148 670 stone
fill 893 148 671 893 148 674 dirt
fill 893 148 675 893 148 706 stone
fill 893 148 707 893 148 709 coal_ore
fill 893 148 710 893 148 767 stone
fill 894 148 640 894 148 669 stone
fill 894 148 670 894 148 673 dirt
fill 894 148 674 894 148 706 stone
fill 894 148 707 894 148 709 coal_ore
fill 894 148 710 894 148 767 stone
fill 895 148 640 895 148 669 stone
fill 895 148 670 895 148 673 dirt
fill 895 148 674 895 148 767 stone
768 149 754 grass_block[snowy=false]
768 149 755 grass_block[snowy=false]
fill 768 149 756 768 149 767 dirt
fill 769 149 752 769 149 754 grass_block[snowy=false]
fill 769 149 755 769 149 767 dirt
fill 770 149 748 770 149 751 grass_block[snowy=false]
fill 770 149 752 770 149 766 dirt
770 149 767 stone
fill 771 149 748 771 149 750 grass_block[snowy=false]
fill 771 149 751 771 149 766 dirt
771 149 767 stone
772 149 747 grass_block[snowy=false]
772 149 748 grass_block[snowy=false]
fill 772 149 749 772 149 765 dirt
772 149 766 stone
772 149 767 stone
773 149 745 short_grass
773 149 746 grass_block[snowy=false]
773 149 747 grass_block[snowy=false]
fill 773 149 748 773 149 764 dirt
fill 773 149 765 773 149 767 stone
774 149 737 short_grass
774 149 744 short_grass
774 149 745 grass_block[snowy=false]
774 149 746 grass_block[snowy=false]
fill 774 149 747 774 149 764 dirt
fill 774 149 765 774 149 767 stone
fill 775 149 736 775 149 745 grass_block[snowy=false]
fill 775 149 746 775 149 762 dirt
fill 775 149 763 775 149 767 stone
fill 776 149 735 776 149 744 grass_block[snowy=false]
fill 776 149 745 776 149 760 dirt
fill 776 149 761 776 149 767 stone
fill 777 149 720 777 149 722 grass_block[snowy=false]
777 149 729 short_grass
777 149 731 short_grass
fill 777 149 732 777 149 734 grass_block[snowy=false]
fill 777 149 735 777 149 751 dirt
777 149 752 stone
fill 777 149 753 777 149 758 dirt
fill 777 149 759 777 149 767 stone
778 149 717 short_grass
fill 778 149 718 778 149 731 grass_block[snowy=false]
fill 778 149 732 778 149 756 dirt
fill 778 149 757 778 149 767 stone
fill 779 149 717 779 149 719 grass_block[snowy=false]
fill 779 149 720 779 149 724 dirt
fill 779 149 725 779 149 730 grass_block[snowy=false]
fill 779 149 731 779 149 756 dirt
779 149 757 coal_ore
779 149 758 coal_ore
fill 779 149 759 779 149 766 stone
779 149 767 dirt
fill 780 149 716 780 149 718 grass_block[snowy=false]
fill 780 149 719 780 149 727 dirt
780 149 728 grass_block[snowy=false]
fill 780 149 729 780 149 756 dirt
fill 780 149 757 780 149 759 coal_ore
fill 780 149 760 780 149 767 stone
fill 781 149 715 781 149 717 grass_block[snowy=false]
fill 781 149 718 781 149 756 dirt
fill 781 149 757 781 149 761 coal_ore
fill 781 149 762 781 149 767 stone
782 149 712 short_grass
fill 782 149 714 782 149 716 grass_block[snowy=false]
fill 782 149 717 782 149 757 dirt
782 149 758 stone
782 149 759 stone
782 149 760 coal_ore
fill 782 149 761 782 149 767 stone
fill 783 149 713 783 149 715 grass_block[snowy=false]
fill 783 149 716 783 149 757 dirt
783 149 758 stone
783 149 759 dirt
fill 783 149 760 783 149 767 stone
784 149 710 short_grass
fill 784 149 713 784 149 715 grass_block[snowy=false]
fill 784 149 716 784 149 759 dirt
fill 784 149 760 784 149 765 stone
784 149 766 coal_ore
784 149 767 coal_ore
785 149 709 short_grass
fill 785 149 712 785 149 714 grass_block[snowy=false]
fill 785 149 715 785 149 759 dirt
fill 785 149 760 785 149 765 stone
785 149 766 coal_ore
785 149 767 coal_ore
fill 786 149 712 786 149 714 grass_block[snowy=false]
fill 786 149 715 786 149 759 dirt
fill 786 149 760 786 149 765 stone
786 149 766 coal_ore
786 149 767 coal_ore
fill 787 149 712 787 149 714 grass_block[snowy=false]
fill 787 149 715 787 149 759 dirt
fill 787 149 760 787 149 765 stone
787 149 766 coal_ore
787 149 767 coal_ore
788 149 711 short_grass
fill 788 149 712 788 149 714 grass_block[snowy=false]
fill 788 149 715 788 149 759 dirt
fill 788 149 760 788 149 765 stone
788 149 766 coal_ore
788 149 767 coal_ore
789 149 711 short_grass
fill 789 149 712 789 149 714 grass_block[snowy=false]
fill 789 149 715 789 149 759 dirt
fill 789 149 760 789 149 767 stone
790 149 711 short_grass
fill 790 149 712 790 149 714 grass_block[snowy=false]
fill 790 149 715 790 149 760 dirt
fill 790 149 761 790 149 767 stone
791 149 711 tall_grass[half=lower]
fill 791 149 712 791 149 714 grass_block[snowy=false]
fill 791 149 715 791 149 759 dirt
fill 791 149 760 791 149 767 stone
fill 792 149 712 792 149 715 grass_block[snowy=false]
fill 792 149 716 792 149 754 dirt
fill 792 149 755 792 149 759 dirt
792 149 760 stone
792 149 761 dirt
fill 792 149 762 792 149 767 stone
fill 793 149 713 793 149 717 grass_block[snowy=false]
fill 793 149 718 793 149 759 dirt
793 149 760 stone
793 149 761 dirt
fill 793 149 762 793 149 767 stone
794 149 710 tall_grass[half=upper]
794 149 712 short_grass
fill 794 149 713 794 149 721 grass_block[snowy=false]
fill 794 149 722 794 149 758 dirt
794 149 759 stone
794 149 760 stone
794 149 761 dirt
fill 794 149 762 794 149 767 stone
fill 795 149 713 795 149 720 grass_block[snowy=false]
fill 795 149 721 795 149 755 dirt
fill 795 149 756 795 149 767 stone
796 149 711 tall_grass[half=lower]
fill 796 149 712 796 149 720 grass_block[snowy=false]
fill 796 149 721 796 149 754 dirt
fill 796 149 755 796 149 767 stone
797 149 711 tall_grass[half=lower]
fill 797 149 712 797 149 719 grass_block[snowy=false]
fill 797 149 720 797 149 752 dirt
fill 797 149 753 797 149 767 stone
fill 798 149 712 798 149 719 grass_block[snowy=false]
fill 798 149 720 798 149 750 dirt
798 149 751 stone
798 149 752 stone
fill 798 149 753 798 149 756 dirt
fill 798 149 757 798 149 767 stone
799 149 710 tall_grass[half=lower]
fill 799 149 712 799 149 719 grass_block[snowy=false]
fill 799 149 720 799 149 751 dirt
fill 799 149 752 799 149 757 stone
fill 799 149 758 799 149 760 dirt
799 149 767 stone
fill 800 149 711 800 149 718 grass_block[snowy=false]
fill 800 149 719 800 149 751 dirt
fill 800 149 752 800 149 761 stone
800 149 762 dirt
800 149 763 dirt
801 149 710 short_grass
801 149 711 grass_block[snowy=false]
fill 801 149 715 801 149 718 grass_block[snowy=false]
fill 801 149 719 801 149 751 dirt
fill 801 149 752 801 149 763 stone
fill 801 149 764 801 149 767 dirt
802 149 709 short_grass
802 149 711 grass_block[snowy=false]
802 149 716 grass_block[snowy=false]
802 149 717 grass_block[snowy=false]
fill 802 149 718 802 149 752 dirt
fill 802 149 753 802 149 767 stone
803 149 677 short_grass
803 149 709 short_grass
fill 803 149 710 803 149 712 grass_block[snowy=false]
803 149 714 grass_block[snowy=false]
fill 803 149 715 803 149 751 dirt
fill 803 149 752 803 149 767 stone
804 149 674 short_grass
804 149 680 short_grass
804 149 708 short_grass
fill 804 149 709 804 149 711 grass_block[snowy=false]
fill 804 149 712 804 149 751 dirt
fill 804 149 752 804 149 767 stone
fill 805 149 675 805 149 689 grass_block[snowy=false]
805 149 702 short_grass
805 149 703 short_grass
805 149 706 short_grass
fill 805 149 708 805 149 710 grass_block[snowy=false]
fill 805 149 711 805 149 751 dirt
fill 805 149 752 805 149 767 stone
fill 806 149 672 806 149 681 grass_block[snowy=false]
fill 806 149 682 806 149 689 dirt
806 149 690 grass_block[snowy=false]
806 149 691 grass_block[snowy=false]
806 149 699 short_grass
fill 806 149 705 806 149 709 grass_block[snowy=false]
fill 806 149 710 806 149 751 dirt
fill 806 149 752 806 149 767 stone
fill 807 149 670 807 149 675 grass_block[snowy=false]
fill 807 149 676 807 149 689 dirt
807 149 690 grass_block[snowy=false]
807 149 691 grass_block[snowy=false]
fill 807 149 700 807 149 708 grass_block[snowy=false]
fill 807 149 709 807 149 750 dirt
fill 807 149 751 807 149 767 stone
fill 808 149 661 808 149 670 grass_block[snowy=false]
fill 808 149 671 808 149 690 dirt
808 149 691 grass_block[snowy=false]
808 149 692 grass_block[snowy=false]
808 149 696 short_grass
808 149 697 tall_grass[half=lower]
fill 808 149 698 808 149 702 grass_block[snowy=false]
fill 808 149 703 808 149 736 dirt
fill 808 149 737 808 149 750 dirt
fill 808 149 751 808 149 767 stone
809 149 654 short_grass
fill 809 149 656 809 149 662 grass_block[snowy=false]
fill 809 149 663 809 149 690 dirt
fill 809 149 691 809 149 699 grass_block[snowy=false]
fill 809 149 700 809 149 748 dirt
fill 809 149 749 809 149 767 stone
fill 810 149 654 810 149 656 grass_block[snowy=false]
fill 810 149 657 810 149 691 dirt
fill 810 149 692 810 149 697 grass_block[snowy=false]
fill 810 149 698 810 149 743 dirt
fill 810 149 744 810 149 767 stone
fill 811 149 653 811 149 655 grass_block[snowy=false]
fill 811 149 656 811 149 691 dirt
fill 811 149 692 811 149 696 grass_block[snowy=false]
fill 811 149 697 811 149 742 dirt
fill 811 149 743 811 149 767 stone
fill 812 149 650 812 149 654 grass_block[snowy=false]
fill 812 149 655 812 149 741 dirt
fill 812 149 742 812 149 767 stone
813 149 646 wildflowers[facing=west,flower_amount=2]
fill 813 149 647 813 149 652 grass_block[snowy=false]
fill 813 149 653 813 149 741 dirt
813 149 742 gravel
fill 813 149 743 813 149 767 stone
fill 814 149 645 814 149 648 grass_block[snowy=false]
fill 814 149 649 814 149 741 dirt
814 149 742 gravel
814 149 743 gravel
fill 814 149 744 814 149 767 stone
fill 815 149 640 815 149 646 grass_block[snowy=false]
fill 815 149 647 815 149 660 dirt
815 149 661 stone
815 149 662 dirt
815 149 663 dirt
fill 815 149 664 815 149 666 stone
fill 815 149 667 815 149 670 dirt
fill 815 149 671 815 149 673 stone
fill 815 149 674 815 149 676 dirt
815 149 677 stone
815 149 678 dirt
815 149 679 dirt
fill 815 149 680 815 149 683 stone
fill 815 149 684 815 149 740 dirt
815 149 741 gravel
815 149 742 gravel
fill 815 149 743 815 149 767 stone
fill 816 149 640 816 149 644 grass_block[snowy=false]
fill 816 149 645 816 149 658 dirt
fill 816 149 659 816 149 675 stone
fill 816 149 676 816 149 679 dirt
fill 816 149 680 816 149 684 stone
fill 816 149 685 816 149 740 dirt
fill 816 149 741 816 149 743 gravel
fill 816 149 744 816 149 765 stone
816 149 766 dirt
816 149 767 dirt
817 149 640 grass_block[snowy=false]
817 149 641 grass_block[snowy=false]
fill 817 149 642 817 149 657 dirt
fill 817 149 658 817 149 684 stone
fill 817 149 685 817 149 706 dirt
817 149 707 stone
fill 817 149 708 817 149 740 dirt
fill 817 149 741 817 149 743 gravel
fill 817 149 744 817 149 758 stone
fill 817 149 759 817 149 765 stone
817 149 766 dirt
817 149 767 dirt
fill 818 149 640 818 149 656 dirt
fill 818 149 657 818 149 685 stone
fill 818 149 686 818 149 702 dirt
818 149 703 stone
818 149 704 dirt
818 149 705 dirt
818 149 706 stone
818 149 707 dirt
818 149 708 stone
fill 818 149 709 818 149 740 dirt
818 149 741 gravel
818 149 742 gravel
fill 818 149 743 818 149 766 stone
818 149 767 dirt
fill 819 149 640 819 149 654 dirt
fill 819 149 655 819 149 685 stone
fill 819 149 686 819 149 703 dirt
fill 819 149 704 819 149 708 stone
fill 819 149 709 819 149 739 dirt
819 149 740 gravel
819 149 741 gravel
fill 819 149 742 819 149 766 stone
819 149 767 dirt
fill 820 149 640 820 149 649 dirt
820 149 650 stone
820 149 651 dirt
820 149 652 dirt
fill 820 149 653 820 149 659 stone
820 149 660 coal_ore
fill 820 149 661 820 149 686 stone
fill 820 149 687 820 149 702 dirt
fill 820 149 703 820 149 708 stone
fill 820 149 709 820 149 738 dirt
fill 820 149 739 820 149 741 gravel
fill 820 149 742 820 149 754 stone
820 149 755 coal_ore
820 149 756 coal_ore
fill 820 149 757 820 149 767 stone
fill 821 149 640 821 149 647 dirt
821 149 648 stone
821 149 649 dirt
821 149 650 dirt
fill 821 149 651 821 149 658 stone
fill 821 149 659 821 149 662 coal_ore
fill 821 149 663 821 149 686 stone
fill 821 149 687 821 149 738 dirt
821 149 739 gravel
821 149 740 gravel
fill 821 149 741 821 149 753 stone
fill 821 149 754 821 149 756 coal_ore
fill 821 149 757 821 149 767 stone
fill 822 149 640 822 149 646 dirt
fill 822 149 647 822 149 660 stone
fill 822 149 661 822 149 663 coal_ore
fill 822 149 664 822 149 687 stone
fill 822 149 688 822 149 697 dirt
822 149 698 stone
822 149 699 stone
822 149 700 dirt
822 149 701 stone
fill 822 149 702 822 149 723 dirt
fill 822 149 724 822 149 728 stone
fill 822 149 729 822 149 737 dirt
822 149 738 stone
822 149 739 gravel
fill 822 149 740 822 149 752 stone
fill 822 149 753 822 149 755 coal_ore
fill 822 149 756 822 149 767 stone
fill 823 149 640 823 149 644 dirt
fill 823 149 645 823 149 679 stone
fill 823 149 680 823 149 683 coal_ore
fill 823 149 684 823 149 690 stone
fill 823 149 691 823 149 698 dirt
fill 823 149 699 823 149 701 stone
fill 823 149 702 823 149 722 dirt