856 80 914 stone
856 80 915 copper_ore
fill 856 80 916 856 80 949 stone
fill 856 80 950 856 80 955 diorite
fill 856 80 956 856 80 973 stone
856 80 974 diorite
856 80 975 dirt
856 80 979 dirt
856 80 980 diorite
fill 856 80 981 856 80 989 stone
fill 856 80 995 856 80 1003 stone
856 80 1004 iron_ore
856 80 1005 iron_ore
856 80 1006 andesite
fill 856 80 1007 856 80 1009 gravel
fill 856 80 1010 856 80 1012 andesite
856 80 1013 granite
856 80 1014 granite
fill 856 80 1015 856 80 1018 stone
fill 856 80 1019 856 80 1023 diorite
fill 857 80 896 857 80 912 stone
fill 857 80 915 857 80 929 stone
857 80 930 andesite
fill 857 80 931 857 80 948 stone
fill 857 80 949 857 80 956 diorite
fill 857 80 957 857 80 960 stone
857 80 961 andesite
857 80 962 andesite
fill 857 80 963 857 80 975 stone
fill 857 80 982 857 80 989 stone
fill 857 80 995 857 80 1003 stone
857 80 1004 iron_ore
857 80 1005 iron_ore
857 80 1006 andesite
857 80 1007 andesite
857 80 1008 gravel
fill 857 80 1009 857 80 1011 andesite
fill 857 80 1012 857 80 1015 granite
fill 857 80 1016 857 80 1020 stone
fill 857 80 1021 857 80 1023 diorite
fill 858 80 896 858 80 928 stone
fill 858 80 929 858 80 931 andesite
fill 858 80 932 858 80 948 stone
fill 858 80 949 858 80 956 diorite
fill 858 80 957 858 80 960 stone
fill 858 80 961 858 80 963 copper_ore
fill 858 80 964 858 80 975 stone
fill 858 80 982 858 80 989 stone
fill 858 80 995 858 80 1005 stone
fill 858 80 1006 858 80 1011 andesite
fill 858 80 1012 858 80 1015 granite
fill 858 80 1016 858 80 1022 stone
858 80 1023 diorite
fill 859 80 896 859 80 927 stone
fill 859 80 928 859 80 932 andesite
fill 859 80 933 859 80 947 stone
fill 859 80 948 859 80 956 diorite
fill 859 80 957 859 80 959 stone
fill 859 80 960 859 80 963 copper_ore
fill 859 80 964 859 80 974 stone
859 80 975 diorite
fill 859 80 983 859 80 989 stone
fill 859 80 995 859 80 1005 stone
fill 859 80 1006 859 80 1010 andesite
fill 859 80 1011 859 80 1016 granite
fill 859 80 1017 859 80 1023 stone
fill 860 80 896 860 80 926 stone
fill 860 80 927 860 80 932 andesite
fill 860 80 933 860 80 947 stone
fill 860 80 948 860 80 956 diorite
fill 860 80 957 860 80 960 stone
860 80 961 andesite
860 80 962 andesite
fill 860 80 963 860 80 973 stone
860 80 974 diorite
fill 860 80 984 860 80 990 stone
fill 860 80 994 860 80 1005 stone
fill 860 80 1006 860 80 1010 andesite
fill 860 80 1011 860 80 1016 granite
fill 860 80 1017 860 80 1023 stone
fill 861 80 896 861 80 926 stone
fill 861 80 927 861 80 932 andesite
fill 861 80 933 861 80 944 stone
fill 861 80 945 861 80 956 diorite
fill 861 80 957 861 80 972 stone
861 80 973 diorite
861 80 974 diorite
fill 861 80 985 861 80 996 stone
fill 861 80 997 861 80 1001 andesite
fill 861 80 1002 861 80 1005 stone
fill 861 80 1006 861 80 1009 andesite
fill 861 80 1010 861 80 1017 granite
fill 861 80 1018 861 80 1023 stone
fill 862 80 896 862 80 925 stone
fill 862 80 926 862 80 933 andesite
fill 862 80 934 862 80 943 stone
fill 862 80 944 862 80 959 diorite
862 80 960 stone
862 80 961 andesite
fill 862 80 962 862 80 966 stone
862 80 967 coal_ore
862 80 968 coal_ore
fill 862 80 969 862 80 972 stone
862 80 973 diorite
862 80 974 diorite
862 80 984 water[level=8]
fill 862 80 986 862 80 995 stone
fill 862 80 996 862 80 1004 andesite
862 80 1005 stone
fill 862 80 1006 862 80 1009 andesite
fill 862 80 1010 862 80 1017 granite
fill 862 80 1018 862 80 1023 stone
fill 863 80 896 863 80 909 stone
fill 863 80 910 863 80 925 stone
fill 863 80 926 863 80 933 andesite
fill 863 80 934 863 80 936 stone
863 80 937 andesite
863 80 938 andesite
fill 863 80 939 863 80 943 stone
fill 863 80 944 863 80 960 diorite
863 80 961 andesite
863 80 962 andesite
fill 863 80 963 863 80 965 stone
fill 863 80 966 863 80 968 coal_ore
fill 863 80 969 863 80 971 stone
fill 863 80 972 863 80 974 diorite
fill 863 80 986 863 80 995 stone
fill 863 80 996 863 80 1001 andesite
863 80 1002 infested_stone
863 80 1003 infested_stone
fill 863 80 1004 863 80 1009 andesite
fill 863 80 1010 863 80 1017 granite
fill 863 80 1018 863 80 1023 stone
fill 864 80 896 864 80 924 stone
fill 864 80 925 864 80 933 andesite
864 80 934 stone
864 80 935 stone
fill 864 80 936 864 80 939 andesite
fill 864 80 940 864 80 944 stone
fill 864 80 945 864 80 961 diorite
fill 864 80 962 864 80 964 stone
fill 864 80 965 864 80 967 coal_ore
fill 864 80 968 864 80 971 stone
fill 864 80 972 864 80 974 diorite
fill 864 80 986 864 80 995 stone
fill 864 80 996 864 80 1001 andesite
864 80 1002 infested_stone
864 80 1003 infested_stone
fill 864 80 1004 864 80 1009 andesite
fill 864 80 1010 864 80 1017 granite
fill 864 80 1018 864 80 1023 stone
fill 865 80 896 865 80 917 stone
865 80 918 copper_ore
fill 865 80 919 865 80 924 stone
fill 865 80 925 865 80 933 andesite
865 80 934 stone
fill 865 80 935 865 80 940 andesite
fill 865 80 941 865 80 945 stone
fill 865 80 946 865 80 961 diorite
fill 865 80 962 865 80 964 stone
865 80 965 coal_ore
865 80 966 coal_ore
fill 865 80 967 865 80 971 stone
fill 865 80 972 865 80 974 diorite
fill 865 80 986 865 80 990 stone
865 80 991 copper_ore
865 80 992 copper_ore
fill 865 80 993 865 80 996 stone
fill 865 80 997 865 80 1001 andesite
865 80 1002 infested_stone
fill 865 80 1003 865 80 1009 andesite
fill 865 80 1010 865 80 1017 granite
fill 865 80 1018 865 80 1023 stone
fill 866 80 896 866 80 924 stone
fill 866 80 925 866 80 932 andesite
fill 866 80 933 866 80 935 stone
fill 866 80 936 866 80 940 andesite
fill 866 80 941 866 80 946 stone
fill 866 80 947 866 80 961 diorite
fill 866 80 962 866 80 967 stone
866 80 968 iron_ore
866 80 969 stone
866 80 970 stone
fill 866 80 971 866 80 974 diorite
fill 866 80 986 866 80 990 stone
866 80 991 copper_ore
866 80 992 copper_ore
fill 866 80 993 866 80 997 stone
fill 866 80 998 866 80 1009 andesite
fill 866 80 1010 866 80 1017 granite
fill 866 80 1018 866 80 1023 stone
fill 867 80 896 867 80 924 stone
fill 867 80 925 867 80 932 andesite
fill 867 80 933 867 80 935 stone
fill 867 80 936 867 80 941 andesite
fill 867 80 942 867 80 946 stone
fill 867 80 947 867 80 959 diorite
867 80 960 dirt
fill 867 80 961 867 80 969 stone
fill 867 80 970 867 80 974 diorite
fill 867 80 987 867 80 990 stone
867 80 991 copper_ore
fill 867 80 992 867 80 997 stone
fill 867 80 998 867 80 1009 andesite
fill 867 80 1010 867 80 1017 granite
fill 867 80 1018 867 80 1023 stone
fill 868 80 896 868 80 902 stone
868 80 903 andesite
fill 868 80 904 868 80 924 stone
fill 868 80 925 868 80 932 andesite
fill 868 80 933 868 80 936 stone
fill 868 80 937 868 80 943 andesite
fill 868 80 944 868 80 947 stone
fill 868 80 948 868 80 953 diorite
fill 868 80 954 868 80 956 granite
fill 868 80 957 868 80 963 dirt
fill 868 80 964 868 80 969 stone
fill 868 80 970 868 80 974 diorite
fill 868 80 987 868 80 998 stone
fill 868 80 999 868 80 1009 andesite
fill 868 80 1010 868 80 1017 granite
fill 868 80 1018 868 80 1023 stone
fill 869 80 896 869 80 901 stone
fill 869 80 902 869 80 905 andesite
fill 869 80 906 869 80 923 stone
fill 869 80 924 869 80 930 andesite
fill 869 80 931 869 80 933 iron_ore
fill 869 80 934 869 80 937 stone
869 80 938 diorite
fill 869 80 939 869 80 944 andesite
fill 869 80 945 869 80 947 stone
fill 869 80 948 869 80 952 diorite
869 80 953 granite
869 80 954 iron_ore
869 80 955 granite
fill 869 80 956 869 80 964 dirt
fill 869 80 965 869 80 969 stone
fill 869 80 970 869 80 974 diorite
fill 869 80 987 869 80 999 stone
869 80 1000 andesite
869 80 1001 infested_stone
869 80 1002 infested_stone
fill 869 80 1003 869 80 1007 andesite
fill 869 80 1008 869 80 1011 diorite
fill 869 80 1012 869 80 1017 granite
fill 869 80 1018 869 80 1023 stone
fill 870 80 896 870 80 900 stone
fill 870 80 901 870 80 905 andesite
fill 870 80 906 870 80 923 stone
fill 870 80 924 870 80 929 andesite
fill 870 80 930 870 80 932 iron_ore
fill 870 80 933 870 80 936 stone
fill 870 80 937 870 80 939 diorite
fill 870 80 940 870 80 945 andesite
870 80 946 stone
870 80 947 stone
fill 870 80 948 870 80 951 diorite
fill 870 80 952 870 80 954 granite
fill 870 80 955 870 80 963 dirt
870 80 964 granite
fill 870 80 965 870 80 969 stone
fill 870 80 970 870 80 974 diorite
fill 870 80 987 870 80 1000 stone
fill 870 80 1001 870 80 1003 infested_stone
870 80 1004 andesite
870 80 1005 andesite
fill 870 80 1006 870 80 1016 diorite
fill 870 80 1017 870 80 1023 stone
fill 871 80 896 871 80 900 stone
fill 871 80 901 871 80 906 andesite
fill 871 80 907 871 80 923 stone
fill 871 80 924 871 80 931 andesite
fill 871 80 932 871 80 934 stone
fill 871 80 935 871 80 939 diorite
fill 871 80 940 871 80 945 andesite
fill 871 80 946 871 80 951 stone
fill 871 80 952 871 80 956 granite
fill 871 80 957 871 80 962 dirt
871 80 963 granite
871 80 964 granite
fill 871 80 965 871 80 969 stone
fill 871 80 970 871 80 974 diorite
fill 871 80 986 871 80 1002 stone
871 80 1003 andesite
871 80 1004 iron_ore
871 80 1005 iron_ore
fill 871 80 1006 871 80 1018 diorite
fill 871 80 1019 871 80 1023 stone
fill 872 80 896 872 80 900 stone
fill 872 80 901 872 80 906 andesite
fill 872 80 907 872 80 923 stone
fill 872 80 924 872 80 930 andesite
fill 872 80 931 872 80 934 stone
fill 872 80 935 872 80 940 diorite
fill 872 80 941 872 80 945 andesite
fill 872 80 946 872 80 955 stone
872 80 956 iron_ore
872 80 957 iron_ore
fill 872 80 958 872 80 961 granite
fill 872 80 962 872 80 970 stone
872 80 971 diorite
872 80 972 diorite
872 80 973 diorite
872 80 974 stone
fill 872 80 984 872 80 1003 stone
872 80 1004 iron_ore
872 80 1005 iron_ore
fill 872 80 1006 872 80 1019 diorite
fill 872 80 1020 872 80 1023 stone
fill 873 80 896 873 80 900 stone
fill 873 80 901 873 80 907 andesite
fill 873 80 908 873 80 924 stone
fill 873 80 925 873 80 930 andesite
fill 873 80 931 873 80 933 stone
fill 873 80 934 873 80 940 diorite
873 80 941 stone
fill 873 80 942 873 80 944 andesite
fill 873 80 945 873 80 955 stone
873 80 956 iron_ore
873 80 957 iron_ore
fill 873 80 958 873 80 975 stone
fill 873 80 982 873 80 990 stone
873 80 991 iron_ore
fill 873 80 992 873 80 1003 stone
fill 873 80 1004 873 80 1012 diorite
873 80 1013 infested_stone
fill 873 80 1014 873 80 1019 diorite
fill 873 80 1020 873 80 1023 stone
874 80 896 diorite
874 80 897 diorite
fill 874 80 898 874 80 900 stone
fill 874 80 901 874 80 907 andesite
fill 874 80 908 874 80 914 stone
874 80 915 gravel
874 80 916 gravel
fill 874 80 917 874 80 924 stone
fill 874 80 925 874 80 929 andesite
fill 874 80 930 874 80 933 stone
fill 874 80 934 874 80 940 diorite
fill 874 80 941 874 80 975 stone
fill 874 80 979 874 80 981 stone
fill 874 80 982 874 80 984 coal_ore
fill 874 80 985 874 80 990 stone
874 80 991 copper_ore
fill 874 80 992 874 80 1004 stone
fill 874 80 1005 874 80 1012 diorite
874 80 1013 infested_stone
fill 874 80 1014 874 80 1019 diorite
fill 874 80 1020 874 80 1023 stone
875 80 896 diorite
875 80 897 diorite
fill 875 80 898 875 80 900 stone
fill 875 80 901 875 80 908 andesite
fill 875 80 909 875 80 913 stone
fill 875 80 914 875 80 916 gravel
fill 875 80 917 875 80 924 stone
fill 875 80 925 875 80 929 andesite
fill 875 80 930 875 80 933 stone
875 80 934 diorite
fill 875 80 935 875 80 937 granite
875 80 938 diorite
875 80 939 diorite
fill 875 80 940 875 80 975 stone
fill 875 80 978 875 80 982 stone
875 80 983 coal_ore
875 80 984 coal_ore
fill 875 80 985 875 80 990 stone
875 80 991 copper_ore
fill 875 80 992 875 80 1004 stone
fill 875 80 1005 875 80 1018 diorite
fill 875 80 1019 875 80 1023 stone
876 80 896 diorite
876 80 897 diorite
fill 876 80 898 876 80 900 stone
fill 876 80 901 876 80 908 andesite
fill 876 80 909 876 80 912 stone
fill 876 80 913 876 80 916 gravel
fill 876 80 917 876 80 933 stone
fill 876 80 934 876 80 938 granite
876 80 939 diorite
fill 876 80 940 876 80 951 stone
876 80 952 granite
fill 876 80 953 876 80 962 stone
876 80 963 iron_ore
fill 876 80 964 876 80 975 stone
fill 876 80 977 876 80 997 stone
fill 876 80 998 876 80 1000 dirt
876 80 1001 stone
876 80 1002 stone
fill 876 80 1003 876 80 1014 diorite
fill 876 80 1015 876 80 1023 stone
fill 877 80 896 877 80 900 granite
fill 877 80 901 877 80 908 andesite
fill 877 80 909 877 80 912 stone
fill 877 80 913 877 80 916 gravel
fill 877 80 917 877 80 933 stone
fill 877 80 934 877 80 939 granite
fill 877 80 940 877 80 948 stone
877 80 949 iron_ore
877 80 950 iron_ore
877 80 951 granite
877 80 952 granite
fill 877 80 953 877 80 960 stone
fill 877 80 961 877 80 964 granite
fill 877 80 965 877 80 970 stone
fill 877 80 971 877 80 977 granite
fill 877 80 978 877 80 989 stone
877 80 990 emerald_ore
fill 877 80 991 877 80 995 stone
fill 877 80 996 877 80 1001 dirt
fill 877 80 1002 877 80 1007 diorite
fill 877 80 1008 877 80 1023 stone
fill 878 80 896 878 80 900 granite
878 80 901 andesite
fill 878 80 903 878 80 908 andesite
fill 878 80 909 878 80 911 stone
fill 878 80 912 878 80 916 gravel
fill 878 80 917 878 80 932 stone
878 80 933 diorite
fill 878 80 934 878 80 939 granite
fill 878 80 940 878 80 947 stone
878 80 948 granite
878 80 949 iron_ore
878 80 950 iron_ore
878 80 951 granite
878 80 952 granite
fill 878 80 953 878 80 957 stone
fill 878 80 958 878 80 965 granite
fill 878 80 966 878 80 969 stone
fill 878 80 970 878 80 974 granite
878 80 975 dirt
fill 878 80 976 878 80 979 granite
fill 878 80 980 878 80 995 stone
fill 878 80 996 878 80 1000 dirt
878 80 1001 stone
fill 878 80 1002 878 80 1007 diorite
878 80 1008 stone
878 80 1009 stone
fill 878 80 1010 878 80 1014 granite
fill 878 80 1015 878 80 1023 stone
fill 879 80 896 879 80 899 granite
fill 879 80 903 879 80 908 andesite
fill 879 80 909 879 80 911 stone
fill 879 80 912 879 80 916 gravel
fill 879 80 917 879 80 931 stone
879 80 932 diorite
879 80 933 diorite
fill 879 80 934 879 80 939 granite
fill 879 80 940 879 80 946 stone
fill 879 80 947 879 80 950 granite
fill 879 80 951 879 80 956 stone
fill 879 80 957 879 80 965 granite
879 80 966 stone
fill 879 80 967 879 80 972 granite
fill 879 80 973 879 80 976 dirt
fill 879 80 977 879 80 979 granite
fill 879 80 980 879 80 994 stone
fill 879 80 995 879 80 999 dirt
879 80 1000 stone
fill 879 80 1001 879 80 1006 diorite
fill 879 80 1007 879 80 1015 granite
fill 879 80 1016 879 80 1019 stone
879 80 1020 infested_stone
879 80 1021 infested_stone
879 80 1022 stone
879 80 1023 stone
fill 880 80 896 880 80 899 granite
fill 880 80 903 880 80 908 andesite
880 80 909 granite
880 80 910 iron_ore
880 80 911 stone
fill 880 80 912 880 80 915 gravel
fill 880 80 916 880 80 931 stone
880 80 932 diorite
880 80 933 diorite
fill 880 80 934 880 80 940 granite
fill 880 80 941 880 80 946 stone
fill 880 80 947 880 80 949 granite
fill 880 80 950 880 80 955 stone
fill 880 80 956 880 80 972 granite
fill 880 80 973 880 80 976 dirt
fill 880 80 977 880 80 979 granite
fill 880 80 980 880 80 993 stone
fill 880 80 994 880 80 999 dirt
fill 880 80 1000 880 80 1005 diorite
fill 880 80 1006 880 80 1015 granite
fill 880 80 1016 880 80 1018 stone
fill 880 80 1019 880 80 1021 infested_stone
880 80 1022 stone
880 80 1023 stone
fill 881 80 896 881 80 898 granite
fill 881 80 903 881 80 908 andesite
881 80 909 granite
881 80 910 stone
881 80 911 stone
fill 881 80 912 881 80 915 gravel
fill 881 80 916 881 80 931 stone
fill 881 80 932 881 80 934 diorite
fill 881 80 935 881 80 940 granite
fill 881 80 941 881 80 954 stone
fill 881 80 955 881 80 972 granite
fill 881 80 973 881 80 976 dirt
881 80 977 granite
881 80 978 granite
fill 881 80 979 881 80 985 stone
fill 881 80 986 881 80 993 stone
fill 881 80 994 881 80 997 dirt
881 80 998 stone
881 80 999 stone
fill 881 80 1000 881 80 1004 diorite
fill 881 80 1005 881 80 1012 granite
fill 881 80 1013 881 80 1016 andesite
fill 881 80 1017 881 80 1022 stone
881 80 1023 granite
fill 882 80 896 882 80 898 granite
fill 882 80 903 882 80 908 andesite
882 80 909 granite
882 80 910 stone
882 80 911 stone
fill 882 80 912 882 80 914 gravel
fill 882 80 915 882 80 934 stone
fill 882 80 935 882 80 940 granite
fill 882 80 941 882 80 952 stone
fill 882 80 953 882 80 972 granite
fill 882 80 973 882 80 976 dirt
882 80 977 granite
fill 882 80 978 882 80 993 stone
882 80 994 dirt
882 80 995 dirt
fill 882 80 996 882 80 999 stone
fill 882 80 1000 882 80 1002 diorite
fill 882 80 1003 882 80 1012 granite
fill 882 80 1013 882 80 1016 andesite
fill 882 80 1017 882 80 1022 stone
882 80 1023 granite
fill 883 80 896 883 80 898 granite
fill 883 80 903 883 80 908 andesite
883 80 909 granite
fill 883 80 910 883 80 934 stone
fill 883 80 935 883 80 941 granite
fill 883 80 942 883 80 952 stone
fill 883 80 953 883 80 972 granite
fill 883 80 973 883 80 976 dirt
fill 883 80 977 883 80 999 stone
fill 883 80 1000 883 80 1002 diorite
fill 883 80 1003 883 80 1012 granite
fill 883 80 1013 883 80 1017 andesite
fill 883 80 1018 883 80 1022 stone
883 80 1023 granite
fill 884 80 896 884 80 898 stone
884 80 899 granite
fill 884 80 903 884 80 908 andesite
fill 884 80 909 884 80 911 stone
fill 884 80 912 884 80 914 andesite
fill 884 80 915 884 80 935 stone
fill 884 80 936 884 80 941 granite
fill 884 80 942 884 80 951 stone
fill 884 80 952 884 80 969 granite
884 80 970 copper_ore
884 80 971 copper_ore
884 80 972 granite
fill 884 80 973 884 80 976 dirt
fill 884 80 977 884 80 998 stone
fill 884 80 999 884 80 1001 diorite
fill 884 80 1002 884 80 1012 granite
884 80 1013 stone
fill 884 80 1014 884 80 1018 andesite
fill 884 80 1019 884 80 1022 stone
884 80 1023 granite
fill 885 80 896 885 80 899 stone
885 80 903 stone
fill 885 80 904 885 80 908 andesite
885 80 909 stone
885 80 910 stone
fill 885 80 911 885 80 914 andesite
fill 885 80 915 885 80 935 stone
fill 885 80 936 885 80 941 granite
fill 885 80 942 885 80 950 stone
fill 885 80 951 885 80 968 granite
fill 885 80 969 885 80 971 copper_ore
885 80 972 stone
fill 885 80 973 885 80 975 dirt
fill 885 80 976 885 80 998 stone
885 80 999 diorite
885 80 1000 diorite
fill 885 80 1001 885 80 1011 granite
885 80 1012 stone
885 80 1013 stone
fill 885 80 1014 885 80 1020 andesite
885 80 1021 stone
885 80 1022 stone
885 80 1023 granite
fill 886 80 896 886 80 899 stone
886 80 903 stone
fill 886 80 904 886 80 907 andesite
886 80 908 stone
886 80 909 stone
fill 886 80 910 886 80 914 andesite
fill 886 80 915 886 80 935 stone
fill 886 80 936 886 80 941 granite
fill 886 80 942 886 80 950 stone
fill 886 80 951 886 80 960 granite
886 80 961 stone
886 80 962 stone
fill 886 80 963 886 80 968 granite
886 80 969 copper_ore
886 80 970 copper_ore
886 80 971 iron_ore
886 80 972 iron_ore
fill 886 80 973 886 80 975 dirt
fill 886 80 976 886 80 986 stone
886 80 987 coal_ore
fill 886 80 988 886 80 996 stone
fill 886 80 997 886 80 1000 diorite
fill 886 80 1001 886 80 1010 granite
fill 886 80 1011 886 80 1013 stone
886 80 1014 andesite
886 80 1015 andesite
fill 886 80 1016 886 80 1019 gravel
886 80 1020 andesite
886 80 1021 stone
886 80 1022 granite
886 80 1023 granite
fill 887 80 896 887 80 899 stone
fill 887 80 903 887 80 908 stone
fill 887 80 909 887 80 914 andesite
fill 887 80 915 887 80 927 stone
887 80 928 gold_ore
887 80 929 gold_ore
fill 887 80 930 887 80 937 stone
fill 887 80 938 887 80 941 granite
fill 887 80 942 887 80 949 stone
fill 887 80 950 887 80 959 granite
fill 887 80 960 887 80 967 stone
887 80 968 copper_ore
887 80 969 copper_ore
fill 887 80 970 887 80 972 iron_ore
fill 887 80 973 887 80 985 stone
fill 887 80 986 887 80 990 coal_ore
fill 887 80 991 887 80 995 stone
fill 887 80 996 887 80 1000 diorite
fill 887 80 1001 887 80 1007 granite
fill 887 80 1008 887 80 1012 stone
fill 887 80 1013 887 80 1018 gravel
887 80 1019 andesite
887 80 1020 andesite
887 80 1021 stone
887 80 1022 granite
887 80 1023 granite
fill 888 80 896 888 80 899 stone
fill 888 80 903 888 80 908 stone
fill 888 80 909 888 80 914 andesite
fill 888 80 915 888 80 927 stone
888 80 928 gold_ore
888 80 929 gold_ore
fill 888 80 930 888 80 937 stone
fill 888 80 938 888 80 941 granite
fill 888 80 942 888 80 949 stone
fill 888 80 950 888 80 958 granite
fill 888 80 959 888 80 967 stone
fill 888 80 968 888 80 970 copper_ore
fill 888 80 971 888 80 986 stone
fill 888 80 987 888 80 989 coal_ore
fill 888 80 990 888 80 995 stone
888 80 996 diorite
888 80 997 diorite
fill 888 80 998 888 80 1002 andesite
888 80 1003 granite
888 80 1004 granite
fill 888 80 1005 888 80 1011 stone
fill 888 80 1012 888 80 1018 gravel
888 80 1019 andesite
888 80 1020 andesite
888 80 1021 stone
888 80 1022 granite
888 80 1023 granite
fill 889 80 896 889 80 899 stone
fill 889 80 903 889 80 908 stone
fill 889 80 909 889 80 913 andesite
fill 889 80 914 889 80 938 stone
889 80 939 granite
889 80 940 granite
fill 889 80 941 889 80 950 stone