fill 826 123 979 826 123 981 gravel
fill 826 123 982 826 123 1003 stone
826 123 1004 granite
826 123 1005 diorite
fill 826 123 1006 826 123 1012 diorite
fill 826 123 1013 826 123 1015 stone
826 123 1022 stone
826 123 1023 stone
fill 827 123 896 827 123 945 stone
827 123 946 coal_ore
827 123 947 coal_ore
fill 827 123 948 827 123 952 stone
827 123 953 dirt
fill 827 123 954 827 123 965 water[level=0]
827 123 966 dirt
fill 827 123 967 827 123 969 stone
fill 827 123 970 827 123 973 granite
fill 827 123 974 827 123 978 stone
fill 827 123 979 827 123 982 gravel
fill 827 123 983 827 123 992 stone
827 123 993 copper_ore
827 123 994 copper_ore
fill 827 123 995 827 123 1003 stone
827 123 1004 granite
827 123 1005 granite
fill 827 123 1006 827 123 1014 diorite
827 123 1015 granite
827 123 1021 infested_stone
827 123 1022 stone
827 123 1023 stone
fill 828 123 896 828 123 945 stone
828 123 946 coal_ore
828 123 947 coal_ore
fill 828 123 948 828 123 953 stone
fill 828 123 954 828 123 965 water[level=0]
828 123 966 dirt
828 123 967 stone
828 123 968 stone
fill 828 123 969 828 123 974 granite
fill 828 123 975 828 123 978 stone
fill 828 123 979 828 123 983 gravel
fill 828 123 984 828 123 992 stone
828 123 993 copper_ore
828 123 994 copper_ore
fill 828 123 995 828 123 1003 stone
828 123 1004 granite
828 123 1005 granite
fill 828 123 1006 828 123 1012 diorite
828 123 1021 stone
828 123 1022 infested_stone
828 123 1023 infested_stone
fill 829 123 896 829 123 922 stone
829 123 923 coal_ore
829 123 924 coal_ore
829 123 925 stone
829 123 926 stone
829 123 927 coal_ore
fill 829 123 928 829 123 945 stone
829 123 946 coal_ore
829 123 947 coal_ore
fill 829 123 948 829 123 953 stone
829 123 954 dirt
fill 829 123 955 829 123 965 water[level=0]
829 123 966 dirt
829 123 967 stone
829 123 968 stone
fill 829 123 969 829 123 971 granite
829 123 972 coal_ore
829 123 973 coal_ore
fill 829 123 974 829 123 978 stone
829 123 979 iron_ore
fill 829 123 980 829 123 983 gravel
fill 829 123 984 829 123 1003 stone
829 123 1004 granite
829 123 1005 granite
fill 829 123 1006 829 123 1009 diorite
fill 829 123 1020 829 123 1023 stone
fill 830 123 896 830 123 925 stone
830 123 926 coal_ore
830 123 927 coal_ore
fill 830 123 928 830 123 940 stone
830 123 941 copper_ore
830 123 942 copper_ore
fill 830 123 943 830 123 945 stone
830 123 946 coal_ore
830 123 947 coal_ore
fill 830 123 948 830 123 954 stone
830 123 955 dirt
fill 830 123 956 830 123 965 water[level=0]
830 123 966 dirt
830 123 967 stone
830 123 968 stone
fill 830 123 969 830 123 971 granite
fill 830 123 972 830 123 975 coal_ore
fill 830 123 976 830 123 979 stone
fill 830 123 980 830 123 984 gravel
fill 830 123 985 830 123 1003 stone
fill 830 123 1004 830 123 1006 granite
830 123 1007 diorite
830 123 1008 diorite
830 123 1019 glow_lichen[down=false,east=false,north=false,south=false,up=true,waterlogged=false,west=false]
fill 830 123 1020 830 123 1023 stone
fill 831 123 896 831 123 925 stone
fill 831 123 926 831 123 928 coal_ore
fill 831 123 929 831 123 939 stone
fill 831 123 940 831 123 942 copper_ore
fill 831 123 943 831 123 945 stone
831 123 946 coal_ore
831 123 947 coal_ore
fill 831 123 948 831 123 954 stone
831 123 955 dirt
fill 831 123 956 831 123 966 water[level=0]
fill 831 123 967 831 123 969 stone
fill 831 123 970 831 123 972 granite
fill 831 123 973 831 123 975 coal_ore
fill 831 123 976 831 123 979 stone
fill 831 123 980 831 123 984 gravel
fill 831 123 985 831 123 992 stone
831 123 993 lapis_ore
831 123 994 lapis_ore
fill 831 123 995 831 123 1004 stone
831 123 1005 granite
831 123 1019 granite
fill 831 123 1020 831 123 1023 stone
832 123 896 stone
832 123 897 stone
fill 832 123 898 832 123 900 diorite
fill 832 123 901 832 123 906 stone
832 123 907 coal_ore
832 123 908 coal_ore
fill 832 123 909 832 123 925 stone
832 123 926 coal_ore
832 123 927 coal_ore
fill 832 123 928 832 123 954 stone
832 123 955 dirt
fill 832 123 956 832 123 966 water[level=0]
fill 832 123 967 832 123 973 stone
832 123 974 coal_ore
832 123 975 coal_ore
fill 832 123 976 832 123 980 stone
fill 832 123 981 832 123 984 gravel
832 123 985 stone
fill 832 123 986 832 123 992 dirt
832 123 993 lapis_ore
832 123 994 lapis_ore
fill 832 123 995 832 123 1004 stone
832 123 1016 diorite
832 123 1017 diorite
832 123 1018 granite
832 123 1019 granite
fill 832 123 1020 832 123 1023 stone
833 123 896 stone
fill 833 123 897 833 123 901 diorite
fill 833 123 902 833 123 924 stone
fill 833 123 925 833 123 927 coal_ore
fill 833 123 928 833 123 955 stone
fill 833 123 956 833 123 966 water[level=0]
833 123 967 dirt
fill 833 123 968 833 123 981 stone
833 123 982 gravel
833 123 983 gravel
833 123 984 stone
fill 833 123 985 833 123 993 dirt
fill 833 123 994 833 123 998 stone
833 123 999 iron_ore
fill 833 123 1000 833 123 1003 stone
fill 833 123 1014 833 123 1016 diorite
fill 833 123 1017 833 123 1019 coal_ore
fill 833 123 1020 833 123 1023 stone
834 123 896 stone
fill 834 123 897 834 123 901 diorite
fill 834 123 902 834 123 925 stone
834 123 926 coal_ore
fill 834 123 927 834 123 955 stone
fill 834 123 956 834 123 967 water[level=0]
fill 834 123 968 834 123 983 stone
834 123 984 copper_ore
fill 834 123 985 834 123 994 dirt
fill 834 123 995 834 123 1003 stone
fill 834 123 1009 834 123 1016 diorite
fill 834 123 1017 834 123 1020 coal_ore
fill 834 123 1021 834 123 1023 stone
835 123 896 stone
fill 835 123 897 835 123 902 diorite
835 123 903 copper_ore
fill 835 123 904 835 123 955 stone
fill 835 123 956 835 123 966 water[level=0]
fill 835 123 967 835 123 982 stone
fill 835 123 983 835 123 986 stone
fill 835 123 987 835 123 993 dirt
fill 835 123 994 835 123 1003 stone
835 123 1008 stone
835 123 1009 stone
fill 835 123 1010 835 123 1016 diorite
fill 835 123 1017 835 123 1021 coal_ore
835 123 1022 stone
835 123 1023 stone
836 123 896 stone
fill 836 123 897 836 123 902 diorite
fill 836 123 903 836 123 955 stone
fill 836 123 956 836 123 966 water[level=0]
fill 836 123 967 836 123 982 stone
836 123 983 dirt
fill 836 123 984 836 123 990 stone
836 123 991 dirt
fill 836 123 992 836 123 1003 stone
fill 836 123 1007 836 123 1010 stone
fill 836 123 1011 836 123 1018 diorite
836 123 1019 stone
836 123 1020 stone
836 123 1021 coal_ore
836 123 1022 stone
836 123 1023 stone
837 123 896 stone
837 123 897 stone
fill 837 123 898 837 123 902 diorite
fill 837 123 903 837 123 955 stone
837 123 956 dirt
fill 837 123 957 837 123 966 water[level=0]
fill 837 123 967 837 123 977 stone
fill 837 123 978 837 123 984 dirt
fill 837 123 985 837 123 1003 stone
fill 837 123 1007 837 123 1011 stone
837 123 1012 granite
fill 837 123 1013 837 123 1018 diorite
fill 837 123 1019 837 123 1023 stone
838 123 896 stone
838 123 897 stone
fill 838 123 898 838 123 901 diorite
fill 838 123 902 838 123 955 stone
838 123 956 dirt
fill 838 123 957 838 123 966 water[level=0]
fill 838 123 967 838 123 977 stone
fill 838 123 978 838 123 985 dirt
fill 838 123 986 838 123 1003 stone
fill 838 123 1006 838 123 1011 stone
838 123 1012 granite
838 123 1013 granite
fill 838 123 1014 838 123 1018 diorite
fill 838 123 1019 838 123 1023 stone
fill 839 123 896 839 123 954 stone
839 123 955 dirt
fill 839 123 956 839 123 965 water[level=0]
fill 839 123 966 839 123 974 stone
839 123 975 coal_ore
839 123 976 stone
fill 839 123 977 839 123 984 dirt
fill 839 123 985 839 123 1004 stone
fill 839 123 1006 839 123 1012 stone
fill 839 123 1013 839 123 1015 granite
839 123 1016 diorite
839 123 1017 granite
fill 839 123 1018 839 123 1023 stone
fill 840 123 896 840 123 954 stone
fill 840 123 955 840 123 965 water[level=0]
fill 840 123 966 840 123 972 stone
fill 840 123 973 840 123 977 coal_ore
fill 840 123 978 840 123 983 dirt
fill 840 123 984 840 123 1012 stone
fill 840 123 1013 840 123 1016 granite
fill 840 123 1017 840 123 1023 stone
fill 841 123 896 841 123 953 stone
841 123 954 dirt
fill 841 123 955 841 123 965 water[level=0]
fill 841 123 966 841 123 971 stone
fill 841 123 972 841 123 976 coal_ore
fill 841 123 977 841 123 999 stone
fill 841 123 1000 841 123 1002 diorite
fill 841 123 1003 841 123 1012 stone
fill 841 123 1013 841 123 1016 granite
fill 841 123 1017 841 123 1023 stone
fill 842 123 896 842 123 953 stone
fill 842 123 954 842 123 964 water[level=0]
fill 842 123 965 842 123 998 stone
fill 842 123 999 842 123 1003 diorite
fill 842 123 1004 842 123 1023 stone
fill 843 123 896 843 123 952 stone
843 123 953 dirt
fill 843 123 954 843 123 963 water[level=0]
843 123 964 sand
fill 843 123 965 843 123 998 stone
fill 843 123 999 843 123 1005 diorite
fill 843 123 1006 843 123 1023 stone
844 123 896 dirt
fill 844 123 897 844 123 919 stone
fill 844 123 920 844 123 936 stone
fill 844 123 937 844 123 939 coal_ore
fill 844 123 940 844 123 952 stone
fill 844 123 953 844 123 962 water[level=0]
844 123 963 sand
844 123 964 sand
fill 844 123 965 844 123 998 stone
fill 844 123 999 844 123 1007 diorite
fill 844 123 1008 844 123 1013 stone
fill 844 123 1014 844 123 1016 granite
fill 844 123 1017 844 123 1023 stone
fill 845 123 896 845 123 898 dirt
fill 845 123 899 845 123 936 stone
fill 845 123 937 845 123 939 coal_ore
fill 845 123 940 845 123 950 stone
845 123 951 dirt
845 123 952 dirt
fill 845 123 953 845 123 961 water[level=0]
845 123 962 sand
845 123 963 sand
fill 845 123 964 845 123 999 stone
fill 845 123 1000 845 123 1008 diorite
fill 845 123 1009 845 123 1012 stone
fill 845 123 1013 845 123 1017 granite
fill 845 123 1018 845 123 1022 stone
845 123 1023 granite
fill 846 123 896 846 123 898 dirt
846 123 899 copper_ore
fill 846 123 900 846 123 937 stone
fill 846 123 938 846 123 940 coal_ore
fill 846 123 941 846 123 950 stone
846 123 951 dirt
846 123 952 dirt
fill 846 123 953 846 123 961 water[level=0]
846 123 962 dirt
846 123 963 sand
fill 846 123 964 846 123 1000 stone
fill 846 123 1001 846 123 1008 diorite
fill 846 123 1009 846 123 1012 stone
fill 846 123 1013 846 123 1018 granite
fill 846 123 1019 846 123 1021 stone
846 123 1022 granite
846 123 1023 diorite
fill 847 123 896 847 123 898 dirt
fill 847 123 899 847 123 938 stone
847 123 939 coal_ore
847 123 940 coal_ore
fill 847 123 941 847 123 950 stone
847 123 951 dirt
fill 847 123 952 847 123 960 water[level=0]
847 123 961 dirt
847 123 962 dirt
fill 847 123 963 847 123 1000 stone
fill 847 123 1001 847 123 1008 diorite
fill 847 123 1009 847 123 1012 stone
fill 847 123 1013 847 123 1019 granite
847 123 1020 stone
847 123 1021 stone
847 123 1022 granite
847 123 1023 diorite
fill 848 123 896 848 123 950 stone
fill 848 123 951 848 123 959 water[level=0]
848 123 960 dirt
848 123 961 dirt
fill 848 123 962 848 123 1001 stone
fill 848 123 1002 848 123 1009 diorite
fill 848 123 1010 848 123 1012 stone
fill 848 123 1013 848 123 1019 granite
848 123 1020 stone
fill 848 123 1021 848 123 1023 diorite
fill 849 123 896 849 123 922 stone
849 123 923 dirt
fill 849 123 924 849 123 950 stone
fill 849 123 951 849 123 958 water[level=0]
849 123 959 dirt
fill 849 123 960 849 123 1001 stone
fill 849 123 1002 849 123 1008 diorite
fill 849 123 1015 849 123 1019 granite
fill 849 123 1020 849 123 1023 diorite
fill 850 123 896 850 123 921 stone
fill 850 123 922 850 123 924 dirt
fill 850 123 925 850 123 931 stone
850 123 932 copper_ore
fill 850 123 933 850 123 949 stone
fill 850 123 950 850 123 957 water[level=0]
850 123 958 dirt
fill 850 123 959 850 123 1002 stone
fill 850 123 1003 850 123 1006 diorite
fill 850 123 1017 850 123 1019 granite
fill 850 123 1020 850 123 1023 diorite
fill 851 123 896 851 123 921 stone
fill 851 123 922 851 123 925 dirt
fill 851 123 926 851 123 943 stone
851 123 944 copper_ore
851 123 945 copper_ore
fill 851 123 946 851 123 950 stone
fill 851 123 951 851 123 957 water[level=0]
851 123 958 dirt
fill 851 123 959 851 123 1005 stone
851 123 1006 diorite
fill 851 123 1017 851 123 1020 granite
fill 851 123 1021 851 123 1023 diorite
fill 852 123 896 852 123 907 stone
fill 852 123 908 852 123 912 diorite
fill 852 123 913 852 123 921 stone
fill 852 123 922 852 123 924 dirt
fill 852 123 925 852 123 944 stone
852 123 945 copper_ore
fill 852 123 946 852 123 950 stone
fill 852 123 951 852 123 958 water[level=0]
fill 852 123 959 852 123 996 stone
fill 852 123 997 852 123 1005 stone
fill 852 123 1018 852 123 1020 granite
852 123 1021 stone
852 123 1022 granite
852 123 1023 granite
fill 853 123 896 853 123 906 stone
fill 853 123 907 853 123 913 diorite
fill 853 123 914 853 123 921 stone
fill 853 123 922 853 123 925 dirt
fill 853 123 926 853 123 950 stone
fill 853 123 951 853 123 958 water[level=0]
fill 853 123 959 853 123 1005 stone
fill 853 123 1018 853 123 1023 granite
fill 854 123 896 854 123 906 stone
fill 854 123 907 854 123 909 diorite
fill 854 123 910 854 123 912 coal_ore
fill 854 123 913 854 123 915 diorite
fill 854 123 916 854 123 921 stone
fill 854 123 922 854 123 925 dirt
fill 854 123 926 854 123 948 stone
854 123 949 coal_ore
854 123 950 coal_ore
fill 854 123 951 854 123 958 water[level=0]
fill 854 123 959 854 123 1005 stone
854 123 1018 infested_stone
854 123 1019 granite
854 123 1020 granite
854 123 1021 stone
854 123 1022 granite
854 123 1023 granite
fill 855 123 896 855 123 907 stone
fill 855 123 908 855 123 910 diorite
855 123 911 coal_ore
855 123 912 coal_ore
fill 855 123 913 855 123 915 diorite
fill 855 123 916 855 123 922 stone
fill 855 123 923 855 123 925 dirt
fill 855 123 926 855 123 947 stone
fill 855 123 948 855 123 950 coal_ore
fill 855 123 951 855 123 958 water[level=0]
fill 855 123 959 855 123 1005 stone
855 123 1018 infested_stone
855 123 1019 granite
855 123 1020 granite
855 123 1021 stone
855 123 1022 granite
855 123 1023 granite
fill 856 123 896 856 123 908 stone
856 123 909 diorite
856 123 910 diorite
856 123 911 coal_ore
856 123 912 coal_ore
fill 856 123 913 856 123 915 diorite
fill 856 123 916 856 123 922 stone
fill 856 123 923 856 123 925 dirt
fill 856 123 926 856 123 948 stone
856 123 949 coal_ore
856 123 950 stone
fill 856 123 951 856 123 958 water[level=0]
fill 856 123 959 856 123 1005 stone
856 123 1018 infested_stone
fill 856 123 1019 856 123 1022 stone
856 123 1023 granite
fill 857 123 896 857 123 912 stone
857 123 913 diorite
857 123 914 diorite
fill 857 123 915 857 123 922 stone
857 123 923 dirt
857 123 924 dirt
fill 857 123 925 857 123 951 stone
fill 857 123 952 857 123 957 water[level=0]
857 123 958 dirt
fill 857 123 959 857 123 990 stone
fill 857 123 991 857 123 994 andesite
857 123 995 stone
fill 857 123 1000 857 123 1005 stone
fill 857 123 1018 857 123 1023 stone
fill 858 123 896 858 123 951 stone
fill 858 123 952 858 123 957 water[level=0]
858 123 958 dirt
fill 858 123 959 858 123 988 stone
fill 858 123 989 858 123 995 andesite
fill 858 123 1000 858 123 1006 stone
fill 858 123 1017 858 123 1023 stone
fill 859 123 896 859 123 936 stone
859 123 937 dirt
859 123 938 dirt
fill 859 123 939 859 123 951 stone
fill 859 123 952 859 123 957 water[level=0]
859 123 958 dirt
fill 859 123 959 859 123 986 stone
fill 859 123 987 859 123 994 andesite
fill 859 123 1000 859 123 1006 stone
fill 859 123 1017 859 123 1023 stone
860 123 896 dirt
fill 860 123 897 860 123 936 stone
860 123 937 dirt
860 123 938 dirt
fill 860 123 939 860 123 951 stone
fill 860 123 952 860 123 957 water[level=0]
860 123 958 dirt
fill 860 123 959 860 123 983 stone
fill 860 123 984 860 123 995 andesite
fill 860 123 1000 860 123 1008 stone
fill 860 123 1015 860 123 1023 stone
861 123 896 dirt
861 123 897 dirt
fill 861 123 898 861 123 936 stone
861 123 937 dirt
861 123 938 dirt
fill 861 123 939 861 123 951 stone
fill 861 123 952 861 123 957 water[level=0]
861 123 958 dirt
fill 861 123 959 861 123 974 stone
fill 861 123 975 861 123 984 water[level=0]
fill 861 123 985 861 123 994 andesite
861 123 995 stone
861 123 996 stone
fill 861 123 999 861 123 1008 stone
fill 861 123 1009 861 123 1012 dirt
fill 861 123 1013 861 123 1023 stone
862 123 896 dirt
862 123 897 dirt
fill 862 123 898 862 123 913 stone
fill 862 123 914 862 123 936 stone
862 123 937 dirt
862 123 938 dirt
fill 862 123 939 862 123 950 stone
fill 862 123 951 862 123 957 water[level=0]
862 123 958 dirt
fill 862 123 959 862 123 973 stone
fill 862 123 974 862 123 986 water[level=0]
fill 862 123 987 862 123 993 andesite
fill 862 123 994 862 123 1008 stone
862 123 1009 dirt
862 123 1010 dirt
fill 862 123 1011 862 123 1023 stone
863 123 896 dirt
863 123 897 dirt
fill 863 123 898 863 123 950 stone
fill 863 123 951 863 123 957 water[level=0]
863 123 958 dirt
fill 863 123 959 863 123 973 stone
fill 863 123 974 863 123 986 water[level=0]
fill 863 123 987 863 123 992 andesite
fill 863 123 993 863 123 1023 stone
864 123 896 dirt
fill 864 123 897 864 123 949 stone
864 123 950 gravel
fill 864 123 951 864 123 957 water[level=0]
864 123 958 dirt
fill 864 123 959 864 123 973 stone
fill 864 123 974 864 123 986 water[level=0]
fill 864 123 987 864 123 991 andesite
fill 864 123 992 864 123 995 stone
864 123 996 copper_ore
864 123 997 copper_ore
fill 864 123 998 864 123 1015 stone
fill 864 123 1017 864 123 1023 stone
fill 865 123 896 865 123 923 stone
fill 865 123 924 865 123 929 granite
865 123 930 stone
fill 865 123 932 865 123 949 stone
865 123 950 gravel
fill 865 123 951 865 123 958 water[level=0]
fill 865 123 959 865 123 979 stone
fill 865 123 980 865 123 990 andesite
fill 865 123 991 865 123 994 stone
fill 865 123 995 865 123 997 copper_ore
fill 865 123 998 865 123 1014 stone
fill 865 123 1016 865 123 1023 stone
fill 866 123 896 866 123 919 stone
fill 866 123 920 866 123 929 granite
fill 866 123 933 866 123 949 stone
866 123 950 gravel
fill 866 123 951 866 123 958 water[level=0]
fill 866 123 959 866 123 979 stone
fill 866 123 980 866 123 989 andesite
fill 866 123 990 866 123 1023 stone
fill 867 123 896 867 123 917 stone
fill 867 123 918 867 123 928 granite
fill 867 123 931 867 123 949 stone
fill 867 123 950 867 123 957 water[level=0]
867 123 958 dirt
fill 867 123 959 867 123 979 stone
fill 867 123 980 867 123 988 andesite
fill 867 123 989 867 123 1013 stone
fill 867 123 1015 867 123 1023 stone
fill 868 123 896 868 123 915 stone
fill 868 123 916 868 123 928 granite
868 123 930 granite
fill 868 123 931 868 123 949 stone
fill 868 123 950 868 123 957 water[level=0]
868 123 958 dirt
fill 868 123 959 868 123 980 stone
fill 868 123 981 868 123 986 andesite
fill 868 123 987 868 123 990 diorite
fill 868 123 991 868 123 1010 stone
868 123 1011 dripstone_block
868 123 1012 stone
fill 868 123 1014 868 123 1023 stone
fill 869 123 896 869 123 914 stone
fill 869 123 915 869 123 929 granite
fill 869 123 930 869 123 949 stone
fill 869 123 950 869 123 957 water[level=0]
fill 869 123 958 869 123 963 stone
fill 869 123 964 869 123 970 diorite
fill 869 123 971 869 123 983 stone
fill 869 123 984 869 123 995 diorite
fill 869 123 996 869 123 1005 stone
fill 869 123 1006 869 123 1009 coal_ore
869 123 1010 dripstone_block
869 123 1011 dripstone_block
fill 869 123 1013 869 123 1023 stone
fill 870 123 896 870 123 913 stone
fill 870 123 914 870 123 928 granite
fill 870 123 929 870 123 949 stone
fill 870 123 950 870 123 953 water[level=0]
fill 870 123 954 870 123 956 water[level=0]
870 123 957 seagrass
fill 870 123 958 870 123 962 stone
fill 870 123 963 870 123 973 diorite
fill 870 123 974 870 123 982 stone
fill 870 123 983 870 123 996 diorite
fill 870 123 997 870 123 1005 stone
fill 870 123 1006 870 123 1009 coal_ore
870 123 1010 dripstone_block
fill 870 123 1012 870 123 1023 stone
fill 871 123 896 871 123 898 stone
871 123 899 dirt
871 123 900 dirt
fill 871 123 901 871 123 912 stone
fill 871 123 913 871 123 926 granite
fill 871 123 927 871 123 949 stone
fill 871 123 950 871 123 957 water[level=0]
fill 871 123 958 871 123 963 stone
fill 871 123 964 871 123 975 diorite
fill 871 123 976 871 123 980 stone
fill 871 123 981 871 123 997 diorite
fill 871 123 998 871 123 1009 stone
fill 871 123 1011 871 123 1023 stone
fill 872 123 896 872 123 898 stone
872 123 899 dirt
872 123 900 dirt
fill 872 123 901 872 123 911 stone
fill 872 123 912 872 123 925 granite
fill 872 123 926 872 123 948 stone
fill 872 123 949 872 123 957 water[level=0]
fill 872 123 958 872 123 963 stone
fill 872 123 964 872 123 976 diorite
fill 872 123 977 872 123 979 stone
fill 872 123 980 872 123 995 diorite
872 123 996 copper_ore
872 123 997 copper_ore
fill 872 123 998 872 123 1008 stone
fill 872 123 1011 872 123 1023 stone
873 123 896 stone
fill 873 123 897 873 123 900 dirt
fill 873 123 901 873 123 911 stone
fill 873 123 912 873 123 924 granite
fill 873 123 925 873 123 940 stone
873 123 941 copper_ore
873 123 942 copper_ore
fill 873 123 943 873 123 948 stone
fill 873 123 949 873 123 957 water[level=0]