861 121 393 stone
861 121 394 stone
861 121 395 stone
861 121 396 stone
861 121 397 stone
861 121 398 stone
861 121 399 stone
861 121 400 stone
861 121 401 stone
861 121 402 stone
861 121 403 stone
861 121 404 stone
861 121 405 stone
861 121 406 stone
861 121 407 stone
861 121 408 stone
861 121 409 stone
861 121 410 stone
861 121 411 stone
861 121 412 stone
861 121 413 stone
861 121 414 stone
861 121 415 stone
861 121 416 stone
861 121 417 stone
861 121 418 stone
861 121 419 stone
861 121 420 stone
861 121 421 stone
861 121 422 stone
861 121 423 stone
861 121 424 stone
861 121 425 stone
861 121 426 stone
861 121 427 stone
861 121 428 stone
861 121 429 stone
861 121 430 stone
861 121 431 stone
861 121 432 stone
861 121 433 stone
861 121 434 stone
861 121 435 stone
861 121 436 stone
861 121 437 stone
861 121 438 stone
861 121 439 stone
861 121 440 stone
861 121 441 stone
861 121 442 stone
861 121 443 stone
861 121 444 stone
861 121 445 stone
861 121 446 stone
861 121 447 dirt
861 121 448 water[level=0]
861 121 449 water[level=0]
861 121 450 water[level=0]
861 121 451 water[level=0]
861 121 452 water[level=0]
861 121 453 water[level=0]
861 121 454 water[level=0]
861 121 455 water[level=0]
861 121 456 water[level=0]
861 121 457 water[level=0]
861 121 458 water[level=0]
861 121 459 water[level=0]
861 121 460 water[level=0]
861 121 461 water[level=0]
861 121 462 water[level=0]
861 121 463 water[level=0]
861 121 464 water[level=0]
861 121 465 water[level=0]
861 121 466 water[level=0]
861 121 467 water[level=0]
861 121 468 water[level=0]
861 121 469 water[level=0]
861 121 470 water[level=0]
861 121 471 water[level=0]
861 121 472 dirt
861 121 473 dirt
861 121 474 dirt
861 121 475 dirt
861 121 476 dirt
861 121 477 andesite
861 121 478 andesite
861 121 479 stone
861 121 480 stone
861 121 481 stone
861 121 482 stone
861 121 483 stone
861 121 484 stone
861 121 485 stone
861 121 486 stone
861 121 487 stone
861 121 488 stone
861 121 489 stone
861 121 490 stone
861 121 491 stone
861 121 492 stone
861 121 493 stone
861 121 494 stone
861 121 495 stone
861 121 496 stone
861 121 497 stone
861 121 498 gravel
861 121 499 gravel
861 121 500 gravel
861 121 501 gravel
861 121 502 stone
861 121 503 granite
861 121 504 granite
861 121 505 granite
861 121 506 granite
861 121 507 granite
861 121 508 granite
861 121 509 granite
861 121 510 granite
861 121 511 granite
861 121 512 granite
861 121 513 diorite
861 121 514 diorite
861 121 515 diorite
861 121 516 diorite
861 121 517 diorite
861 121 518 diorite
861 121 519 diorite
861 121 520 stone
861 121 521 stone
861 121 522 coal_ore
861 121 523 coal_ore
861 121 524 coal_ore
861 121 525 stone
861 121 526 stone
861 121 527 stone
861 121 528 stone
861 121 529 stone
861 121 530 stone
861 121 531 diorite
861 121 532 gravel
861 121 533 gravel
861 121 534 gravel
861 121 535 gravel
861 121 536 stone
861 121 537 stone
861 121 538 stone
861 121 539 stone
861 121 540 stone
861 121 541 stone
861 121 542 stone
861 121 543 stone
861 121 544 stone
861 121 545 stone
861 121 546 stone
861 121 547 stone
861 121 548 stone
861 121 549 stone
861 121 550 stone
861 121 551 stone
861 121 552 stone
861 121 553 stone
861 121 554 stone
861 121 555 stone
861 121 556 stone
861 121 557 stone
861 121 558 stone
861 121 559 stone
861 121 560 stone
861 121 561 dirt
861 121 562 dirt
861 121 563 dirt
861 121 564 stone
861 121 565 stone
861 121 566 stone
861 121 567 stone
861 121 568 stone
861 121 569 stone
861 121 570 stone
861 121 571 stone
861 121 572 stone
861 121 573 stone
861 121 574 andesite
861 121 575 andesite
861 121 576 andesite
861 121 577 andesite
861 121 578 andesite
861 121 579 copper_ore
861 121 580 copper_ore
861 121 581 granite
861 121 582 granite
861 121 583 infested_stone
861 121 584 granite
861 121 585 granite
861 121 586 granite
861 121 587 granite
861 121 588 stone
861 121 589 stone
861 121 590 stone
861 121 591 diorite
861 121 592 diorite
861 121 593 diorite
861 121 594 diorite
861 121 595 diorite
861 121 596 diorite
861 121 597 diorite
861 121 598 stone
861 121 599 stone
861 121 600 stone
861 121 601 stone
861 121 602 dirt
861 121 603 dirt
861 121 604 dirt
861 121 605 dirt
861 121 606 dirt
861 121 607 dirt
861 121 608 stone
861 121 609 stone
861 121 610 stone
861 121 611 stone
861 121 612 stone
861 121 613 stone
861 121 614 stone
861 121 615 stone
861 121 616 stone
861 121 617 stone
861 121 618 stone
861 121 619 stone
861 121 620 stone
861 121 621 stone
861 121 622 stone
861 121 623 stone
861 121 624 stone
861 121 625 stone
861 121 626 stone
861 121 627 stone
861 121 628 stone
861 121 629 stone
861 121 630 stone
861 121 631 stone
861 121 632 stone
861 121 633 stone
861 121 634 stone
861 121 635 stone
861 121 636 stone
861 121 637 stone
861 121 638 stone
861 121 639 stone
861 121 640 stone
861 121 641 granite
861 121 642 granite
861 121 643 stone
861 121 644 stone
861 121 645 stone
861 121 646 stone
861 121 647 stone
861 121 648 stone
861 121 649 stone
861 121 650 stone
861 121 651 stone
861 121 652 stone
861 121 653 stone
861 121 654 stone
861 121 655 stone
861 121 656 stone
861 121 657 stone
861 121 658 stone
861 121 659 stone
861 121 660 stone
861 121 661 stone
861 121 662 stone
861 121 663 stone
861 121 664 stone
861 121 665 stone
861 121 666 stone
861 121 667 stone
861 121 668 stone
861 121 669 stone
861 121 670 stone
861 121 671 stone
861 121 672 stone
861 121 673 stone
861 121 674 stone
861 121 675 stone
861 121 676 stone
861 121 677 stone
861 121 678 stone
861 121 679 stone
861 121 680 stone
861 121 681 stone
861 121 682 stone
861 121 683 stone
861 121 684 stone
861 121 685 stone
861 121 689 stone
861 121 690 stone
861 121 691 stone
861 121 692 diorite
861 121 693 diorite
861 121 694 diorite
861 121 695 diorite
861 121 696 diorite
861 121 697 diorite
861 121 698 diorite
861 121 699 diorite
861 121 700 diorite
861 121 701 diorite
861 121 702 stone
861 121 703 diorite
861 121 704 diorite
861 121 705 diorite
861 121 706 diorite
861 121 707 andesite
861 121 708 andesite
861 121 709 andesite
861 121 710 andesite
861 121 711 andesite
861 121 712 andesite
861 121 713 andesite
861 121 714 andesite
861 121 715 diorite
861 121 716 diorite
861 121 717 stone
861 121 718 stone
861 121 719 stone
861 121 720 stone
861 121 721 stone
861 121 722 stone
861 121 723 stone
861 121 724 stone
861 121 725 stone
861 121 726 stone
861 121 727 stone
861 121 728 stone
861 121 729 stone
861 121 730 stone
861 121 731 stone
861 121 732 stone
861 121 749 andesite
861 121 750 andesite
861 121 751 copper_ore
861 121 752 copper_ore
861 121 753 copper_ore
861 121 754 stone
861 121 755 stone
861 121 756 stone
861 121 757 stone
861 121 758 stone
861 121 759 stone
861 121 760 stone
861 121 761 stone
861 121 762 stone
861 121 763 stone
861 121 764 stone
861 121 765 stone
861 121 766 stone
861 121 767 stone
861 121 768 stone
861 121 769 stone
861 121 770 stone
861 121 771 stone
861 121 772 stone
861 121 773 stone
861 121 774 stone
861 121 775 stone
861 121 776 stone
861 121 777 stone
861 121 778 stone
861 121 779 stone
861 121 780 stone
861 121 781 stone
861 121 782 stone
861 121 783 stone
861 121 784 stone
861 121 785 stone
861 121 786 stone
861 121 787 stone
861 121 788 copper_ore
861 121 789 copper_ore
861 121 790 stone
861 121 791 stone
861 121 792 stone
861 121 793 stone
861 121 794 granite
861 121 795 granite
861 121 796 diorite
861 121 797 diorite
861 121 798 diorite
861 121 799 diorite
861 121 800 diorite
861 121 801 diorite
861 121 802 diorite
861 121 803 diorite
861 121 804 diorite
861 121 805 diorite
861 121 806 diorite
861 121 807 diorite
861 121 808 diorite
861 121 809 diorite
861 121 810 diorite
861 121 811 diorite
861 121 812 gravel
861 121 813 gravel
861 121 814 gravel
861 121 815 gravel
861 121 816 stone
861 121 817 stone
861 121 818 stone
861 121 819 stone
861 121 820 stone
861 121 821 stone
861 121 822 stone
861 121 823 stone
861 121 824 stone
861 121 825 stone
861 121 826 stone
861 121 827 stone
861 121 828 stone
861 121 829 stone
861 121 830 stone
861 121 831 stone
861 121 832 stone
861 121 833 diorite
861 121 834 diorite
861 121 835 diorite
861 121 836 diorite
861 121 837 stone
861 121 838 stone
861 121 839 stone
861 121 840 stone
861 121 841 stone
861 121 842 stone
861 121 843 stone
861 121 844 stone
861 121 845 stone
861 121 846 stone
861 121 847 stone
861 121 848 stone
861 121 849 stone
861 121 850 stone
861 121 851 granite
861 121 852 granite
861 121 853 granite
861 121 854 granite
861 121 855 stone
861 121 856 stone
861 121 857 stone
861 121 858 stone
861 121 859 stone
861 121 860 stone
861 121 861 stone
861 121 862 stone
861 121 863 stone
861 121 864 stone
861 121 865 stone
861 121 866 stone
861 121 867 stone
861 121 868 stone
861 121 869 stone
861 121 870 stone
861 121 871 stone
861 121 872 stone
861 121 873 stone
861 121 874 stone
861 121 875 stone
861 121 876 stone
861 121 877 diorite
861 121 878 diorite
861 121 879 diorite
861 121 880 diorite
861 121 881 diorite
861 121 882 diorite
861 121 883 diorite
861 121 884 diorite
861 121 885 granite
861 121 886 granite
861 121 887 granite
861 121 888 granite
861 121 889 stone
861 121 890 stone
861 121 891 dirt
861 121 892 dirt
861 121 893 dirt
861 121 894 dirt
861 121 895 dirt
861 121 896 dirt
861 121 897 dirt
861 121 898 stone
861 121 899 stone
861 121 900 stone
861 121 901 stone
861 121 902 stone
861 121 903 stone
861 121 904 stone
861 121 905 stone
861 121 906 stone
861 121 907 stone
861 121 908 stone
861 121 909 stone
861 121 910 stone
861 121 911 stone
861 121 912 stone
861 121 913 stone
861 121 914 stone
861 121 915 stone
861 121 916 stone
861 121 917 stone
861 121 918 stone
861 121 919 stone
861 121 920 stone
861 121 921 stone
861 121 922 stone
861 121 923 stone
861 121 924 stone
861 121 925 stone
861 121 926 stone
861 121 927 stone
861 121 928 stone
861 121 929 stone
861 121 930 stone
861 121 931 stone
861 121 932 stone
861 121 933 stone
861 121 934 stone
861 121 935 stone
861 121 936 stone
861 121 937 stone
861 121 938 stone
861 121 939 stone
861 121 940 stone
861 121 941 stone
861 121 942 stone
861 121 943 stone
861 121 944 stone
861 121 945 stone
861 121 946 stone
861 121 947 stone
861 121 948 stone
861 121 949 stone
861 121 950 stone
861 121 951 stone
861 121 952 water[level=0]
861 121 953 water[level=0]
861 121 954 water[level=0]
861 121 955 water[level=0]
861 121 956 water[level=0]
861 121 957 water[level=0]
861 121 958 stone
861 121 959 stone
861 121 960 stone
861 121 961 granite
861 121 962 granite
861 121 963 granite
861 121 964 granite
861 121 965 granite
861 121 966 granite
861 121 967 stone
861 121 968 stone
861 121 969 stone
861 121 970 stone
861 121 971 stone
861 121 972 stone
861 121 973 stone
861 121 974 stone
861 121 975 stone
861 121 976 stone
861 121 977 stone
861 121 978 stone
861 121 979 water[level=0]
861 121 980 stone
861 121 981 stone
861 121 982 stone
861 121 983 stone
861 121 984 andesite
861 121 985 andesite
861 121 986 andesite
861 121 987 andesite
861 121 988 andesite
861 121 989 andesite
861 121 990 andesite
861 121 991 andesite
861 121 992 andesite
861 121 993 andesite
861 121 994 andesite
861 121 995 stone
861 121 1001 stone
861 121 1002 stone
861 121 1003 stone
861 121 1004 stone
861 121 1005 stone
861 121 1006 stone
861 121 1007 stone
861 121 1016 stone
861 121 1017 stone
861 121 1018 stone
861 121 1019 stone
861 121 1020 stone
861 121 1021 stone
861 121 1022 stone
861 121 1023 stone
861 122 0 stone
861 122 1 stone
861 122 2 stone
861 122 3 stone
861 122 4 stone
861 122 5 stone
861 122 6 stone
861 122 7 stone
861 122 8 stone
861 122 9 stone
861 122 10 stone
861 122 11 stone
861 122 12 stone
861 122 13 stone
861 122 14 stone
861 122 15 stone
861 122 16 stone
861 122 17 stone
861 122 18 stone
861 122 19 stone
861 122 20 stone
861 122 21 stone
861 122 22 stone
861 122 23 stone
861 122 24 stone
861 122 25 stone
861 122 26 stone
861 122 27 stone
861 122 28 stone
861 122 29 stone
861 122 30 stone
861 122 31 stone
861 122 32 stone
861 122 33 stone
861 122 34 stone
861 122 35 stone
861 122 36 stone
861 122 37 stone
861 122 38 stone
861 122 39 stone
861 122 40 stone
861 122 41 stone
861 122 42 stone
861 122 43 stone
861 122 44 stone
861 122 45 stone
861 122 46 stone
861 122 47 stone
861 122 48 stone
861 122 49 stone
861 122 50 stone
861 122 51 stone
861 122 52 stone
861 122 53 stone
861 122 54 stone
861 122 55 stone
861 122 56 stone
861 122 57 stone
861 122 58 stone
861 122 65 stone
861 122 66 stone
861 122 67 stone
861 122 68 stone
861 122 69 stone
861 122 70 stone
861 122 71 stone
861 122 72 stone
861 122 73 stone
861 122 74 stone
861 122 75 stone
861 122 76 stone
861 122 77 stone
861 122 78 stone
861 122 79 stone
861 122 80 andesite
861 122 81 andesite
861 122 82 andesite
861 122 83 andesite
861 122 84 andesite
861 122 85 andesite
861 122 86 andesite
861 122 87 andesite
861 122 88 andesite
861 122 89 andesite
861 122 90 andesite
861 122 91 andesite
861 122 92 andesite
861 122 93 andesite
861 122 94 andesite
861 122 95 stone
861 122 96 stone
861 122 97 copper_ore
861 122 98 stone
861 122 99 stone
861 122 100 stone
861 122 101 stone
861 122 102 stone
861 122 103 stone
861 122 104 stone
861 122 105 stone
861 122 106 iron_ore
861 122 107 stone
861 122 108 stone
861 122 109 stone
861 122 110 stone
861 122 111 stone
861 122 112 stone
861 122 113 stone
861 122 114 stone
861 122 115 stone
861 122 116 stone
861 122 117 stone
861 122 118 stone
861 122 119 stone
861 122 120 stone
861 122 121 stone
861 122 122 stone
861 122 123 andesite
861 122 124 andesite
861 122 125 andesite
861 122 126 andesite
861 122 127 andesite
861 122 128 andesite
861 122 129 andesite
861 122 130 stone
861 122 131 stone
861 122 132 stone
861 122 133 stone
861 122 134 stone
861 122 135 stone
861 122 136 stone
861 122 137 stone
861 122 138 stone
861 122 139 stone
861 122 143 stone
861 122 144 stone
861 122 145 stone
861 122 146 andesite
861 122 147 andesite
861 122 148 andesite
861 122 149 andesite
861 122 150 andesite
861 122 151 andesite
861 122 152 andesite
861 122 153 andesite
861 122 154 andesite
861 122 155 andesite
861 122 156 andesite
861 122 157 stone
861 122 158 stone
861 122 159 stone
861 122 160 stone
861 122 161 stone
861 122 162 stone
861 122 163 stone
861 122 164 stone
861 122 165 stone
861 122 166 stone
861 122 167 stone
861 122 168 stone
861 122 169 stone
861 122 170 stone
861 122 171 stone
861 122 172 stone
861 122 173 stone
861 122 174 stone
861 122 175 stone
861 122 176 stone
861 122 177 stone
861 122 178 stone
861 122 179 stone
861 122 180 stone
861 122 181 stone
861 122 182 stone
861 122 183 stone
861 122 184 stone
861 122 185 stone
861 122 186 stone
861 122 187 stone
861 122 188 stone
861 122 189 stone
861 122 190 stone
861 122 191 stone
861 122 192 stone
861 122 193 stone
861 122 194 stone
861 122 195 stone
861 122 196 stone
861 122 197 stone
861 122 198 stone
861 122 199 stone
861 122 200 stone
861 122 201 stone
861 122 202 stone
861 122 203 stone
861 122 204 stone
861 122 205 stone
861 122 206 stone
861 122 207 stone
861 122 208 stone
861 122 209 stone
861 122 210 stone
861 122 211 stone
861 122 212 stone
861 122 213 stone
861 122 214 stone
861 122 215 stone
861 122 216 stone
861 122 217 stone
861 122 218 stone
861 122 219 stone
861 122 220 stone
861 122 221 stone
861 122 222 stone
861 122 223 stone
861 122 224 coal_ore
861 122 225 stone
861 122 226 stone
861 122 227 stone
861 122 228 stone
861 122 229 stone
861 122 230 andesite
861 122 231 andesite
861 122 232 andesite
861 122 233 andesite
861 122 234 andesite
861 122 235 andesite
861 122 236 stone
861 122 237 stone
861 122 238 stone
861 122 239 stone
861 122 240 stone
861 122 241 stone
861 122 242 stone
861 122 243 stone
861 122 244 stone
861 122 245 stone
861 122 246 stone
861 122 247 stone
861 122 248 stone
861 122 249 stone
861 122 250 stone
861 122 251 stone
861 122 252 stone
861 122 253 stone
861 122 254 stone
861 122 255 stone
861 122 256 stone
861 122 257 stone
861 122 258 stone
861 122 259 stone
861 122 260 stone
861 122 261 stone
861 122 262 stone
861 122 263 stone
861 122 264 stone
861 122 265 stone
861 122 266 stone
861 122 267 stone
861 122 268 stone
861 122 269 stone
861 122 270 stone
861 122 271 stone
861 122 272 andesite
861 122 273 andesite
861 122 274 andesite
861 122 275 andesite
861 122 276 andesite
861 122 277 andesite
861 122 278 stone
861 122 279 stone
861 122 280 stone
861 122 281 stone
861 122 282 stone
861 122 283 stone
861 122 284 stone
861 122 285 stone
861 122 286 stone
861 122 287 coal_ore
861 122 288 coal_ore
861 122 289 coal_ore
861 122 290 coal_ore
861 122 291 coal_ore
861 122 292 stone
861 122 293 diorite
861 122 294 diorite
861 122 295 diorite
861 122 296 stone
861 122 297 stone
861 122 298 stone
861 122 299 stone
861 122 300 stone
861 122 301 stone
861 122 302 stone
861 122 303 stone
861 122 304 stone
861 122 305 stone
861 122 306 stone
861 122 307 stone
861 122 308 stone
861 122 309 stone
861 122 310 stone
861 122 311 stone
861 122 312 stone
861 122 313 stone
861 122 314 stone
861 122 315 stone
861 122 316 stone
861 122 317 stone
861 122 318 stone
861 122 319 stone
861 122 320 stone
861 122 321 stone
861 122 322 stone
861 122 323 stone
861 122 324 stone
861 122 325 stone
861 122 326 stone
861 122 327 stone
861 122 328 gravel
861 122 329 gravel
861 122 330 gravel
861 122 331 stone
861 122 332 stone
861 122 333 stone
861 122 334 stone
861 122 335 stone
861 122 336 stone
861 122 337 stone
861 122 338 stone
861 122 339 stone
861 122 340 stone
861 122 341 stone
861 122 342 stone
861 122 343 stone
861 122 344 stone
861 122 345 stone
861 122 346 stone
861 122 347 stone
861 122 348 stone
861 122 349 stone
861 122 350 stone
861 122 351 stone
861 122 352 stone
861 122 353 stone
861 122 354 stone
861 122 355 stone
861 122 356 stone
861 122 357 stone
861 122 358 stone
861 122 359 stone
861 122 360 stone
861 122 361 stone
861 122 362 stone
861 122 363 stone
861 122 364 granite
861 122 365 granite
861 122 366 granite
861 122 367 granite
861 122 368 granite
861 122 369 granite
861 122 370 granite
861 122 371 stone
861 122 372 stone
861 122 373 stone
861 122 374 stone
861 122 375 stone
861 122 376 stone
861 122 377 stone
861 122 378 stone
861 122 379 stone
861 122 380 stone
861 122 381 stone
861 122 382 andesite
861 122 383 andesite
861 122 384 andesite
861 122 385 andesite
861 122 386 stone
861 122 387 stone
861 122 388 stone
861 122 389 stone
861 122 390 stone
861 122 391 stone
861 122 392 stone
861 122 393 stone
861 122 394 stone
861 122 395 stone
861 122 396 stone
861 122 397 stone
861 122 398 stone
861 122 399 stone
861 122 400 stone
861 122 401 stone
861 122 402 stone
861 122 403 stone
861 122 404 stone
861 122 405 stone
861 122 406 stone
861 122 407 stone
861 122 408 stone
861 122 409 stone
861 122 410 stone
861 122 411 stone
861 122 412 stone
861 122 413 stone
861 122 414 stone
861 122 415 stone
861 122 416 stone
861 122 417 stone
861 122 418 stone
861 122 419 stone
861 122 420 stone
861 122 421 stone
861 122 422 stone
861 122 423 stone
861 122 424 stone
861 122 425 stone
861 122 426 stone
861 122 427 stone
861 122 428 stone
861 122 429 stone
861 122 430 stone
861 122 431 stone
861 122 432 stone
861 122 433 stone
861 122 434 stone
861 122 435 stone
861 122 436 stone
861 122 437 stone
861 122 438 stone
861 122 439 stone
861 122 440 stone
861 122 441 stone
861 122 442 stone
861 122 443 stone
861 122 444 stone
861 122 445 stone
861 122 446 stone
861 122 447 dirt
861 122 448 water[level=0]
861 122 449 water[level=0]
861 122 450 water[level=0]
861 122 451 water[level=0]
861 122 452 water[level=0]
861 122 453 water[level=0]
861 122 454 water[level=0]
861 122 455 water[level=0]
861 122 456 water[level=0]
861 122 457 water[level=0]
861 122 458 water[level=0]
861 122 459 water[level=0]
861 122 460 water[level=0]
861 122 461 water[level=0]
861 122 462 water[level=0]
861 122 463 water[level=0]
861 122 464 water[level=0]
861 122 465 water[level=0]
861 122 466 water[level=0]
861 122 467 water[level=0]
861 122 468 water[level=0]
861 122 469 water[level=0]
861 122 470 water[level=0]
861 122 471 water[level=0]
861 122 472 dirt
861 122 473 dirt
861 122 474 dirt
861 122 475 dirt
861 122 476 dirt
861 122 477 andesite
861 122 478 andesite
861 122 479 stone
861 122 480 stone
861 122 481 stone
861 122 482 stone
861 122 483 stone
861 122 484 stone
861 122 485 stone
861 122 486 stone
861 122 487 stone
861 122 488 stone
861 122 489 stone
861 122 490 stone
861 122 491 stone
861 122 492 stone
861 122 493 stone
861 122 494 stone
861 122 495 stone
