859 139 969 granite
859 139 970 granite
859 139 971 granite
859 139 972 granite
859 139 973 stone
859 139 974 stone
859 139 975 stone
859 139 976 stone
859 139 977 stone
859 139 978 stone
859 139 979 stone
859 139 980 stone
859 139 981 stone
859 139 982 stone
859 139 983 stone
859 139 984 stone
859 139 985 stone
859 139 986 stone
859 139 987 stone
859 139 988 stone
859 139 989 stone
859 139 990 stone
859 139 991 stone
859 139 992 stone
859 139 993 stone
859 139 994 stone
859 139 995 stone
859 139 996 stone
859 139 997 stone
859 139 998 stone
859 139 999 stone
859 139 1000 stone
859 139 1001 stone
859 139 1002 stone
859 139 1003 stone
859 139 1004 stone
859 139 1005 stone
859 139 1006 stone
859 139 1007 stone
859 139 1008 stone
859 139 1009 stone
859 139 1010 stone
859 139 1011 stone
859 139 1012 stone
859 139 1013 stone
859 139 1014 stone
859 139 1015 stone
859 139 1016 stone
859 139 1017 stone
859 139 1018 stone
859 139 1019 stone
859 139 1020 stone
859 139 1021 stone
859 139 1022 stone
859 139 1023 stone
859 140 0 stone
859 140 1 stone
859 140 2 stone
859 140 3 stone
859 140 4 stone
859 140 5 copper_ore
859 140 6 stone
859 140 7 stone
859 140 8 stone
859 140 9 dirt
859 140 10 dirt
859 140 11 dirt
859 140 12 stone
859 140 13 stone
859 140 14 stone
859 140 15 stone
859 140 16 stone
859 140 17 stone
859 140 18 copper_ore
859 140 19 stone
859 140 20 stone
859 140 21 stone
859 140 22 stone
859 140 23 stone
859 140 24 stone
859 140 25 stone
859 140 26 stone
859 140 27 stone
859 140 28 dirt
859 140 29 dirt
859 140 30 dirt
859 140 31 stone
859 140 32 stone
859 140 33 stone
859 140 34 stone
859 140 35 stone
859 140 36 stone
859 140 37 stone
859 140 38 stone
859 140 39 stone
859 140 40 stone
859 140 41 stone
859 140 42 stone
859 140 43 stone
859 140 44 stone
859 140 45 stone
859 140 46 stone
859 140 47 stone
859 140 48 stone
859 140 49 stone
859 140 50 stone
859 140 51 stone
859 140 52 stone
859 140 53 stone
859 140 54 stone
859 140 55 stone
859 140 56 stone
859 140 60 stone
859 140 61 stone
859 140 62 stone
859 140 63 stone
859 140 64 dirt
859 140 65 dirt
859 140 66 dirt
859 140 67 dirt
859 140 68 grass_block[snowy=false]
859 140 69 grass_block[snowy=false]
859 140 71 sunflower[half=lower]
859 140 73 short_grass
859 140 224 oak_log[axis=y]
859 140 252 short_grass
859 140 257 grass_block[snowy=false]
859 140 258 grass_block[snowy=false]
859 140 259 grass_block[snowy=false]
859 140 260 grass_block[snowy=false]
859 140 261 grass_block[snowy=false]
859 140 262 grass_block[snowy=false]
859 140 263 grass_block[snowy=false]
859 140 264 grass_block[snowy=false]
859 140 265 grass_block[snowy=false]
859 140 266 dirt
859 140 267 dirt
859 140 268 dirt
859 140 269 dirt
859 140 270 dirt
859 140 271 dirt
859 140 272 dirt
859 140 273 dirt
859 140 274 dirt
859 140 275 dirt
859 140 276 dirt
859 140 277 dirt
859 140 278 dirt
859 140 279 dirt
859 140 280 dirt
859 140 281 dirt
859 140 282 dirt
859 140 283 dirt
859 140 284 dirt
859 140 285 dirt
859 140 286 dirt
859 140 287 dirt
859 140 288 dirt
859 140 289 dirt
859 140 290 dirt
859 140 291 dirt
859 140 292 dirt
859 140 293 dirt
859 140 294 dirt
859 140 295 dirt
859 140 296 dirt
859 140 297 stone
859 140 298 stone
859 140 299 stone
859 140 300 stone
859 140 301 stone
859 140 302 dirt
859 140 303 dirt
859 140 304 dirt
859 140 305 stone
859 140 306 stone
859 140 307 stone
859 140 308 stone
859 140 309 stone
859 140 310 stone
859 140 311 stone
859 140 312 stone
859 140 313 stone
859 140 314 stone
859 140 315 stone
859 140 316 stone
859 140 317 stone
859 140 318 stone
859 140 319 stone
859 140 320 stone
859 140 321 stone
859 140 322 stone
859 140 323 stone
859 140 324 stone
859 140 325 stone
859 140 326 stone
859 140 327 stone
859 140 328 stone
859 140 329 stone
859 140 330 stone
859 140 331 stone
859 140 332 stone
859 140 333 stone
859 140 334 stone
859 140 335 stone
859 140 336 stone
859 140 337 stone
859 140 338 stone
859 140 339 stone
859 140 340 stone
859 140 341 stone
859 140 342 stone
859 140 343 stone
859 140 344 stone
859 140 345 stone
859 140 346 stone
859 140 347 stone
859 140 348 stone
859 140 349 stone
859 140 350 stone
859 140 351 stone
859 140 352 stone
859 140 353 stone
859 140 354 stone
859 140 355 dirt
859 140 356 grass_block[snowy=false]
859 140 361 stone
859 140 362 stone
859 140 363 stone
859 140 364 stone
859 140 365 stone
859 140 366 stone
859 140 367 stone
859 140 368 stone
859 140 369 stone
859 140 370 stone
859 140 371 stone
859 140 372 stone
859 140 373 stone
859 140 374 stone
859 140 375 stone
859 140 376 stone
859 140 377 stone
859 140 378 stone
859 140 379 stone
859 140 380 stone
859 140 381 stone
859 140 382 stone
859 140 383 stone
859 140 384 stone
859 140 385 stone
859 140 386 stone
859 140 387 stone
859 140 388 stone
859 140 389 stone
859 140 390 stone
859 140 391 stone
859 140 392 stone
859 140 393 stone
859 140 394 stone
859 140 395 stone
859 140 396 stone
859 140 397 stone
859 140 398 stone
859 140 399 stone
859 140 400 stone
859 140 401 stone
859 140 402 stone
859 140 403 stone
859 140 404 stone
859 140 405 stone
859 140 406 stone
859 140 407 stone
859 140 408 stone
859 140 409 stone
859 140 410 stone
859 140 411 stone
859 140 412 stone
859 140 413 stone
859 140 414 stone
859 140 415 stone
859 140 416 stone
859 140 417 stone
859 140 418 stone
859 140 419 stone
859 140 420 stone
859 140 421 stone
859 140 422 stone
859 140 423 stone
859 140 424 stone
859 140 425 stone
859 140 426 stone
859 140 427 stone
859 140 428 stone
859 140 429 stone
859 140 430 stone
859 140 431 stone
859 140 432 stone
859 140 433 stone
859 140 434 stone
859 140 435 stone
859 140 436 stone
859 140 437 dirt
859 140 438 grass_block[snowy=false]
859 140 495 grass_block[snowy=false]
859 140 496 dirt
859 140 497 stone
859 140 498 stone
859 140 499 stone
859 140 500 stone
859 140 501 stone
859 140 502 stone
859 140 503 stone
859 140 520 dirt
859 140 521 dirt
859 140 522 stone
859 140 523 stone
859 140 524 stone
859 140 525 stone
859 140 526 stone
859 140 527 stone
859 140 528 stone
859 140 529 stone
859 140 530 stone
859 140 531 stone
859 140 532 stone
859 140 533 stone
859 140 534 stone
859 140 535 stone
859 140 536 stone
859 140 537 stone
859 140 538 stone
859 140 539 stone
859 140 540 stone
859 140 541 stone
859 140 542 stone
859 140 543 stone
859 140 544 stone
859 140 545 stone
859 140 546 stone
859 140 547 stone
859 140 548 stone
859 140 549 stone
859 140 550 stone
859 140 551 stone
859 140 552 stone
859 140 553 stone
859 140 554 stone
859 140 555 stone
859 140 556 stone
859 140 557 stone
859 140 558 stone
859 140 559 stone
859 140 560 stone
859 140 561 stone
859 140 562 stone
859 140 563 stone
859 140 564 stone
859 140 565 stone
859 140 566 stone
859 140 567 stone
859 140 568 stone
859 140 569 stone
859 140 570 stone
859 140 571 stone
859 140 572 dirt
859 140 573 dirt
859 140 574 dirt
859 140 575 dirt
859 140 576 dirt
859 140 577 dirt
859 140 578 dirt
859 140 579 stone
859 140 580 stone
859 140 581 stone
859 140 582 stone
859 140 583 stone
859 140 584 stone
859 140 585 stone
859 140 586 stone
859 140 587 stone
859 140 588 stone
859 140 589 stone
859 140 590 stone
859 140 591 stone
859 140 592 stone
859 140 593 stone
859 140 594 stone
859 140 595 stone
859 140 596 stone
859 140 597 stone
859 140 598 stone
859 140 599 stone
859 140 600 stone
859 140 601 stone
859 140 602 stone
859 140 603 stone
859 140 604 stone
859 140 605 stone
859 140 606 stone
859 140 607 stone
859 140 608 stone
859 140 609 stone
859 140 610 stone
859 140 611 stone
859 140 612 stone
859 140 613 stone
859 140 614 stone
859 140 615 stone
859 140 616 stone
859 140 617 stone
859 140 618 stone
859 140 619 stone
859 140 620 stone
859 140 621 stone
859 140 622 stone
859 140 623 stone
859 140 624 stone
859 140 625 stone
859 140 626 stone
859 140 627 stone
859 140 628 stone
859 140 629 stone
859 140 630 stone
859 140 631 stone
859 140 632 stone
859 140 633 stone
859 140 634 stone
859 140 635 stone
859 140 636 stone
859 140 637 coal_ore
859 140 638 stone
859 140 639 stone
859 140 640 stone
859 140 641 stone
859 140 642 stone
859 140 643 stone
859 140 644 stone
859 140 645 stone
859 140 646 stone
859 140 647 stone
859 140 648 stone
859 140 649 stone
859 140 650 stone
859 140 651 stone
859 140 652 stone
859 140 653 stone
859 140 654 stone
859 140 655 stone
859 140 656 stone
859 140 657 stone
859 140 658 stone
859 140 659 stone
859 140 660 stone
859 140 661 stone
859 140 662 stone
859 140 663 stone
859 140 664 stone
859 140 665 stone
859 140 666 stone
859 140 667 stone
859 140 668 stone
859 140 669 stone
859 140 670 stone
859 140 671 stone
859 140 672 stone
859 140 673 stone
859 140 674 stone
859 140 675 stone
859 140 676 stone
859 140 677 coal_ore
859 140 678 coal_ore
859 140 679 coal_ore
859 140 680 coal_ore
859 140 681 stone
859 140 682 stone
859 140 683 stone
859 140 684 stone
859 140 685 stone
859 140 686 stone
859 140 687 stone
859 140 688 stone
859 140 689 stone
859 140 690 stone
859 140 691 stone
859 140 692 stone
859 140 693 stone
859 140 694 stone
859 140 695 stone
859 140 696 stone
859 140 697 stone
859 140 698 stone
859 140 699 stone
859 140 700 stone
859 140 701 stone
859 140 702 stone
859 140 703 stone
859 140 704 stone
859 140 705 stone
859 140 706 stone
859 140 707 stone
859 140 708 stone
859 140 709 stone
859 140 710 stone
859 140 711 stone
859 140 712 stone
859 140 713 stone
859 140 714 stone
859 140 715 stone
859 140 716 stone
859 140 717 stone
859 140 718 stone
859 140 719 stone
859 140 720 stone
859 140 721 stone
859 140 722 stone
859 140 723 stone
859 140 724 stone
859 140 725 stone
859 140 726 stone
859 140 727 stone
859 140 728 stone
859 140 729 stone
859 140 730 stone
859 140 731 stone
859 140 732 stone
859 140 733 stone
859 140 734 stone
859 140 735 stone
859 140 736 stone
859 140 737 stone
859 140 738 stone
859 140 739 stone
859 140 740 stone
859 140 741 stone
859 140 742 stone
859 140 743 stone
859 140 744 stone
859 140 745 gravel
859 140 746 gravel
859 140 747 gravel
859 140 748 stone
859 140 749 stone
859 140 750 stone
859 140 751 stone
859 140 752 stone
859 140 753 stone
859 140 754 stone
859 140 755 stone
859 140 756 stone
859 140 757 stone
859 140 758 stone
859 140 759 stone
859 140 760 stone
859 140 761 stone
859 140 762 diorite
859 140 763 diorite
859 140 764 diorite
859 140 765 diorite
859 140 766 diorite
859 140 767 diorite
859 140 768 stone
859 140 769 stone
859 140 770 stone
859 140 771 stone
859 140 772 stone
859 140 773 stone
859 140 774 stone
859 140 775 stone
859 140 776 stone
859 140 777 stone
859 140 778 stone
859 140 779 stone
859 140 780 stone
859 140 781 stone
859 140 782 stone
859 140 783 stone
859 140 784 stone
859 140 785 stone
859 140 786 stone
859 140 787 stone
859 140 788 stone
859 140 789 dirt
859 140 790 dirt
859 140 791 dirt
859 140 792 dirt
859 140 793 stone
859 140 794 stone
859 140 795 stone
859 140 796 stone
859 140 797 stone
859 140 798 stone
859 140 799 stone
859 140 800 stone
859 140 801 stone
859 140 802 stone
859 140 803 stone
859 140 804 stone
859 140 805 stone
859 140 806 stone
859 140 807 stone
859 140 808 stone
859 140 809 stone
859 140 810 stone
859 140 811 stone
859 140 812 stone
859 140 813 stone
859 140 814 dirt
859 140 815 dirt
859 140 816 dirt
859 140 817 stone
859 140 818 stone
859 140 819 stone
859 140 820 stone
859 140 821 stone
859 140 822 stone
859 140 823 stone
859 140 824 stone
859 140 825 stone
859 140 826 stone
859 140 827 stone
859 140 828 stone
859 140 829 stone
859 140 830 stone
859 140 831 stone
859 140 832 stone
859 140 833 stone
859 140 834 stone
859 140 835 stone
859 140 836 stone
859 140 837 stone
859 140 838 stone
859 140 839 stone
859 140 840 stone
859 140 841 stone
859 140 842 stone
859 140 843 stone
859 140 844 stone
859 140 845 stone
859 140 846 stone
859 140 847 gravel
859 140 848 gravel
859 140 849 gravel
859 140 850 gravel
859 140 851 gravel
859 140 852 stone
859 140 853 stone
859 140 854 stone
859 140 855 stone
859 140 856 stone
859 140 857 stone
859 140 858 stone
859 140 859 stone
859 140 860 stone
859 140 861 stone
859 140 862 stone
859 140 863 stone
859 140 864 stone
859 140 865 stone
859 140 866 stone
859 140 867 stone
859 140 868 stone
859 140 869 stone
859 140 870 stone
859 140 871 stone
859 140 872 stone
859 140 873 stone
859 140 874 stone
859 140 875 stone
859 140 876 stone
859 140 877 stone
859 140 878 stone
859 140 879 stone
859 140 880 stone
859 140 881 stone
859 140 882 stone
859 140 883 stone
859 140 884 stone
859 140 885 stone
859 140 886 stone
859 140 887 stone
859 140 888 stone
859 140 889 stone
859 140 890 stone
859 140 891 stone
859 140 892 stone
859 140 893 stone
859 140 894 stone
859 140 895 stone
859 140 896 stone
859 140 897 stone
859 140 898 stone
859 140 899 stone
859 140 900 stone
859 140 901 stone
859 140 902 stone
859 140 903 stone
859 140 904 stone
859 140 905 stone
859 140 906 stone
859 140 907 stone
859 140 908 stone
859 140 909 stone
859 140 910 stone
859 140 911 stone
859 140 912 stone
859 140 913 stone
859 140 914 stone
859 140 915 stone
859 140 916 stone
859 140 917 stone
859 140 918 stone
859 140 919 stone
859 140 920 stone
859 140 921 stone
859 140 922 stone
859 140 923 stone
859 140 924 stone
859 140 925 stone
859 140 926 stone
859 140 927 stone
859 140 928 stone
859 140 929 stone
859 140 930 stone
859 140 931 stone
859 140 932 stone
859 140 933 stone
859 140 934 stone
859 140 935 stone
859 140 936 stone
859 140 937 stone
859 140 938 stone
859 140 939 stone
859 140 940 stone
859 140 941 stone
859 140 942 stone
859 140 943 stone
859 140 944 stone
859 140 945 stone
859 140 946 stone
859 140 947 stone
859 140 948 stone
859 140 949 stone
859 140 962 stone
859 140 963 stone
859 140 964 stone
859 140 965 granite
859 140 966 granite
859 140 967 granite
859 140 968 granite
859 140 969 granite
859 140 970 granite
859 140 971 granite
859 140 972 granite
859 140 973 stone
859 140 974 stone
859 140 975 stone
859 140 976 stone
859 140 977 stone
859 140 978 stone
859 140 979 stone
859 140 980 stone
859 140 981 stone
859 140 982 stone
859 140 983 stone
859 140 984 stone
859 140 985 stone
859 140 986 stone
859 140 987 stone
859 140 988 stone
859 140 989 stone
859 140 990 stone
859 140 991 stone
859 140 992 stone
859 140 993 stone
859 140 994 stone
859 140 995 stone
859 140 996 stone
859 140 997 stone
859 140 998 stone
859 140 999 stone
859 140 1000 stone
859 140 1001 stone
859 140 1002 stone
859 140 1003 stone
859 140 1004 stone
859 140 1005 stone
859 140 1006 stone
859 140 1007 stone
859 140 1008 stone
859 140 1009 stone
859 140 1010 stone
859 140 1011 stone
859 140 1012 stone
859 140 1013 stone
859 140 1014 stone
859 140 1015 stone
859 140 1016 stone
859 140 1017 stone
859 140 1018 stone
859 140 1019 stone
859 140 1020 stone
859 140 1021 stone
859 140 1022 stone
859 140 1023 stone
859 141 0 stone
859 141 1 stone
859 141 2 stone
859 141 3 stone
859 141 4 stone
859 141 5 copper_ore
859 141 6 stone
859 141 7 stone
859 141 8 stone
859 141 9 stone
859 141 10 stone
859 141 11 stone
859 141 12 stone
859 141 13 stone
859 141 14 stone
859 141 15 stone
859 141 16 stone
859 141 17 stone
859 141 18 stone
859 141 19 stone
859 141 20 stone
859 141 21 stone
859 141 22 stone
859 141 23 stone
859 141 24 stone
859 141 25 stone
859 141 26 stone
859 141 27 stone
859 141 28 stone
859 141 29 stone
859 141 30 stone
859 141 31 stone
859 141 32 stone
859 141 33 stone
859 141 34 stone
859 141 35 stone
859 141 36 stone
859 141 37 stone
859 141 38 stone
859 141 39 stone
859 141 40 stone
859 141 41 stone
859 141 42 stone
859 141 43 stone
859 141 44 stone
859 141 45 stone
859 141 46 stone
859 141 47 stone
859 141 48 stone
859 141 49 stone
859 141 50 stone
859 141 51 stone
859 141 52 stone
859 141 53 stone
859 141 54 stone
859 141 55 stone
859 141 56 stone
859 141 60 stone
859 141 61 stone
859 141 62 stone
859 141 63 stone
859 141 64 dirt
859 141 65 dirt
859 141 66 dirt
859 141 67 grass_block[snowy=false]
859 141 68 short_grass
859 141 71 sunflower[half=upper]
859 141 224 oak_log[axis=y]
859 141 266 grass_block[snowy=false]
859 141 267 grass_block[snowy=false]
859 141 268 grass_block[snowy=false]
859 141 269 grass_block[snowy=false]
859 141 270 grass_block[snowy=false]
859 141 271 grass_block[snowy=false]
859 141 272 grass_block[snowy=false]
859 141 273 grass_block[snowy=false]
859 141 274 dirt
859 141 275 dirt
859 141 276 dirt
859 141 277 dirt
859 141 278 dirt
859 141 279 dirt
859 141 280 dirt
859 141 281 dirt
859 141 282 dirt
859 141 283 dirt
859 141 284 dirt
859 141 285 dirt
859 141 286 dirt
859 141 287 dirt
859 141 288 dirt
859 141 289 dirt
859 141 290 dirt
859 141 291 dirt
859 141 292 dirt
859 141 293 dirt
859 141 294 dirt
859 141 295 dirt
859 141 296 dirt
859 141 297 dirt
859 141 298 dirt
859 141 299 dirt
859 141 300 dirt
859 141 301 dirt
859 141 302 dirt
859 141 303 dirt
859 141 304 dirt
859 141 305 dirt
859 141 306 dirt
859 141 307 stone
859 141 308 stone
859 141 309 stone
859 141 310 stone
859 141 311 stone
859 141 312 stone
859 141 313 stone
859 141 314 stone
859 141 315 stone
859 141 316 stone
859 141 317 coal_ore
859 141 318 coal_ore
859 141 319 stone
859 141 320 stone
859 141 321 stone
859 141 322 stone
859 141 323 stone
859 141 324 stone
859 141 325 stone
859 141 326 stone
859 141 327 stone
859 141 328 stone
859 141 329 stone
859 141 330 stone
859 141 331 stone
859 141 332 stone
859 141 333 stone
859 141 334 stone
859 141 335 stone
859 141 336 stone
859 141 337 stone
859 141 338 stone
859 141 339 stone
859 141 340 stone
859 141 341 stone
859 141 342 stone
859 141 343 stone
859 141 344 stone
859 141 345 stone
859 141 346 stone
859 141 347 stone
859 141 348 stone
859 141 349 stone
859 141 350 stone
859 141 351 stone
859 141 352 stone
859 141 353 stone
859 141 354 stone
859 141 355 dirt
859 141 360 stone
859 141 361 stone
859 141 362 stone
859 141 363 stone
859 141 364 stone
859 141 365 stone
859 141 366 stone
859 141 367 stone
859 141 368 stone
859 141 369 stone
859 141 370 stone
859 141 371 stone
859 141 372 stone
859 141 373 stone
859 141 374 stone
859 141 375 stone
859 141 376 stone
859 141 377 stone
859 141 378 stone
859 141 379 stone
859 141 380 stone
859 141 381 stone
859 141 382 stone
859 141 383 stone
859 141 384 stone
859 141 385 stone
859 141 386 stone
859 141 387 stone
859 141 388 stone
859 141 389 stone
859 141 390 stone
859 141 391 stone
859 141 392 stone
859 141 393 stone
859 141 394 stone
859 141 395 stone
859 141 396 stone
859 141 397 stone
859 141 398 stone
859 141 399 stone
859 141 400 stone
859 141 401 stone
859 141 402 stone
859 141 403 stone
859 141 404 stone
859 141 405 stone
859 141 406 stone
859 141 407 stone
859 141 408 stone
859 141 409 stone
859 141 410 stone
859 141 411 stone
859 141 412 stone
859 141 413 stone
859 141 414 stone
859 141 415 stone
859 141 416 stone
859 141 417 stone
859 141 418 stone
859 141 419 stone
859 141 420 stone
859 141 421 stone
859 141 422 stone
859 141 423 stone
859 141 424 stone
859 141 425 stone
859 141 426 stone
859 141 427 stone
859 141 428 stone
859 141 429 stone
859 141 430 stone
859 141 431 stone
859 141 432 stone
859 141 433 stone
859 141 434 stone
859 141 435 dirt
859 141 436 dirt
859 141 437 grass_block[snowy=false]
859 141 496 dirt
859 141 497 dirt
859 141 498 stone
859 141 499 stone
859 141 500 stone
859 141 501 stone
859 141 502 stone
859 141 503 stone
859 141 520 grass_block[snowy=false]
859 141 521 dirt
859 141 522 dirt
859 141 523 stone
859 141 524 stone
859 141 525 stone
859 141 526 stone
859 141 527 stone
859 141 528 stone
859 141 529 stone
859 141 530 stone
859 141 531 stone
859 141 532 stone
859 141 533 stone
859 141 534 stone
859 141 535 stone
859 141 536 stone
859 141 537 stone
859 141 538 stone
859 141 539 stone
859 141 540 stone
859 141 541 stone
859 141 542 stone
859 141 543 stone
859 141 544 stone
859 141 545 stone
859 141 546 stone
859 141 547 stone
859 141 548 stone
859 141 549 stone
859 141 550 stone
859 141 551 stone
859 141 552 coal_ore
859 141 553 coal_ore
859 141 554 stone
859 141 555 stone
859 141 556 stone
859 141 557 stone
859 141 558 stone
859 141 559 stone
859 141 560 stone
859 141 561 stone
859 141 562 stone
859 141 563 stone
859 141 564 stone
859 141 565 stone
859 141 566 stone
859 141 567 stone
859 141 568 stone
859 141 569 stone
859 141 570 stone
859 141 571 stone
859 141 572 stone
859 141 573 dirt
859 141 574 dirt
859 141 575 dirt
859 141 576 dirt
859 141 577 dirt
859 141 578 stone
859 141 579 stone
859 141 580 stone
859 141 581 stone
859 141 582 stone
859 141 583 stone
859 141 584 stone
