861 154 572 stone
861 154 573 stone
861 154 574 stone
861 154 575 stone
861 154 576 stone
861 154 577 stone
861 154 578 stone
861 154 579 stone
861 154 580 stone
861 154 581 stone
861 154 582 stone
861 154 583 stone
861 154 584 stone
861 154 585 stone
861 154 586 stone
861 154 587 stone
861 154 588 stone
861 154 589 stone
861 154 590 stone
861 154 591 stone
861 154 592 stone
861 154 593 stone
861 154 594 stone
861 154 595 coal_ore
861 154 596 coal_ore
861 154 597 stone
861 154 598 stone
861 154 599 stone
861 154 600 stone
861 154 601 stone
861 154 602 stone
861 154 603 stone
861 154 604 stone
861 154 605 stone
861 154 606 stone
861 154 607 stone
861 154 608 stone
861 154 609 stone
861 154 610 stone
861 154 611 stone
861 154 612 stone
861 154 613 stone
861 154 614 stone
861 154 615 stone
861 154 616 stone
861 154 617 stone
861 154 618 stone
861 154 619 granite
861 154 620 granite
861 154 621 stone
861 154 622 stone
861 154 623 stone
861 154 624 stone
861 154 625 stone
861 154 626 stone
861 154 627 stone
861 154 628 stone
861 154 629 stone
861 154 630 stone
861 154 631 stone
861 154 632 stone
861 154 633 stone
861 154 634 stone
861 154 635 stone
861 154 636 stone
861 154 637 stone
861 154 638 stone
861 154 639 dirt
861 154 640 dirt
861 154 641 dirt
861 154 642 dirt
861 154 643 dirt
861 154 644 stone
861 154 645 stone
861 154 646 stone
861 154 647 stone
861 154 648 stone
861 154 649 stone
861 154 650 stone
861 154 651 stone
861 154 652 stone
861 154 653 stone
861 154 654 stone
861 154 655 stone
861 154 656 stone
861 154 657 stone
861 154 658 stone
861 154 659 stone
861 154 660 stone
861 154 661 stone
861 154 662 stone
861 154 663 stone
861 154 664 stone
861 154 665 stone
861 154 666 stone
861 154 667 stone
861 154 668 stone
861 154 669 stone
861 154 670 stone
861 154 671 stone
861 154 672 stone
861 154 673 stone
861 154 674 stone
861 154 675 stone
861 154 676 stone
861 154 677 stone
861 154 678 stone
861 154 679 stone
861 154 680 stone
861 154 681 stone
861 154 682 stone
861 154 683 stone
861 154 684 stone
861 154 685 stone
861 154 686 stone
861 154 687 stone
861 154 688 stone
861 154 689 stone
861 154 690 stone
861 154 691 stone
861 154 692 stone
861 154 693 stone
861 154 694 stone
861 154 695 stone
861 154 696 stone
861 154 697 stone
861 154 698 stone
861 154 699 stone
861 154 700 stone
861 154 701 stone
861 154 702 stone
861 154 703 stone
861 154 704 stone
861 154 705 andesite
861 154 706 andesite
861 154 707 andesite
861 154 708 andesite
861 154 709 andesite
861 154 710 stone
861 154 711 stone
861 154 712 stone
861 154 713 stone
861 154 714 stone
861 154 715 stone
861 154 716 stone
861 154 717 stone
861 154 718 stone
861 154 719 stone
861 154 720 stone
861 154 721 stone
861 154 722 stone
861 154 723 dirt
861 154 724 dirt
861 154 725 dirt
861 154 726 stone
861 154 727 stone
861 154 728 stone
861 154 729 stone
861 154 730 dirt
861 154 731 dirt
861 154 732 dirt
861 154 733 stone
861 154 734 stone
861 154 735 stone
861 154 736 stone
861 154 737 stone
861 154 738 stone
861 154 739 stone
861 154 740 stone
861 154 741 stone
861 154 742 stone
861 154 743 stone
861 154 744 stone
861 154 745 stone
861 154 746 stone
861 154 747 stone
861 154 748 stone
861 154 749 stone
861 154 750 stone
861 154 751 stone
861 154 752 stone
861 154 753 stone
861 154 754 stone
861 154 755 stone
861 154 756 stone
861 154 757 copper_ore
861 154 758 stone
861 154 759 stone
861 154 760 stone
861 154 761 stone
861 154 762 stone
861 154 763 stone
861 154 764 stone
861 154 765 stone
861 154 766 stone
861 154 767 stone
861 154 768 stone
861 154 769 stone
861 154 770 stone
861 154 771 stone
861 154 772 stone
861 154 773 stone
861 154 774 stone
861 154 775 stone
861 154 776 stone
861 154 777 stone
861 154 778 stone
861 154 779 stone
861 154 780 stone
861 154 781 stone
861 154 782 stone
861 154 783 stone
861 154 784 stone
861 154 785 stone
861 154 786 stone
861 154 787 stone
861 154 788 stone
861 154 789 stone
861 154 790 stone
861 154 791 stone
861 154 792 stone
861 154 793 stone
861 154 794 stone
861 154 795 stone
861 154 796 stone
861 154 797 stone
861 154 798 stone
861 154 799 stone
861 154 800 stone
861 154 801 stone
861 154 802 stone
861 154 803 stone
861 154 804 stone
861 154 805 stone
861 154 806 stone
861 154 807 stone
861 154 808 stone
861 154 809 stone
861 154 810 stone
861 154 811 stone
861 154 812 stone
861 154 813 stone
861 154 814 stone
861 154 815 stone
861 154 816 stone
861 154 817 stone
861 154 818 stone
861 154 819 stone
861 154 820 stone
861 154 821 stone
861 154 822 stone
861 154 823 stone
861 154 824 stone
861 154 825 stone
861 154 826 stone
861 154 827 stone
861 154 828 stone
861 154 829 stone
861 154 830 stone
861 154 831 stone
861 154 832 stone
861 154 833 stone
861 154 834 stone
861 154 835 stone
861 154 836 stone
861 154 837 stone
861 154 838 stone
861 154 839 stone
861 154 840 stone
861 154 841 stone
861 154 842 stone
861 154 843 stone
861 154 844 stone
861 154 845 stone
861 154 846 stone
861 154 847 stone
861 154 848 stone
861 154 849 stone
861 154 850 stone
861 154 851 stone
861 154 852 stone
861 154 853 stone
861 154 854 stone
861 154 855 stone
861 154 856 stone
861 154 857 stone
861 154 858 stone
861 154 859 stone
861 154 860 stone
861 154 861 stone
861 154 862 stone
861 154 863 stone
861 154 864 stone
861 154 865 stone
861 154 866 stone
861 154 867 stone
861 154 868 stone
861 154 869 stone
861 154 870 stone
861 154 871 stone
861 154 872 stone
861 154 873 stone
861 154 874 stone
861 154 875 stone
861 154 876 stone
861 154 877 stone
861 154 878 stone
861 154 879 stone
861 154 880 stone
861 154 881 stone
861 154 882 stone
861 154 883 stone
861 154 884 stone
861 154 885 stone
861 154 886 stone
861 154 887 stone
861 154 888 coal_ore
861 154 889 coal_ore
861 154 890 stone
861 154 891 stone
861 154 892 stone
861 154 893 stone
861 154 894 coal_ore
861 154 895 coal_ore
861 154 896 stone
861 154 897 stone
861 154 898 stone
861 154 899 stone
861 154 900 stone
861 154 901 stone
861 154 902 stone
861 154 903 stone
861 154 904 stone
861 154 905 stone
861 154 906 stone
861 154 907 stone
861 154 908 stone
861 154 909 stone
861 154 910 stone
861 154 911 stone
861 154 912 stone
861 154 913 stone
861 154 914 stone
861 154 915 stone
861 154 916 stone
861 154 917 stone
861 154 918 stone
861 154 919 stone
861 154 920 stone
861 154 921 stone
861 154 922 stone
861 154 923 stone
861 154 924 stone
861 154 925 stone
861 154 926 stone
861 154 927 stone
861 154 928 stone
861 154 929 stone
861 154 930 stone
861 154 931 stone
861 154 932 stone
861 154 933 dirt
861 154 934 stone
861 154 935 stone
861 154 936 stone
861 154 937 stone
861 154 938 stone
861 154 939 stone
861 154 940 stone
861 154 941 stone
861 154 942 stone
861 154 943 stone
861 154 944 stone
861 154 945 stone
861 154 946 stone
861 154 947 stone
861 154 948 dirt
861 154 964 dirt
861 154 965 stone
861 154 966 stone
861 154 967 stone
861 154 968 stone
861 154 969 stone
861 154 970 stone
861 154 971 stone
861 154 972 stone
861 154 973 stone
861 154 974 stone
861 154 975 stone
861 154 976 stone
861 154 977 stone
861 154 978 stone
861 154 979 stone
861 154 980 stone
861 154 981 stone
861 154 982 stone
861 154 983 stone
861 154 984 stone
861 154 985 stone
861 154 986 stone
861 154 987 stone
861 154 988 stone
861 154 989 stone
861 154 990 stone
861 154 991 stone
861 154 992 stone
861 154 993 stone
861 154 994 stone
861 154 995 stone
861 154 996 stone
861 154 997 stone
861 154 998 stone
861 154 999 stone
861 154 1000 stone
861 154 1001 stone
861 154 1002 stone
861 154 1003 stone
861 154 1004 stone
861 154 1005 stone
861 154 1006 stone
861 154 1007 stone
861 154 1008 stone
861 154 1009 stone
861 154 1010 copper_ore
861 154 1011 stone
861 154 1012 stone
861 154 1013 stone
861 154 1014 stone
861 154 1015 stone
861 154 1016 stone
861 154 1017 stone
861 154 1018 stone
861 154 1019 stone
861 154 1020 stone
861 154 1021 stone
861 154 1022 stone
861 154 1023 stone
861 155 5 grass_block[snowy=false]
861 155 6 dirt
861 155 7 dirt
861 155 8 dirt
861 155 9 dirt
861 155 10 dirt
861 155 11 dirt
861 155 12 dirt
861 155 13 dirt
861 155 14 dirt
861 155 15 dirt
861 155 16 dirt
861 155 17 dirt
861 155 18 dirt
861 155 19 dirt
861 155 20 dirt
861 155 21 dirt
861 155 22 dirt
861 155 23 dirt
861 155 24 dirt
861 155 25 dirt
861 155 26 dirt
861 155 27 dirt
861 155 28 dirt
861 155 29 dirt
861 155 30 stone
861 155 31 stone
861 155 32 dirt
861 155 33 dirt
861 155 34 dirt
861 155 35 dirt
861 155 36 dirt
861 155 37 dirt
861 155 38 dirt
861 155 39 dirt
861 155 40 dirt
861 155 41 dirt
861 155 42 dirt
861 155 43 dirt
861 155 44 dirt
861 155 45 dirt
861 155 46 dirt
861 155 47 dirt
861 155 48 dirt
861 155 49 grass_block[snowy=false]
861 155 50 grass_block[snowy=false]
861 155 52 sunflower[half=upper]
861 155 376 snow[layers=1]
861 155 377 snow[layers=1]
861 155 538 grass_block[snowy=false]
861 155 539 grass_block[snowy=false]
861 155 540 dirt
861 155 541 dirt
861 155 542 dirt
861 155 543 dirt
861 155 544 dirt
861 155 545 dirt
861 155 546 dirt
861 155 547 dirt
861 155 548 stone
861 155 549 stone
861 155 550 stone
861 155 551 stone
861 155 552 stone
861 155 553 stone
861 155 554 stone
861 155 555 stone
861 155 556 stone
861 155 557 stone
861 155 558 stone
861 155 559 stone
861 155 560 gravel
861 155 561 gravel
861 155 562 gravel
861 155 563 dirt
861 155 564 dirt
861 155 565 gravel
861 155 566 gravel
861 155 567 gravel
861 155 568 stone
861 155 569 stone
861 155 570 stone
861 155 571 stone
861 155 572 stone
861 155 573 stone
861 155 574 stone
861 155 575 stone
861 155 576 stone
861 155 577 stone
861 155 578 stone
861 155 579 stone
861 155 580 stone
861 155 581 stone
861 155 582 stone
861 155 583 stone
861 155 584 stone
861 155 585 stone
861 155 586 stone
861 155 587 stone
861 155 588 stone
861 155 589 stone
861 155 590 stone
861 155 591 stone
861 155 592 stone
861 155 593 stone
861 155 594 stone
861 155 595 coal_ore
861 155 596 coal_ore
861 155 597 stone
861 155 598 stone
861 155 599 stone
861 155 600 stone
861 155 601 stone
861 155 602 stone
861 155 603 dirt
861 155 604 dirt
861 155 605 dirt
861 155 606 dirt
861 155 607 dirt
861 155 608 dirt
861 155 609 dirt
861 155 610 dirt
861 155 611 dirt
861 155 612 dirt
861 155 613 stone
861 155 614 stone
861 155 615 stone
861 155 616 stone
861 155 617 stone
861 155 618 stone
861 155 619 stone
861 155 620 stone
861 155 621 stone
861 155 622 stone
861 155 623 stone
861 155 624 stone
861 155 625 stone
861 155 626 stone
861 155 627 stone
861 155 628 stone
861 155 629 stone
861 155 630 stone
861 155 631 stone
861 155 632 stone
861 155 633 stone
861 155 634 stone
861 155 635 dirt
861 155 636 dirt
861 155 637 dirt
861 155 638 dirt
861 155 639 dirt
861 155 640 dirt
861 155 641 dirt
861 155 642 dirt
861 155 643 dirt
861 155 644 dirt
861 155 645 dirt
861 155 646 stone
861 155 647 stone
861 155 648 stone
861 155 649 iron_ore
861 155 650 iron_ore
861 155 651 stone
861 155 652 stone
861 155 653 stone
861 155 654 stone
861 155 655 stone
861 155 656 stone
861 155 657 stone
861 155 658 stone
861 155 659 stone
861 155 660 stone
861 155 661 stone
861 155 662 stone
861 155 663 stone
861 155 664 stone
861 155 665 stone
861 155 666 stone
861 155 667 stone
861 155 668 stone
861 155 669 stone
861 155 670 stone
861 155 671 stone
861 155 672 stone
861 155 673 stone
861 155 674 stone
861 155 675 stone
861 155 676 stone
861 155 677 stone
861 155 678 stone
861 155 679 stone
861 155 680 stone
861 155 681 stone
861 155 682 stone
861 155 683 stone
861 155 684 stone
861 155 685 stone
861 155 686 stone
861 155 687 stone
861 155 688 stone
861 155 689 stone
861 155 690 stone
861 155 691 stone
861 155 692 stone
861 155 693 stone
861 155 694 stone
861 155 695 stone
861 155 696 stone
861 155 697 stone
861 155 698 stone
861 155 699 stone
861 155 700 stone
861 155 701 stone
861 155 702 stone
861 155 703 stone
861 155 704 stone
861 155 705 stone
861 155 706 stone
861 155 707 stone
861 155 708 stone
861 155 709 stone
861 155 710 stone
861 155 711 stone
861 155 712 stone
861 155 713 stone
861 155 714 stone
861 155 715 stone
861 155 716 stone
861 155 717 stone
861 155 718 stone
861 155 719 stone
861 155 720 stone
861 155 721 stone
861 155 722 stone
861 155 723 dirt
861 155 724 dirt
861 155 725 dirt
861 155 726 stone
861 155 727 dirt
861 155 728 dirt
861 155 729 dirt
861 155 730 dirt
861 155 731 dirt
861 155 732 dirt
861 155 733 dirt
861 155 734 dirt
861 155 735 dirt
861 155 736 dirt
861 155 737 dirt
861 155 738 dirt
861 155 739 dirt
861 155 740 dirt
861 155 741 stone
861 155 742 stone
861 155 743 stone
861 155 744 stone
861 155 745 stone
861 155 746 stone
861 155 747 stone
861 155 748 stone
861 155 749 stone
861 155 750 stone
861 155 751 stone
861 155 752 stone
861 155 753 stone
861 155 754 stone
861 155 755 stone
861 155 756 stone
861 155 757 stone
861 155 758 stone
861 155 759 dirt
861 155 760 stone
861 155 761 stone
861 155 762 stone
861 155 763 stone
861 155 764 stone
861 155 765 stone
861 155 766 stone
861 155 767 stone
861 155 768 stone
861 155 769 stone
861 155 770 stone
861 155 771 stone
861 155 772 stone
861 155 773 stone
861 155 774 stone
861 155 775 stone
861 155 776 stone
861 155 777 stone
861 155 778 stone
861 155 779 stone
861 155 780 stone
861 155 781 stone
861 155 782 stone
861 155 783 stone
861 155 784 stone
861 155 785 stone
861 155 786 stone
861 155 787 stone
861 155 788 stone
861 155 789 gravel
861 155 790 gravel
861 155 791 gravel
861 155 792 stone
861 155 793 stone
861 155 794 stone
861 155 795 stone
861 155 796 stone
861 155 797 stone
861 155 798 stone
861 155 799 stone
861 155 800 stone
861 155 801 stone
861 155 802 stone
861 155 803 stone
861 155 804 stone
861 155 805 stone
861 155 806 stone
861 155 807 stone
861 155 808 stone
861 155 809 stone
861 155 810 stone
861 155 811 stone
861 155 812 stone
861 155 813 stone
861 155 814 stone
861 155 815 stone
861 155 816 stone
861 155 817 stone
861 155 818 stone
861 155 819 stone
861 155 820 stone
861 155 821 stone
861 155 822 stone
861 155 823 stone
861 155 824 stone
861 155 825 stone
861 155 826 stone
861 155 827 stone
861 155 828 stone
861 155 829 stone
861 155 830 stone
861 155 831 stone
861 155 832 stone
861 155 833 stone
861 155 834 stone
861 155 835 stone
861 155 836 stone
861 155 837 stone
861 155 838 stone
861 155 839 stone
861 155 840 stone
861 155 841 stone
861 155 842 stone
861 155 843 stone
861 155 844 stone
861 155 845 stone
861 155 846 stone
861 155 847 stone
861 155 848 stone
861 155 849 stone
861 155 850 stone
861 155 851 stone
861 155 852 stone
861 155 853 stone
861 155 854 stone
861 155 855 stone
861 155 856 stone
861 155 857 stone
861 155 858 stone
861 155 859 stone
861 155 860 stone
861 155 861 stone
861 155 862 stone
861 155 863 stone
861 155 864 stone
861 155 865 stone
861 155 866 stone
861 155 867 stone
861 155 868 stone
861 155 869 stone
861 155 870 stone
861 155 871 stone
861 155 872 stone
861 155 873 stone
861 155 874 stone
861 155 875 stone
861 155 876 stone
861 155 877 stone
861 155 878 stone
861 155 879 stone
861 155 880 stone
861 155 881 stone
861 155 882 stone
861 155 883 stone
861 155 884 stone
861 155 885 stone
861 155 886 stone
861 155 887 coal_ore
861 155 888 coal_ore
861 155 889 coal_ore
861 155 890 stone
861 155 891 stone
861 155 892 stone
861 155 893 stone
861 155 894 coal_ore
861 155 895 coal_ore
861 155 896 coal_ore
861 155 897 stone
861 155 898 stone
861 155 899 stone
861 155 900 stone
861 155 901 stone
861 155 902 stone
861 155 903 stone
861 155 904 stone
861 155 905 stone
861 155 906 stone
861 155 907 stone
861 155 908 stone
861 155 909 stone
861 155 910 stone
861 155 911 stone
861 155 912 stone
861 155 913 stone
861 155 914 stone
861 155 915 stone
861 155 916 stone
861 155 917 stone
861 155 918 stone
861 155 919 stone
861 155 920 stone
861 155 921 stone
861 155 922 stone
861 155 923 stone
861 155 924 stone
861 155 925 stone
861 155 926 stone
861 155 927 stone
861 155 928 stone
861 155 929 stone
861 155 930 stone
861 155 931 stone
861 155 932 stone
861 155 933 stone
861 155 934 stone
861 155 935 stone
861 155 936 stone
861 155 937 stone
861 155 938 stone
861 155 939 stone
861 155 940 stone
861 155 941 stone
861 155 942 stone
861 155 943 stone
861 155 944 stone
861 155 945 stone
861 155 946 stone
861 155 947 stone
861 155 948 grass_block[snowy=false]
861 155 964 dirt
861 155 965 stone
861 155 966 stone
861 155 967 stone
861 155 968 stone
861 155 969 stone
861 155 970 stone
861 155 971 stone
861 155 972 stone
861 155 973 stone
861 155 974 coal_ore
861 155 975 coal_ore
861 155 976 coal_ore
861 155 977 coal_ore
861 155 978 stone
861 155 979 stone
861 155 980 stone
861 155 981 stone
861 155 982 stone
861 155 983 stone
861 155 984 stone
861 155 985 stone
861 155 986 stone
861 155 987 stone
861 155 988 stone
861 155 989 stone
861 155 990 stone
861 155 991 stone
861 155 992 stone
861 155 993 stone
861 155 994 stone
861 155 995 stone
861 155 996 stone
861 155 997 stone
861 155 998 stone
861 155 999 stone
861 155 1000 stone
861 155 1001 stone
861 155 1002 stone
861 155 1003 stone
861 155 1004 stone
861 155 1005 stone
861 155 1006 stone
861 155 1007 stone
861 155 1008 stone
861 155 1009 stone
861 155 1010 copper_ore
861 155 1011 copper_ore
861 155 1012 stone
861 155 1013 stone
861 155 1014 stone
861 155 1015 stone
861 155 1016 stone
861 155 1017 stone
861 155 1018 stone
861 155 1019 stone
861 155 1020 stone
861 155 1021 stone
861 155 1022 stone
861 155 1023 stone
861 156 6 grass_block[snowy=false]
861 156 7 grass_block[snowy=false]
861 156 8 dirt
861 156 9 dirt
861 156 10 dirt
861 156 11 dirt
861 156 12 dirt
861 156 13 dirt
861 156 14 dirt
861 156 15 dirt
861 156 16 dirt
861 156 17 dirt
861 156 18 dirt
861 156 19 dirt
861 156 20 dirt
861 156 21 dirt
861 156 22 dirt
861 156 23 dirt
861 156 24 dirt
861 156 25 dirt
861 156 26 dirt
861 156 27 dirt
861 156 28 dirt
861 156 29 dirt
861 156 30 dirt
861 156 31 dirt
861 156 32 dirt
861 156 33 dirt
861 156 34 dirt
861 156 35 dirt
861 156 36 dirt
861 156 37 dirt
861 156 38 dirt
861 156 39 dirt
861 156 40 dirt
861 156 41 dirt
861 156 42 dirt
861 156 43 grass_block[snowy=false]
861 156 44 grass_block[snowy=false]
861 156 45 grass_block[snowy=false]
861 156 46 grass_block[snowy=false]
861 156 47 grass_block[snowy=false]
861 156 48 grass_block[snowy=false]
861 156 540 grass_block[snowy=false]
861 156 541 dirt
861 156 542 dirt
861 156 543 dirt
861 156 544 dirt
861 156 545 dirt
861 156 546 dirt
861 156 547 dirt
861 156 548 dirt
861 156 549 dirt
861 156 550 stone
861 156 551 stone
861 156 552 stone
861 156 553 stone
861 156 554 stone
861 156 555 stone
861 156 556 stone
861 156 557 stone
861 156 558 dirt
861 156 559 dirt
861 156 560 dirt
861 156 561 dirt
861 156 562 dirt
861 156 563 dirt
861 156 564 dirt
861 156 565 dirt
861 156 566 dirt
861 156 567 gravel
861 156 568 stone
861 156 569 stone
861 156 570 stone
861 156 571 stone
861 156 572 stone
861 156 573 stone
861 156 574 stone
861 156 575 stone
861 156 576 stone
861 156 577 stone
861 156 578 stone
861 156 579 stone
861 156 580 stone
861 156 581 stone
861 156 582 stone
861 156 583 stone
861 156 584 stone
861 156 585 stone
861 156 586 stone
861 156 587 stone
861 156 588 stone
861 156 589 stone
861 156 590 stone
861 156 591 stone
861 156 592 stone
861 156 593 stone
861 156 594 stone
861 156 595 stone
861 156 596 stone
861 156 597 stone
861 156 598 stone
861 156 599 stone
861 156 600 stone
861 156 601 dirt
861 156 602 dirt
861 156 603 dirt
861 156 604 dirt
861 156 605 dirt
861 156 606 dirt
861 156 607 dirt
861 156 608 dirt
861 156 609 dirt
861 156 610 dirt
861 156 611 dirt
861 156 612 dirt
861 156 613 dirt
861 156 614 dirt
861 156 615 stone
861 156 616 stone
861 156 617 stone
861 156 618 stone
861 156 619 stone
861 156 620 stone
861 156 621 stone
861 156 622 stone
861 156 623 stone
861 156 624 stone
861 156 625 stone
861 156 626 stone
861 156 627 stone
861 156 628 stone
861 156 629 stone
861 156 630 stone
861 156 631 stone
861 156 632 dirt
861 156 633 dirt
861 156 634 dirt
861 156 635 dirt
861 156 636 dirt
861 156 637 dirt
861 156 638 dirt
861 156 639 dirt
861 156 640 dirt
861 156 641 dirt
861 156 642 dirt
861 156 643 dirt
861 156 644 dirt
861 156 645 dirt
861 156 646 dirt
861 156 647 stone
861 156 648 stone
861 156 649 stone
861 156 650 stone
861 156 651 stone
861 156 652 stone
861 156 653 stone
861 156 654 stone
861 156 655 stone
861 156 656 stone
861 156 657 stone
861 156 658 stone
861 156 659 stone
861 156 660 stone
861 156 661 stone
861 156 662 stone
861 156 663 stone
861 156 664 stone
861 156 665 stone
861 156 666 stone
