865 116 940 stone
865 116 941 stone
865 116 942 stone
865 116 943 stone
865 116 944 stone
865 116 945 stone
865 116 946 stone
865 116 947 stone
865 116 948 stone
865 116 949 stone
865 116 950 stone
865 116 951 stone
865 116 952 stone
865 116 953 stone
865 116 954 water[level=0]
865 116 955 water[level=0]
865 116 956 water[level=0]
865 116 957 water[level=0]
865 116 958 granite
865 116 959 granite
865 116 960 granite
865 116 961 granite
865 116 962 granite
865 116 963 granite
865 116 964 granite
865 116 965 stone
865 116 966 stone
865 116 967 stone
865 116 968 stone
865 116 969 stone
865 116 970 stone
865 116 971 stone
865 116 972 stone
865 116 973 stone
865 116 974 coal_ore
865 116 975 coal_ore
865 116 976 stone
865 116 977 stone
865 116 978 stone
865 116 979 stone
865 116 980 copper_ore
865 116 981 copper_ore
865 116 982 copper_ore
865 116 983 stone
865 116 984 stone
865 116 985 stone
865 116 986 stone
865 116 987 stone
865 116 988 stone
865 116 989 stone
865 116 990 stone
865 116 991 stone
865 116 992 stone
865 116 993 stone
865 116 994 stone
865 116 995 stone
865 116 996 stone
865 116 997 stone
865 116 998 stone
865 116 999 stone
865 116 1005 stone
865 116 1006 stone
865 116 1007 stone
865 116 1008 stone
865 116 1009 stone
865 116 1010 stone
865 116 1011 stone
865 116 1012 stone
865 116 1013 stone
865 116 1014 stone
865 116 1015 stone
865 116 1016 stone
865 116 1017 stone
865 116 1018 stone
865 116 1019 stone
865 116 1020 stone
865 116 1021 stone
865 116 1022 stone
865 116 1023 stone
865 117 0 stone
865 117 1 stone
865 117 2 stone
865 117 3 stone
865 117 4 stone
865 117 5 stone
865 117 6 gravel
865 117 7 gravel
865 117 8 gravel
865 117 9 stone
865 117 10 stone
865 117 11 stone
865 117 12 stone
865 117 13 stone
865 117 14 stone
865 117 15 stone
865 117 16 andesite
865 117 17 andesite
865 117 18 andesite
865 117 19 andesite
865 117 20 andesite
865 117 21 andesite
865 117 22 andesite
865 117 23 coal_ore
865 117 24 andesite
865 117 25 andesite
865 117 26 andesite
865 117 27 andesite
865 117 28 andesite
865 117 29 stone
865 117 30 stone
865 117 31 stone
865 117 32 stone
865 117 33 stone
865 117 34 stone
865 117 35 stone
865 117 36 stone
865 117 37 stone
865 117 38 stone
865 117 39 stone
865 117 40 stone
865 117 41 stone
865 117 42 stone
865 117 43 stone
865 117 44 stone
865 117 45 stone
865 117 46 stone
865 117 47 stone
865 117 48 stone
865 117 49 stone
865 117 50 stone
865 117 51 stone
865 117 52 stone
865 117 53 stone
865 117 54 stone
865 117 55 stone
865 117 56 stone
865 117 57 stone
865 117 58 stone
865 117 59 stone
865 117 64 stone
865 117 65 stone
865 117 66 stone
865 117 67 diorite
865 117 68 andesite
865 117 69 andesite
865 117 70 andesite
865 117 71 andesite
865 117 72 andesite
865 117 73 andesite
865 117 74 diorite
865 117 75 diorite
865 117 76 diorite
865 117 77 diorite
865 117 78 diorite
865 117 79 diorite
865 117 80 diorite
865 117 81 diorite
865 117 82 diorite
865 117 83 diorite
865 117 84 diorite
865 117 85 stone
865 117 86 stone
865 117 87 stone
865 117 88 stone
865 117 89 stone
865 117 90 stone
865 117 91 stone
865 117 92 stone
865 117 93 stone
865 117 94 stone
865 117 95 stone
865 117 96 stone
865 117 97 stone
865 117 98 stone
865 117 99 stone
865 117 100 stone
865 117 101 stone
865 117 102 stone
865 117 103 stone
865 117 104 stone
865 117 105 stone
865 117 106 stone
865 117 107 stone
865 117 108 stone
865 117 109 diorite
865 117 110 diorite
865 117 111 diorite
865 117 112 diorite
865 117 113 diorite
865 117 114 diorite
865 117 115 diorite
865 117 116 diorite
865 117 117 diorite
865 117 118 diorite
865 117 119 diorite
865 117 120 diorite
865 117 121 stone
865 117 122 stone
865 117 123 stone
865 117 124 stone
865 117 125 dirt
865 117 126 stone
865 117 127 stone
865 117 128 stone
865 117 129 stone
865 117 130 stone
865 117 131 stone
865 117 132 stone
865 117 133 stone
865 117 134 stone
865 117 135 stone
865 117 136 stone
865 117 137 stone
865 117 138 stone
865 117 139 stone
865 117 140 stone
865 117 141 stone
865 117 142 stone
865 117 143 stone
865 117 144 stone
865 117 145 stone
865 117 146 stone
865 117 147 stone
865 117 148 stone
865 117 149 stone
865 117 150 stone
865 117 151 stone
865 117 152 stone
865 117 153 stone
865 117 154 stone
865 117 155 stone
865 117 156 stone
865 117 157 stone
865 117 158 stone
865 117 159 stone
865 117 160 andesite
865 117 161 copper_ore
865 117 162 copper_ore
865 117 163 andesite
865 117 164 andesite
865 117 165 andesite
865 117 166 andesite
865 117 167 andesite
865 117 168 stone
865 117 169 stone
865 117 170 stone
865 117 171 stone
865 117 172 stone
865 117 173 stone
865 117 174 copper_ore
865 117 175 stone
865 117 176 stone
865 117 177 stone
865 117 178 granite
865 117 179 granite
865 117 180 granite
865 117 181 granite
865 117 182 granite
865 117 183 granite
865 117 184 granite
865 117 185 granite
865 117 186 granite
865 117 187 granite
865 117 188 stone
865 117 189 stone
865 117 190 stone
865 117 191 stone
865 117 192 stone
865 117 193 stone
865 117 194 stone
865 117 195 stone
865 117 196 stone
865 117 197 stone
865 117 198 stone
865 117 199 stone
865 117 200 stone
865 117 201 stone
865 117 202 stone
865 117 203 stone
865 117 204 stone
865 117 205 stone
865 117 206 stone
865 117 207 stone
865 117 208 stone
865 117 209 stone
865 117 210 stone
865 117 211 stone
865 117 212 stone
865 117 213 stone
865 117 214 stone
865 117 215 stone
865 117 216 stone
865 117 217 stone
865 117 218 stone
865 117 219 stone
865 117 220 stone
865 117 221 stone
865 117 222 stone
865 117 223 stone
865 117 224 stone
865 117 225 stone
865 117 226 stone
865 117 227 stone
865 117 228 stone
865 117 229 stone
865 117 230 andesite
865 117 231 andesite
865 117 232 andesite
865 117 233 andesite
865 117 234 andesite
865 117 235 water[level=0]
865 117 236 water[level=0]
865 117 237 water[level=0]
865 117 238 water[level=0]
865 117 239 stone
865 117 240 stone
865 117 241 stone
865 117 242 stone
865 117 243 stone
865 117 244 stone
865 117 245 stone
865 117 246 stone
865 117 247 stone
865 117 248 stone
865 117 249 stone
865 117 250 stone
865 117 251 stone
865 117 252 stone
865 117 253 stone
865 117 254 stone
865 117 255 stone
865 117 256 stone
865 117 257 stone
865 117 258 stone
865 117 259 stone
865 117 260 stone
865 117 261 stone
865 117 262 stone
865 117 263 stone
865 117 264 stone
865 117 265 stone
865 117 266 stone
865 117 267 stone
865 117 268 stone
865 117 270 stone
865 117 271 andesite
865 117 272 andesite
865 117 273 andesite
865 117 274 andesite
865 117 275 andesite
865 117 276 andesite
865 117 277 andesite
865 117 278 andesite
865 117 279 andesite
865 117 280 stone
865 117 281 stone
865 117 282 stone
865 117 283 stone
865 117 284 stone
865 117 285 stone
865 117 286 stone
865 117 287 stone
865 117 288 stone
865 117 289 stone
865 117 290 stone
865 117 291 stone
865 117 292 stone
865 117 293 stone
865 117 294 stone
865 117 295 stone
865 117 296 stone
865 117 297 stone
865 117 298 stone
865 117 299 stone
865 117 300 stone
865 117 301 stone
865 117 302 stone
865 117 303 stone
865 117 304 stone
865 117 305 stone
865 117 306 stone
865 117 307 stone
865 117 332 stone
865 117 333 stone
865 117 334 stone
865 117 335 stone
865 117 336 stone
865 117 337 stone
865 117 338 stone
865 117 339 stone
865 117 340 stone
865 117 341 stone
865 117 342 stone
865 117 343 stone
865 117 344 stone
865 117 345 stone
865 117 346 stone
865 117 347 stone
865 117 348 stone
865 117 349 stone
865 117 350 stone
865 117 351 stone
865 117 352 stone
865 117 353 stone
865 117 354 stone
865 117 355 stone
865 117 356 stone
865 117 357 stone
865 117 358 stone
865 117 359 stone
865 117 360 stone
865 117 361 stone
865 117 362 stone
865 117 363 stone
865 117 364 stone
865 117 365 stone
865 117 366 stone
865 117 367 stone
865 117 368 stone
865 117 369 stone
865 117 370 stone
865 117 371 stone
865 117 372 stone
865 117 373 stone
865 117 374 stone
865 117 375 coal_ore
865 117 376 coal_ore
865 117 377 coal_ore
865 117 378 coal_ore
865 117 379 stone
865 117 380 stone
865 117 381 stone
865 117 382 stone
865 117 383 stone
865 117 384 stone
865 117 385 stone
865 117 386 stone
865 117 387 stone
865 117 388 stone
865 117 389 stone
865 117 390 stone
865 117 391 stone
865 117 392 stone
865 117 393 stone
865 117 394 stone
865 117 395 stone
865 117 396 stone
865 117 397 stone
865 117 398 stone
865 117 399 stone
865 117 400 stone
865 117 401 stone
865 117 402 granite
865 117 403 granite
865 117 404 granite
865 117 405 granite
865 117 406 granite
865 117 407 granite
865 117 408 stone
865 117 409 stone
865 117 410 stone
865 117 411 stone
865 117 412 stone
865 117 413 stone
865 117 414 stone
865 117 415 stone
865 117 416 stone
865 117 417 stone
865 117 418 stone
865 117 419 stone
865 117 420 stone
865 117 421 stone
865 117 422 stone
865 117 423 stone
865 117 424 stone
865 117 425 stone
865 117 426 stone
865 117 427 stone
865 117 428 stone
865 117 429 stone
865 117 430 stone
865 117 431 stone
865 117 432 stone
865 117 433 stone
865 117 434 andesite
865 117 435 andesite
865 117 436 coal_ore
865 117 437 coal_ore
865 117 438 andesite
865 117 439 andesite
865 117 440 andesite
865 117 441 dirt
865 117 442 dirt
865 117 443 stone
865 117 444 stone
865 117 445 stone
865 117 446 stone
865 117 447 stone
865 117 448 stone
865 117 449 stone
865 117 450 stone
865 117 451 water[level=0]
865 117 452 water[level=0]
865 117 453 water[level=0]
865 117 454 water[level=0]
865 117 455 water[level=0]
865 117 456 water[level=0]
865 117 457 water[level=0]
865 117 458 water[level=0]
865 117 459 water[level=0]
865 117 460 water[level=0]
865 117 461 water[level=0]
865 117 462 water[level=0]
865 117 463 water[level=0]
865 117 464 water[level=0]
865 117 465 water[level=0]
865 117 466 gravel
865 117 467 stone
865 117 468 stone
865 117 469 stone
865 117 470 stone
865 117 471 stone
865 117 472 stone
865 117 473 stone
865 117 474 stone
865 117 475 stone
865 117 476 stone
865 117 477 stone
865 117 478 stone
865 117 479 stone
865 117 480 stone
865 117 481 stone
865 117 482 stone
865 117 483 stone
865 117 484 stone
865 117 485 stone
865 117 486 stone
865 117 487 stone
865 117 488 stone
865 117 489 stone
865 117 490 stone
865 117 491 stone
865 117 492 stone
865 117 493 stone
865 117 494 stone
865 117 495 stone
865 117 496 stone
865 117 497 stone
865 117 498 stone
865 117 499 stone
865 117 500 stone
865 117 501 stone
865 117 502 stone
865 117 503 granite
865 117 504 granite
865 117 505 granite
865 117 506 granite
865 117 507 granite
865 117 508 granite
865 117 509 granite
865 117 510 granite
865 117 511 granite
865 117 512 stone
865 117 513 stone
865 117 514 stone
865 117 515 stone
865 117 516 diorite
865 117 517 diorite
865 117 518 diorite
865 117 519 diorite
865 117 520 diorite
865 117 521 diorite
865 117 522 diorite
865 117 523 diorite
865 117 524 diorite
865 117 525 diorite
865 117 526 diorite
865 117 527 diorite
865 117 528 granite
865 117 529 granite
865 117 530 granite
865 117 531 granite
865 117 532 granite
865 117 533 granite
865 117 534 diorite
865 117 535 stone
865 117 536 stone
865 117 537 stone
865 117 538 stone
865 117 539 stone
865 117 540 coal_ore
865 117 541 coal_ore
865 117 542 coal_ore
865 117 543 coal_ore
865 117 544 coal_ore
865 117 545 stone
865 117 546 stone
865 117 547 stone
865 117 548 stone
865 117 549 stone
865 117 550 stone
865 117 551 stone
865 117 552 stone
865 117 553 stone
865 117 554 stone
865 117 555 stone
865 117 556 stone
865 117 557 stone
865 117 558 stone
865 117 559 stone
865 117 560 stone
865 117 561 stone
865 117 562 stone
865 117 563 stone
865 117 564 stone
865 117 565 stone
865 117 566 stone
865 117 567 stone
865 117 568 stone
865 117 569 stone
865 117 570 stone
865 117 571 stone
865 117 572 stone
865 117 573 diorite
865 117 574 diorite
865 117 575 diorite
865 117 576 diorite
865 117 577 diorite
865 117 578 diorite
865 117 579 diorite
865 117 580 granite
865 117 581 andesite
865 117 582 andesite
865 117 583 stone
865 117 584 stone
865 117 585 stone
865 117 586 stone
865 117 587 stone
865 117 588 stone
865 117 589 stone
865 117 590 stone
865 117 591 stone
865 117 592 stone
865 117 593 stone
865 117 594 stone
865 117 595 stone
865 117 596 stone
865 117 597 stone
865 117 598 stone
865 117 599 stone
865 117 600 stone
865 117 601 stone
865 117 602 stone
865 117 603 stone
865 117 604 stone
865 117 605 stone
865 117 606 stone
865 117 607 stone
865 117 608 stone
865 117 609 stone
865 117 610 stone
865 117 611 stone
865 117 612 stone
865 117 613 stone
865 117 614 stone
865 117 615 stone
865 117 616 stone
865 117 617 stone
865 117 618 stone
865 117 619 stone
865 117 620 stone
865 117 621 stone
865 117 622 stone
865 117 623 stone
865 117 624 stone
865 117 625 stone
865 117 626 diorite
865 117 627 diorite
865 117 628 diorite
865 117 629 diorite
865 117 630 diorite
865 117 631 diorite
865 117 632 diorite
865 117 633 stone
865 117 634 stone
865 117 635 stone
865 117 636 stone
865 117 637 stone
865 117 638 stone
865 117 639 stone
865 117 640 stone
865 117 641 granite
865 117 642 granite
865 117 643 granite
865 117 644 copper_ore
865 117 645 granite
865 117 646 granite
865 117 647 granite
865 117 648 granite
865 117 649 granite
865 117 650 andesite
865 117 651 andesite
865 117 652 andesite
865 117 653 andesite
865 117 654 andesite
865 117 655 andesite
865 117 656 andesite
865 117 657 andesite
865 117 658 stone
865 117 659 stone
865 117 660 stone
865 117 661 stone
865 117 662 stone
865 117 663 stone
865 117 664 stone
865 117 665 stone
865 117 666 stone
865 117 667 stone
865 117 668 stone
865 117 669 stone
865 117 670 stone
865 117 671 stone
865 117 672 stone
865 117 673 stone
865 117 674 stone
865 117 675 stone
865 117 676 stone
865 117 677 coal_ore
865 117 678 coal_ore
865 117 679 stone
865 117 680 stone
865 117 681 stone
865 117 682 stone
865 117 683 stone
865 117 684 stone
865 117 685 stone
865 117 686 stone
865 117 687 stone
865 117 688 stone
865 117 689 stone
865 117 690 stone
865 117 691 stone
865 117 692 diorite
865 117 693 diorite
865 117 694 diorite
865 117 695 diorite
865 117 696 diorite
865 117 697 diorite
865 117 698 diorite
865 117 699 stone
865 117 700 stone
865 117 701 stone
865 117 702 stone
865 117 703 stone
865 117 704 stone
865 117 705 stone
865 117 706 copper_ore
865 117 707 copper_ore
865 117 708 andesite
865 117 709 andesite
865 117 710 andesite
865 117 711 andesite
865 117 712 andesite
865 117 713 andesite
865 117 714 stone
865 117 715 stone
865 117 716 stone
865 117 717 stone
865 117 718 stone
865 117 719 stone
865 117 720 granite
865 117 721 granite
865 117 722 granite
865 117 723 granite
865 117 724 granite
865 117 725 granite
865 117 726 granite
865 117 727 granite
865 117 728 coal_ore
865 117 729 coal_ore
865 117 730 granite
865 117 731 granite
865 117 734 stone
865 117 735 stone
865 117 736 stone
865 117 737 stone
865 117 738 granite
865 117 739 granite
865 117 740 granite
865 117 741 granite
865 117 742 granite
865 117 743 stone
865 117 744 stone
865 117 745 stone
865 117 746 stone
865 117 747 stone
865 117 748 stone
865 117 754 stone
865 117 755 stone
865 117 756 stone
865 117 764 stone
865 117 765 stone
865 117 766 stone
865 117 767 stone
865 117 768 stone
865 117 769 stone
865 117 770 stone
865 117 771 stone
865 117 772 stone
865 117 773 stone
865 117 774 stone
865 117 775 stone
865 117 776 stone
865 117 777 stone
865 117 778 stone
865 117 779 stone
865 117 780 stone
865 117 781 stone
865 117 782 stone
865 117 783 stone
865 117 784 stone
865 117 785 stone
865 117 786 stone
865 117 787 stone
865 117 788 stone
865 117 789 andesite
865 117 790 andesite
865 117 791 andesite
865 117 792 andesite
865 117 793 andesite
865 117 794 andesite
865 117 795 andesite
865 117 796 andesite
865 117 797 andesite
865 117 798 andesite
865 117 799 andesite
865 117 800 andesite
865 117 801 andesite
865 117 802 andesite
865 117 803 andesite
865 117 804 granite
865 117 805 granite
865 117 806 stone
865 117 807 stone
865 117 808 stone
865 117 809 stone
865 117 810 stone
865 117 811 dirt
865 117 812 dirt
865 117 813 dirt
865 117 814 dirt
865 117 815 dirt
865 117 816 dirt
865 117 817 dirt
865 117 818 dirt
865 117 826 stone
865 117 827 stone
865 117 828 stone
865 117 829 stone
865 117 830 stone
865 117 831 stone
865 117 832 stone
865 117 833 stone
865 117 834 stone
865 117 835 stone
865 117 836 stone
865 117 837 stone
865 117 838 stone
865 117 839 stone
865 117 840 stone
865 117 841 stone
865 117 842 stone
865 117 843 stone
865 117 844 stone
865 117 845 stone
865 117 846 stone
865 117 850 granite
865 117 851 granite
865 117 852 granite
865 117 853 stone
865 117 854 stone
865 117 855 stone
865 117 856 stone
865 117 857 stone
865 117 858 copper_ore
865 117 859 stone
865 117 860 stone
865 117 861 stone
865 117 862 stone
865 117 863 stone
865 117 864 stone
865 117 865 stone
865 117 866 stone
865 117 867 stone
865 117 868 stone
865 117 869 stone
865 117 870 stone
865 117 871 stone
865 117 872 stone
865 117 873 stone
865 117 874 stone
865 117 875 stone
865 117 876 stone
865 117 877 stone
865 117 878 stone
865 117 879 diorite
865 117 880 diorite
865 117 881 diorite
865 117 882 diorite
865 117 883 diorite
865 117 884 diorite
865 117 885 diorite
865 117 886 andesite
865 117 887 andesite
865 117 888 andesite
865 117 889 andesite
865 117 890 andesite
865 117 891 andesite
865 117 892 andesite
865 117 893 andesite
865 117 894 stone
865 117 895 stone
865 117 896 stone
865 117 897 stone
865 117 898 stone
865 117 899 stone
865 117 900 stone
865 117 901 stone
865 117 902 stone
865 117 903 stone
865 117 904 stone
865 117 905 stone
865 117 906 stone
865 117 907 stone
865 117 908 stone
865 117 909 stone
865 117 910 stone
865 117 911 stone
865 117 912 stone
865 117 913 stone
865 117 914 stone
865 117 915 stone
865 117 916 stone
865 117 917 stone
865 117 918 copper_ore
865 117 919 copper_ore
865 117 920 stone
865 117 921 stone
865 117 922 stone
865 117 923 stone
865 117 924 stone
865 117 925 stone
865 117 926 stone
865 117 927 stone
865 117 928 stone
865 117 929 water[level=0]
865 117 930 water[level=0]
865 117 931 stone
865 117 932 stone
865 117 933 stone
865 117 934 stone
865 117 935 stone
865 117 936 stone
865 117 937 stone
865 117 938 stone
865 117 939 stone
865 117 940 stone
865 117 941 stone
865 117 942 stone
865 117 943 stone
865 117 944 stone
865 117 945 stone
865 117 946 stone
865 117 947 stone
865 117 948 stone
865 117 949 stone
865 117 950 stone
865 117 951 stone
865 117 952 stone
865 117 953 water[level=0]
865 117 954 water[level=0]
865 117 955 water[level=0]
865 117 956 water[level=0]
865 117 957 water[level=0]
865 117 958 granite
865 117 959 granite
865 117 960 granite
865 117 961 granite
865 117 962 granite
865 117 963 granite
865 117 964 granite
865 117 965 granite
865 117 966 stone
865 117 967 stone
865 117 968 stone
865 117 969 stone
865 117 970 stone
865 117 971 stone
865 117 972 stone
865 117 973 stone
865 117 974 coal_ore
865 117 975 coal_ore
865 117 976 stone
865 117 977 stone
865 117 978 stone
865 117 979 stone
865 117 980 copper_ore
865 117 981 copper_ore
865 117 982 copper_ore
865 117 983 copper_ore
865 117 984 stone
865 117 985 stone
865 117 986 stone
865 117 987 stone
865 117 988 stone
865 117 989 stone
865 117 990 stone
865 117 991 stone
865 117 992 stone
865 117 993 stone
865 117 994 stone
865 117 995 stone
865 117 996 stone
865 117 997 stone
865 117 998 stone
865 117 999 stone
865 117 1004 stone
865 117 1005 stone
865 117 1006 stone
865 117 1007 stone
865 117 1008 stone
865 117 1009 stone
865 117 1010 stone
865 117 1011 stone
865 117 1012 stone
865 117 1015 stone
865 117 1016 stone
865 117 1017 stone
865 117 1018 stone
865 117 1019 stone
865 117 1020 stone
865 117 1021 stone
865 117 1022 stone
865 117 1023 stone
865 118 0 stone
865 118 1 stone
865 118 2 stone
865 118 3 stone
865 118 4 stone
865 118 5 gravel
865 118 6 gravel
865 118 7 gravel
865 118 8 gravel
865 118 9 gravel
865 118 10 stone
865 118 11 stone
865 118 12 stone
865 118 13 stone
865 118 14 stone
865 118 15 stone
865 118 16 andesite
865 118 17 andesite
865 118 18 andesite
865 118 19 andesite
865 118 20 andesite
865 118 21 andesite
865 118 22 dirt
865 118 23 coal_ore
865 118 24 coal_ore
865 118 25 andesite
865 118 26 andesite
865 118 27 andesite
865 118 28 andesite
865 118 29 stone
865 118 30 stone
865 118 31 stone
865 118 32 stone
865 118 33 stone
865 118 34 stone
865 118 35 stone
865 118 36 stone
865 118 37 stone
865 118 38 stone
865 118 39 stone
865 118 40 stone
865 118 41 stone
865 118 42 stone
865 118 43 stone
865 118 44 stone
865 118 45 stone
