653 121 957 stone
653 121 958 stone
653 121 959 stone
653 121 960 stone
653 121 961 stone
653 121 962 stone
653 121 963 stone
653 121 964 stone
653 121 965 stone
653 121 966 stone
653 121 967 stone
653 121 968 stone
653 121 969 stone
653 121 970 stone
653 121 971 stone
653 121 972 stone
653 121 973 stone
653 121 974 stone
653 121 975 stone
653 121 976 stone
653 121 977 stone
653 121 978 stone
653 121 979 stone
653 121 980 stone
653 121 981 stone
653 121 982 stone
653 121 983 stone
653 121 984 stone
653 121 985 stone
653 121 986 stone
653 121 987 stone
653 121 988 stone
653 121 989 copper_ore
653 121 990 stone
653 121 991 stone
653 121 992 stone
653 121 993 stone
653 121 994 stone
653 121 995 stone
653 121 996 stone
653 121 997 stone
653 121 998 stone
653 121 999 stone
653 121 1000 stone
653 121 1001 stone
653 121 1002 stone
653 121 1003 stone
653 121 1004 stone
653 121 1005 stone
653 121 1006 stone
653 121 1007 stone
653 121 1008 stone
653 121 1009 stone
653 121 1010 stone
653 121 1011 stone
653 121 1012 stone
653 121 1013 stone
653 121 1014 stone
653 121 1015 stone
653 121 1016 stone
653 121 1017 stone
653 121 1018 stone
653 121 1019 stone
653 121 1020 stone
653 121 1021 stone
653 121 1022 stone
653 121 1023 stone
654 121 896 stone
654 121 897 dripstone_block
654 121 898 stone
654 121 899 stone
654 121 900 stone
654 121 901 stone
654 121 902 stone
654 121 903 stone
654 121 904 stone
654 121 905 stone
654 121 906 stone
654 121 907 stone
654 121 908 stone
654 121 909 stone
654 121 910 stone
654 121 911 stone
654 121 912 stone
654 121 913 stone
654 121 914 stone
654 121 915 stone
654 121 916 stone
654 121 917 stone
654 121 918 stone
654 121 919 stone
654 121 920 stone
654 121 921 stone
654 121 922 stone
654 121 923 stone
654 121 924 stone
654 121 925 stone
654 121 926 stone
654 121 927 stone
654 121 928 stone
654 121 929 stone
654 121 930 stone
654 121 931 stone
654 121 932 stone
654 121 933 stone
654 121 934 stone
654 121 935 stone
654 121 936 andesite
654 121 937 andesite
654 121 938 andesite
654 121 939 andesite
654 121 940 andesite
654 121 941 andesite
654 121 942 gravel
654 121 943 gravel
654 121 944 andesite
654 121 945 andesite
654 121 946 andesite
654 121 947 stone
654 121 948 stone
654 121 949 stone
654 121 950 stone
654 121 951 stone
654 121 952 stone
654 121 953 diorite
654 121 954 diorite
654 121 955 stone
654 121 956 stone
654 121 957 stone
654 121 958 stone
654 121 959 stone
654 121 960 stone
654 121 961 stone
654 121 962 stone
654 121 963 stone
654 121 964 stone
654 121 965 stone
654 121 966 stone
654 121 967 stone
654 121 968 stone
654 121 969 stone
654 121 970 stone
654 121 971 stone
654 121 972 stone
654 121 973 stone
654 121 974 stone
654 121 975 stone
654 121 976 stone
654 121 977 stone
654 121 978 stone
654 121 979 stone
654 121 980 stone
654 121 981 stone
654 121 982 stone
654 121 983 stone
654 121 984 stone
654 121 985 stone
654 121 986 stone
654 121 987 stone
654 121 988 stone
654 121 989 copper_ore
654 121 990 copper_ore
654 121 991 stone
654 121 992 stone
654 121 993 stone
654 121 994 stone
654 121 995 stone
654 121 996 stone
654 121 997 stone
654 121 998 stone
654 121 999 stone
654 121 1000 stone
654 121 1001 stone
654 121 1002 stone
654 121 1003 stone
654 121 1004 stone
654 121 1005 stone
654 121 1006 stone
654 121 1007 stone
654 121 1008 stone
654 121 1009 stone
654 121 1010 stone
654 121 1011 stone
654 121 1012 stone
654 121 1013 stone
654 121 1014 stone
654 121 1015 stone
654 121 1016 stone
654 121 1017 stone
654 121 1018 stone
654 121 1019 stone
654 121 1020 stone
654 121 1021 stone
654 121 1022 stone
654 121 1023 stone
655 121 896 dripstone_block
655 121 897 dripstone_block
655 121 898 stone
655 121 899 stone
655 121 900 stone
655 121 901 stone
655 121 902 stone
655 121 903 stone
655 121 904 stone
655 121 905 stone
655 121 906 stone
655 121 907 stone
655 121 908 stone
655 121 909 stone
655 121 910 stone
655 121 911 stone
655 121 912 stone
655 121 913 stone
655 121 914 stone
655 121 915 stone
655 121 916 stone
655 121 917 stone
655 121 918 stone
655 121 919 stone
655 121 920 stone
655 121 921 stone
655 121 922 stone
655 121 923 stone
655 121 924 stone
655 121 925 stone
655 121 926 stone
655 121 927 stone
655 121 928 stone
655 121 929 stone
655 121 930 stone
655 121 931 stone
655 121 932 stone
655 121 933 stone
655 121 934 stone
655 121 935 stone
655 121 936 andesite
655 121 937 andesite
655 121 938 andesite
655 121 939 andesite
655 121 940 andesite
655 121 941 gravel
655 121 942 gravel
655 121 943 gravel
655 121 944 andesite
655 121 945 andesite
655 121 946 andesite
655 121 947 andesite
655 121 948 andesite
655 121 949 andesite
655 121 950 stone
655 121 951 stone
655 121 952 stone
655 121 953 diorite
655 121 954 diorite
655 121 955 diorite
655 121 956 stone
655 121 957 stone
655 121 958 stone
655 121 959 stone
655 121 960 stone
655 121 961 stone
655 121 962 stone
655 121 963 stone
655 121 964 stone
655 121 965 stone
655 121 966 stone
655 121 967 stone
655 121 968 stone
655 121 969 stone
655 121 970 stone
655 121 971 stone
655 121 972 stone
655 121 973 stone
655 121 974 stone
655 121 975 stone
655 121 976 stone
655 121 977 stone
655 121 978 stone
655 121 979 stone
655 121 980 stone
655 121 981 stone
655 121 982 stone
655 121 983 stone
655 121 984 stone
655 121 985 stone
655 121 986 stone
655 121 987 stone
655 121 988 stone
655 121 989 copper_ore
655 121 990 copper_ore
655 121 991 stone
655 121 992 stone
655 121 993 stone
655 121 994 stone
655 121 995 stone
655 121 996 stone
655 121 997 stone
655 121 998 stone
655 121 999 stone
655 121 1000 stone
655 121 1001 stone
655 121 1002 stone
655 121 1003 stone
655 121 1004 stone
655 121 1005 stone
655 121 1006 stone
655 121 1007 stone
655 121 1008 stone
655 121 1009 stone
655 121 1010 stone
655 121 1011 stone
655 121 1012 stone
655 121 1013 stone
655 121 1014 stone
655 121 1015 stone
655 121 1016 stone
655 121 1017 stone
655 121 1018 stone
655 121 1019 stone
655 121 1020 stone
655 121 1021 stone
655 121 1022 stone
655 121 1023 stone
656 121 897 dripstone_block
656 121 898 stone
656 121 899 stone
656 121 900 stone
656 121 901 stone
656 121 902 stone
656 121 903 stone
656 121 904 stone
656 121 905 stone
656 121 906 stone
656 121 907 stone
656 121 908 stone
656 121 909 stone
656 121 910 stone
656 121 911 stone
656 121 912 dripstone_block
656 121 913 stone
656 121 914 stone
656 121 915 stone
656 121 916 stone
656 121 917 stone
656 121 918 stone
656 121 919 stone
656 121 920 stone
656 121 921 stone
656 121 922 stone
656 121 923 stone
656 121 924 stone
656 121 925 stone
656 121 926 stone
656 121 927 stone
656 121 928 stone
656 121 929 stone
656 121 930 stone
656 121 931 stone
656 121 932 stone
656 121 933 stone
656 121 934 stone
656 121 935 stone
656 121 936 andesite
656 121 937 andesite
656 121 938 andesite
656 121 939 andesite
656 121 940 andesite
656 121 941 gravel
656 121 942 gravel
656 121 943 andesite
656 121 944 andesite
656 121 945 andesite
656 121 946 andesite
656 121 947 andesite
656 121 948 andesite
656 121 949 andesite
656 121 950 andesite
656 121 951 andesite
656 121 952 stone
656 121 953 diorite
656 121 954 diorite
656 121 955 diorite
656 121 956 stone
656 121 957 stone
656 121 958 stone
656 121 959 stone
656 121 960 stone
656 121 961 stone
656 121 962 stone
656 121 963 stone
656 121 964 stone
656 121 965 stone
656 121 966 stone
656 121 967 stone
656 121 968 stone
656 121 969 stone
656 121 970 stone
656 121 971 stone
656 121 972 stone
656 121 973 stone
656 121 974 stone
656 121 975 stone
656 121 976 stone
656 121 977 stone
656 121 978 stone
656 121 979 stone
656 121 980 stone
656 121 981 stone
656 121 982 stone
656 121 983 stone
656 121 984 stone
656 121 985 stone
656 121 986 stone
656 121 987 diorite
656 121 988 diorite
656 121 989 diorite
656 121 990 diorite
656 121 991 diorite
656 121 992 stone
656 121 993 stone
656 121 994 stone
656 121 995 stone
656 121 996 stone
656 121 997 stone
656 121 998 stone
656 121 999 stone
656 121 1000 stone
656 121 1001 stone
656 121 1002 stone
656 121 1003 stone
656 121 1004 stone
656 121 1005 stone
656 121 1006 stone
656 121 1007 stone
656 121 1008 stone
656 121 1009 stone
656 121 1010 stone
656 121 1011 stone
656 121 1012 stone
656 121 1013 stone
656 121 1014 stone
656 121 1015 stone
656 121 1016 stone
656 121 1017 stone
656 121 1018 stone
656 121 1019 stone
656 121 1020 stone
656 121 1021 stone
656 121 1022 stone
656 121 1023 stone
657 121 897 stone
657 121 898 stone
657 121 899 stone
657 121 900 stone
657 121 901 stone
657 121 902 stone
657 121 903 stone
657 121 904 stone
657 121 905 stone
657 121 906 stone
657 121 907 stone
657 121 908 stone
657 121 909 stone
657 121 910 stone
657 121 911 dripstone_block
657 121 912 dripstone_block
657 121 913 stone
657 121 914 stone
657 121 915 stone
657 121 916 stone
657 121 917 stone
657 121 918 stone
657 121 919 stone
657 121 920 stone
657 121 921 stone
657 121 922 diorite
657 121 923 diorite
657 121 924 diorite
657 121 925 diorite
657 121 926 diorite
657 121 927 diorite
657 121 928 stone
657 121 929 stone
657 121 930 stone
657 121 931 stone
657 121 932 stone
657 121 933 stone
657 121 934 stone
657 121 935 stone
657 121 936 andesite
657 121 937 andesite
657 121 938 andesite
657 121 939 andesite
657 121 940 andesite
657 121 941 andesite
657 121 942 andesite
657 121 943 andesite
657 121 944 andesite
657 121 945 andesite
657 121 946 andesite
657 121 947 andesite
657 121 948 andesite
657 121 949 andesite
657 121 950 andesite
657 121 951 andesite
657 121 952 andesite
657 121 953 diorite
657 121 954 diorite
657 121 955 diorite
657 121 956 stone
657 121 957 stone
657 121 958 stone
657 121 959 stone
657 121 960 stone
657 121 961 stone
657 121 962 stone
657 121 963 stone
657 121 964 stone
657 121 965 stone
657 121 966 stone
657 121 967 stone
657 121 968 stone
657 121 969 stone
657 121 970 stone
657 121 971 stone
657 121 972 stone
657 121 973 stone
657 121 974 stone
657 121 975 stone
657 121 976 stone
657 121 977 stone
657 121 978 stone
657 121 979 stone
657 121 980 stone
657 121 981 stone
657 121 982 stone
657 121 983 stone
657 121 984 stone
657 121 985 stone
657 121 986 diorite
657 121 987 diorite
657 121 988 diorite
657 121 989 diorite
657 121 990 diorite
657 121 991 diorite
657 121 992 diorite
657 121 993 diorite
657 121 994 stone
657 121 995 stone
657 121 996 stone
657 121 997 stone
657 121 998 stone
657 121 999 stone
657 121 1000 stone
657 121 1001 stone
657 121 1002 stone
657 121 1003 stone
657 121 1004 stone
657 121 1005 stone
657 121 1006 stone
657 121 1007 stone
657 121 1008 stone
657 121 1009 stone
657 121 1010 stone
657 121 1011 stone
657 121 1012 stone
657 121 1013 stone
657 121 1014 stone
657 121 1015 stone
657 121 1016 stone
657 121 1017 stone
657 121 1018 stone
657 121 1019 stone
657 121 1020 stone
657 121 1021 stone
657 121 1022 stone
657 121 1023 stone
658 121 897 stone
658 121 898 stone
658 121 899 stone
658 121 900 stone
658 121 901 stone
658 121 902 stone
658 121 903 stone
658 121 904 stone
658 121 905 stone
658 121 906 stone
658 121 907 stone
658 121 908 stone
658 121 909 stone
658 121 910 stone
658 121 911 stone
658 121 912 stone
658 121 913 stone
658 121 914 stone
658 121 915 stone
658 121 916 stone
658 121 917 stone
658 121 918 stone
658 121 919 stone
658 121 920 stone
658 121 921 diorite
658 121 922 diorite
658 121 923 diorite
658 121 924 diorite
658 121 925 diorite
658 121 926 diorite
658 121 927 diorite
658 121 928 diorite
658 121 929 diorite
658 121 930 diorite
658 121 931 stone
658 121 932 stone
658 121 933 stone
658 121 934 stone
658 121 935 stone
658 121 936 stone
658 121 937 andesite
658 121 938 andesite
658 121 939 andesite
658 121 940 andesite
658 121 941 andesite
658 121 942 andesite
658 121 943 andesite
658 121 944 andesite
658 121 945 andesite
658 121 946 andesite
658 121 947 andesite
658 121 948 andesite
658 121 949 andesite
658 121 950 andesite
658 121 951 andesite
658 121 952 andesite
658 121 953 andesite
658 121 954 stone
658 121 955 stone
658 121 956 stone
658 121 957 stone
658 121 958 stone
658 121 959 stone
658 121 960 stone
658 121 961 stone
658 121 962 stone
658 121 963 stone
658 121 964 stone
658 121 965 stone
658 121 966 stone
658 121 967 stone
658 121 968 stone
658 121 969 stone
658 121 970 stone
658 121 971 stone
658 121 972 stone
658 121 973 stone
658 121 974 stone
658 121 975 stone
658 121 976 stone
658 121 977 stone
658 121 978 stone
658 121 979 stone
658 121 980 stone
658 121 981 stone
658 121 982 stone
658 121 983 stone
658 121 984 stone
658 121 985 stone
658 121 986 diorite
658 121 987 diorite
658 121 988 diorite
658 121 989 diorite
658 121 990 diorite
658 121 991 diorite
658 121 992 diorite
658 121 993 diorite
658 121 994 diorite
658 121 995 stone
658 121 996 stone
658 121 997 stone
658 121 998 stone
658 121 999 stone
658 121 1000 stone
658 121 1001 stone
658 121 1002 stone
658 121 1003 stone
658 121 1004 stone
658 121 1005 stone
658 121 1006 stone
658 121 1007 stone
658 121 1008 stone
658 121 1009 stone
658 121 1010 stone
658 121 1011 stone
658 121 1012 stone
658 121 1013 stone
658 121 1014 stone
658 121 1015 stone
658 121 1016 stone
658 121 1017 stone
658 121 1018 stone
658 121 1019 stone
658 121 1020 stone
658 121 1021 stone
658 121 1022 stone
658 121 1023 stone
659 121 896 stone
659 121 897 stone
659 121 898 gravel
659 121 899 gravel
659 121 900 stone
659 121 901 stone
659 121 902 stone
659 121 903 stone
659 121 904 stone
659 121 905 stone
659 121 906 stone
659 121 907 stone
659 121 908 stone
659 121 909 stone
659 121 910 stone
659 121 911 stone
659 121 912 stone
659 121 913 stone
659 121 914 stone
659 121 915 stone
659 121 916 stone
659 121 917 stone
659 121 918 stone
659 121 919 diorite
659 121 920 diorite
659 121 921 diorite
659 121 922 diorite
659 121 923 diorite
659 121 924 diorite
659 121 925 diorite
659 121 926 diorite
659 121 927 diorite
659 121 928 diorite
659 121 929 diorite
659 121 930 diorite
659 121 931 stone
659 121 932 stone
659 121 933 stone
659 121 934 stone
659 121 935 stone
659 121 936 stone
659 121 937 stone
659 121 938 andesite
659 121 939 andesite
659 121 940 andesite
659 121 941 andesite
659 121 942 andesite
659 121 943 andesite
659 121 944 andesite
659 121 945 andesite
659 121 946 andesite
659 121 947 andesite
659 121 948 andesite
659 121 949 andesite
659 121 950 andesite
659 121 951 andesite
659 121 952 andesite
659 121 953 andesite
659 121 954 andesite
659 121 955 stone
659 121 956 diorite
659 121 957 stone
659 121 958 stone
659 121 959 stone
659 121 960 stone
659 121 961 stone
659 121 962 stone
659 121 963 stone
659 121 964 stone
659 121 965 stone
659 121 966 stone
659 121 967 stone
659 121 968 stone
659 121 969 stone
659 121 970 stone
659 121 971 coal_ore
659 121 972 stone
659 121 973 stone
659 121 974 stone
659 121 975 stone
659 121 976 stone
659 121 977 stone
659 121 978 stone
659 121 979 stone
659 121 980 stone
659 121 981 stone
659 121 982 stone
659 121 983 stone
659 121 984 stone
659 121 985 stone
659 121 986 diorite
659 121 987 diorite
659 121 988 diorite
659 121 989 diorite
659 121 990 diorite
659 121 991 diorite
659 121 992 diorite
659 121 993 diorite
659 121 994 diorite
659 121 995 diorite
659 121 996 stone
659 121 997 stone
659 121 998 stone
659 121 999 stone
659 121 1000 stone
659 121 1001 stone
659 121 1002 stone
659 121 1003 stone
659 121 1004 stone
659 121 1005 stone
659 121 1006 stone
659 121 1007 stone
659 121 1008 stone
659 121 1009 stone
659 121 1010 stone
659 121 1011 stone
659 121 1012 stone
659 121 1013 stone
659 121 1014 stone
659 121 1015 stone
659 121 1016 stone
659 121 1017 stone
659 121 1018 stone
659 121 1019 stone
659 121 1020 stone
659 121 1021 stone
659 121 1022 stone
659 121 1023 stone
660 121 896 stone
660 121 897 stone
660 121 898 gravel
660 121 899 gravel
660 121 900 gravel
660 121 901 stone
660 121 902 stone
660 121 903 stone
660 121 904 stone
660 121 905 stone
660 121 906 stone
660 121 907 stone
660 121 908 stone
660 121 909 stone
660 121 910 stone
660 121 911 stone
660 121 912 stone
660 121 913 stone
660 121 914 dripstone_block
660 121 915 dripstone_block
660 121 916 stone
660 121 917 stone
660 121 918 stone
660 121 919 diorite
660 121 920 diorite
660 121 921 diorite
660 121 922 diorite
660 121 923 diorite
660 121 924 diorite
660 121 925 diorite
660 121 926 diorite
660 121 927 diorite
660 121 928 diorite
660 121 929 diorite
660 121 930 diorite
660 121 931 stone
660 121 932 stone
660 121 933 stone
660 121 934 stone
660 121 935 stone
660 121 936 stone
660 121 937 stone
660 121 938 stone
660 121 939 stone
660 121 940 andesite
660 121 941 andesite
660 121 942 andesite
660 121 943 andesite
660 121 944 andesite
660 121 945 andesite
660 121 946 andesite
660 121 947 andesite
660 121 948 andesite
660 121 949 andesite
660 121 950 andesite
660 121 951 andesite
660 121 952 andesite
660 121 953 andesite
660 121 954 andesite
660 121 955 stone
660 121 956 stone
660 121 957 stone
660 121 958 stone
660 121 959 stone
660 121 960 stone
660 121 961 stone
660 121 962 stone
660 121 963 stone
660 121 964 stone
660 121 965 stone
660 121 966 stone
660 121 967 stone
660 121 968 stone
660 121 969 stone
660 121 970 stone
660 121 971 coal_ore
660 121 972 coal_ore
660 121 973 stone
660 121 974 stone
660 121 975 stone
660 121 976 stone
660 121 977 stone
660 121 978 stone
660 121 979 stone
660 121 980 stone
660 121 981 stone
660 121 982 stone
660 121 983 stone
660 121 984 stone
660 121 985 stone
660 121 986 diorite
660 121 987 diorite
660 121 988 diorite
660 121 989 diorite
660 121 990 diorite
660 121 991 diorite
660 121 992 diorite
660 121 993 diorite
660 121 994 diorite
660 121 995 diorite
660 121 996 diorite
660 121 997 stone
660 121 998 stone
660 121 999 stone
660 121 1000 stone
660 121 1001 stone
660 121 1002 stone
660 121 1003 stone
660 121 1004 stone
660 121 1005 stone
660 121 1006 stone
660 121 1007 stone
660 121 1008 stone
660 121 1009 stone
660 121 1010 stone
660 121 1011 stone
660 121 1012 stone
660 121 1013 stone
660 121 1014 stone
660 121 1015 stone
660 121 1016 stone
660 121 1017 stone
660 121 1018 stone
660 121 1019 stone
660 121 1020 stone
660 121 1021 stone
660 121 1022 stone
660 121 1023 stone
661 121 896 stone
661 121 897 stone
661 121 898 gravel
661 121 899 gravel
661 121 900 gravel
661 121 901 stone
661 121 902 stone
661 121 903 stone
661 121 904 stone
661 121 905 stone
661 121 906 stone
661 121 907 stone
661 121 908 stone
661 121 909 stone
661 121 910 stone
661 121 911 stone
661 121 912 stone
661 121 913 dripstone_block
661 121 914 dripstone_block
661 121 915 dripstone_block
661 121 916 dripstone_block
661 121 917 stone
661 121 918 stone
661 121 919 diorite
661 121 920 diorite
661 121 921 diorite
661 121 925 coal_ore
661 121 926 diorite
661 121 927 diorite
661 121 928 diorite
661 121 929 diorite
661 121 930 stone
661 121 935 stone
661 121 936 stone
661 121 937 stone
661 121 938 stone
661 121 939 stone
661 121 940 stone
661 121 941 stone
661 121 942 andesite
661 121 943 andesite
661 121 944 andesite
661 121 945 andesite
661 121 946 andesite
661 121 947 andesite
661 121 948 andesite
661 121 949 andesite
661 121 950 andesite
661 121 951 andesite
661 121 952 andesite
661 121 953 andesite
661 121 954 stone
661 121 955 stone
661 121 956 stone
661 121 957 stone
661 121 958 stone
661 121 959 stone
661 121 960 stone
661 121 961 stone
661 121 962 stone
661 121 963 stone
661 121 964 stone
661 121 965 stone
661 121 966 stone
661 121 967 stone
661 121 968 stone
661 121 969 stone
661 121 970 stone
661 121 971 stone
661 121 972 coal_ore
661 121 973 stone
661 121 974 stone
661 121 975 stone
661 121 976 stone
661 121 977 stone
661 121 978 stone
661 121 979 stone
661 121 980 stone
661 121 981 stone
661 121 982 stone
661 121 983 stone
661 121 984 stone
661 121 985 stone
661 121 986 stone
661 121 987 diorite
661 121 988 diorite
661 121 989 diorite
661 121 990 diorite
661 121 991 diorite
661 121 992 diorite
661 121 993 diorite
661 121 994 diorite
661 121 995 diorite
661 121 996 diorite
661 121 997 diorite
661 121 998 stone
661 121 999 stone
661 121 1000 stone
661 121 1001 stone
661 121 1002 stone
661 121 1003 stone
661 121 1004 stone
661 121 1005 stone
661 121 1006 stone
661 121 1007 stone
661 121 1008 stone
661 121 1009 stone
661 121 1010 stone
661 121 1011 stone
661 121 1012 stone
661 121 1013 stone
661 121 1014 stone
661 121 1015 stone
661 121 1016 stone
661 121 1017 stone
661 121 1018 stone
661 121 1019 stone
661 121 1020 stone
661 121 1021 stone
661 121 1022 stone
661 121 1023 stone
662 121 896 stone
662 121 897 stone
662 121 898 gravel
