735 106 936 stone
735 106 937 stone
735 106 938 stone
735 106 939 stone
735 106 940 stone
735 106 941 coal_ore
735 106 942 coal_ore
735 106 943 stone
735 106 944 stone
735 106 945 stone
735 106 946 stone
735 106 947 stone
735 106 948 stone
735 106 949 stone
735 106 950 stone
735 106 951 stone
735 106 952 stone
735 106 953 stone
735 106 954 stone
735 106 955 stone
735 106 956 stone
735 106 957 stone
735 106 958 stone
735 106 959 stone
735 106 960 stone
735 106 961 stone
735 106 962 stone
735 106 963 stone
735 106 964 stone
735 106 965 stone
735 106 966 stone
735 106 967 stone
735 106 968 stone
735 106 969 stone
735 106 970 coal_ore
735 106 971 coal_ore
735 106 972 stone
735 106 973 stone
735 106 974 andesite
735 106 975 andesite
735 106 976 andesite
735 106 977 andesite
735 106 978 andesite
735 106 979 andesite
735 106 980 andesite
735 106 981 andesite
735 106 982 andesite
735 106 983 granite
735 106 984 granite
735 106 985 granite
735 106 986 granite
735 106 987 granite
735 106 988 andesite
735 106 989 granite
735 106 990 granite
735 106 991 granite
735 106 992 granite
735 106 993 granite
735 106 994 granite
735 106 995 granite
735 106 996 granite
735 106 997 stone
735 106 998 stone
735 106 999 stone
735 106 1000 stone
735 106 1001 stone
735 106 1002 stone
735 106 1003 stone
735 106 1004 stone
735 106 1005 stone
735 106 1006 stone
735 106 1007 stone
735 106 1008 stone
735 106 1009 stone
735 106 1010 stone
735 106 1011 stone
735 106 1012 stone
735 106 1013 stone
735 106 1014 stone
735 106 1015 stone
735 106 1016 stone
735 106 1017 stone
735 106 1018 stone
735 106 1019 stone
735 106 1020 stone
735 106 1021 stone
735 106 1022 stone
735 106 1023 stone
736 106 896 stone
736 106 897 stone
736 106 898 coal_ore
736 106 899 coal_ore
736 106 900 diorite
736 106 915 dripstone_block
736 106 916 dripstone_block
736 106 917 diorite
736 106 918 copper_ore
736 106 919 copper_ore
736 106 920 copper_ore
736 106 921 stone
736 106 922 stone
736 106 923 stone
736 106 924 stone
736 106 925 stone
736 106 926 stone
736 106 927 stone
736 106 928 stone
736 106 929 stone
736 106 930 stone
736 106 931 stone
736 106 932 stone
736 106 933 stone
736 106 934 stone
736 106 935 stone
736 106 936 stone
736 106 937 stone
736 106 938 stone
736 106 939 stone
736 106 940 stone
736 106 941 coal_ore
736 106 942 coal_ore
736 106 943 coal_ore
736 106 944 stone
736 106 945 stone
736 106 946 stone
736 106 947 stone
736 106 948 stone
736 106 949 stone
736 106 950 stone
736 106 951 stone
736 106 952 stone
736 106 953 stone
736 106 954 stone
736 106 955 stone
736 106 956 stone
736 106 957 stone
736 106 958 stone
736 106 959 stone
736 106 960 stone
736 106 961 stone
736 106 962 stone
736 106 963 stone
736 106 964 stone
736 106 965 stone
736 106 966 stone
736 106 967 copper_ore
736 106 968 copper_ore
736 106 969 stone
736 106 970 stone
736 106 971 stone
736 106 972 stone
736 106 973 andesite
736 106 974 andesite
736 106 975 andesite
736 106 976 andesite
736 106 977 andesite
736 106 978 andesite
736 106 979 andesite
736 106 980 andesite
736 106 981 andesite
736 106 982 andesite
736 106 983 granite
736 106 984 granite
736 106 985 granite
736 106 986 granite
736 106 987 granite
736 106 988 andesite
736 106 989 granite
736 106 990 granite
736 106 991 granite
736 106 992 granite
736 106 993 granite
736 106 994 granite
736 106 995 granite
736 106 996 stone
736 106 997 stone
736 106 998 stone
736 106 999 stone
736 106 1000 stone
736 106 1001 stone
736 106 1002 stone
736 106 1003 stone
736 106 1004 stone
736 106 1005 stone
736 106 1006 stone
736 106 1007 stone
736 106 1008 stone
736 106 1009 stone
736 106 1010 stone
736 106 1011 stone
736 106 1012 stone
736 106 1013 stone
736 106 1014 stone
736 106 1015 stone
736 106 1016 stone
736 106 1017 stone
736 106 1018 stone
736 106 1019 stone
736 106 1020 stone
736 106 1021 stone
736 106 1022 stone
736 106 1023 stone
737 106 896 stone
737 106 897 dripstone_block
737 106 898 coal_ore
737 106 899 coal_ore
737 106 900 coal_ore
737 106 901 diorite
737 106 917 copper_ore
737 106 918 copper_ore
737 106 919 copper_ore
737 106 920 copper_ore
737 106 921 stone
737 106 922 stone
737 106 923 stone
737 106 924 stone
737 106 925 stone
737 106 926 stone
737 106 927 stone
737 106 928 stone
737 106 929 stone
737 106 930 stone
737 106 931 stone
737 106 932 stone
737 106 933 stone
737 106 934 stone
737 106 935 stone
737 106 936 stone
737 106 937 stone
737 106 938 stone
737 106 939 stone
737 106 940 stone
737 106 941 stone
737 106 942 coal_ore
737 106 943 coal_ore
737 106 944 stone
737 106 945 stone
737 106 946 stone
737 106 947 stone
737 106 948 stone
737 106 949 stone
737 106 950 stone
737 106 951 stone
737 106 952 stone
737 106 953 stone
737 106 954 stone
737 106 955 stone
737 106 956 stone
737 106 957 stone
737 106 958 stone
737 106 959 stone
737 106 960 stone
737 106 961 stone
737 106 962 stone
737 106 963 stone
737 106 964 stone
737 106 965 stone
737 106 966 copper_ore
737 106 967 copper_ore
737 106 968 copper_ore
737 106 969 copper_ore
737 106 970 copper_ore
737 106 971 stone
737 106 972 stone
737 106 973 andesite
737 106 974 andesite
737 106 975 andesite
737 106 976 andesite
737 106 977 andesite
737 106 978 andesite
737 106 979 andesite
737 106 980 andesite
737 106 981 andesite
737 106 982 granite
737 106 983 granite
737 106 984 granite
737 106 985 granite
737 106 986 granite
737 106 987 granite
737 106 988 stone
737 106 989 granite
737 106 990 granite
737 106 991 granite
737 106 992 granite
737 106 993 granite
737 106 994 granite
737 106 995 granite
737 106 996 stone
737 106 997 stone
737 106 998 stone
737 106 999 stone
737 106 1000 stone
737 106 1001 stone
737 106 1002 stone
737 106 1003 stone
737 106 1004 stone
737 106 1005 stone
737 106 1006 stone
737 106 1007 stone
737 106 1008 stone
737 106 1009 stone
737 106 1010 stone
737 106 1011 stone
737 106 1012 stone
737 106 1013 stone
737 106 1014 stone
737 106 1015 stone
737 106 1016 stone
737 106 1017 stone
737 106 1018 stone
737 106 1019 stone
737 106 1020 stone
737 106 1021 stone
737 106 1022 stone
737 106 1023 stone
738 106 896 stone
738 106 897 stone
738 106 898 stone
738 106 899 stone
738 106 900 stone
738 106 901 diorite
738 106 902 diorite
738 106 918 copper_ore
738 106 919 copper_ore
738 106 920 diorite
738 106 921 stone
738 106 922 stone
738 106 923 stone
738 106 924 stone
738 106 925 stone
738 106 926 stone
738 106 927 stone
738 106 928 stone
738 106 929 stone
738 106 930 stone
738 106 931 stone
738 106 932 stone
738 106 933 stone
738 106 934 stone
738 106 935 stone
738 106 936 stone
738 106 937 stone
738 106 938 stone
738 106 939 stone
738 106 940 stone
738 106 941 stone
738 106 942 stone
738 106 943 stone
738 106 944 stone
738 106 945 stone
738 106 946 stone
738 106 947 stone
738 106 948 stone
738 106 949 stone
738 106 950 stone
738 106 951 stone
738 106 952 stone
738 106 953 stone
738 106 954 stone
738 106 955 stone
738 106 956 stone
738 106 957 stone
738 106 958 stone
738 106 959 stone
738 106 960 stone
738 106 961 stone
738 106 962 stone
738 106 963 stone
738 106 964 stone
738 106 965 stone
738 106 966 stone
738 106 967 copper_ore
738 106 968 copper_ore
738 106 969 copper_ore
738 106 970 copper_ore
738 106 971 copper_ore
738 106 972 andesite
738 106 973 andesite
738 106 974 andesite
738 106 975 andesite
738 106 976 andesite
738 106 977 andesite
738 106 978 andesite
738 106 979 andesite
738 106 980 andesite
738 106 981 granite
738 106 982 granite
738 106 983 granite
738 106 984 granite
738 106 985 granite
738 106 986 granite
738 106 987 granite
738 106 988 stone
738 106 989 stone
738 106 990 granite
738 106 991 granite
738 106 992 granite
738 106 993 granite
738 106 994 granite
738 106 995 granite
738 106 996 stone
738 106 997 stone
738 106 998 stone
738 106 999 stone
738 106 1000 stone
738 106 1001 stone
738 106 1002 stone
738 106 1003 stone
738 106 1004 stone
738 106 1005 stone
738 106 1006 stone
738 106 1007 stone
738 106 1008 stone
738 106 1009 stone
738 106 1010 stone
738 106 1011 stone
738 106 1012 stone
738 106 1013 stone
738 106 1014 stone
738 106 1015 stone
738 106 1016 stone
738 106 1017 stone
738 106 1018 stone
738 106 1019 stone
738 106 1020 stone
738 106 1021 stone
738 106 1022 stone
738 106 1023 stone
739 106 896 stone
739 106 897 stone
739 106 898 stone
739 106 899 stone
739 106 900 stone
739 106 901 stone
739 106 902 stone
739 106 903 stone
739 106 919 diorite
739 106 920 stone
739 106 921 stone
739 106 922 stone
739 106 923 stone
739 106 924 stone
739 106 925 stone
739 106 926 stone
739 106 927 stone
739 106 928 stone
739 106 929 stone
739 106 930 stone
739 106 931 stone
739 106 932 stone
739 106 933 stone
739 106 934 stone
739 106 935 stone
739 106 936 stone
739 106 937 stone
739 106 938 stone
739 106 939 stone
739 106 940 stone
739 106 941 stone
739 106 942 stone
739 106 943 stone
739 106 944 stone
739 106 945 stone
739 106 946 stone
739 106 947 stone
739 106 948 stone
739 106 949 stone
739 106 950 stone
739 106 951 stone
739 106 952 stone
739 106 953 stone
739 106 954 stone
739 106 955 stone
739 106 956 stone
739 106 957 stone
739 106 958 stone
739 106 959 stone
739 106 960 stone
739 106 961 stone
739 106 962 stone
739 106 963 stone
739 106 964 stone
739 106 965 stone
739 106 966 stone
739 106 967 stone
739 106 968 stone
739 106 969 stone
739 106 970 copper_ore
739 106 971 copper_ore
739 106 972 andesite
739 106 973 andesite
739 106 974 andesite
739 106 975 andesite
739 106 976 andesite
739 106 977 andesite
739 106 978 andesite
739 106 979 granite
739 106 980 granite
739 106 981 granite
739 106 982 granite
739 106 983 granite
739 106 984 granite
739 106 985 granite
739 106 986 granite
739 106 987 granite
739 106 988 stone
739 106 989 stone
739 106 990 granite
739 106 991 granite
739 106 992 granite
739 106 993 granite
739 106 994 granite
739 106 995 stone
739 106 996 stone
739 106 997 stone
739 106 998 stone
739 106 999 stone
739 106 1000 stone
739 106 1001 stone
739 106 1002 stone
739 106 1003 stone
739 106 1004 stone
739 106 1005 stone
739 106 1006 stone
739 106 1007 stone
739 106 1008 stone
739 106 1009 stone
739 106 1010 stone
739 106 1011 stone
739 106 1012 stone
739 106 1013 stone
739 106 1014 stone
739 106 1015 stone
739 106 1016 stone
739 106 1017 stone
739 106 1018 stone
739 106 1019 stone
739 106 1020 stone
739 106 1021 stone
739 106 1022 stone
739 106 1023 stone
740 106 896 stone
740 106 897 stone
740 106 898 stone
740 106 899 stone
740 106 900 stone
740 106 901 stone
740 106 902 stone
740 106 903 stone
740 106 904 stone
740 106 920 dripstone_block
740 106 921 dripstone_block
740 106 922 dripstone_block
740 106 923 dripstone_block
740 106 924 stone
740 106 925 stone
740 106 926 stone
740 106 927 stone
740 106 928 stone
740 106 929 stone
740 106 930 stone
740 106 931 stone
740 106 932 stone
740 106 933 stone
740 106 934 stone
740 106 935 stone
740 106 936 stone
740 106 937 stone
740 106 938 stone
740 106 939 stone
740 106 940 stone
740 106 941 stone
740 106 942 stone
740 106 943 stone
740 106 944 stone
740 106 945 stone
740 106 946 stone
740 106 947 stone
740 106 948 stone
740 106 949 stone
740 106 950 stone
740 106 951 stone
740 106 952 stone
740 106 953 stone
740 106 954 stone
740 106 955 stone
740 106 956 stone
740 106 957 stone
740 106 958 stone
740 106 959 stone
740 106 960 stone
740 106 961 stone
740 106 962 stone
740 106 963 stone
740 106 964 stone
740 106 965 stone
740 106 966 stone
740 106 967 stone
740 106 968 stone
740 106 969 stone
740 106 970 stone
740 106 971 stone
740 106 972 andesite
740 106 973 andesite
740 106 974 andesite
740 106 975 andesite
740 106 976 andesite
740 106 977 andesite
740 106 978 granite
740 106 979 granite
740 106 980 granite
740 106 981 granite
740 106 982 granite
740 106 983 granite
740 106 984 granite
740 106 985 granite
740 106 986 granite
740 106 987 stone
740 106 988 stone
740 106 989 stone
740 106 990 granite
740 106 991 granite
740 106 992 granite
740 106 993 granite
740 106 994 granite
740 106 995 stone
740 106 996 stone
740 106 997 stone
740 106 998 stone
740 106 999 stone
740 106 1000 stone
740 106 1001 stone
740 106 1002 stone
740 106 1003 stone
740 106 1004 stone
740 106 1005 stone
740 106 1006 copper_ore
740 106 1007 stone
740 106 1008 stone
740 106 1009 stone
740 106 1010 stone
740 106 1011 stone
740 106 1012 stone
740 106 1013 stone
740 106 1014 stone
740 106 1015 stone
740 106 1016 stone
740 106 1017 stone
740 106 1018 stone
740 106 1019 stone
740 106 1020 stone
740 106 1021 stone
740 106 1022 stone
740 106 1023 stone
741 106 896 stone
741 106 897 stone
741 106 898 stone
741 106 899 stone
741 106 900 stone
741 106 901 stone
741 106 902 stone
741 106 903 stone
741 106 904 stone
741 106 905 stone
741 106 922 stone
741 106 923 stone
741 106 924 stone
741 106 925 stone
741 106 926 stone
741 106 927 stone
741 106 928 stone
741 106 929 stone
741 106 930 stone
741 106 931 stone
741 106 932 stone
741 106 933 stone
741 106 934 stone
741 106 935 stone
741 106 936 stone
741 106 937 stone
741 106 938 stone
741 106 939 stone
741 106 940 stone
741 106 941 stone
741 106 942 stone
741 106 943 stone
741 106 944 stone
741 106 945 stone
741 106 946 stone
741 106 947 stone
741 106 948 stone
741 106 949 stone
741 106 950 stone
741 106 951 stone
741 106 952 stone
741 106 953 stone
741 106 954 stone
741 106 955 stone
741 106 956 stone
741 106 957 stone
741 106 958 stone
741 106 959 stone
741 106 960 stone
741 106 961 stone
741 106 962 stone
741 106 963 stone
741 106 964 stone
741 106 965 stone
741 106 966 stone
741 106 967 stone
741 106 968 stone
741 106 969 stone
741 106 970 stone
741 106 971 stone
741 106 972 stone
741 106 973 stone
741 106 974 stone
741 106 975 stone
741 106 976 stone
741 106 977 stone
741 106 978 granite
741 106 979 granite
741 106 980 granite
741 106 981 granite
741 106 982 granite
741 106 983 granite
741 106 984 granite
741 106 985 granite
741 106 986 granite
741 106 987 stone
741 106 988 stone
741 106 989 stone
741 106 990 stone
741 106 991 granite
741 106 992 granite
741 106 993 granite
741 106 994 stone
741 106 995 stone
741 106 996 stone
741 106 997 stone
741 106 998 stone
741 106 999 stone
741 106 1000 stone
741 106 1001 andesite
741 106 1002 andesite
741 106 1003 andesite
741 106 1004 stone
741 106 1005 stone
741 106 1006 stone
741 106 1007 stone
741 106 1008 stone
741 106 1009 stone
741 106 1010 stone
741 106 1011 stone
741 106 1012 stone
741 106 1013 stone
741 106 1014 stone
741 106 1015 stone
741 106 1016 stone
741 106 1017 stone
741 106 1018 stone
741 106 1019 stone
741 106 1020 stone
741 106 1021 stone
741 106 1022 stone
741 106 1023 stone
742 106 896 stone
742 106 897 stone
742 106 898 stone
742 106 899 stone
742 106 900 stone
742 106 901 stone
742 106 902 stone
742 106 903 coal_ore
742 106 904 stone
742 106 905 stone
742 106 906 stone
742 106 923 stone
742 106 924 stone
742 106 925 stone
742 106 926 stone
742 106 927 stone
742 106 928 stone
742 106 929 stone
742 106 930 stone
742 106 931 stone
742 106 932 stone
742 106 933 stone
742 106 934 stone
742 106 935 coal_ore
742 106 936 coal_ore
742 106 937 coal_ore
742 106 938 coal_ore
742 106 939 coal_ore
742 106 940 stone
742 106 941 stone
742 106 942 stone
742 106 943 stone
742 106 944 stone
742 106 945 stone
742 106 946 stone
742 106 947 stone
742 106 948 stone
742 106 949 stone
742 106 950 stone
742 106 951 andesite
742 106 952 andesite
742 106 953 andesite
742 106 954 stone
742 106 955 stone
742 106 956 stone
742 106 957 stone
742 106 958 stone
742 106 959 stone
742 106 960 stone
742 106 961 stone
742 106 962 stone
742 106 963 stone
742 106 964 stone
742 106 965 stone
742 106 966 stone
742 106 967 stone
742 106 968 stone
742 106 969 stone
742 106 970 stone
742 106 971 stone
742 106 972 stone
742 106 973 stone
742 106 974 stone
742 106 975 stone
742 106 976 stone
742 106 977 stone
742 106 978 granite
742 106 979 granite
742 106 980 granite
742 106 981 granite
742 106 982 granite
742 106 983 granite
742 106 984 granite
742 106 985 granite
742 106 986 granite
742 106 987 stone
742 106 988 stone
742 106 989 stone
742 106 990 stone
742 106 991 stone
742 106 992 stone
742 106 993 stone
742 106 994 stone
742 106 995 stone
742 106 996 stone
742 106 997 stone
742 106 998 stone
742 106 999 dirt
742 106 1000 dirt
742 106 1001 dirt
742 106 1002 andesite
742 106 1003 andesite
742 106 1004 andesite
742 106 1005 stone
742 106 1006 stone
742 106 1007 stone
742 106 1008 stone
742 106 1009 stone
742 106 1010 stone
742 106 1011 stone
742 106 1012 stone
742 106 1013 stone
742 106 1014 stone
742 106 1015 stone
742 106 1016 stone
742 106 1017 stone
742 106 1018 stone
742 106 1019 stone
742 106 1020 stone
742 106 1021 stone
742 106 1022 stone
742 106 1023 stone
743 106 896 stone
743 106 897 stone
743 106 898 stone
743 106 899 stone
743 106 900 stone
743 106 901 stone
743 106 902 coal_ore
743 106 903 coal_ore
743 106 904 stone
743 106 905 stone
743 106 906 stone
743 106 907 stone
743 106 924 stone
743 106 925 stone
743 106 926 stone
743 106 927 stone
743 106 928 stone
743 106 929 stone
743 106 930 stone
743 106 931 stone
743 106 932 stone
743 106 933 stone
743 106 934 stone
743 106 935 coal_ore
743 106 936 coal_ore
743 106 937 coal_ore
743 106 938 coal_ore
743 106 939 coal_ore
743 106 940 stone
743 106 941 stone
743 106 942 stone
743 106 943 stone
743 106 944 stone
743 106 945 stone
743 106 946 stone
743 106 947 andesite
743 106 948 andesite
743 106 949 andesite
743 106 950 andesite
743 106 951 andesite
743 106 952 andesite
743 106 953 andesite
743 106 954 andesite
743 106 955 andesite
743 106 956 andesite
743 106 957 stone
743 106 958 stone
743 106 959 stone
743 106 960 stone
743 106 961 stone
743 106 962 stone
743 106 963 stone
743 106 964 stone
743 106 965 stone
743 106 966 stone
743 106 967 stone
743 106 968 stone
743 106 969 stone
743 106 970 stone
743 106 971 stone
743 106 972 stone
743 106 973 stone
743 106 974 stone
743 106 975 stone
743 106 976 stone
743 106 977 granite
743 106 978 granite
743 106 979 granite
743 106 980 granite
743 106 981 granite
743 106 982 granite
743 106 983 granite
743 106 984 granite
743 106 985 granite
743 106 986 granite
743 106 987 stone
743 106 988 stone
743 106 989 stone
743 106 990 stone
743 106 991 stone
743 106 992 copper_ore
743 106 993 stone
743 106 994 granite
743 106 995 granite
743 106 996 stone
743 106 997 dirt
743 106 998 dirt
743 106 999 dirt
743 106 1000 dirt
743 106 1001 dirt
743 106 1002 andesite
743 106 1003 andesite
743 106 1004 andesite
743 106 1005 andesite
743 106 1006 stone
743 106 1007 stone
743 106 1008 stone
743 106 1009 stone
743 106 1010 stone
743 106 1011 stone
743 106 1012 stone
743 106 1013 stone
743 106 1014 stone
743 106 1015 stone
743 106 1016 stone
743 106 1017 stone
743 106 1018 stone
743 106 1019 stone
743 106 1020 lapis_ore
743 106 1021 stone
743 106 1022 stone
743 106 1023 stone
744 106 896 stone
744 106 897 stone
744 106 898 stone
744 106 899 stone
744 106 900 stone
744 106 901 stone
744 106 902 stone
744 106 903 coal_ore
744 106 904 coal_ore
744 106 905 copper_ore
744 106 906 stone
744 106 907 stone
744 106 908 stone
744 106 925 stone
744 106 926 stone
744 106 927 stone
744 106 928 stone
744 106 929 stone
744 106 930 stone
744 106 931 stone
744 106 932 stone
744 106 933 stone
744 106 934 stone
744 106 935 stone
744 106 936 stone
744 106 937 stone
744 106 938 stone
744 106 939 stone
744 106 940 stone
744 106 941 stone
744 106 942 stone
744 106 943 stone
744 106 944 stone
744 106 945 andesite
744 106 946 andesite
744 106 947 andesite
744 106 948 andesite
744 106 949 andesite
744 106 950 andesite
744 106 951 andesite
744 106 952 andesite
744 106 953 andesite
744 106 954 andesite
744 106 955 andesite
744 106 956 andesite
744 106 957 stone
744 106 958 stone
744 106 959 stone
744 106 960 stone
744 106 961 stone
744 106 962 stone
744 106 963 stone
744 106 964 stone
744 106 965 stone
744 106 966 stone
744 106 967 stone
744 106 968 stone
744 106 969 stone
744 106 970 stone
744 106 971 stone
744 106 972 stone
744 106 973 stone
744 106 974 stone
744 106 975 stone
744 106 976 stone
744 106 977 granite
744 106 978 granite
744 106 979 granite
744 106 980 granite
744 106 981 granite
744 106 982 granite
744 106 983 granite
744 106 984 granite
744 106 985 granite
744 106 986 stone
744 106 987 stone
744 106 988 granite
744 106 989 granite
744 106 990 granite
744 106 991 granite
744 106 992 granite
744 106 993 granite
744 106 994 granite
744 106 995 granite
744 106 996 granite
744 106 997 dirt
744 106 998 dirt
744 106 999 dirt
744 106 1000 dirt
744 106 1001 dirt
