865 128 308 stone
865 128 309 dirt
865 128 310 dirt
865 128 311 dirt
865 128 312 dirt
865 128 313 stone
865 128 314 stone
865 128 315 stone
865 128 316 stone
865 128 317 stone
865 128 318 stone
865 128 319 stone
865 128 320 stone
865 128 321 stone
865 128 322 stone
865 128 323 stone
865 128 324 stone
865 128 325 stone
865 128 326 stone
865 128 327 stone
865 128 328 stone
865 128 329 stone
865 128 330 stone
865 128 331 stone
865 128 332 stone
865 128 333 stone
865 128 334 stone
865 128 335 stone
865 128 338 stone
865 128 339 stone
865 128 340 stone
865 128 341 stone
865 128 342 stone
865 128 343 stone
865 128 344 stone
865 128 345 stone
865 128 346 gravel
865 128 347 gravel
865 128 348 gravel
865 128 349 gravel
865 128 350 gravel
865 128 351 stone
865 128 352 stone
865 128 353 stone
865 128 354 stone
865 128 355 stone
865 128 356 stone
865 128 357 stone
865 128 358 stone
865 128 359 stone
865 128 360 stone
865 128 361 stone
865 128 362 stone
865 128 363 stone
865 128 364 stone
865 128 365 stone
865 128 366 stone
865 128 367 stone
865 128 368 stone
865 128 369 stone
865 128 370 stone
865 128 371 stone
865 128 372 stone
865 128 373 stone
865 128 374 stone
865 128 375 stone
865 128 376 stone
865 128 377 stone
865 128 378 stone
865 128 379 stone
865 128 380 stone
865 128 381 stone
865 128 382 stone
865 128 383 stone
865 128 384 stone
865 128 385 stone
865 128 386 stone
865 128 387 stone
865 128 388 stone
865 128 389 stone
865 128 390 stone
865 128 391 stone
865 128 392 stone
865 128 393 stone
865 128 394 stone
865 128 395 stone
865 128 396 stone
865 128 397 stone
865 128 398 stone
865 128 399 stone
865 128 400 stone
865 128 401 stone
865 128 402 stone
865 128 403 stone
865 128 404 stone
865 128 405 stone
865 128 406 stone
865 128 407 stone
865 128 408 stone
865 128 409 stone
865 128 410 stone
865 128 411 stone
865 128 412 stone
865 128 413 stone
865 128 414 stone
865 128 415 stone
865 128 416 stone
865 128 417 stone
865 128 418 stone
865 128 419 stone
865 128 420 stone
865 128 421 stone
865 128 422 stone
865 128 423 stone
865 128 424 stone
865 128 425 stone
865 128 426 stone
865 128 427 stone
865 128 428 stone
865 128 429 stone
865 128 430 stone
865 128 431 stone
865 128 432 stone
865 128 433 stone
865 128 434 stone
865 128 435 stone
865 128 436 stone
865 128 437 stone
865 128 438 stone
865 128 439 stone
865 128 440 stone
865 128 441 stone
865 128 442 stone
865 128 443 stone
865 128 444 stone
865 128 445 stone
865 128 446 stone
865 128 447 stone
865 128 482 dirt
865 128 483 stone
865 128 484 stone
865 128 485 stone
865 128 486 stone
865 128 487 stone
865 128 488 stone
865 128 489 stone
865 128 490 stone
865 128 491 stone
865 128 492 stone
865 128 493 stone
865 128 494 stone
865 128 495 stone
865 128 496 stone
865 128 497 stone
865 128 505 grass_block[snowy=false]
865 128 506 dirt
865 128 507 dirt
865 128 508 dirt
865 128 512 gravel
865 128 513 gravel
865 128 514 gravel
865 128 515 stone
865 128 516 stone
865 128 517 stone
865 128 518 stone
865 128 519 stone
865 128 520 stone
865 128 521 stone
865 128 522 stone
865 128 523 stone
865 128 524 stone
865 128 525 stone
865 128 526 stone
865 128 527 stone
865 128 528 stone
865 128 529 stone
865 128 530 stone
865 128 531 stone
865 128 532 stone
865 128 533 stone
865 128 534 stone
865 128 535 stone
865 128 536 stone
865 128 537 stone
865 128 538 stone
865 128 539 stone
865 128 540 stone
865 128 541 stone
865 128 542 copper_ore
865 128 543 copper_ore
865 128 544 stone
865 128 545 stone
865 128 546 stone
865 128 547 stone
865 128 548 stone
865 128 549 stone
865 128 550 stone
865 128 551 stone
865 128 552 stone
865 128 553 stone
865 128 554 stone
865 128 555 stone
865 128 556 stone
865 128 557 stone
865 128 558 stone
865 128 559 stone
865 128 560 stone
865 128 561 stone
865 128 562 stone
865 128 563 stone
865 128 564 stone
865 128 565 stone
865 128 566 stone
865 128 567 stone
865 128 568 stone
865 128 569 stone
865 128 570 stone
865 128 571 stone
865 128 572 stone
865 128 573 stone
865 128 574 stone
865 128 575 stone
865 128 576 stone
865 128 577 stone
865 128 578 stone
865 128 579 copper_ore
865 128 580 copper_ore
865 128 581 stone
865 128 582 stone
865 128 583 stone
865 128 584 stone
865 128 585 stone
865 128 586 stone
865 128 587 stone
865 128 588 stone
865 128 589 stone
865 128 590 stone
865 128 591 stone
865 128 592 stone
865 128 593 stone
865 128 594 stone
865 128 595 stone
865 128 596 stone
865 128 597 stone
865 128 598 stone
865 128 599 stone
865 128 600 stone
865 128 601 stone
865 128 602 stone
865 128 603 stone
865 128 604 stone
865 128 605 stone
865 128 606 stone
865 128 607 stone
865 128 608 stone
865 128 609 stone
865 128 610 stone
865 128 611 stone
865 128 612 stone
865 128 613 stone
865 128 614 stone
865 128 615 stone
865 128 616 stone
865 128 617 stone
865 128 618 stone
865 128 619 stone
865 128 620 stone
865 128 621 stone
865 128 622 stone
865 128 623 stone
865 128 624 stone
865 128 625 stone
865 128 626 stone
865 128 627 stone
865 128 628 stone
865 128 629 stone
865 128 630 stone
865 128 631 stone
865 128 632 stone
865 128 633 stone
865 128 634 stone
865 128 635 stone
865 128 636 stone
865 128 637 stone
865 128 638 dirt
865 128 639 dirt
865 128 640 dirt
865 128 641 dirt
865 128 642 dirt
865 128 643 dirt
865 128 644 stone
865 128 645 stone
865 128 646 stone
865 128 647 stone
865 128 648 stone
865 128 649 stone
865 128 650 stone
865 128 651 stone
865 128 652 stone
865 128 653 stone
865 128 654 stone
865 128 655 stone
865 128 656 stone
865 128 657 stone
865 128 658 stone
865 128 659 stone
865 128 660 stone
865 128 661 stone
865 128 662 stone
865 128 663 stone
865 128 664 stone
865 128 665 stone
865 128 666 stone
865 128 667 stone
865 128 668 stone
865 128 669 stone
865 128 670 stone
865 128 671 stone
865 128 672 stone
865 128 673 stone
865 128 674 stone
865 128 675 stone
865 128 676 stone
865 128 677 stone
865 128 678 stone
865 128 679 stone
865 128 680 stone
865 128 681 stone
865 128 682 stone
865 128 683 stone
865 128 684 stone
865 128 685 stone
865 128 686 stone
865 128 687 stone
865 128 688 stone
865 128 689 stone
865 128 690 stone
865 128 691 stone
865 128 692 stone
865 128 693 stone
865 128 694 stone
865 128 695 stone
865 128 696 stone
865 128 697 stone
865 128 698 stone
865 128 699 stone
865 128 700 stone
865 128 701 stone
865 128 702 stone
865 128 703 stone
865 128 704 stone
865 128 705 stone
865 128 706 stone
865 128 707 stone
865 128 708 stone
865 128 709 stone
865 128 710 stone
865 128 711 stone
865 128 712 stone
865 128 713 stone
865 128 714 stone
865 128 715 stone
865 128 716 stone
865 128 717 stone
865 128 718 stone
865 128 719 stone
865 128 720 stone
865 128 721 stone
865 128 722 stone
865 128 723 stone
865 128 724 stone
865 128 725 stone
865 128 726 stone
865 128 727 stone
865 128 728 stone
865 128 729 stone
865 128 730 stone
865 128 731 stone
865 128 732 stone
865 128 733 stone
865 128 734 stone
865 128 735 stone
865 128 736 stone
865 128 737 stone
865 128 738 stone
865 128 739 stone
865 128 740 stone
865 128 741 stone
865 128 742 stone
865 128 743 stone
865 128 744 stone
865 128 745 stone
865 128 746 stone
865 128 747 stone
865 128 748 stone
865 128 749 stone
865 128 750 stone
865 128 751 stone
865 128 752 stone
865 128 753 stone
865 128 754 stone
865 128 755 stone
865 128 756 stone
865 128 757 stone
865 128 758 stone
865 128 759 stone
865 128 760 stone
865 128 761 stone
865 128 762 stone
865 128 763 stone
865 128 764 stone
865 128 765 stone
865 128 766 stone
865 128 767 stone
865 128 768 stone
865 128 769 stone
865 128 770 stone
865 128 771 stone
865 128 772 stone
865 128 773 stone
865 128 774 stone
865 128 775 stone
865 128 776 stone
865 128 777 stone
865 128 778 stone
865 128 779 stone
865 128 780 stone
865 128 781 stone
865 128 782 stone
865 128 783 stone
865 128 784 stone
865 128 785 dirt
865 128 786 dirt
865 128 787 stone
865 128 788 stone
865 128 789 stone
865 128 790 stone
865 128 791 stone
865 128 792 stone
865 128 793 stone
865 128 794 stone
865 128 795 stone
865 128 796 stone
865 128 797 stone
865 128 798 stone
865 128 799 stone
865 128 800 stone
865 128 801 stone
865 128 802 stone
865 128 803 stone
865 128 804 stone
865 128 805 stone
865 128 806 stone
865 128 807 stone
865 128 808 stone
865 128 809 stone
865 128 810 stone
865 128 811 stone
865 128 812 stone
865 128 813 stone
865 128 814 stone
865 128 815 stone
865 128 816 stone
865 128 817 stone
865 128 818 stone
865 128 819 stone
865 128 820 stone
865 128 821 stone
865 128 822 stone
865 128 823 stone
865 128 824 stone
865 128 825 stone
865 128 826 stone
865 128 827 stone
865 128 828 stone
865 128 829 stone
865 128 830 stone
865 128 831 stone
865 128 832 stone
865 128 833 stone
865 128 834 stone
865 128 835 stone
865 128 836 stone
865 128 837 stone
865 128 838 stone
865 128 839 stone
865 128 840 stone
865 128 841 stone
865 128 842 stone
865 128 843 stone
865 128 844 stone
865 128 845 stone
865 128 846 stone
865 128 847 stone
865 128 848 stone
865 128 849 stone
865 128 850 stone
865 128 851 stone
865 128 852 stone
865 128 853 stone
865 128 854 stone
865 128 855 stone
865 128 856 stone
865 128 857 stone
865 128 858 stone
865 128 859 dirt
865 128 860 dirt
865 128 861 dirt
865 128 862 dirt
865 128 863 stone
865 128 864 stone
865 128 865 stone
865 128 866 stone
865 128 867 gravel
865 128 868 stone
865 128 869 stone
865 128 870 stone
865 128 871 stone
865 128 872 dirt
865 128 873 dirt
865 128 874 dirt
865 128 875 dirt
865 128 876 dirt
865 128 877 stone
865 128 878 stone
865 128 879 stone
865 128 880 stone
865 128 881 stone
865 128 882 stone
865 128 883 stone
865 128 884 stone
865 128 885 stone
865 128 886 stone
865 128 887 stone
865 128 888 stone
865 128 889 stone
865 128 890 stone
865 128 891 stone
865 128 892 stone
865 128 893 stone
865 128 894 stone
865 128 895 stone
865 128 896 stone
865 128 897 stone
865 128 898 stone
865 128 899 stone
865 128 900 stone
865 128 901 stone
865 128 902 stone
865 128 903 stone
865 128 904 stone
865 128 905 stone
865 128 906 stone
865 128 907 stone
865 128 908 stone
865 128 909 stone
865 128 910 stone
865 128 911 stone
865 128 912 stone
865 128 913 stone
865 128 914 stone
865 128 915 stone
865 128 916 stone
865 128 917 stone
865 128 918 stone
865 128 919 stone
865 128 920 stone
865 128 921 stone
865 128 922 stone
865 128 923 stone
865 128 924 stone
865 128 925 stone
865 128 926 stone
865 128 927 stone
865 128 928 stone
865 128 929 stone
865 128 930 stone
865 128 931 stone
865 128 932 stone
865 128 933 stone
865 128 934 stone
865 128 935 stone
865 128 936 stone
865 128 937 stone
865 128 938 stone
865 128 939 stone
865 128 940 stone
865 128 941 stone
865 128 942 stone
865 128 943 stone
865 128 944 stone
865 128 945 stone
865 128 946 stone
865 128 947 stone
865 128 948 stone
865 128 949 stone
865 128 960 stone
865 128 961 stone
865 128 962 stone
865 128 963 stone
865 128 964 stone
865 128 965 stone
865 128 966 stone
865 128 971 stone
865 128 972 stone
865 128 973 stone
865 128 974 stone
865 128 975 stone
865 128 976 stone
865 128 977 stone
865 128 978 stone
865 128 979 stone
865 128 980 stone
865 128 981 stone
865 128 982 stone
865 128 983 stone
865 128 984 stone
865 128 985 coal_ore
865 128 986 coal_ore
865 128 991 stone
865 128 992 stone
865 128 993 stone
865 128 994 stone
865 128 995 stone
865 128 996 stone
865 128 997 stone
865 128 998 stone
865 128 999 stone
865 128 1000 stone
865 128 1001 stone
865 128 1002 stone
865 128 1003 stone
865 128 1004 stone
865 128 1005 stone
865 128 1006 stone
865 128 1007 stone
865 128 1008 stone
865 128 1009 stone
865 128 1010 stone
865 128 1011 dirt
865 128 1012 dirt
865 128 1013 dirt
865 128 1014 dirt
865 128 1015 dirt
865 128 1016 stone
865 128 1017 stone
865 128 1018 stone
865 128 1019 stone
865 128 1020 stone
865 128 1021 stone
865 128 1022 stone
865 128 1023 stone
865 129 0 stone
865 129 1 stone
865 129 2 stone
865 129 3 stone
865 129 4 stone
865 129 5 stone
865 129 6 stone
865 129 7 stone
865 129 8 stone
865 129 9 stone
865 129 10 stone
865 129 11 stone
865 129 12 stone
865 129 13 stone
865 129 14 stone
865 129 15 stone
865 129 16 stone
865 129 17 stone
865 129 18 stone
865 129 19 stone
865 129 20 stone
865 129 21 stone
865 129 22 stone
865 129 23 stone
865 129 24 stone
865 129 25 stone
865 129 26 stone
865 129 27 stone
865 129 28 stone
865 129 29 stone
865 129 30 stone
865 129 31 stone
865 129 32 stone
865 129 33 stone
865 129 34 stone
865 129 35 stone
865 129 36 stone
865 129 37 stone
865 129 38 stone
865 129 39 stone
865 129 40 stone
865 129 41 stone
865 129 42 stone
865 129 43 stone
865 129 44 stone
865 129 45 stone
865 129 46 stone
865 129 47 stone
865 129 48 stone
865 129 49 stone
865 129 50 stone
865 129 51 stone
865 129 52 stone
865 129 53 stone
865 129 54 stone
865 129 55 stone
865 129 56 stone
865 129 57 stone
865 129 58 stone
865 129 59 stone
865 129 60 stone
865 129 61 stone
865 129 62 stone
865 129 63 stone
865 129 64 stone
865 129 65 stone
865 129 66 stone
865 129 67 stone
865 129 68 stone
865 129 78 stone
865 129 79 stone
865 129 80 stone
865 129 81 stone
865 129 82 stone
865 129 83 stone
865 129 84 stone
865 129 85 stone
865 129 86 stone
865 129 87 stone
865 129 88 stone
865 129 89 stone
865 129 90 stone
865 129 91 stone
865 129 92 stone
865 129 93 stone
865 129 94 dirt
865 129 95 dirt
865 129 96 dirt
865 129 97 dirt
865 129 98 dirt
865 129 99 dirt
865 129 100 dirt
865 129 101 dirt
865 129 102 dirt
865 129 103 dirt
865 129 104 dirt
865 129 105 dirt
865 129 106 dirt
865 129 107 dirt
865 129 108 dirt
865 129 109 dirt
865 129 110 dirt
865 129 111 dirt
865 129 112 dirt
865 129 113 dirt
865 129 114 dirt
865 129 115 dirt
865 129 116 dirt
865 129 117 dirt
865 129 118 dirt
865 129 119 dirt
865 129 120 dirt
865 129 121 dirt
865 129 122 dirt
865 129 123 dirt
865 129 124 dirt
865 129 125 dirt
865 129 126 dirt
865 129 127 dirt
865 129 128 dirt
865 129 129 dirt
865 129 130 dirt
865 129 131 dirt
865 129 132 dirt
865 129 133 dirt
865 129 134 dirt
865 129 135 dirt
865 129 136 dirt
865 129 137 dirt
865 129 138 dirt
865 129 139 dirt
865 129 140 dirt
865 129 141 dirt
865 129 142 dirt
865 129 143 dirt
865 129 144 dirt
865 129 145 dirt
865 129 146 dirt
865 129 147 dirt
865 129 148 dirt
865 129 149 dirt
865 129 150 dirt
865 129 151 dirt
865 129 152 dirt
865 129 153 dirt
865 129 154 dirt
865 129 155 dirt
865 129 156 dirt
865 129 157 dirt
865 129 158 dirt
865 129 159 dirt
865 129 160 dirt
865 129 161 dirt
865 129 162 dirt
865 129 163 dirt
865 129 164 dirt
865 129 165 dirt
865 129 166 dirt
865 129 167 dirt
865 129 168 dirt
865 129 169 dirt
865 129 170 stone
865 129 171 stone
865 129 172 stone
865 129 173 coal_ore
865 129 174 coal_ore
865 129 175 stone
865 129 176 stone
865 129 177 stone
865 129 178 stone
865 129 179 stone
865 129 180 stone
865 129 181 stone
865 129 182 stone
865 129 183 stone
865 129 184 stone
865 129 185 dirt
865 129 186 dirt
865 129 187 dirt
865 129 188 dirt
865 129 189 stone
865 129 190 stone
865 129 191 stone
865 129 192 stone
865 129 193 stone
865 129 194 stone
865 129 195 stone
865 129 196 stone
865 129 197 stone
865 129 198 stone
865 129 199 stone
865 129 200 stone
865 129 201 gravel
865 129 202 gravel
865 129 203 stone
865 129 204 stone
865 129 205 stone
865 129 206 stone
865 129 207 stone
865 129 208 stone
865 129 209 stone
865 129 210 stone
865 129 211 stone
865 129 212 stone
865 129 213 stone
865 129 214 stone
865 129 215 stone
865 129 216 stone
865 129 217 stone
865 129 218 stone
865 129 219 dirt
865 129 220 dirt
865 129 221 dirt
865 129 222 dirt
865 129 223 dirt
865 129 224 stone
865 129 225 stone
865 129 226 stone
865 129 227 stone
865 129 228 stone
865 129 229 stone
865 129 230 stone
865 129 231 stone
865 129 232 stone
865 129 233 stone
865 129 234 stone
865 129 235 stone
865 129 236 stone
865 129 237 stone
865 129 238 stone
865 129 239 stone
865 129 240 stone
865 129 241 stone
865 129 242 stone
865 129 243 stone
865 129 244 stone
865 129 245 stone
865 129 246 stone
865 129 247 stone
865 129 248 stone
865 129 249 stone
865 129 250 stone
865 129 251 stone
865 129 252 stone
865 129 257 stone
865 129 258 stone
865 129 259 stone
865 129 260 stone
865 129 261 stone
865 129 262 stone
865 129 263 stone
865 129 264 stone
865 129 265 stone
865 129 266 stone
865 129 267 stone
865 129 268 stone
865 129 269 stone
865 129 270 stone
865 129 271 stone
865 129 272 stone
865 129 273 stone
865 129 274 stone
865 129 275 stone
865 129 276 stone
865 129 277 stone
865 129 278 stone
865 129 279 stone
865 129 280 stone
865 129 281 stone
865 129 282 stone
865 129 283 stone
865 129 284 stone
865 129 285 stone
865 129 286 stone
865 129 287 stone
865 129 288 stone
865 129 289 stone
865 129 290 stone
865 129 291 stone
865 129 292 stone
865 129 293 stone
865 129 294 stone
865 129 295 stone
865 129 296 stone
865 129 297 stone
865 129 298 stone
865 129 299 stone
865 129 300 stone
865 129 301 stone
865 129 302 stone
865 129 303 stone
865 129 304 stone
865 129 305 stone
865 129 306 stone
865 129 307 stone
865 129 308 stone
865 129 309 stone
865 129 310 stone
865 129 311 stone
865 129 312 stone
865 129 313 stone
865 129 314 stone
865 129 315 stone
865 129 316 stone
865 129 317 stone
865 129 318 stone
865 129 319 stone
865 129 320 stone
865 129 321 stone
865 129 322 stone
865 129 323 stone
865 129 324 stone
865 129 325 stone
865 129 326 stone
865 129 327 stone
865 129 328 stone
865 129 329 stone
865 129 330 stone
865 129 331 stone
865 129 332 stone
865 129 333 stone
865 129 334 stone
865 129 335 stone
865 129 336 stone
865 129 338 stone
865 129 339 stone
865 129 340 stone
865 129 341 stone
865 129 342 stone
865 129 343 stone
865 129 344 stone
865 129 345 stone
865 129 346 stone
865 129 347 gravel
865 129 348 gravel
865 129 349 gravel
865 129 350 gravel
865 129 351 stone
865 129 352 stone
865 129 353 stone
865 129 354 stone
865 129 355 stone
865 129 356 stone
865 129 357 stone
865 129 358 stone
865 129 359 stone
865 129 360 stone
865 129 361 stone
865 129 362 stone
865 129 363 stone
865 129 364 stone
865 129 365 stone
865 129 366 stone
865 129 367 stone
865 129 368 stone
865 129 369 stone
865 129 370 stone
865 129 371 stone
865 129 372 stone
865 129 373 stone
865 129 374 stone
865 129 375 stone
865 129 376 stone
865 129 377 stone
865 129 378 stone
865 129 379 stone
865 129 380 stone
865 129 381 stone
865 129 382 stone
865 129 383 stone
865 129 384 stone
865 129 385 stone
865 129 386 stone
865 129 387 stone
865 129 388 stone
865 129 389 stone
865 129 390 stone
865 129 391 stone
865 129 392 stone
865 129 393 stone
865 129 394 stone
865 129 395 stone
865 129 396 stone
865 129 397 stone
865 129 398 stone
865 129 399 stone
865 129 400 stone
865 129 401 stone
865 129 402 stone
865 129 403 stone
865 129 404 stone
865 129 405 stone
865 129 406 stone
865 129 407 stone
865 129 408 stone
865 129 409 stone
865 129 410 stone
865 129 411 stone
865 129 412 stone
865 129 413 copper_ore
865 129 414 copper_ore
865 129 415 stone
865 129 416 stone
865 129 417 stone
865 129 418 stone
865 129 419 stone
865 129 420 stone
865 129 421 stone
865 129 422 stone
865 129 423 stone
865 129 424 stone
865 129 425 stone
865 129 426 stone
865 129 427 stone
865 129 428 stone
865 129 429 stone
865 129 430 stone
865 129 431 stone
865 129 432 stone
865 129 433 stone
865 129 434 stone
865 129 435 stone
865 129 436 stone
865 129 437 stone
865 129 438 stone
865 129 439 stone
865 129 440 stone
865 129 441 stone
865 129 442 stone
865 129 443 stone
865 129 444 stone
865 129 445 stone
865 129 446 stone
865 129 447 dirt
865 129 482 grass_block[snowy=false]
865 129 483 dirt
865 129 484 stone
865 129 485 stone
865 129 486 stone
865 129 487 stone
865 129 488 stone
865 129 489 stone
865 129 490 stone
865 129 491 stone
865 129 492 stone
865 129 493 stone
865 129 494 stone
865 129 495 stone
865 129 496 stone
865 129 497 stone
865 129 506 grass_block[snowy=false]
865 129 507 dirt
865 129 508 dirt
865 129 512 stone
865 129 513 stone
865 129 514 stone
865 129 515 stone
865 129 516 stone
865 129 517 stone
865 129 518 stone
865 129 519 stone
865 129 520 stone
865 129 521 stone
865 129 522 stone
865 129 523 stone
865 129 524 stone
865 129 525 stone
865 129 526 stone
865 129 527 stone
865 129 528 stone
865 129 529 stone
865 129 530 stone
865 129 531 stone
865 129 532 stone
865 129 533 stone
865 129 534 stone
865 129 535 stone
865 129 536 coal_ore
865 129 537 coal_ore
865 129 538 stone
865 129 539 stone
865 129 540 stone
865 129 541 stone
865 129 542 copper_ore
865 129 543 copper_ore
865 129 544 stone
865 129 545 stone
865 129 546 stone
865 129 547 stone
