867 104 871 stone
867 104 872 stone
867 104 873 stone
867 104 874 copper_ore
867 104 875 stone
867 104 876 stone
867 104 877 stone
867 104 878 stone
867 104 879 stone
867 104 880 stone
867 104 881 stone
867 104 882 stone
867 104 883 stone
867 104 884 stone
867 104 885 lapis_ore
867 104 886 lapis_ore
867 104 887 stone
867 104 888 stone
867 104 889 stone
867 104 890 stone
867 104 891 stone
867 104 892 stone
867 104 893 stone
867 104 894 stone
867 104 895 stone
867 104 896 stone
867 104 897 stone
867 104 898 stone
867 104 899 copper_ore
867 104 900 copper_ore
867 104 901 copper_ore
867 104 902 copper_ore
867 104 903 stone
867 104 904 stone
867 104 905 stone
867 104 906 stone
867 104 907 stone
867 104 908 stone
867 104 909 stone
867 104 910 stone
867 104 911 stone
867 104 912 stone
867 104 913 stone
867 104 914 stone
867 104 915 stone
867 104 916 stone
867 104 917 stone
867 104 918 stone
867 104 919 stone
867 104 920 stone
867 104 921 stone
867 104 922 stone
867 104 923 stone
867 104 924 stone
867 104 925 stone
867 104 926 stone
867 104 927 water[level=0]
867 104 928 water[level=0]
867 104 929 stone
867 104 930 stone
867 104 931 stone
867 104 932 stone
867 104 933 stone
867 104 934 andesite
867 104 935 diorite
867 104 936 diorite
867 104 937 diorite
867 104 938 diorite
867 104 939 diorite
867 104 940 diorite
867 104 941 diorite
867 104 942 diorite
867 104 943 stone
867 104 944 stone
867 104 945 stone
867 104 946 stone
867 104 947 stone
867 104 948 stone
867 104 949 stone
867 104 950 stone
867 104 951 stone
867 104 952 stone
867 104 953 stone
867 104 954 stone
867 104 955 iron_ore
867 104 956 iron_ore
867 104 957 stone
867 104 958 stone
867 104 959 stone
867 104 960 stone
867 104 961 stone
867 104 962 stone
867 104 963 stone
867 104 964 stone
867 104 965 stone
867 104 966 stone
867 104 967 stone
867 104 968 stone
867 104 969 stone
867 104 970 stone
867 104 971 stone
867 104 972 stone
867 104 973 stone
867 104 974 stone
867 104 975 granite
867 104 976 granite
867 104 977 granite
867 104 978 granite
867 104 979 granite
867 104 980 stone
867 104 981 stone
867 104 982 stone
867 104 983 stone
867 104 984 stone
867 104 985 stone
867 104 986 stone
867 104 987 stone
867 104 988 stone
867 104 989 stone
867 104 990 stone
867 104 991 stone
867 104 992 stone
867 104 993 stone
867 104 994 stone
867 104 995 stone
867 104 996 stone
867 104 997 stone
867 104 998 stone
867 104 999 stone
867 104 1000 stone
867 104 1001 stone
867 104 1002 copper_ore
867 104 1003 copper_ore
867 104 1004 stone
867 104 1005 stone
867 104 1006 stone
867 104 1007 stone
867 104 1008 stone
867 104 1009 stone
867 104 1010 stone
867 104 1011 stone
867 104 1012 stone
867 104 1013 stone
867 104 1014 stone
867 104 1015 stone
867 104 1016 stone
867 104 1017 stone
867 104 1018 stone
867 104 1019 granite
867 104 1020 granite
867 104 1021 granite
867 104 1022 granite
867 104 1023 granite
867 105 0 stone
867 105 1 stone
867 105 2 stone
867 105 3 stone
867 105 4 stone
867 105 5 andesite
867 105 6 andesite
867 105 7 andesite
867 105 8 andesite
867 105 9 andesite
867 105 10 andesite
867 105 11 andesite
867 105 12 andesite
867 105 13 andesite
867 105 14 andesite
867 105 15 andesite
867 105 16 stone
867 105 17 stone
867 105 18 stone
867 105 19 stone
867 105 20 stone
867 105 21 stone
867 105 22 stone
867 105 23 stone
867 105 24 stone
867 105 25 stone
867 105 26 stone
867 105 27 stone
867 105 28 stone
867 105 29 stone
867 105 30 stone
867 105 31 stone
867 105 32 stone
867 105 33 stone
867 105 34 andesite
867 105 35 andesite
867 105 36 andesite
867 105 37 andesite
867 105 38 andesite
867 105 39 andesite
867 105 40 andesite
867 105 41 andesite
867 105 42 copper_ore
867 105 43 copper_ore
867 105 44 stone
867 105 45 stone
867 105 46 stone
867 105 47 stone
867 105 48 stone
867 105 49 stone
867 105 50 stone
867 105 51 stone
867 105 60 granite
867 105 65 stone
867 105 66 stone
867 105 67 stone
867 105 68 stone
867 105 69 stone
867 105 70 stone
867 105 71 stone
867 105 72 stone
867 105 73 stone
867 105 74 stone
867 105 79 gravel
867 105 80 gravel
867 105 85 stone
867 105 86 stone
867 105 87 stone
867 105 88 stone
867 105 89 stone
867 105 90 stone
867 105 91 stone
867 105 92 stone
867 105 93 stone
867 105 94 stone
867 105 95 stone
867 105 96 stone
867 105 97 stone
867 105 98 diorite
867 105 104 diorite
867 105 105 diorite
867 105 106 diorite
867 105 107 diorite
867 105 108 diorite
867 105 109 stone
867 105 110 stone
867 105 111 stone
867 105 112 stone
867 105 113 copper_ore
867 105 114 copper_ore
867 105 115 stone
867 105 116 stone
867 105 117 stone
867 105 118 stone
867 105 119 stone
867 105 120 stone
867 105 121 stone
867 105 122 stone
867 105 123 stone
867 105 124 stone
867 105 125 stone
867 105 126 stone
867 105 127 stone
867 105 128 stone
867 105 129 stone
867 105 130 stone
867 105 131 stone
867 105 132 stone
867 105 133 stone
867 105 134 stone
867 105 135 stone
867 105 136 stone
867 105 137 stone
867 105 138 stone
867 105 139 stone
867 105 140 stone
867 105 141 stone
867 105 142 stone
867 105 143 stone
867 105 144 stone
867 105 145 stone
867 105 146 stone
867 105 147 stone
867 105 148 stone
867 105 149 stone
867 105 150 stone
867 105 151 stone
867 105 152 stone
867 105 153 stone
867 105 154 stone
867 105 155 stone
867 105 156 stone
867 105 157 stone
867 105 158 stone
867 105 159 stone
867 105 160 stone
867 105 161 stone
867 105 162 stone
867 105 163 stone
867 105 164 stone
867 105 165 stone
867 105 166 stone
867 105 167 stone
867 105 168 stone
867 105 169 stone
867 105 170 stone
867 105 171 stone
867 105 172 stone
867 105 173 stone
867 105 174 stone
867 105 175 stone
867 105 176 stone
867 105 177 stone
867 105 178 stone
867 105 179 stone
867 105 180 stone
867 105 181 stone
867 105 182 stone
867 105 183 stone
867 105 184 stone
867 105 185 stone
867 105 186 stone
867 105 187 stone
867 105 188 stone
867 105 189 stone
867 105 190 stone
867 105 191 stone
867 105 192 stone
867 105 193 stone
867 105 194 stone
867 105 195 stone
867 105 196 stone
867 105 197 andesite
867 105 198 andesite
867 105 199 andesite
867 105 200 andesite
867 105 201 andesite
867 105 202 andesite
867 105 203 andesite
867 105 204 stone
867 105 205 stone
867 105 206 stone
867 105 207 stone
867 105 208 stone
867 105 209 stone
867 105 210 stone
867 105 211 stone
867 105 212 stone
867 105 213 stone
867 105 214 stone
867 105 215 stone
867 105 216 stone
867 105 217 stone
867 105 218 stone
867 105 219 stone
867 105 220 stone
867 105 221 stone
867 105 222 stone
867 105 223 stone
867 105 224 stone
867 105 225 stone
867 105 226 stone
867 105 227 stone
867 105 228 stone
867 105 229 stone
867 105 230 stone
867 105 231 stone
867 105 232 stone
867 105 233 stone
867 105 234 stone
867 105 235 stone
867 105 236 dirt
867 105 237 dirt
867 105 238 dirt
867 105 239 dirt
867 105 240 dirt
867 105 241 dirt
867 105 242 dirt
867 105 243 stone
867 105 244 stone
867 105 245 stone
867 105 246 stone
867 105 247 stone
867 105 248 stone
867 105 249 stone
867 105 250 stone
867 105 251 stone
867 105 252 stone
867 105 253 stone
867 105 254 stone
867 105 255 stone
867 105 256 stone
867 105 257 stone
867 105 258 stone
867 105 259 stone
867 105 260 stone
867 105 261 stone
867 105 262 stone
867 105 263 stone
867 105 264 stone
867 105 265 stone
867 105 266 stone
867 105 267 stone
867 105 268 stone
867 105 269 stone
867 105 270 stone
867 105 271 stone
867 105 272 stone
867 105 273 stone
867 105 274 stone
867 105 275 stone
867 105 276 granite
867 105 277 granite
867 105 278 granite
867 105 279 granite
867 105 280 granite
867 105 281 granite
867 105 282 granite
867 105 283 granite
867 105 284 granite
867 105 285 granite
867 105 286 granite
867 105 287 granite
867 105 288 granite
867 105 289 granite
867 105 290 granite
867 105 291 stone
867 105 292 stone
867 105 293 stone
867 105 294 stone
867 105 295 stone
867 105 301 granite
867 105 302 stone
867 105 303 granite
867 105 304 granite
867 105 305 granite
867 105 306 diorite
867 105 307 diorite
867 105 308 diorite
867 105 309 granite
867 105 335 stone
867 105 340 stone
867 105 349 stone
867 105 350 stone
867 105 351 stone
867 105 352 stone
867 105 353 stone
867 105 354 copper_ore
867 105 355 diorite
867 105 356 diorite
867 105 357 diorite
867 105 358 diorite
867 105 359 diorite
867 105 360 diorite
867 105 361 diorite
867 105 362 diorite
867 105 363 granite
867 105 364 granite
867 105 365 granite
867 105 366 granite
867 105 367 granite
867 105 368 stone
867 105 369 stone
867 105 370 stone
867 105 371 granite
867 105 372 granite
867 105 373 granite
867 105 374 granite
867 105 375 granite
867 105 376 granite
867 105 377 granite
867 105 378 granite
867 105 379 granite
867 105 380 granite
867 105 381 granite
867 105 382 granite
867 105 383 granite
867 105 384 granite
867 105 385 stone
867 105 386 stone
867 105 387 stone
867 105 388 stone
867 105 389 stone
867 105 390 stone
867 105 391 stone
867 105 392 stone
867 105 393 stone
867 105 394 stone
867 105 395 stone
867 105 396 stone
867 105 397 stone
867 105 398 granite
867 105 399 granite
867 105 400 granite
867 105 401 stone
867 105 402 stone
867 105 403 stone
867 105 404 stone
867 105 405 stone
867 105 406 stone
867 105 407 stone
867 105 408 stone
867 105 409 stone
867 105 410 stone
867 105 411 stone
867 105 412 stone
867 105 413 stone
867 105 414 stone
867 105 415 stone
867 105 416 stone
867 105 417 stone
867 105 418 stone
867 105 419 iron_ore
867 105 420 iron_ore
867 105 421 stone
867 105 422 stone
867 105 423 stone
867 105 424 stone
867 105 425 andesite
867 105 426 andesite
867 105 427 andesite
867 105 428 andesite
867 105 429 andesite
867 105 430 andesite
867 105 431 andesite
867 105 432 andesite
867 105 433 andesite
867 105 434 stone
867 105 435 stone
867 105 436 stone
867 105 437 stone
867 105 438 andesite
867 105 439 andesite
867 105 440 andesite
867 105 441 andesite
867 105 442 andesite
867 105 443 andesite
867 105 444 stone
867 105 445 stone
867 105 446 stone
867 105 447 stone
867 105 448 stone
867 105 449 stone
867 105 450 stone
867 105 451 stone
867 105 452 diorite
867 105 453 diorite
867 105 454 diorite
867 105 455 diorite
867 105 456 water[level=0]
867 105 457 water[level=0]
867 105 458 water[level=0]
867 105 459 water[level=0]
867 105 460 water[level=0]
867 105 461 water[level=0]
867 105 462 copper_ore
867 105 463 stone
867 105 464 stone
867 105 465 stone
867 105 466 stone
867 105 467 stone
867 105 468 stone
867 105 469 stone
867 105 470 stone
867 105 471 stone
867 105 472 stone
867 105 473 stone
867 105 474 stone
867 105 475 stone
867 105 476 stone
867 105 477 stone
867 105 478 stone
867 105 479 stone
867 105 480 stone
867 105 481 stone
867 105 482 stone
867 105 483 stone
867 105 484 stone
867 105 485 stone
867 105 486 stone
867 105 487 stone
867 105 488 stone
867 105 489 stone
867 105 490 stone
867 105 491 stone
867 105 492 stone
867 105 493 stone
867 105 494 stone
867 105 495 stone
867 105 496 stone
867 105 497 stone
867 105 498 stone
867 105 499 stone
867 105 500 stone
867 105 501 stone
867 105 502 stone
867 105 503 stone
867 105 504 stone
867 105 505 stone
867 105 506 stone
867 105 507 stone
867 105 508 stone
867 105 509 stone
867 105 510 stone
867 105 511 stone
867 105 512 stone
867 105 513 stone
867 105 514 stone
867 105 515 gravel
867 105 516 gravel
867 105 517 gravel
867 105 518 gravel
867 105 519 gravel
867 105 520 gravel
867 105 521 stone
867 105 522 stone
867 105 523 stone
867 105 524 stone
867 105 525 stone
867 105 526 stone
867 105 527 granite
867 105 528 granite
867 105 534 granite
867 105 535 granite
867 105 536 gravel
867 105 537 gravel
867 105 538 stone
867 105 539 stone
867 105 540 stone
867 105 541 stone
867 105 542 stone
867 105 543 stone
867 105 544 stone
867 105 545 stone
867 105 546 stone
867 105 547 stone
867 105 548 stone
867 105 549 stone
867 105 550 stone
867 105 551 gravel
867 105 552 gravel
867 105 553 gravel
867 105 554 gravel
867 105 555 gravel
867 105 556 stone
867 105 557 stone
867 105 558 stone
867 105 559 stone
867 105 560 stone
867 105 561 granite
867 105 562 granite
867 105 563 granite
867 105 564 granite
867 105 565 stone
867 105 566 stone
867 105 567 stone
867 105 568 stone
867 105 569 stone
867 105 570 stone
867 105 571 stone
867 105 572 stone
867 105 573 stone
867 105 574 stone
867 105 575 stone
867 105 576 stone
867 105 577 stone
867 105 578 stone
867 105 579 stone
867 105 580 stone
867 105 581 stone
867 105 582 stone
867 105 583 stone
867 105 584 stone
867 105 585 stone
867 105 586 stone
867 105 587 stone
867 105 588 stone
867 105 589 granite
867 105 590 granite
867 105 591 granite
867 105 592 granite
867 105 593 granite
867 105 594 granite
867 105 595 granite
867 105 596 granite
867 105 597 granite
867 105 598 stone
867 105 599 stone
867 105 600 stone
867 105 601 stone
867 105 602 stone
867 105 603 stone
867 105 604 stone
867 105 605 stone
867 105 606 stone
867 105 607 diorite
867 105 608 diorite
867 105 609 diorite
867 105 610 diorite
867 105 611 diorite
867 105 612 diorite
867 105 613 diorite
867 105 614 diorite
867 105 615 diorite
867 105 616 diorite
867 105 617 diorite
867 105 618 stone
867 105 619 stone
867 105 620 stone
867 105 621 dirt
867 105 622 dirt
867 105 623 dirt
867 105 624 dirt
867 105 625 dirt
867 105 626 dirt
867 105 627 stone
867 105 628 stone
867 105 629 stone
867 105 630 stone
867 105 631 coal_ore
867 105 632 coal_ore
867 105 633 granite
867 105 634 granite
867 105 635 granite
867 105 636 granite
867 105 637 granite
867 105 638 granite
867 105 639 granite
867 105 640 stone
867 105 641 stone
867 105 642 stone
867 105 643 stone
867 105 644 stone
867 105 645 stone
867 105 646 stone
867 105 647 stone
867 105 648 stone
867 105 649 stone
867 105 650 stone
867 105 651 stone
867 105 652 stone
867 105 653 stone
867 105 654 stone
867 105 655 stone
867 105 656 stone
867 105 657 stone
867 105 658 stone
867 105 659 stone
867 105 660 stone
867 105 661 stone
867 105 662 stone
867 105 663 stone
867 105 664 stone
867 105 665 stone
867 105 666 stone
867 105 667 stone
867 105 668 stone
867 105 669 stone
867 105 670 stone
867 105 671 stone
867 105 672 gravel
867 105 673 gravel
867 105 674 gravel
867 105 675 gravel
867 105 676 gravel
867 105 677 stone
867 105 678 stone
867 105 679 stone
867 105 680 stone
867 105 681 stone
867 105 682 stone
867 105 683 granite
867 105 684 granite
867 105 685 granite
867 105 686 stone
867 105 687 stone
867 105 688 andesite
867 105 689 andesite
867 105 690 andesite
867 105 691 andesite
867 105 692 andesite
867 105 693 stone
867 105 694 stone
867 105 695 stone
867 105 696 stone
867 105 697 stone
867 105 698 stone
867 105 699 stone
867 105 700 stone
867 105 701 granite
867 105 702 granite
867 105 703 stone
867 105 704 stone
867 105 705 stone
867 105 706 stone
867 105 707 stone
867 105 708 stone
867 105 709 stone
867 105 710 stone
867 105 711 stone
867 105 712 stone
867 105 713 diorite
867 105 714 diorite
867 105 715 diorite
867 105 716 diorite
867 105 717 stone
867 105 718 stone
867 105 719 stone
867 105 720 stone
867 105 721 stone
867 105 722 stone
867 105 723 coal_ore
867 105 724 coal_ore
867 105 725 diorite
867 105 726 diorite
867 105 727 diorite
867 105 728 stone
867 105 729 stone
867 105 730 stone
867 105 731 stone
867 105 732 stone
867 105 738 diorite
867 105 739 stone
867 105 740 stone
867 105 741 stone
867 105 742 stone
867 105 743 stone
867 105 744 stone
867 105 745 stone
867 105 746 stone
867 105 747 stone
867 105 748 stone
867 105 749 stone
867 105 750 stone
867 105 751 stone
867 105 752 stone
867 105 753 stone
867 105 754 stone
867 105 755 andesite
867 105 756 andesite
867 105 768 granite
867 105 769 granite
867 105 770 granite
867 105 771 stone
867 105 772 stone
867 105 773 stone
867 105 774 stone
867 105 775 stone
867 105 776 stone
867 105 777 stone
867 105 778 stone
867 105 779 stone
867 105 780 stone
867 105 781 stone
867 105 782 stone
867 105 783 stone
867 105 784 stone
867 105 785 stone
867 105 786 stone
867 105 787 stone
867 105 788 stone
867 105 789 stone
867 105 790 stone
867 105 791 stone
867 105 792 stone
867 105 793 stone
867 105 794 stone
867 105 795 stone
867 105 796 stone
867 105 797 stone
867 105 798 stone
867 105 799 stone
867 105 800 stone
867 105 801 stone
867 105 802 stone
867 105 803 stone
867 105 804 stone
867 105 805 stone
867 105 806 stone
867 105 807 stone
867 105 808 stone
867 105 809 stone
867 105 810 stone
867 105 811 stone
867 105 812 stone
867 105 813 stone
867 105 814 stone
867 105 815 stone
867 105 816 stone
867 105 817 stone
867 105 828 stone
867 105 829 andesite
867 105 830 andesite
867 105 831 coal_ore
867 105 832 coal_ore
867 105 833 stone
867 105 834 stone
867 105 835 stone
867 105 836 stone
867 105 837 stone
867 105 838 stone
867 105 839 stone
867 105 840 stone
867 105 841 stone
867 105 842 stone
867 105 843 stone
867 105 844 stone
867 105 845 stone
867 105 846 stone
867 105 860 granite
867 105 861 granite
867 105 862 granite
867 105 863 stone
867 105 864 stone
867 105 865 stone
867 105 866 stone
867 105 867 stone
867 105 868 stone
867 105 869 stone
867 105 870 gravel
867 105 871 gravel
867 105 872 stone
867 105 873 stone
867 105 874 stone
867 105 875 stone
867 105 876 stone
867 105 877 stone
867 105 878 stone
867 105 879 stone
867 105 880 stone
867 105 881 stone
867 105 882 stone
867 105 883 stone
867 105 884 stone
867 105 885 stone
867 105 886 stone
867 105 887 stone
867 105 888 stone
867 105 889 stone
867 105 890 stone
867 105 891 stone
867 105 892 stone
867 105 893 stone
867 105 894 stone
867 105 895 stone
867 105 896 stone
867 105 897 stone
867 105 898 stone
867 105 899 stone
867 105 900 stone
867 105 901 copper_ore
867 105 902 stone
867 105 903 stone
867 105 904 stone
867 105 905 stone
867 105 906 stone
867 105 907 stone
867 105 908 stone
867 105 909 stone
867 105 910 stone
867 105 911 stone
867 105 912 stone
867 105 913 stone
867 105 914 stone
867 105 915 stone
867 105 916 stone
867 105 917 stone
867 105 918 stone
867 105 919 stone
867 105 920 stone
867 105 921 stone
867 105 922 stone
867 105 923 stone
867 105 924 stone
867 105 925 stone
867 105 926 stone
867 105 927 water[level=0]
867 105 928 water[level=0]
867 105 929 stone
867 105 930 stone
867 105 931 stone
867 105 932 stone
867 105 933 stone
867 105 934 stone
867 105 935 stone
867 105 936 diorite
867 105 937 diorite
867 105 938 diorite
867 105 939 diorite
867 105 940 diorite
867 105 941 diorite
867 105 942 diorite
867 105 943 stone
867 105 944 stone
867 105 945 stone
867 105 946 stone
867 105 947 stone
867 105 948 stone
867 105 949 stone
867 105 950 stone
867 105 951 stone
867 105 952 stone
867 105 953 stone
867 105 954 stone
867 105 955 iron_ore
867 105 956 iron_ore
867 105 957 stone
867 105 958 stone
867 105 959 stone
867 105 960 stone
867 105 961 stone
867 105 962 stone
867 105 963 stone
867 105 964 stone
867 105 965 stone
867 105 966 stone
867 105 967 stone
867 105 968 stone
867 105 969 stone
867 105 970 stone
867 105 971 stone
867 105 972 stone
867 105 973 stone
867 105 974 stone
867 105 975 granite
867 105 976 granite
867 105 977 granite
867 105 978 granite
867 105 979 granite
867 105 980 stone
867 105 981 stone
867 105 982 stone
867 105 983 stone
867 105 984 stone
867 105 985 stone
867 105 986 stone
867 105 987 stone
867 105 988 stone
867 105 989 stone
867 105 990 stone
867 105 991 stone
867 105 992 stone
867 105 993 stone
867 105 994 stone
867 105 995 stone
867 105 996 stone
867 105 997 stone
867 105 998 stone
867 105 999 stone
867 105 1000 stone
867 105 1001 stone
867 105 1002 stone
867 105 1003 stone
867 105 1004 stone
867 105 1005 stone
867 105 1006 stone
867 105 1007 stone
867 105 1008 stone
867 105 1009 stone
867 105 1010 stone
867 105 1011 stone
867 105 1012 stone
867 105 1013 stone
867 105 1014 stone
867 105 1015 stone
867 105 1016 stone
867 105 1017 stone
867 105 1018 dirt
867 105 1019 dirt
867 105 1020 dirt
867 105 1021 dirt
867 105 1022 dirt
867 105 1023 dirt
867 106 0 stone
867 106 1 stone
867 106 2 stone
867 106 3 stone
867 106 4 stone
867 106 5 andesite
867 106 6 andesite
867 106 7 andesite
867 106 8 andesite
867 106 9 andesite
867 106 10 andesite
867 106 11 andesite
867 106 12 andesite
867 106 13 andesite
867 106 14 andesite
867 106 15 andesite
867 106 16 stone
867 106 17 stone
867 106 18 stone
867 106 19 stone
867 106 20 stone
867 106 21 stone
867 106 22 stone
867 106 23 stone
867 106 24 stone
867 106 25 stone
867 106 26 stone
867 106 27 stone
867 106 28 stone
867 106 29 stone
867 106 30 stone
867 106 31 stone
867 106 32 stone
867 106 33 stone
867 106 34 andesite
867 106 35 andesite
867 106 36 andesite
