648 115 933 stone
648 115 934 stone
648 115 935 stone
648 115 936 andesite
648 115 937 andesite
648 115 938 andesite
648 115 939 stone
648 115 940 stone
648 115 941 stone
648 115 942 stone
648 115 943 stone
648 115 944 stone
648 115 945 stone
648 115 946 diorite
648 115 947 diorite
648 115 948 diorite
648 115 949 diorite
648 115 950 stone
648 115 951 stone
648 115 952 stone
648 115 953 stone
648 115 954 stone
648 115 955 stone
648 115 956 stone
648 115 957 stone
648 115 958 stone
648 115 959 stone
648 115 960 stone
648 115 961 stone
648 115 962 stone
648 115 963 stone
648 115 964 stone
648 115 965 stone
648 115 966 stone
648 115 967 dirt
648 115 968 dirt
648 115 969 dirt
648 115 970 dirt
648 115 971 dirt
648 115 972 stone
648 115 973 stone
648 115 974 stone
648 115 975 stone
648 115 976 stone
648 115 977 stone
648 115 978 stone
648 115 979 stone
648 115 980 stone
648 115 981 stone
648 115 982 stone
648 115 983 stone
648 115 984 stone
648 115 985 stone
648 115 986 stone
648 115 987 stone
648 115 988 stone
648 115 989 stone
648 115 990 stone
648 115 991 copper_ore
648 115 992 stone
648 115 993 stone
648 115 994 stone
648 115 995 stone
648 115 996 stone
648 115 997 stone
648 115 998 stone
648 115 999 stone
648 115 1000 copper_ore
648 115 1001 copper_ore
648 115 1002 copper_ore
648 115 1003 diorite
648 115 1004 diorite
648 115 1005 diorite
648 115 1006 diorite
648 115 1007 diorite
648 115 1008 diorite
648 115 1009 stone
648 115 1010 stone
648 115 1011 stone
648 115 1012 stone
648 115 1013 stone
648 115 1014 stone
648 115 1015 stone
648 115 1016 stone
648 115 1017 stone
648 115 1018 stone
648 115 1019 stone
648 115 1020 stone
648 115 1021 stone
648 115 1022 stone
648 115 1023 stone
649 115 898 granite
649 115 899 granite
649 115 900 granite
649 115 901 stone
649 115 902 stone
649 115 903 stone
649 115 904 stone
649 115 905 stone
649 115 906 stone
649 115 907 stone
649 115 908 stone
649 115 909 stone
649 115 910 stone
649 115 911 stone
649 115 912 stone
649 115 913 stone
649 115 914 stone
649 115 915 stone
649 115 916 stone
649 115 917 stone
649 115 918 stone
649 115 919 stone
649 115 920 copper_ore
649 115 921 copper_ore
649 115 922 stone
649 115 923 stone
649 115 924 stone
649 115 925 stone
649 115 926 stone
649 115 927 stone
649 115 928 stone
649 115 929 stone
649 115 930 stone
649 115 931 stone
649 115 932 stone
649 115 933 stone
649 115 934 stone
649 115 935 andesite
649 115 936 andesite
649 115 937 andesite
649 115 938 andesite
649 115 939 stone
649 115 940 stone
649 115 941 stone
649 115 942 stone
649 115 943 stone
649 115 944 stone
649 115 945 stone
649 115 946 stone
649 115 947 diorite
649 115 948 diorite
649 115 949 diorite
649 115 950 diorite
649 115 951 diorite
649 115 952 diorite
649 115 953 stone
649 115 954 stone
649 115 955 stone
649 115 956 stone
649 115 957 stone
649 115 958 stone
649 115 959 stone
649 115 960 stone
649 115 961 stone
649 115 962 stone
649 115 963 stone
649 115 964 stone
649 115 965 stone
649 115 966 stone
649 115 967 stone
649 115 968 dirt
649 115 969 dirt
649 115 970 dirt
649 115 971 dirt
649 115 972 stone
649 115 973 stone
649 115 974 stone
649 115 975 stone
649 115 976 stone
649 115 977 stone
649 115 978 stone
649 115 979 stone
649 115 980 stone
649 115 981 stone
649 115 982 stone
649 115 983 stone
649 115 984 stone
649 115 985 stone
649 115 986 stone
649 115 987 stone
649 115 988 stone
649 115 989 stone
649 115 990 stone
649 115 991 stone
649 115 992 stone
649 115 993 stone
649 115 994 stone
649 115 995 stone
649 115 996 stone
649 115 997 stone
649 115 998 stone
649 115 999 stone
649 115 1000 stone
649 115 1001 copper_ore
649 115 1002 copper_ore
649 115 1003 stone
649 115 1004 diorite
649 115 1005 diorite
649 115 1006 diorite
649 115 1007 stone
649 115 1008 stone
649 115 1009 stone
649 115 1010 stone
649 115 1011 stone
649 115 1012 stone
649 115 1013 stone
649 115 1014 stone
649 115 1015 stone
649 115 1016 stone
649 115 1017 stone
649 115 1018 stone
649 115 1019 stone
649 115 1020 stone
649 115 1021 stone
649 115 1022 stone
649 115 1023 stone
650 115 898 granite
650 115 899 granite
650 115 900 granite
650 115 901 granite
650 115 902 gravel
650 115 903 gravel
650 115 904 gravel
650 115 905 stone
650 115 906 stone
650 115 907 stone
650 115 908 stone
650 115 909 stone
650 115 910 stone
650 115 911 stone
650 115 912 stone
650 115 913 stone
650 115 914 stone
650 115 915 stone
650 115 916 stone
650 115 917 stone
650 115 918 stone
650 115 919 coal_ore
650 115 920 coal_ore
650 115 921 copper_ore
650 115 922 stone
650 115 923 stone
650 115 924 stone
650 115 925 stone
650 115 926 stone
650 115 927 stone
650 115 928 stone
650 115 929 stone
650 115 930 stone
650 115 931 stone
650 115 932 stone
650 115 933 stone
650 115 934 stone
650 115 935 stone
650 115 936 andesite
650 115 937 andesite
650 115 938 andesite
650 115 939 andesite
650 115 940 stone
650 115 941 stone
650 115 942 stone
650 115 943 stone
650 115 944 stone
650 115 945 stone
650 115 946 stone
650 115 947 diorite
650 115 948 diorite
650 115 949 diorite
650 115 950 diorite
650 115 951 diorite
650 115 952 diorite
650 115 953 stone
650 115 954 stone
650 115 955 stone
650 115 956 stone
650 115 957 stone
650 115 958 stone
650 115 959 stone
650 115 960 stone
650 115 961 stone
650 115 962 stone
650 115 963 stone
650 115 964 stone
650 115 965 stone
650 115 966 stone
650 115 967 stone
650 115 968 stone
650 115 969 dirt
650 115 970 dirt
650 115 971 dirt
650 115 972 stone
650 115 973 stone
650 115 974 stone
650 115 975 stone
650 115 976 stone
650 115 977 stone
650 115 978 stone
650 115 979 stone
650 115 980 stone
650 115 981 stone
650 115 982 stone
650 115 983 stone
650 115 984 stone
650 115 985 stone
650 115 986 stone
650 115 987 stone
650 115 988 stone
650 115 989 stone
650 115 990 stone
650 115 991 stone
650 115 992 stone
650 115 993 stone
650 115 994 stone
650 115 995 stone
650 115 996 stone
650 115 997 stone
650 115 998 stone
650 115 999 stone
650 115 1000 stone
650 115 1001 stone
650 115 1002 stone
650 115 1003 stone
650 115 1004 stone
650 115 1005 stone
650 115 1006 stone
650 115 1007 stone
650 115 1008 stone
650 115 1009 stone
650 115 1010 stone
650 115 1011 stone
650 115 1012 stone
650 115 1013 stone
650 115 1014 stone
650 115 1015 stone
650 115 1016 stone
650 115 1017 stone
650 115 1018 stone
650 115 1019 stone
650 115 1020 stone
650 115 1021 stone
650 115 1022 stone
650 115 1023 stone
651 115 898 granite
651 115 899 granite
651 115 900 granite
651 115 901 granite
651 115 902 gravel
651 115 903 gravel
651 115 904 gravel
651 115 905 gravel
651 115 906 stone
651 115 907 stone
651 115 908 stone
651 115 909 stone
651 115 910 stone
651 115 911 stone
651 115 912 stone
651 115 913 stone
651 115 914 stone
651 115 915 stone
651 115 916 stone
651 115 917 stone
651 115 918 stone
651 115 919 coal_ore
651 115 920 coal_ore
651 115 921 stone
651 115 922 stone
651 115 923 stone
651 115 924 stone
651 115 925 stone
651 115 926 stone
651 115 927 stone
651 115 928 stone
651 115 929 stone
651 115 930 stone
651 115 931 stone
651 115 932 stone
651 115 933 stone
651 115 934 stone
651 115 935 stone
651 115 936 andesite
651 115 937 andesite
651 115 938 andesite
651 115 939 andesite
651 115 940 andesite
651 115 941 stone
651 115 942 stone
651 115 943 stone
651 115 944 stone
651 115 945 stone
651 115 946 stone
651 115 947 stone
651 115 948 diorite
651 115 949 diorite
651 115 950 diorite
651 115 951 diorite
651 115 952 diorite
651 115 953 diorite
651 115 954 stone
651 115 955 stone
651 115 956 stone
651 115 957 stone
651 115 958 stone
651 115 959 stone
651 115 960 stone
651 115 961 stone
651 115 962 stone
651 115 963 stone
651 115 964 stone
651 115 965 stone
651 115 966 stone
651 115 967 stone
651 115 968 stone
651 115 969 stone
651 115 970 stone
651 115 971 stone
651 115 972 stone
651 115 973 stone
651 115 974 stone
651 115 975 stone
651 115 976 stone
651 115 977 stone
651 115 978 stone
651 115 979 stone
651 115 980 stone
651 115 981 stone
651 115 982 stone
651 115 983 stone
651 115 984 stone
651 115 985 stone
651 115 986 stone
651 115 987 stone
651 115 988 stone
651 115 989 stone
651 115 990 stone
651 115 991 stone
651 115 992 stone
651 115 993 stone
651 115 994 stone
651 115 995 stone
651 115 996 stone
651 115 997 stone
651 115 998 stone
651 115 999 stone
651 115 1000 stone
651 115 1001 stone
651 115 1002 stone
651 115 1003 stone
651 115 1004 stone
651 115 1005 stone
651 115 1006 stone
651 115 1007 stone
651 115 1008 stone
651 115 1009 stone
651 115 1010 stone
651 115 1011 stone
651 115 1012 stone
651 115 1013 stone
651 115 1014 stone
651 115 1015 stone
651 115 1016 stone
651 115 1017 stone
651 115 1018 stone
651 115 1019 stone
651 115 1020 copper_ore
651 115 1021 stone
651 115 1022 stone
651 115 1023 stone
652 115 898 granite
652 115 899 granite
652 115 900 granite
652 115 901 coal_ore
652 115 902 coal_ore
652 115 903 gravel
652 115 904 gravel
652 115 905 gravel
652 115 906 stone
652 115 907 stone
652 115 908 stone
652 115 909 stone
652 115 910 stone
652 115 911 stone
652 115 912 stone
652 115 913 stone
652 115 914 stone
652 115 915 stone
652 115 916 stone
652 115 917 stone
652 115 918 coal_ore
652 115 919 coal_ore
652 115 920 coal_ore
652 115 921 stone
652 115 922 stone
652 115 923 stone
652 115 924 stone
652 115 925 stone
652 115 926 copper_ore
652 115 927 stone
652 115 928 stone
652 115 929 stone
652 115 930 stone
652 115 931 stone
652 115 932 stone
652 115 933 stone
652 115 934 stone
652 115 935 stone
652 115 936 stone
652 115 937 andesite
652 115 938 andesite
652 115 939 andesite
652 115 940 andesite
652 115 941 andesite
652 115 942 stone
652 115 943 stone
652 115 944 stone
652 115 945 stone
652 115 946 stone
652 115 947 stone
652 115 948 stone
652 115 949 stone
652 115 950 diorite
652 115 951 diorite
652 115 952 diorite
652 115 953 diorite
652 115 954 diorite
652 115 955 diorite
652 115 956 diorite
652 115 957 stone
652 115 958 stone
652 115 959 stone
652 115 960 stone
652 115 961 stone
652 115 962 stone
652 115 963 stone
652 115 964 stone
652 115 965 stone
652 115 966 stone
652 115 967 stone
652 115 968 stone
652 115 969 stone
652 115 970 stone
652 115 971 stone
652 115 972 stone
652 115 973 stone
652 115 974 stone
652 115 975 stone
652 115 976 stone
652 115 977 stone
652 115 978 stone
652 115 979 stone
652 115 980 stone
652 115 981 stone
652 115 982 stone
652 115 983 stone
652 115 984 stone
652 115 985 stone
652 115 986 stone
652 115 987 stone
652 115 988 stone
652 115 989 stone
652 115 990 stone
652 115 991 stone
652 115 992 stone
652 115 993 stone
652 115 994 stone
652 115 995 stone
652 115 996 stone
652 115 997 stone
652 115 998 stone
652 115 999 stone
652 115 1000 stone
652 115 1001 stone
652 115 1002 stone
652 115 1003 stone
652 115 1004 stone
652 115 1005 stone
652 115 1006 stone
652 115 1007 stone
652 115 1008 stone
652 115 1009 stone
652 115 1010 stone
652 115 1011 stone
652 115 1012 stone
652 115 1013 stone
652 115 1014 stone
652 115 1015 stone
652 115 1016 stone
652 115 1017 stone
652 115 1018 stone
652 115 1019 stone
652 115 1020 stone
652 115 1021 stone
652 115 1022 stone
652 115 1023 stone
653 115 898 granite
653 115 899 granite
653 115 900 coal_ore
653 115 901 coal_ore
653 115 902 coal_ore
653 115 903 gravel
653 115 904 gravel
653 115 905 gravel
653 115 906 gravel
653 115 907 stone
653 115 908 stone
653 115 909 stone
653 115 910 stone
653 115 911 stone
653 115 912 stone
653 115 913 stone
653 115 914 stone
653 115 915 stone
653 115 916 stone
653 115 917 copper_ore
653 115 918 copper_ore
653 115 919 coal_ore
653 115 920 coal_ore
653 115 921 stone
653 115 922 stone
653 115 923 stone
653 115 924 stone
653 115 925 stone
653 115 926 stone
653 115 927 stone
653 115 928 stone
653 115 929 stone
653 115 930 stone
653 115 931 stone
653 115 932 stone
653 115 933 stone
653 115 934 stone
653 115 935 stone
653 115 936 andesite
653 115 937 andesite
653 115 938 andesite
653 115 939 andesite
653 115 940 andesite
653 115 941 andesite
653 115 942 stone
653 115 943 stone
653 115 944 stone
653 115 945 stone
653 115 946 stone
653 115 947 stone
653 115 948 stone
653 115 949 stone
653 115 950 diorite
653 115 951 diorite
653 115 952 diorite
653 115 953 diorite
653 115 954 diorite
653 115 955 diorite
653 115 956 diorite
653 115 957 stone
653 115 958 stone
653 115 959 stone
653 115 960 stone
653 115 961 stone
653 115 962 stone
653 115 963 stone
653 115 964 stone
653 115 965 stone
653 115 966 stone
653 115 967 stone
653 115 968 stone
653 115 969 stone
653 115 970 stone
653 115 971 stone
653 115 972 stone
653 115 973 stone
653 115 974 stone
653 115 975 stone
653 115 976 stone
653 115 977 stone
653 115 978 stone
653 115 979 stone
653 115 980 stone
653 115 981 stone
653 115 982 stone
653 115 983 stone
653 115 984 stone
653 115 985 stone
653 115 986 stone
653 115 987 stone
653 115 988 stone
653 115 989 stone
653 115 990 stone
653 115 991 stone
653 115 992 stone
653 115 993 stone
653 115 994 stone
653 115 995 stone
653 115 996 stone
653 115 997 stone
653 115 998 stone
653 115 999 stone
653 115 1000 stone
653 115 1001 stone
653 115 1002 stone
653 115 1003 stone
653 115 1004 stone
653 115 1005 stone
653 115 1006 stone
653 115 1007 stone
653 115 1008 stone
653 115 1009 stone
653 115 1010 stone
653 115 1011 stone
653 115 1012 stone
653 115 1013 stone
653 115 1014 stone
653 115 1015 stone
653 115 1016 stone
653 115 1017 stone
653 115 1018 stone
653 115 1019 stone
653 115 1020 stone
653 115 1021 stone
653 115 1022 stone
653 115 1023 stone
654 115 898 granite
654 115 899 granite
654 115 900 coal_ore
654 115 901 coal_ore
654 115 902 granite
654 115 903 granite
654 115 904 granite
654 115 905 gravel
654 115 906 gravel
654 115 907 gravel
654 115 908 stone
654 115 909 stone
654 115 910 stone
654 115 911 stone
654 115 912 stone
654 115 913 stone
654 115 914 stone
654 115 915 stone
654 115 916 copper_ore
654 115 917 copper_ore
654 115 918 copper_ore
654 115 919 copper_ore
654 115 920 stone
654 115 921 stone
654 115 922 stone
654 115 923 stone
654 115 924 stone
654 115 925 stone
654 115 926 stone
654 115 927 stone
654 115 928 stone
654 115 929 stone
654 115 930 stone
654 115 931 stone
654 115 932 stone
654 115 933 stone
654 115 934 stone
654 115 935 stone
654 115 936 stone
654 115 937 andesite
654 115 938 andesite
654 115 939 andesite
654 115 940 andesite
654 115 941 andesite
654 115 942 stone
654 115 943 stone
654 115 944 stone
654 115 945 stone
654 115 946 stone
654 115 947 stone
654 115 948 stone
654 115 949 stone
654 115 950 diorite
654 115 951 diorite
654 115 952 diorite
654 115 953 diorite
654 115 954 diorite
654 115 955 diorite
654 115 956 diorite
654 115 957 diorite
654 115 958 stone
654 115 959 stone
654 115 960 stone
654 115 961 stone
654 115 962 stone
654 115 963 stone
654 115 964 stone
654 115 965 stone
654 115 966 stone
654 115 967 stone
654 115 968 stone
654 115 969 stone
654 115 970 stone
654 115 971 granite
654 115 972 granite
654 115 973 granite
654 115 974 stone
654 115 975 stone
654 115 976 stone
654 115 977 stone
654 115 978 stone
654 115 979 stone
654 115 980 stone
654 115 981 stone
654 115 982 stone
654 115 983 stone
654 115 984 stone
654 115 985 stone
654 115 986 stone
654 115 987 stone
654 115 988 stone
654 115 989 stone
654 115 990 stone
654 115 991 stone
654 115 992 stone
654 115 993 stone
654 115 994 stone
654 115 995 stone
654 115 996 stone
654 115 997 stone
654 115 998 stone
654 115 999 stone
654 115 1000 stone
654 115 1001 stone
654 115 1002 stone
654 115 1003 stone
654 115 1004 stone
654 115 1005 stone
654 115 1006 stone
654 115 1007 stone
654 115 1008 stone
654 115 1009 stone
654 115 1010 stone
654 115 1011 stone
654 115 1012 stone
654 115 1013 stone
654 115 1014 stone
654 115 1015 stone
654 115 1016 stone
654 115 1017 stone
654 115 1018 stone
654 115 1019 stone
654 115 1020 stone
654 115 1021 stone
654 115 1022 stone
654 115 1023 stone
655 115 898 pointed_dripstone[thickness=tip,vertical_direction=down,waterlogged=false]
655 115 899 granite
655 115 900 coal_ore
655 115 901 granite
655 115 902 granite
655 115 903 granite
655 115 904 granite
655 115 905 stone
655 115 906 gravel
655 115 907 gravel
655 115 908 stone
655 115 909 stone
655 115 910 stone
655 115 911 stone
655 115 912 stone
655 115 913 stone
655 115 914 stone
655 115 915 stone
655 115 916 copper_ore
655 115 917 copper_ore
655 115 918 copper_ore
655 115 919 copper_ore
655 115 920 stone
655 115 921 stone
655 115 922 stone
655 115 923 stone
655 115 924 stone
655 115 925 stone
655 115 926 stone
655 115 927 stone
655 115 928 stone
655 115 929 stone
655 115 930 stone
655 115 931 stone
655 115 932 stone
655 115 933 stone
655 115 934 stone
655 115 935 stone
655 115 936 stone
655 115 937 andesite
655 115 938 andesite
655 115 939 andesite
655 115 940 andesite
655 115 941 andesite
655 115 942 andesite
655 115 943 stone
655 115 944 stone
655 115 945 stone
655 115 946 stone
655 115 947 stone
655 115 948 stone
655 115 949 stone
655 115 950 diorite
655 115 951 diorite
655 115 952 diorite
655 115 953 diorite
655 115 954 diorite
655 115 955 diorite
655 115 956 diorite
655 115 957 diorite
655 115 958 stone
655 115 959 stone
655 115 960 stone
655 115 961 stone
655 115 962 stone
655 115 963 stone
655 115 964 stone
655 115 965 granite
655 115 966 granite
655 115 967 granite
655 115 968 granite
655 115 969 granite
655 115 970 granite
655 115 971 granite
655 115 972 granite
655 115 973 granite
655 115 974 granite
655 115 975 stone
655 115 976 stone
655 115 977 stone
655 115 978 stone
655 115 979 stone
655 115 980 stone
655 115 981 stone
655 115 982 stone
655 115 983 stone
655 115 984 stone
655 115 985 stone
655 115 986 stone
655 115 987 stone
655 115 988 stone
655 115 989 stone
655 115 990 stone
655 115 991 stone
655 115 992 stone
655 115 993 stone
655 115 994 stone
655 115 995 stone
655 115 996 stone
655 115 997 stone
655 115 998 stone
655 115 999 stone
655 115 1000 stone
655 115 1001 stone
655 115 1002 stone
655 115 1003 stone
655 115 1004 stone
655 115 1005 stone
655 115 1006 stone
655 115 1007 stone
655 115 1008 stone
655 115 1009 stone
655 115 1010 stone
655 115 1011 stone
655 115 1012 stone
655 115 1013 stone
655 115 1014 stone
655 115 1015 stone
655 115 1016 stone
655 115 1017 stone
655 115 1018 stone
655 115 1019 stone
655 115 1020 stone
655 115 1021 stone
655 115 1022 stone
655 115 1023 stone
656 115 898 dripstone_block
656 115 899 granite
656 115 900 granite
656 115 901 granite
656 115 902 granite
656 115 903 granite
656 115 904 granite
656 115 905 granite
656 115 906 stone
656 115 907 stone
656 115 908 stone
656 115 909 stone
656 115 910 stone
656 115 911 stone
656 115 912 stone
656 115 913 stone
656 115 914 stone
656 115 915 stone
656 115 916 stone
656 115 917 copper_ore
656 115 918 copper_ore
656 115 919 copper_ore
656 115 920 stone
656 115 921 stone
656 115 922 stone
656 115 923 stone
656 115 924 stone
656 115 925 stone
656 115 926 stone
656 115 927 stone
656 115 928 stone
656 115 929 stone
656 115 930 stone
656 115 931 stone
656 115 932 stone
656 115 933 stone
656 115 934 stone
656 115 935 stone
656 115 936 stone
656 115 937 stone
656 115 938 stone
656 115 939 andesite
656 115 940 andesite
656 115 941 andesite
656 115 942 andesite
656 115 943 stone
656 115 944 stone
656 115 945 stone
656 115 946 stone
656 115 947 stone
656 115 948 stone
656 115 949 stone
656 115 950 diorite
656 115 951 diorite
656 115 952 diorite
656 115 953 diorite
656 115 954 diorite
656 115 955 diorite
656 115 956 diorite
656 115 957 diorite
656 115 958 diorite
656 115 959 stone
656 115 960 stone
656 115 961 stone
656 115 962 stone
656 115 963 granite
656 115 964 granite
656 115 965 granite
656 115 966 granite
656 115 967 granite
656 115 968 granite
656 115 969 granite
656 115 970 granite
656 115 971 granite
656 115 972 granite
656 115 973 granite
656 115 974 granite
656 115 975 stone
656 115 976 stone
656 115 977 stone
656 115 978 stone
656 115 979 stone
656 115 980 stone
656 115 981 stone
656 115 982 stone
656 115 983 stone
656 115 984 stone
656 115 985 stone
656 115 986 stone
656 115 987 stone
656 115 988 stone
656 115 989 stone
656 115 990 stone
656 115 991 stone
656 115 992 stone
656 115 993 stone
656 115 994 stone
656 115 995 stone
656 115 996 stone
656 115 997 stone
656 115 998 stone
656 115 999 stone
656 115 1000 stone
656 115 1001 stone
656 115 1002 stone
656 115 1003 stone
656 115 1004 stone
656 115 1005 stone
656 115 1006 stone
656 115 1007 stone
656 115 1008 stone
656 115 1009 stone
656 115 1010 stone
656 115 1011 stone
656 115 1012 stone
656 115 1013 stone
656 115 1014 stone
