869 121 396 stone
869 121 397 stone
869 121 398 stone
869 121 399 stone
869 121 400 stone
869 121 401 stone
869 121 402 stone
869 121 403 stone
869 121 404 stone
869 121 405 stone
869 121 406 stone
869 121 407 stone
869 121 408 stone
869 121 409 stone
869 121 410 stone
869 121 411 stone
869 121 412 stone
869 121 413 stone
869 121 414 stone
869 121 415 stone
869 121 416 stone
869 121 417 stone
869 121 418 stone
869 121 419 stone
869 121 420 stone
869 121 421 stone
869 121 422 stone
869 121 423 stone
869 121 424 stone
869 121 425 stone
869 121 426 stone
869 121 427 stone
869 121 428 stone
869 121 429 stone
869 121 430 stone
869 121 431 stone
869 121 432 stone
869 121 433 stone
869 121 434 stone
869 121 435 stone
869 121 436 stone
869 121 437 stone
869 121 438 stone
869 121 439 stone
869 121 440 stone
869 121 441 stone
869 121 442 stone
869 121 443 stone
869 121 444 stone
869 121 445 stone
869 121 446 stone
869 121 447 stone
869 121 448 stone
869 121 449 stone
869 121 450 dirt
869 121 451 water[level=0]
869 121 452 water[level=0]
869 121 453 water[level=0]
869 121 454 water[level=0]
869 121 455 water[level=0]
869 121 456 water[level=0]
869 121 457 water[level=0]
869 121 458 water[level=0]
869 121 459 water[level=0]
869 121 460 water[level=0]
869 121 461 water[level=0]
869 121 462 water[level=0]
869 121 463 water[level=0]
869 121 464 water[level=0]
869 121 465 water[level=0]
869 121 466 water[level=0]
869 121 467 water[level=0]
869 121 468 sand
869 121 469 sand
869 121 470 andesite
869 121 471 andesite
869 121 472 andesite
869 121 473 stone
869 121 474 stone
869 121 475 stone
869 121 476 stone
869 121 477 stone
869 121 478 stone
869 121 479 stone
869 121 480 stone
869 121 481 stone
869 121 482 stone
869 121 483 stone
869 121 484 stone
869 121 485 stone
869 121 486 stone
869 121 487 stone
869 121 488 stone
869 121 489 stone
869 121 490 stone
869 121 491 stone
869 121 492 stone
869 121 493 stone
869 121 494 stone
869 121 495 stone
869 121 496 stone
869 121 497 water[level=0]
869 121 498 water[level=0]
869 121 499 water[level=0]
869 121 500 water[level=0]
869 121 501 stone
869 121 502 stone
869 121 503 stone
869 121 504 stone
869 121 505 stone
869 121 506 stone
869 121 507 stone
869 121 508 granite
869 121 509 granite
869 121 510 granite
869 121 511 granite
869 121 512 granite
869 121 513 granite
869 121 514 granite
869 121 515 dirt
869 121 516 granite
869 121 517 granite
869 121 518 dirt
869 121 519 granite
869 121 520 granite
869 121 521 granite
869 121 522 granite
869 121 523 granite
869 121 524 granite
869 121 525 stone
869 121 526 stone
869 121 527 stone
869 121 528 stone
869 121 529 stone
869 121 530 stone
869 121 531 stone
869 121 532 stone
869 121 533 stone
869 121 534 stone
869 121 535 stone
869 121 536 stone
869 121 537 stone
869 121 538 stone
869 121 539 stone
869 121 540 andesite
869 121 541 andesite
869 121 542 andesite
869 121 543 andesite
869 121 544 andesite
869 121 545 andesite
869 121 546 andesite
869 121 547 andesite
869 121 548 andesite
869 121 549 andesite
869 121 550 andesite
869 121 551 andesite
869 121 552 andesite
869 121 553 stone
869 121 554 stone
869 121 555 stone
869 121 556 stone
869 121 557 stone
869 121 558 stone
869 121 559 stone
869 121 560 stone
869 121 561 stone
869 121 562 stone
869 121 563 stone
869 121 564 stone
869 121 565 stone
869 121 566 stone
869 121 567 stone
869 121 568 coal_ore
869 121 569 coal_ore
869 121 570 stone
869 121 571 andesite
869 121 572 andesite
869 121 573 andesite
869 121 574 andesite
869 121 575 andesite
869 121 576 andesite
869 121 577 andesite
869 121 578 diorite
869 121 579 stone
869 121 580 stone
869 121 581 stone
869 121 582 stone
869 121 583 stone
869 121 584 stone
869 121 585 stone
869 121 586 stone
869 121 587 stone
869 121 588 stone
869 121 589 stone
869 121 590 stone
869 121 591 stone
869 121 592 stone
869 121 593 stone
869 121 594 stone
869 121 595 stone
869 121 596 stone
869 121 597 stone
869 121 598 stone
869 121 599 stone
869 121 600 stone
869 121 601 stone
869 121 602 stone
869 121 603 stone
869 121 604 stone
869 121 605 stone
869 121 606 stone
869 121 607 stone
869 121 608 stone
869 121 609 stone
869 121 610 stone
869 121 611 stone
869 121 612 stone
869 121 613 stone
869 121 614 stone
869 121 615 stone
869 121 616 stone
869 121 617 stone
869 121 618 stone
869 121 619 stone
869 121 620 stone
869 121 621 stone
869 121 622 stone
869 121 623 stone
869 121 624 stone
869 121 625 stone
869 121 626 stone
869 121 627 stone
869 121 628 stone
869 121 629 stone
869 121 630 stone
869 121 631 stone
869 121 632 stone
869 121 633 stone
869 121 634 stone
869 121 635 stone
869 121 636 stone
869 121 637 stone
869 121 638 stone
869 121 639 stone
869 121 640 stone
869 121 641 stone
869 121 642 stone
869 121 643 stone
869 121 644 stone
869 121 645 stone
869 121 646 stone
869 121 647 stone
869 121 648 stone
869 121 649 stone
869 121 650 stone
869 121 651 stone
869 121 652 stone
869 121 653 stone
869 121 654 stone
869 121 655 stone
869 121 656 stone
869 121 657 stone
869 121 658 stone
869 121 659 stone
869 121 660 stone
869 121 661 stone
869 121 662 stone
869 121 663 stone
869 121 664 stone
869 121 665 stone
869 121 666 stone
869 121 667 stone
869 121 668 stone
869 121 669 stone
869 121 670 stone
869 121 671 stone
869 121 672 stone
869 121 673 stone
869 121 674 stone
869 121 675 stone
869 121 676 stone
869 121 677 stone
869 121 678 stone
869 121 679 stone
869 121 680 stone
869 121 681 stone
869 121 682 stone
869 121 683 stone
869 121 684 stone
869 121 685 stone
869 121 686 stone
869 121 687 stone
869 121 688 stone
869 121 689 coal_ore
869 121 690 stone
869 121 691 diorite
869 121 692 diorite
869 121 693 diorite
869 121 694 diorite
869 121 695 diorite
869 121 696 diorite
869 121 697 diorite
869 121 698 diorite
869 121 699 diorite
869 121 700 diorite
869 121 701 diorite
869 121 702 stone
869 121 703 stone
869 121 704 stone
869 121 705 stone
869 121 706 stone
869 121 707 stone
869 121 708 stone
869 121 709 stone
869 121 710 andesite
869 121 711 stone
869 121 712 stone
869 121 713 stone
869 121 714 stone
869 121 715 stone
869 121 716 gravel
869 121 717 gravel
869 121 718 gravel
869 121 719 gravel
869 121 720 gravel
869 121 721 granite
869 121 722 granite
869 121 723 granite
869 121 724 granite
869 121 725 granite
869 121 726 stone
869 121 727 stone
869 121 728 stone
869 121 729 stone
869 121 730 stone
869 121 731 stone
869 121 732 stone
869 121 733 stone
869 121 734 stone
869 121 735 stone
869 121 736 stone
869 121 737 stone
869 121 738 stone
869 121 739 stone
869 121 740 stone
869 121 741 stone
869 121 742 stone
869 121 743 stone
869 121 744 stone
869 121 752 stone
869 121 753 stone
869 121 754 stone
869 121 755 stone
869 121 756 stone
869 121 757 stone
869 121 758 stone
869 121 759 stone
869 121 760 stone
869 121 761 stone
869 121 762 stone
869 121 763 stone
869 121 764 stone
869 121 765 stone
869 121 766 stone
869 121 767 stone
869 121 768 stone
869 121 769 stone
869 121 770 stone
869 121 771 stone
869 121 772 stone
869 121 773 stone
869 121 774 stone
869 121 775 infested_stone
869 121 776 infested_stone
869 121 777 stone
869 121 778 stone
869 121 779 diorite
869 121 780 diorite
869 121 781 diorite
869 121 782 diorite
869 121 783 diorite
869 121 784 diorite
869 121 785 diorite
869 121 786 diorite
869 121 787 diorite
869 121 788 diorite
869 121 789 diorite
869 121 790 diorite
869 121 791 diorite
869 121 792 diorite
869 121 793 diorite
869 121 794 diorite
869 121 795 diorite
869 121 796 diorite
869 121 805 stone
869 121 806 stone
869 121 807 stone
869 121 808 stone
869 121 809 stone
869 121 810 stone
869 121 811 gravel
869 121 812 stone
869 121 813 stone
869 121 814 stone
869 121 815 stone
869 121 816 stone
869 121 817 stone
869 121 818 stone
869 121 819 stone
869 121 820 stone
869 121 821 stone
869 121 822 stone
869 121 823 stone
869 121 824 stone
869 121 825 stone
869 121 826 stone
869 121 827 stone
869 121 828 stone
869 121 829 stone
869 121 830 stone
869 121 831 stone
869 121 832 stone
869 121 833 stone
869 121 834 stone
869 121 835 stone
869 121 836 stone
869 121 837 stone
869 121 838 stone
869 121 839 stone
869 121 840 stone
869 121 841 stone
869 121 842 stone
869 121 843 stone
869 121 844 stone
869 121 845 stone
869 121 846 stone
869 121 847 stone
869 121 848 stone
869 121 849 stone
869 121 850 stone
869 121 851 stone
869 121 852 stone
869 121 853 stone
869 121 854 stone
869 121 855 stone
869 121 856 stone
869 121 857 stone
869 121 858 stone
869 121 859 stone
869 121 860 stone
869 121 861 stone
869 121 862 stone
869 121 863 stone
869 121 864 stone
869 121 865 andesite
869 121 866 andesite
869 121 867 andesite
869 121 868 andesite
869 121 869 andesite
869 121 870 andesite
869 121 871 andesite
869 121 872 andesite
869 121 873 andesite
869 121 874 andesite
869 121 875 andesite
869 121 876 andesite
869 121 877 andesite
869 121 878 andesite
869 121 879 andesite
869 121 880 andesite
869 121 881 andesite
869 121 882 andesite
869 121 883 andesite
869 121 884 andesite
869 121 885 andesite
869 121 886 andesite
869 121 887 granite
869 121 888 granite
869 121 889 stone
869 121 890 stone
869 121 891 stone
869 121 892 stone
869 121 893 stone
869 121 894 stone
869 121 895 stone
869 121 896 stone
869 121 897 stone
869 121 898 stone
869 121 899 stone
869 121 900 stone
869 121 901 coal_ore
869 121 902 coal_ore
869 121 903 stone
869 121 904 stone
869 121 905 stone
869 121 906 stone
869 121 907 stone
869 121 908 stone
869 121 909 stone
869 121 910 stone
869 121 911 stone
869 121 912 stone
869 121 913 stone
869 121 914 stone
869 121 915 granite
869 121 916 granite
869 121 917 granite
869 121 918 granite
869 121 919 granite
869 121 920 granite
869 121 921 granite
869 121 922 granite
869 121 923 granite
869 121 924 granite
869 121 925 granite
869 121 926 granite
869 121 927 granite
869 121 928 granite
869 121 929 granite
869 121 930 stone
869 121 931 stone
869 121 932 stone
869 121 933 stone
869 121 934 stone
869 121 935 stone
869 121 936 stone
869 121 937 stone
869 121 938 stone
869 121 939 stone
869 121 940 stone
869 121 941 stone
869 121 942 stone
869 121 943 stone
869 121 944 stone
869 121 945 stone
869 121 946 stone
869 121 947 stone
869 121 948 gravel
869 121 949 gravel
869 121 950 water[level=0]
869 121 951 water[level=0]
869 121 952 water[level=0]
869 121 953 water[level=0]
869 121 954 water[level=0]
869 121 955 water[level=0]
869 121 956 water[level=0]
869 121 957 tall_seagrass[half=lower]
869 121 958 stone
869 121 959 stone
869 121 960 stone
869 121 961 stone
869 121 962 stone
869 121 963 diorite
869 121 964 diorite
869 121 965 diorite
869 121 966 diorite
869 121 967 diorite
869 121 968 diorite
869 121 969 diorite
869 121 970 diorite
869 121 971 stone
869 121 972 stone
869 121 973 stone
869 121 974 stone
869 121 975 stone
869 121 976 stone
869 121 977 stone
869 121 978 stone
869 121 979 stone
869 121 980 stone
869 121 981 stone
869 121 982 stone
869 121 983 diorite
869 121 984 diorite
869 121 985 diorite
869 121 986 diorite
869 121 987 diorite
869 121 988 diorite
869 121 989 diorite
869 121 990 diorite
869 121 991 diorite
869 121 992 diorite
869 121 993 diorite
869 121 994 diorite
869 121 995 diorite
869 121 996 diorite
869 121 997 stone
869 121 998 stone
869 121 999 stone
869 121 1000 stone
869 121 1001 stone
869 121 1002 stone
869 121 1003 stone
869 121 1004 stone
869 121 1005 stone
869 121 1006 stone
869 121 1007 stone
869 121 1008 stone
869 121 1009 stone
869 121 1010 stone
869 121 1013 stone
869 121 1014 stone
869 121 1015 stone
869 121 1016 stone
869 121 1017 stone
869 121 1018 stone
869 121 1019 stone
869 121 1020 stone
869 121 1021 stone
869 121 1022 stone
869 121 1023 stone
869 122 0 stone
869 122 1 stone
869 122 2 stone
869 122 3 stone
869 122 4 copper_ore
869 122 5 copper_ore
869 122 6 stone
869 122 7 stone
869 122 8 stone
869 122 9 stone
869 122 10 stone
869 122 11 stone
869 122 12 stone
869 122 13 granite
869 122 14 granite
869 122 15 granite
869 122 16 granite
869 122 17 granite
869 122 18 granite
869 122 19 granite
869 122 20 granite
869 122 21 granite
869 122 22 granite
869 122 23 granite
869 122 24 granite
869 122 25 granite
869 122 26 stone
869 122 27 stone
869 122 28 stone
869 122 29 stone
869 122 30 stone
869 122 31 stone
869 122 32 stone
869 122 33 stone
869 122 34 stone
869 122 35 stone
869 122 36 stone
869 122 37 stone
869 122 38 stone
869 122 39 stone
869 122 40 stone
869 122 41 stone
869 122 42 stone
869 122 43 stone
869 122 44 stone
869 122 45 stone
869 122 46 stone
869 122 47 stone
869 122 48 stone
869 122 49 stone
869 122 50 stone
869 122 51 stone
869 122 52 stone
869 122 53 stone
869 122 54 stone
869 122 55 stone
869 122 56 stone
869 122 57 stone
869 122 58 stone
869 122 59 stone
869 122 60 stone
869 122 61 stone
869 122 62 stone
869 122 63 stone
869 122 64 stone
869 122 65 stone
869 122 66 stone
869 122 67 stone
869 122 68 stone
869 122 73 stone
869 122 74 stone
869 122 75 stone
869 122 76 stone
869 122 77 stone
869 122 78 stone
869 122 79 stone
869 122 80 stone
869 122 81 stone
869 122 82 stone
869 122 83 stone
869 122 84 stone
869 122 85 stone
869 122 86 stone
869 122 87 stone
869 122 88 stone
869 122 89 stone
869 122 90 stone
869 122 91 stone
869 122 92 stone
869 122 93 stone
869 122 94 stone
869 122 95 stone
869 122 96 copper_ore
869 122 97 stone
869 122 98 stone
869 122 99 stone
869 122 100 stone
869 122 101 stone
869 122 102 coal_ore
869 122 103 coal_ore
869 122 104 gravel
869 122 105 gravel
869 122 106 gravel
869 122 107 gravel
869 122 108 stone
869 122 109 stone
869 122 110 stone
869 122 111 stone
869 122 112 stone
869 122 113 stone
869 122 114 stone
869 122 115 stone
869 122 116 stone
869 122 117 stone
869 122 118 stone
869 122 119 stone
869 122 120 stone
869 122 121 stone
869 122 122 stone
869 122 123 stone
869 122 124 stone
869 122 125 stone
869 122 126 stone
869 122 127 stone
869 122 128 stone
869 122 129 stone
869 122 130 stone
869 122 131 stone
869 122 132 stone
869 122 133 stone
869 122 138 stone
869 122 139 stone
869 122 140 stone
869 122 141 stone
869 122 142 stone
869 122 143 stone
869 122 144 stone
869 122 145 stone
869 122 146 stone
869 122 147 stone
869 122 148 stone
869 122 149 stone
869 122 150 stone
869 122 151 stone
869 122 152 stone
869 122 153 stone
869 122 154 stone
869 122 155 stone
869 122 156 stone
869 122 157 stone
869 122 158 stone
869 122 159 stone
869 122 160 stone
869 122 161 stone
869 122 162 stone
869 122 163 stone
869 122 164 stone
869 122 165 stone
869 122 166 stone
869 122 167 stone
869 122 168 stone
869 122 169 stone
869 122 170 stone
869 122 171 stone
869 122 172 stone
869 122 173 stone
869 122 174 stone
869 122 175 stone
869 122 176 stone
869 122 177 stone
869 122 178 stone
869 122 179 stone
869 122 180 stone
869 122 181 stone
869 122 182 stone
869 122 183 stone
869 122 184 stone
869 122 185 coal_ore
869 122 186 stone
869 122 187 stone
869 122 188 stone
869 122 189 dirt
869 122 190 dirt
869 122 191 stone
869 122 192 stone
869 122 193 stone
869 122 194 stone
869 122 195 stone
869 122 196 stone
869 122 197 stone
869 122 198 stone
869 122 199 stone
869 122 200 stone
869 122 201 stone
869 122 202 stone
869 122 203 stone
869 122 204 stone
869 122 205 stone
869 122 206 stone
869 122 207 stone
869 122 208 stone
869 122 209 andesite
869 122 210 andesite
869 122 211 andesite
869 122 212 andesite
869 122 213 andesite
869 122 214 andesite
869 122 215 andesite
869 122 216 andesite
869 122 217 andesite
869 122 218 andesite
869 122 219 andesite
869 122 220 andesite
869 122 221 andesite
869 122 222 andesite
869 122 223 andesite
869 122 224 andesite
869 122 225 andesite
869 122 226 stone
869 122 227 stone
869 122 228 stone
869 122 229 stone
869 122 230 stone
869 122 231 andesite
869 122 232 andesite
869 122 233 andesite
869 122 234 stone
869 122 235 coal_ore
869 122 236 stone
869 122 237 stone
869 122 238 stone
869 122 239 stone
869 122 240 stone
869 122 241 stone
869 122 242 stone
869 122 243 stone
869 122 244 stone
869 122 245 stone
869 122 246 andesite
869 122 247 andesite
869 122 248 andesite
869 122 249 andesite
869 122 250 andesite
869 122 251 andesite
869 122 252 andesite
869 122 253 stone
869 122 254 stone
869 122 255 stone
869 122 256 stone
869 122 257 stone
869 122 258 stone
869 122 259 stone
869 122 260 stone
869 122 261 diorite
869 122 262 diorite
869 122 263 diorite
869 122 264 granite
869 122 265 granite
869 122 266 granite
869 122 267 granite
869 122 268 water[level=0]
869 122 269 granite
869 122 270 granite
869 122 271 granite
869 122 272 granite
869 122 273 granite
869 122 274 granite
869 122 275 granite
869 122 276 coal_ore
869 122 277 coal_ore
869 122 278 stone
869 122 279 stone
869 122 280 stone
869 122 281 stone
869 122 282 stone
869 122 283 stone
869 122 284 stone
869 122 285 dirt
869 122 286 stone
869 122 287 stone
869 122 288 stone
869 122 289 stone
869 122 290 stone
869 122 291 diorite
869 122 292 diorite
869 122 293 diorite
869 122 294 diorite
869 122 295 diorite
869 122 296 diorite
869 122 297 diorite
869 122 298 diorite
869 122 299 stone
869 122 300 stone
869 122 301 stone
869 122 302 stone
869 122 303 stone
869 122 304 stone
869 122 305 stone
869 122 306 stone
869 122 338 stone
869 122 339 stone
869 122 340 stone
869 122 341 stone
869 122 342 stone
869 122 343 coal_ore
869 122 344 coal_ore
869 122 345 stone
869 122 346 stone
869 122 347 stone
869 122 348 stone
869 122 349 stone
869 122 350 stone
869 122 351 stone
869 122 352 stone
869 122 353 stone
869 122 354 stone
869 122 355 stone
869 122 356 stone
869 122 357 stone
869 122 358 stone
869 122 359 granite
869 122 360 granite
869 122 361 granite
869 122 362 granite
869 122 363 granite
869 122 364 granite
869 122 365 granite
869 122 366 stone
869 122 367 stone
869 122 368 stone
869 122 369 stone
869 122 370 stone
869 122 371 stone
869 122 372 stone
869 122 373 stone
869 122 374 stone
869 122 375 stone
869 122 376 stone
869 122 377 stone
869 122 378 stone
869 122 379 stone
869 122 380 stone
869 122 381 stone
869 122 382 stone
869 122 383 stone
869 122 384 stone
869 122 385 stone
869 122 386 stone
869 122 387 stone
869 122 388 stone
869 122 389 stone
869 122 390 stone
869 122 391 stone
869 122 392 stone
869 122 393 stone
869 122 394 stone
869 122 395 stone
869 122 396 stone
869 122 397 stone
869 122 398 stone
869 122 399 stone
869 122 400 stone
869 122 401 stone
869 122 402 stone
869 122 403 stone
869 122 404 stone
869 122 405 stone
869 122 406 stone
869 122 407 stone
869 122 408 stone
869 122 409 stone
869 122 410 stone
869 122 411 stone
869 122 412 stone
869 122 413 stone
869 122 414 stone
869 122 415 stone
869 122 416 stone
869 122 417 stone
869 122 418 stone
869 122 419 stone
869 122 420 stone
869 122 421 stone
869 122 422 stone
869 122 423 stone
869 122 424 stone
869 122 425 stone
869 122 426 stone
869 122 427 stone
869 122 428 stone
869 122 429 stone
869 122 430 stone
869 122 431 stone
869 122 432 stone
869 122 433 stone
869 122 434 stone
869 122 435 stone
869 122 436 stone
869 122 437 stone
869 122 438 stone
869 122 439 stone
869 122 440 stone
869 122 441 stone
869 122 442 stone
869 122 443 stone
869 122 444 stone
869 122 445 stone
869 122 446 stone
869 122 447 stone
869 122 448 stone
869 122 449 dirt
869 122 450 water[level=0]
869 122 451 water[level=0]
869 122 452 water[level=0]
869 122 453 water[level=0]
869 122 454 water[level=0]
869 122 455 water[level=0]
869 122 456 water[level=0]
869 122 457 water[level=0]
869 122 458 water[level=0]
869 122 459 water[level=0]
869 122 460 water[level=0]
869 122 461 water[level=0]
869 122 462 water[level=0]
869 122 463 water[level=0]
869 122 464 water[level=0]
869 122 465 water[level=0]
869 122 466 water[level=0]
869 122 467 water[level=0]
869 122 468 water[level=0]
869 122 469 dirt
869 122 470 dirt
869 122 471 andesite
869 122 472 andesite
869 122 473 stone
869 122 474 stone
869 122 475 stone
869 122 476 stone
869 122 477 stone
869 122 478 stone
869 122 479 stone
869 122 480 stone
869 122 481 stone
869 122 482 stone
869 122 483 stone
869 122 484 stone
869 122 485 stone
869 122 486 stone
869 122 487 stone
869 122 488 stone
869 122 489 stone
869 122 490 stone
869 122 491 stone
869 122 492 stone
869 122 493 stone
869 122 494 stone
869 122 495 stone
869 122 496 water[level=0]
869 122 497 water[level=0]
869 122 498 water[level=0]
869 122 499 water[level=0]
869 122 500 water[level=0]
869 122 501 water[level=0]
869 122 502 water[level=0]
869 122 503 water[level=0]
869 122 504 stone
869 122 505 stone
869 122 506 stone
869 122 507 coal_ore
869 122 508 granite
