808 107 726 stone
808 107 727 stone
808 107 728 stone
808 107 729 stone
808 107 730 stone
808 107 731 stone
808 107 732 stone
808 107 733 stone
808 107 734 andesite
808 107 735 andesite
808 107 736 andesite
808 107 737 andesite
808 107 738 andesite
808 107 739 andesite
808 107 740 andesite
808 107 741 stone
808 107 742 stone
808 107 743 stone
808 107 744 stone
808 107 745 stone
808 107 746 stone
808 107 747 stone
808 107 748 stone
808 107 749 stone
808 107 750 stone
808 107 751 stone
808 107 752 stone
808 107 753 dirt
808 107 754 dirt
808 107 755 dirt
808 107 756 dirt
808 107 757 dirt
808 107 758 dirt
808 107 759 stone
808 107 760 stone
808 107 761 stone
808 107 762 stone
808 107 763 stone
808 107 764 stone
808 107 765 stone
808 107 766 stone
808 107 767 stone
808 107 768 stone
808 107 769 stone
808 107 770 stone
808 107 771 stone
808 107 772 stone
808 107 773 stone
808 107 774 stone
808 107 775 stone
808 107 776 stone
808 107 777 stone
808 107 778 stone
808 107 779 stone
808 107 780 stone
808 107 781 stone
808 107 782 stone
808 107 783 andesite
808 107 784 andesite
808 107 785 andesite
808 107 786 andesite
808 107 787 andesite
808 107 788 andesite
808 107 789 andesite
808 107 790 andesite
808 107 791 andesite
808 107 792 andesite
808 107 793 stone
808 107 794 stone
808 107 795 stone
808 107 796 stone
808 107 797 stone
808 107 798 stone
808 107 799 stone
808 107 800 stone
808 107 801 stone
808 107 802 stone
808 107 803 granite
808 107 804 granite
808 107 805 granite
808 107 806 stone
808 107 807 stone
808 107 808 stone
808 107 809 stone
808 107 810 stone
808 107 811 stone
808 107 812 stone
808 107 813 stone
808 107 814 stone
808 107 815 stone
808 107 816 stone
808 107 817 stone
808 107 818 stone
808 107 819 stone
808 107 820 stone
808 107 821 stone
808 107 822 stone
808 107 823 stone
808 107 824 stone
808 107 825 stone
808 107 826 stone
808 107 827 stone
808 107 828 stone
808 107 829 stone
808 107 830 stone
808 107 831 stone
808 107 832 stone
808 107 833 stone
808 107 834 stone
808 107 835 stone
808 107 836 stone
808 107 837 stone
808 107 838 stone
808 107 839 stone
808 107 840 stone
808 107 841 diorite
808 107 842 diorite
808 107 843 diorite
808 107 844 diorite
808 107 845 diorite
808 107 846 diorite
808 107 847 diorite
808 107 848 stone
808 107 849 stone
808 107 850 stone
808 107 851 stone
808 107 852 stone
808 107 853 stone
808 107 863 stone
808 107 864 stone
808 107 865 stone
808 107 866 stone
808 107 867 stone
808 107 868 infested_stone
808 107 869 infested_stone
808 107 870 stone
808 107 871 stone
808 107 872 stone
808 107 873 stone
808 107 874 stone
808 107 875 stone
808 107 876 stone
808 107 877 stone
808 107 878 stone
808 107 879 stone
808 107 880 stone
808 107 881 stone
808 107 882 stone
808 107 883 stone
808 107 884 stone
808 107 885 stone
808 107 886 stone
808 107 887 stone
808 107 888 stone
808 107 889 lapis_ore
808 107 890 lapis_ore
808 107 891 stone
808 107 892 stone
808 107 893 stone
808 107 894 stone
808 107 895 stone
808 107 896 stone
808 107 897 granite
808 107 898 granite
808 107 899 granite
808 107 900 granite
808 107 901 granite
808 107 902 granite
808 107 903 stone
808 107 904 stone
808 107 905 stone
808 107 906 stone
808 107 907 stone
808 107 908 stone
808 107 909 stone
808 107 910 stone
808 107 911 stone
808 107 912 stone
808 107 916 diorite
808 107 917 diorite
808 107 918 diorite
808 107 919 diorite
808 107 920 diorite
808 107 921 diorite
808 107 922 diorite
808 107 923 stone
808 107 924 stone
808 107 925 stone
808 107 926 stone
808 107 927 granite
808 107 928 granite
808 107 929 granite
808 107 930 granite
808 107 931 granite
808 107 932 granite
808 107 933 granite
808 107 934 granite
808 107 935 stone
808 107 936 stone
808 107 937 stone
808 107 938 stone
808 107 939 stone
808 107 940 stone
808 107 941 stone
808 107 942 stone
808 107 943 stone
808 107 944 stone
808 107 945 stone
808 107 946 stone
808 107 947 stone
808 107 948 stone
808 107 949 stone
808 107 950 water[level=0]
808 107 951 water[level=0]
808 107 952 water[level=0]
808 107 953 water[level=0]
808 107 954 dirt
808 107 955 dirt
808 107 956 dirt
808 107 957 dirt
808 107 958 stone
808 107 959 stone
808 107 960 stone
808 107 961 stone
808 107 962 stone
808 107 963 andesite
808 107 964 andesite
808 107 965 andesite
808 107 966 andesite
808 107 967 andesite
808 107 968 andesite
808 107 969 andesite
808 107 970 andesite
808 107 971 andesite
808 107 972 andesite
808 107 973 andesite
808 107 974 andesite
808 107 975 andesite
808 107 976 stone
808 107 977 stone
808 107 978 stone
808 107 979 andesite
808 107 980 andesite
808 107 981 andesite
808 107 982 andesite
808 107 983 andesite
808 107 984 andesite
808 107 985 copper_ore
808 107 986 andesite
808 107 987 andesite
808 107 988 diorite
808 107 989 diorite
808 107 990 diorite
808 107 991 diorite
808 107 992 diorite
808 107 993 diorite
808 107 1004 stone
808 107 1005 stone
808 107 1006 stone
808 107 1007 stone
808 107 1008 stone
808 107 1009 stone
808 107 1010 stone
808 107 1011 stone
808 107 1012 stone
808 107 1013 stone
808 107 1014 stone
808 107 1015 stone
808 107 1016 stone
808 107 1017 stone
808 107 1018 stone
808 107 1019 stone
808 107 1020 stone
808 107 1021 stone
808 107 1022 stone
808 107 1023 stone
808 108 0 stone
808 108 1 stone
808 108 2 stone
808 108 3 stone
808 108 4 stone
808 108 5 stone
808 108 6 stone
808 108 7 stone
808 108 8 stone
808 108 9 stone
808 108 10 stone
808 108 11 stone
808 108 12 stone
808 108 13 stone
808 108 14 stone
808 108 15 stone
808 108 24 stone
808 108 25 stone
808 108 26 stone
808 108 27 stone
808 108 28 stone
808 108 29 stone
808 108 30 stone
808 108 31 stone
808 108 32 stone
808 108 33 stone
808 108 34 stone
808 108 35 stone
808 108 36 stone
808 108 37 stone
808 108 38 stone
808 108 39 stone
808 108 40 stone
808 108 41 stone
808 108 42 stone
808 108 43 stone
808 108 44 stone
808 108 48 stone
808 108 49 stone
808 108 50 stone
808 108 51 stone
808 108 52 stone
808 108 53 stone
808 108 54 copper_ore
808 108 55 stone
808 108 56 stone
808 108 57 stone
808 108 58 stone
808 108 59 stone
808 108 60 stone
808 108 61 diorite
808 108 62 diorite
808 108 63 diorite
808 108 64 diorite
808 108 65 diorite
808 108 66 diorite
808 108 67 diorite
808 108 68 diorite
808 108 69 diorite
808 108 70 diorite
808 108 71 stone
808 108 72 iron_ore
808 108 73 stone
808 108 74 stone
808 108 75 stone
808 108 76 stone
808 108 77 granite
808 108 78 granite
808 108 79 stone
808 108 80 stone
808 108 81 stone
808 108 82 stone
808 108 83 stone
808 108 84 stone
808 108 85 stone
808 108 86 stone
808 108 87 stone
808 108 88 stone
808 108 89 stone
808 108 90 stone
808 108 91 stone
808 108 92 stone
808 108 93 stone
808 108 94 stone
808 108 95 stone
808 108 96 stone
808 108 97 stone
808 108 98 stone
808 108 99 andesite
808 108 100 andesite
808 108 101 andesite
808 108 102 andesite
808 108 103 andesite
808 108 104 andesite
808 108 105 andesite
808 108 106 stone
808 108 107 stone
808 108 108 stone
808 108 109 granite
808 108 110 granite
808 108 111 granite
808 108 112 granite
808 108 113 granite
808 108 114 granite
808 108 115 granite
808 108 116 granite
808 108 117 granite
808 108 118 granite
808 108 119 granite
808 108 120 granite
808 108 121 granite
808 108 122 granite
808 108 123 stone
808 108 124 stone
808 108 125 stone
808 108 126 stone
808 108 127 stone
808 108 128 stone
808 108 129 stone
808 108 130 stone
808 108 131 coal_ore
808 108 132 coal_ore
808 108 133 coal_ore
808 108 134 andesite
808 108 135 andesite
808 108 136 andesite
808 108 137 andesite
808 108 138 andesite
808 108 139 andesite
808 108 140 stone
808 108 141 stone
808 108 142 stone
808 108 143 stone
808 108 144 stone
808 108 145 stone
808 108 146 stone
808 108 147 stone
808 108 148 stone
808 108 149 stone
808 108 150 stone
808 108 151 stone
808 108 152 stone
808 108 153 stone
808 108 154 stone
808 108 155 stone
808 108 156 stone
808 108 157 stone
808 108 158 stone
808 108 159 stone
808 108 160 stone
808 108 161 stone
808 108 162 stone
808 108 163 stone
808 108 164 stone
808 108 165 stone
808 108 166 stone
808 108 167 stone
808 108 168 stone
808 108 169 stone
808 108 170 stone
808 108 171 stone
808 108 172 stone
808 108 173 stone
808 108 174 diorite
808 108 175 diorite
808 108 176 diorite
808 108 177 diorite
808 108 178 stone
808 108 179 stone
808 108 180 stone
808 108 181 stone
808 108 182 stone
808 108 183 stone
808 108 184 stone
808 108 185 stone
808 108 186 stone
808 108 187 stone
808 108 188 stone
808 108 189 stone
808 108 190 stone
808 108 191 stone
808 108 192 stone
808 108 193 coal_ore
808 108 194 coal_ore
808 108 195 coal_ore
808 108 196 coal_ore
808 108 197 stone
808 108 198 stone
808 108 199 stone
808 108 200 stone
808 108 201 stone
808 108 202 stone
808 108 203 stone
808 108 204 stone
808 108 205 stone
808 108 206 stone
808 108 207 stone
808 108 208 stone
808 108 209 stone
808 108 210 stone
808 108 211 stone
808 108 212 stone
808 108 213 stone
808 108 214 stone
808 108 215 stone
808 108 216 stone
808 108 217 stone
808 108 218 diorite
808 108 219 gravel
808 108 220 gravel
808 108 221 copper_ore
808 108 222 stone
808 108 223 stone
808 108 224 stone
808 108 225 andesite
808 108 226 andesite
808 108 227 andesite
808 108 228 stone
808 108 229 stone
808 108 230 stone
808 108 231 stone
808 108 232 stone
808 108 233 stone
808 108 234 stone
808 108 235 stone
808 108 236 stone
808 108 237 stone
808 108 238 stone
808 108 239 stone
808 108 240 stone
808 108 241 stone
808 108 242 stone
808 108 243 stone
808 108 244 stone
808 108 245 stone
808 108 246 stone
808 108 247 stone
808 108 248 stone
808 108 249 granite
808 108 250 granite
808 108 251 granite
808 108 252 granite
808 108 253 granite
808 108 254 granite
808 108 255 granite
808 108 256 granite
808 108 257 granite
808 108 258 granite
808 108 259 granite
808 108 260 stone
808 108 261 stone
808 108 262 stone
808 108 263 stone
808 108 264 stone
808 108 265 stone
808 108 266 stone
808 108 267 stone
808 108 268 stone
808 108 269 stone
808 108 270 stone
808 108 271 stone
808 108 272 stone
808 108 273 stone
808 108 274 stone
808 108 275 stone
808 108 276 stone
808 108 277 stone
808 108 278 stone
808 108 279 stone
808 108 280 stone
808 108 281 stone
808 108 282 stone
808 108 283 stone
808 108 284 stone
808 108 285 stone
808 108 286 stone
808 108 287 stone
808 108 288 stone
808 108 289 stone
808 108 290 stone
808 108 291 stone
808 108 292 stone
808 108 293 stone
808 108 294 stone
808 108 295 stone
808 108 296 stone
808 108 297 stone
808 108 298 stone
808 108 299 stone
808 108 300 stone
808 108 301 stone
808 108 302 stone
808 108 303 stone
808 108 304 copper_ore
808 108 305 copper_ore
808 108 306 stone
808 108 307 stone
808 108 308 stone
808 108 309 stone
808 108 310 stone
808 108 311 stone
808 108 312 stone
808 108 313 stone
808 108 314 stone
808 108 315 stone
808 108 316 stone
808 108 317 stone
808 108 318 stone
808 108 319 stone
808 108 320 stone
808 108 321 stone
808 108 322 stone
808 108 323 stone
808 108 324 stone
808 108 325 stone
808 108 326 stone
808 108 327 stone
808 108 328 stone
808 108 329 stone
808 108 330 stone
808 108 331 stone
808 108 332 stone
808 108 333 stone
808 108 334 stone
808 108 335 stone
808 108 336 stone
808 108 337 stone
808 108 338 stone
808 108 339 stone
808 108 340 stone
808 108 341 stone
808 108 342 stone
808 108 343 stone
808 108 344 stone
808 108 345 stone
808 108 346 stone
808 108 347 stone
808 108 348 stone
808 108 349 stone
808 108 350 stone
808 108 351 stone
808 108 352 stone
808 108 353 stone
808 108 354 stone
808 108 355 stone
808 108 356 stone
808 108 357 stone
808 108 358 stone
808 108 359 stone
808 108 360 stone
808 108 361 stone
808 108 362 stone
808 108 363 stone
808 108 364 stone
808 108 371 stone
808 108 372 stone
808 108 373 stone
808 108 374 stone
808 108 375 stone
808 108 376 stone
808 108 377 stone
808 108 378 stone
808 108 390 stone
808 108 391 stone
808 108 392 stone
808 108 393 stone
808 108 394 stone
808 108 395 stone
808 108 396 water[level=0]
808 108 397 water[level=0]
808 108 398 water[level=0]
808 108 399 water[level=0]
808 108 400 stone
808 108 401 stone
808 108 402 stone
808 108 403 stone
808 108 404 stone
808 108 405 stone
808 108 406 stone
808 108 407 stone
808 108 408 stone
808 108 409 stone
808 108 410 stone
808 108 411 stone
808 108 412 stone
808 108 413 stone
808 108 414 stone
808 108 415 stone
808 108 416 stone
808 108 417 stone
808 108 418 stone
808 108 419 stone
808 108 420 granite
808 108 421 granite
808 108 422 granite
808 108 423 granite
808 108 424 granite
808 108 425 granite
808 108 426 stone
808 108 427 stone
808 108 428 stone
808 108 429 stone
808 108 430 stone
808 108 431 stone
808 108 432 stone
808 108 433 stone
808 108 434 stone
808 108 435 stone
808 108 436 stone
808 108 437 stone
808 108 438 stone
808 108 439 stone
808 108 440 stone
808 108 441 stone
808 108 442 stone
808 108 443 stone
808 108 444 stone
808 108 445 stone
808 108 446 stone
808 108 447 stone
808 108 448 stone
808 108 449 stone
808 108 450 stone
808 108 451 stone
808 108 452 stone
808 108 453 stone
808 108 454 stone
808 108 455 stone
808 108 456 stone
808 108 457 stone
808 108 458 stone
808 108 459 stone
808 108 460 stone
808 108 461 granite
808 108 462 granite
808 108 463 granite
808 108 464 gravel
808 108 465 gravel
808 108 466 gravel
808 108 467 gravel
808 108 468 gravel
808 108 469 gravel
808 108 470 gravel
808 108 471 gravel
808 108 472 water[level=0]
808 108 473 gravel
808 108 474 stone
808 108 475 stone
808 108 476 stone
808 108 477 stone
808 108 478 stone
808 108 479 stone
808 108 480 stone
808 108 481 stone
808 108 482 stone
808 108 483 stone
808 108 484 stone
808 108 485 stone
808 108 486 stone
808 108 487 tall_seagrass[half=upper]
808 108 488 water[level=0]
808 108 489 water[level=0]
808 108 490 granite
808 108 491 copper_ore
808 108 492 copper_ore
808 108 493 granite
808 108 494 granite
808 108 495 granite
808 108 496 granite
808 108 497 stone
808 108 498 stone
808 108 499 andesite
808 108 500 andesite
808 108 501 andesite
808 108 502 andesite
808 108 503 andesite
808 108 504 andesite
808 108 505 stone
808 108 506 stone
808 108 507 stone
808 108 508 stone
808 108 509 stone
808 108 510 stone
808 108 511 stone
808 108 512 water[level=0]
808 108 513 water[level=0]
808 108 514 water[level=0]
808 108 515 water[level=0]
808 108 516 water[level=0]
808 108 517 water[level=0]
808 108 518 water[level=0]
808 108 519 water[level=0]
808 108 520 water[level=0]
808 108 521 water[level=0]
808 108 522 water[level=0]
808 108 523 water[level=0]
808 108 524 water[level=0]
808 108 525 granite
808 108 526 stone
808 108 527 stone
808 108 528 stone
808 108 529 stone
808 108 530 stone
808 108 531 stone
808 108 532 stone
808 108 533 stone
808 108 534 stone
808 108 535 stone
808 108 536 stone
808 108 537 stone
808 108 538 stone
808 108 539 stone
808 108 540 stone
808 108 541 granite
808 108 542 granite
808 108 543 granite
808 108 544 granite
808 108 545 granite
808 108 546 stone
808 108 547 stone
808 108 548 stone
808 108 549 stone
808 108 550 stone
808 108 551 stone
808 108 552 gravel
808 108 553 gravel
808 108 554 gravel
808 108 555 gravel
808 108 556 gravel
808 108 557 stone
808 108 558 stone
808 108 559 stone
808 108 560 stone
808 108 561 stone
808 108 562 stone
808 108 563 stone
808 108 564 stone
808 108 565 stone
808 108 566 stone
808 108 567 stone
808 108 568 stone
808 108 569 stone
808 108 570 stone
808 108 571 stone
808 108 572 stone
808 108 573 stone
808 108 574 stone
808 108 575 stone
808 108 576 stone
808 108 577 stone
808 108 578 stone
808 108 579 stone
808 108 580 stone
808 108 581 stone
808 108 582 stone
808 108 583 stone
808 108 584 stone
808 108 585 stone
808 108 586 stone
808 108 587 stone
808 108 588 diorite
808 108 589 diorite
808 108 590 diorite
808 108 591 diorite
808 108 592 diorite
808 108 593 diorite
808 108 594 stone
808 108 595 stone
808 108 596 stone
808 108 597 stone
808 108 598 stone
808 108 599 stone
808 108 600 stone
808 108 601 stone
808 108 602 stone
808 108 603 stone
808 108 604 stone
808 108 605 stone
808 108 606 stone
808 108 607 stone
808 108 618 stone
808 108 619 stone
808 108 620 stone
808 108 621 water[level=0]
808 108 622 water[level=0]
808 108 623 water[level=0]
808 108 624 water[level=0]
808 108 625 water[level=0]
808 108 626 water[level=0]
808 108 627 water[level=0]
808 108 628 water[level=0]
808 108 629 stone
808 108 630 stone
808 108 631 stone
808 108 632 stone
808 108 633 stone
808 108 634 stone
808 108 635 stone
808 108 636 stone
808 108 637 stone
808 108 638 granite
808 108 639 granite
808 108 640 granite
808 108 641 granite
808 108 642 granite
808 108 643 granite
808 108 644 stone
808 108 645 stone
808 108 646 stone
808 108 647 stone
808 108 648 stone
808 108 649 stone
808 108 650 stone
808 108 651 stone
808 108 652 stone
808 108 653 stone
808 108 654 stone
808 108 655 stone
808 108 656 andesite
808 108 657 andesite
808 108 658 andesite
808 108 659 andesite
808 108 660 andesite
808 108 661 andesite
808 108 662 andesite
808 108 663 stone
808 108 664 stone
808 108 665 stone
808 108 666 stone
808 108 667 stone
808 108 668 water[level=0]
808 108 669 water[level=0]
808 108 670 water[level=0]
808 108 671 water[level=0]
808 108 672 water[level=0]
808 108 673 water[level=0]
808 108 674 stone
808 108 675 stone
808 108 676 stone
808 108 677 stone
808 108 678 stone
808 108 679 stone
808 108 680 stone
808 108 681 stone
808 108 682 stone
808 108 683 stone
808 108 684 stone
808 108 685 stone
808 108 686 stone
808 108 687 stone
808 108 688 stone
808 108 689 copper_ore
808 108 690 copper_ore
808 108 691 copper_ore
808 108 692 stone
808 108 693 stone
808 108 694 stone
808 108 695 stone
808 108 696 stone
808 108 697 stone
808 108 698 stone
808 108 699 stone
808 108 700 stone
808 108 701 stone
808 108 702 stone
808 108 703 stone
808 108 704 stone
808 108 705 stone
808 108 706 stone
808 108 707 stone
808 108 708 stone
808 108 709 stone
808 108 710 stone
808 108 711 stone
808 108 712 stone
808 108 713 stone
808 108 714 stone
808 108 715 stone
808 108 716 stone
808 108 717 stone
808 108 718 stone
808 108 719 stone
808 108 720 stone
808 108 721 stone
808 108 722 stone
808 108 723 stone
808 108 724 stone
808 108 725 stone
808 108 726 stone
808 108 727 stone
808 108 728 stone
808 108 729 stone
808 108 730 stone
808 108 731 stone
808 108 732 stone
808 108 733 stone
808 108 734 andesite
808 108 735 andesite
808 108 736 andesite
808 108 737 andesite
808 108 738 andesite
808 108 739 andesite
808 108 740 andesite
808 108 741 stone
808 108 742 stone
808 108 743 stone
808 108 744 stone
808 108 745 stone
808 108 746 stone
808 108 747 stone
808 108 748 stone
808 108 749 stone
808 108 750 stone
808 108 751 stone
808 108 752 stone
808 108 753 stone
808 108 754 dirt
808 108 755 dirt
808 108 756 dirt
808 108 757 dirt
808 108 758 stone
808 108 759 stone
808 108 760 dirt
808 108 761 dirt
808 108 762 stone
808 108 763 stone
808 108 764 stone
808 108 765 stone
808 108 766 stone
808 108 767 stone
808 108 768 stone
808 108 769 stone
808 108 770 stone
808 108 771 stone
808 108 772 stone
808 108 773 stone
808 108 774 stone
808 108 775 stone
808 108 776 stone
808 108 777 stone
808 108 778 stone
808 108 779 stone
808 108 780 stone
808 108 781 stone
808 108 782 andesite
808 108 783 andesite
808 108 784 andesite
808 108 785 andesite
808 108 786 andesite
808 108 787 andesite
808 108 788 andesite
808 108 789 andesite
808 108 790 andesite
808 108 791 andesite
808 108 792 andesite
808 108 793 andesite
808 108 794 stone
808 108 795 stone
808 108 796 stone
808 108 797 stone
808 108 798 stone
808 108 799 stone
808 108 800 stone
808 108 801 stone
808 108 802 stone
808 108 803 stone
808 108 804 stone
808 108 805 stone
808 108 806 stone
808 108 807 stone
808 108 808 stone
808 108 809 stone
808 108 810 stone
808 108 811 stone
808 108 812 stone
808 108 813 stone
808 108 814 stone
808 108 815 stone
808 108 816 stone
808 108 817 stone
808 108 818 stone
808 108 819 stone
808 108 820 stone
808 108 821 stone
808 108 822 stone
808 108 823 stone
808 108 824 stone
808 108 825 stone
808 108 826 stone
808 108 827 stone
808 108 828 stone
808 108 829 stone
808 108 830 stone
808 108 831 stone
808 108 832 stone
808 108 833 stone
808 108 834 stone
808 108 835 stone
808 108 836 stone
808 108 837 stone
808 108 838 stone
808 108 839 stone
808 108 840 stone
808 108 841 stone
808 108 842 diorite
808 108 843 diorite
808 108 844 diorite
808 108 845 diorite
808 108 846 diorite
808 108 847 diorite
808 108 848 stone
808 108 849 stone
808 108 850 stone
