681 130 511 short_grass
fill 682 130 384 682 130 390 stone
fill 682 130 391 682 130 393 coal_ore
fill 682 130 394 682 130 403 stone
682 130 404 copper_ore
682 130 405 stone
682 130 406 stone
fill 682 130 407 682 130 413 granite
fill 682 130 414 682 130 482 stone
682 130 483 dirt
682 130 484 dirt
fill 682 130 485 682 130 487 grass_block[snowy=false]
682 130 488 short_grass
682 130 490 short_grass
682 130 495 short_grass
682 130 509 short_grass
fill 683 130 384 683 130 406 stone
fill 683 130 407 683 130 413 granite
fill 683 130 414 683 130 482 stone
683 130 483 dirt
683 130 484 dirt
fill 683 130 485 683 130 487 grass_block[snowy=false]
683 130 494 short_grass
683 130 511 short_grass
fill 684 130 384 684 130 406 stone
fill 684 130 407 684 130 415 granite
fill 684 130 416 684 130 482 stone
684 130 483 dirt
684 130 484 dirt
684 130 485 grass_block[snowy=false]
684 130 486 grass_block[snowy=false]
fill 685 130 384 685 130 407 stone
fill 685 130 408 685 130 415 granite
fill 685 130 416 685 130 481 stone
fill 685 130 482 685 130 484 dirt
685 130 485 grass_block[snowy=false]
685 130 486 grass_block[snowy=false]
685 130 488 short_grass
fill 686 130 384 686 130 407 stone
fill 686 130 408 686 130 416 granite
fill 686 130 417 686 130 481 stone
686 130 482 dirt
686 130 483 dirt
fill 686 130 484 686 130 486 grass_block[snowy=false]
fill 687 130 384 687 130 408 stone
fill 687 130 409 687 130 417 granite
fill 687 130 418 687 130 469 stone
687 130 470 coal_ore
687 130 471 coal_ore
fill 687 130 472 687 130 481 stone
fill 687 130 482 687 130 484 dirt
687 130 485 grass_block[snowy=false]
687 130 486 grass_block[snowy=false]
687 130 487 short_grass
687 130 489 short_grass
687 130 491 short_grass
fill 688 130 384 688 130 408 stone
fill 688 130 409 688 130 417 granite
fill 688 130 418 688 130 469 stone
688 130 470 coal_ore
688 130 471 coal_ore
fill 688 130 472 688 130 478 gravel
fill 688 130 479 688 130 482 stone
688 130 483 dirt
688 130 484 dirt
688 130 485 grass_block[snowy=false]
688 130 486 grass_block[snowy=false]
688 130 491 bush
fill 689 130 384 689 130 408 stone
fill 689 130 409 689 130 413 granite
fill 689 130 414 689 130 418 granite
fill 689 130 419 689 130 469 stone
fill 689 130 470 689 130 478 gravel
fill 689 130 479 689 130 482 stone
689 130 483 dirt
689 130 484 dirt
fill 689 130 485 689 130 487 grass_block[snowy=false]
fill 690 130 384 690 130 409 stone
fill 690 130 410 690 130 418 granite
fill 690 130 419 690 130 469 stone
fill 690 130 470 690 130 478 gravel
fill 690 130 479 690 130 482 stone
690 130 483 dirt
690 130 484 dirt
fill 690 130 485 690 130 487 grass_block[snowy=false]
690 130 489 short_grass
690 130 490 short_grass
fill 691 130 384 691 130 410 stone
fill 691 130 411 691 130 419 granite
fill 691 130 420 691 130 469 stone
fill 691 130 470 691 130 476 gravel
fill 691 130 477 691 130 483 stone
691 130 484 dirt
691 130 485 dirt
691 130 486 grass_block[snowy=false]
691 130 487 grass_block[snowy=false]
fill 692 130 384 692 130 411 stone
fill 692 130 412 692 130 419 granite
fill 692 130 420 692 130 443 stone
fill 692 130 444 692 130 446 granite
fill 692 130 447 692 130 450 stone
fill 692 130 451 692 130 453 gravel
fill 692 130 454 692 130 483 stone
692 130 484 dirt
692 130 485 dirt
692 130 486 grass_block[snowy=false]
692 130 487 grass_block[snowy=false]
fill 693 130 384 693 130 411 stone
fill 693 130 412 693 130 419 granite
fill 693 130 420 693 130 442 stone
693 130 443 gravel
fill 693 130 444 693 130 447 granite
fill 693 130 448 693 130 450 stone
fill 693 130 451 693 130 453 gravel
fill 693 130 454 693 130 459 stone
693 130 460 gravel
693 130 461 gravel
fill 693 130 462 693 130 481 stone
693 130 482 copper_ore
693 130 483 copper_ore
693 130 484 dirt
693 130 485 dirt
693 130 486 grass_block[snowy=false]
693 130 487 grass_block[snowy=false]
693 130 488 bush
693 130 490 short_grass
693 130 491 short_grass
fill 694 130 384 694 130 412 stone
fill 694 130 413 694 130 419 granite
fill 694 130 420 694 130 440 stone
fill 694 130 441 694 130 444 gravel
fill 694 130 445 694 130 448 granite
694 130 449 stone
694 130 450 stone
fill 694 130 451 694 130 454 gravel
fill 694 130 455 694 130 458 stone
fill 694 130 459 694 130 461 gravel
fill 694 130 462 694 130 475 stone
694 130 476 dirt
fill 694 130 477 694 130 481 stone
694 130 482 copper_ore
694 130 483 copper_ore
fill 694 130 484 694 130 486 dirt
694 130 487 grass_block[snowy=false]
694 130 491 short_grass
fill 695 130 384 695 130 390 stone
695 130 391 coal_ore
695 130 392 coal_ore
fill 695 130 393 695 130 414 stone
fill 695 130 415 695 130 420 granite
fill 695 130 421 695 130 438 stone
fill 695 130 439 695 130 444 gravel
fill 695 130 445 695 130 448 granite
fill 695 130 449 695 130 452 stone
695 130 453 gravel
fill 695 130 454 695 130 458 stone
fill 695 130 459 695 130 462 gravel
fill 695 130 463 695 130 475 stone
695 130 476 dirt
fill 695 130 477 695 130 482 stone
695 130 483 copper_ore
fill 695 130 484 695 130 486 dirt
695 130 487 grass_block[snowy=false]
695 130 488 short_grass
fill 696 130 384 696 130 397 stone
696 130 398 copper_ore
fill 696 130 399 696 130 415 stone
fill 696 130 416 696 130 419 granite
fill 696 130 420 696 130 437 stone
fill 696 130 438 696 130 444 gravel
fill 696 130 445 696 130 449 granite
fill 696 130 450 696 130 458 stone
fill 696 130 459 696 130 462 gravel
fill 696 130 463 696 130 476 stone
696 130 477 dirt
696 130 478 stone
696 130 479 dirt
696 130 480 dirt
696 130 481 stone
696 130 482 dirt
696 130 483 stone
fill 696 130 484 696 130 486 dirt
696 130 487 grass_block[snowy=false]
696 130 488 grass_block[snowy=false]
fill 697 130 384 697 130 397 stone
697 130 398 copper_ore
697 130 399 copper_ore
fill 697 130 400 697 130 417 stone
697 130 418 granite
fill 697 130 419 697 130 436 stone
fill 697 130 437 697 130 443 gravel
fill 697 130 444 697 130 449 granite
fill 697 130 450 697 130 458 stone
fill 697 130 459 697 130 462 gravel
fill 697 130 463 697 130 476 stone
697 130 477 dirt
697 130 478 dirt
fill 697 130 479 697 130 482 stone
fill 697 130 483 697 130 486 dirt
fill 697 130 487 697 130 489 grass_block[snowy=false]
697 130 491 short_grass
697 130 495 short_grass
fill 698 130 384 698 130 397 stone
698 130 398 copper_ore
698 130 399 copper_ore
fill 698 130 400 698 130 436 stone
fill 698 130 437 698 130 442 gravel
fill 698 130 443 698 130 450 granite
fill 698 130 451 698 130 458 stone
fill 698 130 459 698 130 462 gravel
fill 698 130 463 698 130 476 stone
698 130 477 dirt
698 130 478 stone
698 130 479 dirt
fill 698 130 480 698 130 482 stone
fill 698 130 483 698 130 486 dirt
fill 698 130 487 698 130 490 grass_block[snowy=false]
698 130 493 short_grass
698 130 495 short_grass
fill 699 130 384 699 130 436 stone
fill 699 130 437 699 130 439 dirt
699 130 440 gravel
699 130 441 stone
699 130 442 stone
fill 699 130 443 699 130 449 granite
699 130 450 granite
fill 699 130 451 699 130 458 stone
fill 699 130 459 699 130 462 gravel
fill 699 130 463 699 130 477 stone
699 130 478 dirt
699 130 479 stone
699 130 480 stone
fill 699 130 481 699 130 486 dirt
fill 699 130 487 699 130 490 grass_block[snowy=false]
699 130 491 short_grass
699 130 495 short_grass
fill 700 130 384 700 130 435 stone
fill 700 130 436 700 130 440 dirt
700 130 441 stone
700 130 442 stone
fill 700 130 443 700 130 450 granite
fill 700 130 451 700 130 458 stone
fill 700 130 459 700 130 462 gravel
fill 700 130 463 700 130 477 stone
700 130 478 dirt
fill 700 130 479 700 130 481 stone
fill 700 130 482 700 130 486 dirt
fill 700 130 487 700 130 490 grass_block[snowy=false]
700 130 491 short_grass
700 130 495 short_grass
700 130 499 short_grass
fill 701 130 384 701 130 433 stone
fill 701 130 434 701 130 439 dirt
fill 701 130 440 701 130 442 stone
fill 701 130 443 701 130 450 granite
fill 701 130 451 701 130 459 stone
fill 701 130 460 701 130 462 gravel
fill 701 130 463 701 130 466 stone
701 130 467 copper_ore
fill 701 130 468 701 130 479 stone
701 130 480 dirt
701 130 481 stone
fill 701 130 482 701 130 485 dirt
fill 701 130 486 701 130 491 grass_block[snowy=false]
fill 701 130 492 701 130 494 short_grass
fill 701 130 496 701 130 498 short_grass
701 130 500 short_grass
fill 702 130 384 702 130 433 stone
fill 702 130 434 702 130 437 dirt
702 130 438 copper_ore
fill 702 130 439 702 130 442 stone
fill 702 130 443 702 130 451 granite
fill 702 130 452 702 130 459 stone
702 130 460 gravel
702 130 461 gravel
fill 702 130 462 702 130 481 stone
fill 702 130 482 702 130 485 dirt
fill 702 130 486 702 130 491 grass_block[snowy=false]
702 130 492 short_grass
702 130 498 short_grass
702 130 499 short_grass
fill 703 130 384 703 130 433 stone
703 130 434 dirt
703 130 435 dirt
fill 703 130 436 703 130 438 stone
703 130 439 copper_ore
fill 703 130 440 703 130 442 stone
fill 703 130 443 703 130 451 granite
fill 703 130 452 703 130 457 stone
703 130 458 coal_ore
703 130 459 coal_ore
fill 703 130 460 703 130 464 stone
703 130 465 copper_ore
703 130 466 copper_ore
fill 703 130 467 703 130 478 stone
703 130 479 dirt
703 130 480 stone
fill 703 130 481 703 130 485 dirt
fill 703 130 486 703 130 493 grass_block[snowy=false]
703 130 496 short_grass
703 130 497 short_grass
703 130 502 short_grass
fill 704 130 384 704 130 438 stone
704 130 439 copper_ore
fill 704 130 440 704 130 442 stone
fill 704 130 443 704 130 450 granite
fill 704 130 451 704 130 457 stone
fill 704 130 458 704 130 460 coal_ore
fill 704 130 461 704 130 464 stone
704 130 465 copper_ore
704 130 466 copper_ore
fill 704 130 467 704 130 479 stone
fill 704 130 480 704 130 486 dirt
fill 704 130 487 704 130 495 grass_block[snowy=false]
704 130 496 short_grass
704 130 497 short_grass
704 130 500 short_grass
704 130 501 short_grass
fill 705 130 384 705 130 443 stone
fill 705 130 444 705 130 450 granite
fill 705 130 451 705 130 458 stone
fill 705 130 459 705 130 461 coal_ore
fill 705 130 462 705 130 464 stone
705 130 465 copper_ore
fill 705 130 466 705 130 479 stone
fill 705 130 480 705 130 487 dirt
fill 705 130 488 705 130 496 grass_block[snowy=false]
705 130 498 short_grass
705 130 501 short_grass
705 130 502 tall_grass[half=lower]
705 130 503 short_grass
fill 706 130 384 706 130 443 stone
fill 706 130 444 706 130 450 granite
fill 706 130 451 706 130 459 stone
706 130 460 coal_ore
706 130 461 coal_ore
fill 706 130 462 706 130 478 stone
fill 706 130 479 706 130 488 dirt
fill 706 130 489 706 130 499 grass_block[snowy=false]
706 130 500 short_grass
706 130 501 tall_grass[half=lower]
706 130 503 tall_grass[half=lower]
fill 707 130 384 707 130 444 stone
fill 707 130 445 707 130 450 granite
fill 707 130 451 707 130 478 stone
fill 707 130 479 707 130 491 dirt
fill 707 130 492 707 130 502 grass_block[snowy=false]
707 130 503 tall_grass[half=lower]
fill 708 130 384 708 130 445 stone
fill 708 130 446 708 130 450 granite
fill 708 130 451 708 130 464 stone
fill 708 130 465 708 130 478 stone
fill 708 130 479 708 130 501 dirt
708 130 502 grass_block[snowy=false]
708 130 503 grass_block[snowy=false]
fill 709 130 384 709 130 445 stone
fill 709 130 446 709 130 450 granite
fill 709 130 451 709 130 478 stone
fill 709 130 479 709 130 499 dirt
709 130 500 stone
fill 709 130 501 709 130 503 dirt
709 130 505 short_grass
fill 710 130 384 710 130 446 stone
fill 710 130 447 710 130 449 granite
fill 710 130 450 710 130 478 stone
fill 710 130 479 710 130 498 dirt
fill 710 130 499 710 130 503 stone
710 130 504 dirt
710 130 505 grass_block[snowy=false]
fill 711 130 384 711 130 479 stone
fill 711 130 480 711 130 497 dirt
fill 711 130 498 711 130 503 stone
fill 711 130 504 711 130 506 dirt
711 130 507 grass_block[snowy=false]
711 130 508 grass_block[snowy=false]
fill 712 130 384 712 130 477 stone
fill 712 130 478 712 130 493 dirt
712 130 496 dirt
712 130 497 dirt
fill 712 130 498 712 130 504 stone
712 130 505 dirt
712 130 506 stone
712 130 507 dirt
712 130 508 dirt
712 130 509 short_grass
fill 713 130 384 713 130 476 stone
fill 713 130 477 713 130 492 dirt
fill 713 130 497 713 130 507 stone
713 130 508 dirt
713 130 509 grass_block[snowy=false]
fill 714 130 384 714 130 476 stone
fill 714 130 477 714 130 492 dirt
fill 714 130 497 714 130 508 stone
714 130 509 dirt
714 130 510 grass_block[snowy=false]
fill 715 130 384 715 130 476 stone
fill 715 130 477 715 130 492 dirt
fill 715 130 498 715 130 507 stone
715 130 508 dirt
715 130 509 grass_block[snowy=false]
fill 716 130 384 716 130 450 stone
716 130 451 coal_ore
fill 716 130 452 716 130 476 stone
fill 716 130 477 716 130 492 dirt
fill 716 130 498 716 130 504 stone
fill 716 130 505 716 130 508 dirt
716 130 509 grass_block[snowy=false]
fill 717 130 384 717 130 451 stone
717 130 452 coal_ore
fill 717 130 453 717 130 475 stone
fill 717 130 476 717 130 492 dirt
fill 717 130 498 717 130 503 stone
fill 717 130 504 717 130 507 dirt
717 130 508 grass_block[snowy=false]
fill 718 130 384 718 130 475 stone
fill 718 130 476 718 130 492 dirt
718 130 498 stone
718 130 499 dirt
718 130 500 dirt
718 130 501 stone
718 130 502 stone
fill 718 130 503 718 130 506 dirt
718 130 507 grass_block[snowy=false]
fill 719 130 384 719 130 475 stone
fill 719 130 476 719 130 493 dirt
fill 719 130 498 719 130 500 dirt
719 130 501 stone
fill 719 130 502 719 130 504 dirt
719 130 505 grass_block[snowy=false]
719 130 506 grass_block[snowy=false]
fill 720 130 384 720 130 439 stone
720 130 440 gravel
720 130 441 gravel
fill 720 130 442 720 130 475 stone
fill 720 130 476 720 130 492 dirt
720 130 493 grass_block[snowy=false]
fill 720 130 498 720 130 504 dirt
720 130 505 grass_block[snowy=false]
fill 721 130 384 721 130 399 stone
721 130 400 iron_ore
721 130 401 iron_ore
fill 721 130 402 721 130 438 stone
fill 721 130 439 721 130 442 gravel
fill 721 130 443 721 130 474 stone
fill 721 130 475 721 130 492 dirt
721 130 493 grass_block[snowy=false]
fill 721 130 498 721 130 500 dirt
721 130 501 stone
721 130 502 dirt
721 130 503 dirt
721 130 504 grass_block[snowy=false]
fill 722 130 384 722 130 439 stone
fill 722 130 440 722 130 443 gravel
fill 722 130 444 722 130 474 stone
fill 722 130 475 722 130 492 dirt
722 130 493 grass_block[snowy=false]
722 130 494 bush
fill 722 130 498 722 130 500 dirt
722 130 501 stone
722 130 502 dirt
722 130 503 dirt
722 130 504 grass_block[snowy=false]
723 130 384 stone
723 130 385 stone
fill 723 130 386 723 130 388 gravel
fill 723 130 389 723 130 439 stone
fill 723 130 440 723 130 443 gravel
fill 723 130 444 723 130 474 stone
fill 723 130 475 723 130 492 dirt
723 130 493 short_grass
fill 723 130 498 723 130 500 dirt
723 130 501 stone
723 130 502 dirt
723 130 503 grass_block[snowy=false]
fill 724 130 384 724 130 389 gravel
fill 724 130 390 724 130 439 stone
fill 724 130 440 724 130 443 gravel
fill 724 130 444 724 130 473 stone
fill 724 130 474 724 130 492 dirt
fill 724 130 497 724 130 499 dirt
724 130 500 stone
724 130 501 dirt
724 130 502 dirt
724 130 503 grass_block[snowy=false]
fill 725 130 384 725 130 388 gravel
fill 725 130 389 725 130 440 stone
fill 725 130 441 725 130 443 gravel
fill 725 130 444 725 130 472 stone
fill 725 130 473 725 130 490 dirt
725 130 491 stone
725 130 492 stone
725 130 497 stone
725 130 498 dirt
725 130 499 stone
725 130 500 stone
725 130 501 dirt
725 130 502 grass_block[snowy=false]
fill 726 130 384 726 130 388 gravel
fill 726 130 389 726 130 471 stone
fill 726 130 472 726 130 488 dirt
fill 726 130 489 726 130 492 stone
fill 726 130 497 726 130 500 stone
726 130 501 dirt
726 130 502 grass_block[snowy=false]
fill 727 130 384 727 130 386 gravel
fill 727 130 387 727 130 460 stone
fill 727 130 461 727 130 471 stone
fill 727 130 472 727 130 488 dirt
fill 727 130 489 727 130 492 stone
fill 727 130 496 727 130 500 stone
727 130 501 dirt
727 130 502 grass_block[snowy=false]
fill 728 130 384 728 130 471 stone
fill 728 130 472 728 130 488 dirt
fill 728 130 489 728 130 491 stone
fill 728 130 496 728 130 499 stone
728 130 500 dirt
728 130 501 dirt
fill 729 130 384 729 130 468 stone
fill 729 130 469 729 130 488 dirt
fill 729 130 489 729 130 492 stone
fill 729 130 496 729 130 499 stone
729 130 500 dirt
729 130 501 dirt
729 130 502 short_grass
fill 730 130 384 730 130 469 stone
fill 730 130 470 730 130 488 dirt
fill 730 130 489 730 130 492 stone
fill 730 130 496 730 130 499 stone
730 130 500 dirt
730 130 501 grass_block[snowy=false]
fill 731 130 384 731 130 468 stone
fill 731 130 469 731 130 489 dirt
fill 731 130 490 731 130 498 stone
731 130 499 dirt
731 130 500 dirt
731 130 501 grass_block[snowy=false]
fill 732 130 384 732 130 411 stone
732 130 412 copper_ore
732 130 413 copper_ore
fill 732 130 414 732 130 467 stone
fill 732 130 468 732 130 489 dirt
fill 732 130 490 732 130 497 stone
fill 732 130 498 732 130 500 dirt
fill 733 130 384 733 130 411 stone
733 130 412 copper_ore
733 130 413 copper_ore
fill 733 130 414 733 130 467 stone
fill 733 130 468 733 130 489 dirt
fill 733 130 490 733 130 496 stone
fill 733 130 497 733 130 499 dirt
733 130 500 grass_block[snowy=false]
fill 734 130 384 734 130 411 stone
734 130 412 copper_ore
734 130 413 stone
734 130 414 stone
fill 734 130 415 734 130 418 gravel
fill 734 130 419 734 130 451 stone
734 130 452 dirt
734 130 453 dirt
fill 734 130 454 734 130 466 stone
fill 734 130 467 734 130 490 dirt
fill 734 130 491 734 130 496 stone
fill 734 130 497 734 130 499 dirt
734 130 500 grass_block[snowy=false]
fill 735 130 384 735 130 414 stone
fill 735 130 415 735 130 419 gravel
fill 735 130 420 735 130 449 stone
fill 735 130 450 735 130 453 dirt
fill 735 130 454 735 130 458 stone
735 130 459 copper_ore
fill 735 130 460 735 130 466 stone
fill 735 130 467 735 130 489 dirt
fill 735 130 490 735 130 497 stone
735 130 498 dirt
735 130 499 grass_block[snowy=false]
fill 736 130 384 736 130 414 stone
fill 736 130 415 736 130 421 gravel
fill 736 130 422 736 130 448 stone
fill 736 130 449 736 130 453 dirt
fill 736 130 454 736 130 457 stone
736 130 458 copper_ore
736 130 459 copper_ore
fill 736 130 460 736 130 466 stone
fill 736 130 467 736 130 489 dirt
fill 736 130 490 736 130 497 stone
736 130 498 dirt
fill 737 130 384 737 130 415 stone
fill 737 130 416 737 130 422 gravel
fill 737 130 423 737 130 439 stone
fill 737 130 440 737 130 448 stone
fill 737 130 449 737 130 453 dirt
fill 737 130 454 737 130 457 stone
737 130 458 copper_ore
737 130 459 copper_ore
fill 737 130 460 737 130 465 stone
fill 737 130 466 737 130 489 dirt
fill 737 130 490 737 130 497 stone
737 130 498 dirt
fill 738 130 384 738 130 416 stone
fill 738 130 417 738 130 422 gravel
fill 738 130 423 738 130 434 stone
738 130 435 gravel
fill 738 130 436 738 130 448 stone
fill 738 130 449 738 130 452 dirt
fill 738 130 453 738 130 465 stone
fill 738 130 466 738 130 488 dirt
fill 738 130 489 738 130 496 stone
738 130 497 dirt
738 130 498 grass_block[snowy=false]
fill 739 130 384 739 130 402 stone
739 130 403 copper_ore
739 130 404 copper_ore
fill 739 130 405 739 130 418 stone
fill 739 130 419 739 130 422 gravel
fill 739 130 423 739 130 433 stone
fill 739 130 434 739 130 436 gravel
fill 739 130 437 739 130 439 stone
fill 739 130 441 739 130 448 stone
fill 739 130 449 739 130 452 dirt
fill 739 130 453 739 130 457 stone
fill 739 130 458 739 130 460 gravel
fill 739 130 461 739 130 466 stone
fill 739 130 467 739 130 487 dirt
fill 739 130 488 739 130 496 stone
739 130 497 dirt
739 130 498 grass_block[snowy=false]
fill 740 130 384 740 130 433 stone
fill 740 130 434 740 130 437 gravel
740 130 438 stone
fill 740 130 443 740 130 447 stone
fill 740 130 448 740 130 450 dirt
740 130 451 coal_ore
fill 740 130 452 740 130 456 stone
fill 740 130 457 740 130 460 gravel
fill 740 130 461 740 130 465 stone
fill 740 130 466 740 130 486 dirt
fill 740 130 487 740 130 496 stone
740 130 497 dirt
fill 741 130 384 741 130 412 stone
741 130 413 coal_ore
fill 741 130 414 741 130 433 stone
fill 741 130 434 741 130 437 gravel
fill 741 130 445 741 130 447 stone
741 130 448 dirt
741 130 449 dirt
fill 741 130 450 741 130 456 stone
fill 741 130 457 741 130 460 gravel
fill 741 130 461 741 130 464 stone
fill 741 130 465 741 130 485 dirt
fill 741 130 486 741 130 495 stone
741 130 496 dirt
741 130 497 grass_block[snowy=false]
fill 742 130 384 742 130 412 stone
fill 742 130 413 742 130 415 coal_ore
fill 742 130 416 742 130 434 stone
742 130 435 gravel
742 130 436 gravel
fill 742 130 447 742 130 455 stone
fill 742 130 456 742 130 460 gravel
fill 742 130 461 742 130 463 stone
fill 742 130 464 742 130 485 dirt
fill 742 130 486 742 130 494 stone
742 130 495 dirt
742 130 496 dirt
fill 743 130 384 743 130 413 stone
fill 743 130 414 743 130 416 coal_ore
fill 743 130 417 743 130 434 stone
743 130 435 gravel