692 100 315 stone
692 100 316 stone
fill 692 100 317 692 100 326 diorite
fill 692 100 327 692 100 355 stone
fill 692 100 356 692 100 360 dirt
fill 692 100 361 692 100 376 stone
fill 692 100 377 692 100 383 diorite
693 100 256 granite
fill 693 100 257 693 100 265 diorite
fill 693 100 266 693 100 272 stone
693 100 273 dirt
693 100 274 dirt
693 100 275 stone
693 100 276 stone
fill 693 100 277 693 100 288 diorite
fill 693 100 289 693 100 307 stone
693 100 308 copper_ore
693 100 309 copper_ore
fill 693 100 310 693 100 316 stone
fill 693 100 317 693 100 325 diorite
fill 693 100 326 693 100 356 stone
fill 693 100 357 693 100 361 dirt
fill 693 100 362 693 100 372 stone
fill 693 100 373 693 100 380 andesite
fill 693 100 381 693 100 383 stone
fill 694 100 256 694 100 260 granite
694 100 261 stone
694 100 262 stone
694 100 263 diorite
694 100 264 diorite
fill 694 100 265 694 100 271 stone
fill 694 100 272 694 100 277 dirt
fill 694 100 278 694 100 286 diorite
fill 694 100 287 694 100 305 stone
fill 694 100 306 694 100 308 andesite
fill 694 100 309 694 100 315 stone
fill 694 100 316 694 100 324 diorite
fill 694 100 325 694 100 357 stone
fill 694 100 358 694 100 361 dirt
fill 694 100 362 694 100 371 stone
fill 694 100 372 694 100 380 andesite
fill 694 100 381 694 100 383 stone
695 100 256 granite
695 100 257 granite
fill 695 100 258 695 100 271 stone
fill 695 100 272 695 100 278 dirt
fill 695 100 279 695 100 286 diorite
fill 695 100 287 695 100 304 stone
fill 695 100 305 695 100 312 andesite
695 100 313 stone
695 100 314 stone
fill 695 100 315 695 100 323 diorite
fill 695 100 324 695 100 359 stone
695 100 360 dirt
695 100 361 dirt
fill 695 100 362 695 100 371 stone
fill 695 100 372 695 100 379 andesite
fill 695 100 380 695 100 383 stone
696 100 256 stone
696 100 257 stone
fill 696 100 258 696 100 272 stone
fill 696 100 273 696 100 279 dirt
fill 696 100 280 696 100 286 diorite
fill 696 100 287 696 100 304 stone
fill 696 100 305 696 100 313 andesite
fill 696 100 314 696 100 322 diorite
fill 696 100 323 696 100 371 stone
fill 696 100 372 696 100 375 andesite
fill 696 100 376 696 100 382 stone
696 100 383 andesite
fill 697 100 256 697 100 273 stone
fill 697 100 274 697 100 280 dirt
fill 697 100 281 697 100 287 diorite
697 100 288 stone
697 100 289 stone
fill 697 100 290 697 100 297 granite
fill 697 100 298 697 100 305 stone
fill 697 100 306 697 100 313 andesite
fill 697 100 314 697 100 320 diorite
fill 697 100 321 697 100 381 stone
697 100 382 andesite
697 100 383 andesite
fill 698 100 256 698 100 275 stone
fill 698 100 276 698 100 280 dirt
fill 698 100 281 698 100 286 diorite
fill 698 100 287 698 100 289 stone
fill 698 100 290 698 100 301 granite
fill 698 100 302 698 100 306 stone
fill 698 100 307 698 100 314 andesite
fill 698 100 315 698 100 319 diorite
fill 698 100 320 698 100 381 stone
698 100 382 andesite
698 100 383 andesite
fill 699 100 256 699 100 280 stone
fill 699 100 281 699 100 286 diorite
fill 699 100 287 699 100 289 stone
fill 699 100 290 699 100 302 granite
fill 699 100 303 699 100 307 stone
fill 699 100 308 699 100 315 andesite
699 100 316 diorite
699 100 317 diorite
699 100 318 andesite
fill 699 100 319 699 100 379 stone
fill 699 100 380 699 100 382 granite
699 100 383 stone
fill 700 100 256 700 100 281 stone
fill 700 100 282 700 100 286 diorite
fill 700 100 287 700 100 290 stone
fill 700 100 291 700 100 303 granite
fill 700 100 304 700 100 308 stone
fill 700 100 309 700 100 319 andesite
fill 700 100 320 700 100 378 stone
fill 700 100 379 700 100 383 granite
fill 701 100 256 701 100 281 stone
fill 701 100 282 701 100 286 diorite
fill 701 100 287 701 100 291 stone
fill 701 100 292 701 100 304 granite
fill 701 100 305 701 100 309 stone
fill 701 100 310 701 100 317 andesite
701 100 318 copper_ore
701 100 319 copper_ore
fill 701 100 320 701 100 377 stone
fill 701 100 378 701 100 382 granite
701 100 383 copper_ore
fill 702 100 256 702 100 261 stone
702 100 262 coal_ore
702 100 263 coal_ore
fill 702 100 264 702 100 272 stone
fill 702 100 273 702 100 277 diorite
fill 702 100 278 702 100 282 stone
fill 702 100 283 702 100 285 diorite
fill 702 100 286 702 100 293 stone
fill 702 100 294 702 100 300 granite
702 100 309 stone
702 100 310 stone
fill 702 100 311 702 100 317 andesite
702 100 318 copper_ore
702 100 319 copper_ore
fill 702 100 320 702 100 351 stone
fill 702 100 352 702 100 358 smooth_basalt
fill 702 100 359 702 100 377 stone
fill 702 100 378 702 100 382 andesite
702 100 383 copper_ore
fill 703 100 256 703 100 261 stone
fill 703 100 262 703 100 264 coal_ore
fill 703 100 265 703 100 270 stone
fill 703 100 271 703 100 277 diorite
fill 703 100 278 703 100 294 stone
fill 703 100 295 703 100 298 granite
fill 703 100 307 703 100 311 stone
fill 703 100 312 703 100 319 andesite
fill 703 100 320 703 100 350 stone
703 100 351 smooth_basalt
fill 703 100 352 703 100 358 calcite
703 100 359 smooth_basalt
fill 703 100 360 703 100 374 stone
fill 703 100 375 703 100 383 andesite
fill 704 100 256 704 100 261 stone
704 100 262 iron_ore
fill 704 100 263 704 100 265 coal_ore
fill 704 100 266 704 100 268 stone
fill 704 100 269 704 100 277 diorite
fill 704 100 278 704 100 296 stone
fill 704 100 297 704 100 299 granite
fill 704 100 306 704 100 313 stone
fill 704 100 314 704 100 318 andesite
fill 704 100 319 704 100 349 stone
704 100 350 smooth_basalt
704 100 351 calcite
704 100 352 calcite
fill 704 100 353 704 100 357 amethyst_block
704 100 358 calcite
704 100 359 calcite
704 100 360 smooth_basalt
fill 704 100 361 704 100 373 stone
fill 704 100 374 704 100 383 andesite
fill 705 100 256 705 100 263 stone
705 100 264 coal_ore
fill 705 100 265 705 100 267 granite
705 100 268 stone
fill 705 100 269 705 100 277 diorite
fill 705 100 278 705 100 348 stone
705 100 349 smooth_basalt
705 100 350 calcite
705 100 351 calcite
fill 705 100 352 705 100 358 amethyst_block
705 100 359 calcite
705 100 360 calcite
705 100 361 smooth_basalt
fill 705 100 362 705 100 372 stone
fill 705 100 373 705 100 383 andesite
706 100 256 stone
fill 706 100 257 706 100 260 andesite
706 100 261 stone
706 100 262 stone
fill 706 100 263 706 100 267 granite
fill 706 100 268 706 100 277 diorite
fill 706 100 278 706 100 348 stone
706 100 349 smooth_basalt
706 100 350 calcite
fill 706 100 351 706 100 353 amethyst_block
fill 706 100 356 706 100 359 amethyst_block
706 100 360 calcite
706 100 361 smooth_basalt
fill 706 100 362 706 100 372 stone
fill 706 100 373 706 100 382 andesite
706 100 383 stone
fill 707 100 256 707 100 262 andesite
fill 707 100 263 707 100 266 granite
fill 707 100 267 707 100 276 diorite
fill 707 100 277 707 100 282 stone
707 100 283 copper_ore
707 100 284 copper_ore
fill 707 100 285 707 100 348 stone
707 100 349 calcite
707 100 350 amethyst_block
707 100 351 amethyst_block
707 100 358 amethyst_block
707 100 359 amethyst_block
707 100 360 calcite
707 100 361 calcite
707 100 362 smooth_basalt
fill 707 100 363 707 100 372 stone
fill 707 100 373 707 100 381 andesite
707 100 382 stone
707 100 383 stone
fill 708 100 256 708 100 258 andesite
708 100 259 copper_ore
fill 708 100 260 708 100 262 andesite
fill 708 100 263 708 100 265 granite
fill 708 100 266 708 100 276 diorite
fill 708 100 277 708 100 282 stone
708 100 283 copper_ore
708 100 284 copper_ore
fill 708 100 285 708 100 347 stone
708 100 348 smooth_basalt
708 100 349 calcite
708 100 350 amethyst_block
708 100 358 amethyst_block
708 100 359 amethyst_block
708 100 360 budding_amethyst
708 100 361 calcite
708 100 362 smooth_basalt
fill 708 100 363 708 100 372 stone
fill 708 100 373 708 100 379 andesite
708 100 380 granite
fill 708 100 381 708 100 383 stone
fill 709 100 256 709 100 262 andesite
709 100 263 stone
709 100 264 granite
fill 709 100 265 709 100 275 diorite
fill 709 100 276 709 100 347 stone
709 100 348 smooth_basalt
709 100 349 amethyst_block
709 100 350 budding_amethyst
709 100 359 amethyst_block
709 100 360 amethyst_block
709 100 361 calcite
709 100 362 smooth_basalt
fill 709 100 363 709 100 374 stone
fill 709 100 375 709 100 378 andesite
709 100 379 granite
fill 709 100 380 709 100 383 stone
fill 710 100 256 710 100 261 andesite
710 100 262 stone
710 100 263 stone
710 100 264 granite
fill 710 100 265 710 100 275 diorite
fill 710 100 276 710 100 347 stone
710 100 348 smooth_basalt
710 100 349 amethyst_block
710 100 359 amethyst_block
710 100 360 amethyst_block
710 100 361 calcite
710 100 362 smooth_basalt
fill 710 100 363 710 100 374 stone
710 100 375 copper_ore
fill 710 100 376 710 100 383 stone
fill 711 100 256 711 100 261 andesite
711 100 262 stone
711 100 263 stone
fill 711 100 264 711 100 273 diorite
fill 711 100 274 711 100 317 stone
fill 711 100 318 711 100 320 diorite
fill 711 100 321 711 100 347 stone
711 100 348 smooth_basalt
711 100 349 amethyst_block
711 100 359 amethyst_block
711 100 360 amethyst_block
711 100 361 calcite
711 100 362 smooth_basalt
fill 711 100 363 711 100 383 stone
fill 712 100 256 712 100 259 andesite
fill 712 100 260 712 100 263 stone
fill 712 100 264 712 100 272 diorite
fill 712 100 273 712 100 317 stone
fill 712 100 318 712 100 320 diorite
fill 712 100 321 712 100 347 stone
712 100 348 smooth_basalt
712 100 349 amethyst_block
712 100 361 calcite
712 100 362 smooth_basalt
712 100 363 granite
712 100 364 granite
fill 712 100 365 712 100 381 stone
712 100 382 copper_ore
712 100 383 stone
713 100 256 andesite
713 100 257 andesite
fill 713 100 258 713 100 262 granite
fill 713 100 263 713 100 271 diorite
713 100 272 granite
fill 713 100 273 713 100 282 stone
713 100 283 granite
713 100 284 granite
fill 713 100 285 713 100 316 stone
fill 713 100 317 713 100 320 diorite
fill 713 100 321 713 100 327 stone
fill 713 100 328 713 100 347 stone
713 100 348 smooth_basalt
713 100 349 calcite
713 100 350 amethyst_block
713 100 361 smooth_basalt
fill 713 100 362 713 100 365 granite
fill 713 100 366 713 100 383 stone
fill 714 100 256 714 100 262 granite
fill 714 100 263 714 100 270 diorite
714 100 271 granite
714 100 272 granite
fill 714 100 273 714 100 282 stone
714 100 283 granite
fill 714 100 284 714 100 315 stone
fill 714 100 316 714 100 320 diorite
fill 714 100 321 714 100 347 stone
714 100 348 smooth_basalt
714 100 349 calcite
714 100 350 amethyst_block
714 100 351 amethyst_block
714 100 361 smooth_basalt
fill 714 100 362 714 100 366 granite
fill 714 100 367 714 100 383 stone
fill 715 100 256 715 100 262 granite
fill 715 100 263 715 100 268 diorite
fill 715 100 269 715 100 272 granite
fill 715 100 273 715 100 281 stone
715 100 282 granite
715 100 283 granite
fill 715 100 284 715 100 305 stone
715 100 306 iron_ore
715 100 307 iron_ore
fill 715 100 308 715 100 315 stone
fill 715 100 316 715 100 320 diorite
fill 715 100 321 715 100 334 stone
715 100 335 andesite
715 100 336 andesite
715 100 337 stone
715 100 338 andesite
715 100 339 andesite
fill 715 100 340 715 100 343 stone
715 100 344 coal_ore
fill 715 100 345 715 100 348 stone
715 100 349 smooth_basalt
715 100 350 calcite
fill 715 100 351 715 100 353 amethyst_block
fill 715 100 361 715 100 368 granite
fill 715 100 369 715 100 383 stone
fill 716 100 256 716 100 263 granite
716 100 264 diorite
716 100 265 diorite
716 100 266 dirt
716 100 267 dirt
fill 716 100 268 716 100 271 granite
fill 716 100 272 716 100 280 stone
fill 716 100 281 716 100 283 granite
fill 716 100 284 716 100 305 stone
716 100 306 iron_ore
716 100 307 iron_ore
fill 716 100 308 716 100 315 stone
fill 716 100 316 716 100 319 diorite
fill 716 100 320 716 100 334 stone
fill 716 100 335 716 100 341 andesite
716 100 342 stone
716 100 343 stone
716 100 344 coal_ore
716 100 345 coal_ore
fill 716 100 346 716 100 348 stone
716 100 349 diorite
716 100 350 smooth_basalt
716 100 351 calcite
716 100 352 budding_amethyst
716 100 353 amethyst_block
fill 716 100 361 716 100 369 granite
fill 716 100 370 716 100 374 stone
716 100 375 granite
716 100 376 granite
fill 716 100 377 716 100 383 stone
fill 717 100 256 717 100 264 granite
717 100 265 dirt
717 100 266 dirt
717 100 267 stone
717 100 268 stone
fill 717 100 269 717 100 271 granite
fill 717 100 272 717 100 279 stone
fill 717 100 280 717 100 283 granite
fill 717 100 284 717 100 301 stone
717 100 302 iron_ore
fill 717 100 303 717 100 317 stone
717 100 318 diorite
fill 717 100 319 717 100 335 stone
fill 717 100 336 717 100 341 andesite
fill 717 100 342 717 100 348 stone
717 100 349 diorite
717 100 350 smooth_basalt
717 100 351 smooth_basalt
717 100 352 calcite
717 100 353 calcite
fill 717 100 360 717 100 370 granite
fill 717 100 371 717 100 373 stone
fill 717 100 374 717 100 380 granite
fill 717 100 381 717 100 383 stone
fill 718 100 256 718 100 264 granite
718 100 265 dirt
718 100 266 dirt
fill 718 100 267 718 100 279 stone
fill 718 100 280 718 100 283 granite
fill 718 100 284 718 100 318 stone
fill 718 100 319 718 100 321 coal_ore
fill 718 100 322 718 100 335 stone
718 100 336 copper_ore
fill 718 100 337 718 100 343 andesite
fill 718 100 344 718 100 347 stone
fill 718 100 348 718 100 351 diorite
fill 718 100 352 718 100 354 smooth_basalt
fill 718 100 358 718 100 360 stone
fill 718 100 361 718 100 371 granite
718 100 372 stone
718 100 373 stone
fill 718 100 374 718 100 381 granite
718 100 382 stone
718 100 383 stone
fill 719 100 256 719 100 264 granite
719 100 265 stone
fill 719 100 266 719 100 270 gravel
fill 719 100 271 719 100 277 stone
719 100 278 copper_ore
fill 719 100 279 719 100 282 granite
fill 719 100 283 719 100 295 stone
fill 719 100 296 719 100 300 dirt
fill 719 100 301 719 100 318 stone
fill 719 100 319 719 100 321 coal_ore
fill 719 100 322 719 100 332 stone
719 100 333 coal_ore
719 100 334 coal_ore
719 100 335 stone
719 100 336 copper_ore
fill 719 100 337 719 100 343 andesite
fill 719 100 344 719 100 347 stone
fill 719 100 348 719 100 355 diorite
fill 719 100 356 719 100 361 stone
fill 719 100 362 719 100 371 granite
719 100 372 stone
719 100 373 stone
fill 719 100 374 719 100 382 granite
719 100 383 stone
fill 720 100 256 720 100 262 granite
720 100 263 stone
fill 720 100 264 720 100 271 gravel
720 100 272 stone
fill 720 100 273 720 100 275 granite
fill 720 100 276 720 100 278 stone
720 100 279 copper_ore
720 100 281 granite
720 100 282 granite
fill 720 100 283 720 100 295 stone
fill 720 100 296 720 100 301 dirt
fill 720 100 302 720 100 319 stone
720 100 320 coal_ore
720 100 321 coal_ore
fill 720 100 322 720 100 332 stone
720 100 333 coal_ore
720 100 334 coal_ore
fill 720 100 335 720 100 337 stone
fill 720 100 338 720 100 345 andesite
720 100 346 stone
720 100 347 stone
fill 720 100 348 720 100 355 diorite
fill 720 100 356 720 100 362 stone
fill 720 100 363 720 100 372 granite
720 100 373 stone
720 100 374 stone
fill 720 100 375 720 100 383 granite
fill 721 100 256 721 100 260 granite
721 100 261 stone
721 100 262 stone
fill 721 100 263 721 100 270 gravel
fill 721 100 271 721 100 276 granite
721 100 277 stone
721 100 278 stone
fill 721 100 283 721 100 296 stone
fill 721 100 297 721 100 302 dirt
fill 721 100 303 721 100 332 stone
721 100 333 coal_ore
721 100 334 coal_ore
fill 721 100 335 721 100 340 stone
fill 721 100 341 721 100 345 andesite
721 100 346 stone
721 100 347 stone
fill 721 100 348 721 100 355 diorite
fill 721 100 356 721 100 363 stone
fill 721 100 364 721 100 373 granite
721 100 374 stone
fill 721 100 375 721 100 383 granite
722 100 256 stone
722 100 257 stone
fill 722 100 259 722 100 263 stone
fill 722 100 264 722 100 269 gravel
fill 722 100 270 722 100 275 granite
fill 722 100 276 722 100 278 stone
fill 722 100 284 722 100 298 stone
fill 722 100 299 722 100 301 dirt
fill 722 100 302 722 100 311 stone
fill 722 100 312 722 100 332 stone
722 100 333 coal_ore
722 100 334 coal_ore
fill 722 100 335 722 100 342 stone
722 100 343 andesite
722 100 345 andesite
722 100 346 stone
722 100 347 stone
fill 722 100 348 722 100 354 diorite
fill 722 100 355 722 100 365 stone
fill 722 100 366 722 100 373 granite
722 100 374 stone
722 100 375 stone
fill 722 100 376 722 100 383 granite
fill 723 100 258 723 100 268 stone
fill 723 100 269 723 100 272 granite
723 100 273 iron_ore
723 100 274 iron_ore
723 100 275 granite
723 100 276 stone
723 100 277 stone
723 100 285 granite
723 100 286 granite
fill 723 100 287 723 100 332 stone
723 100 333 coal_ore
723 100 334 coal_ore
fill 723 100 335 723 100 342 stone
723 100 347 stone
723 100 348 stone
fill 723 100 349 723 100 354 diorite
fill 723 100 355 723 100 367 stone
fill 723 100 368 723 100 373 granite
723 100 374 stone
723 100 375 stone
fill 723 100 376 723 100 383 granite
fill 724 100 257 724 100 267 stone
fill 724 100 268 724 100 272 granite
724 100 273 iron_ore
724 100 274 iron_ore
724 100 275 granite
724 100 276 stone
fill 724 100 285 724 100 289 andesite
fill 724 100 290 724 100 333 stone
724 100 334 coal_ore
fill 724 100 335 724 100 342 stone
724 100 347 stone
724 100 348 stone
fill 724 100 349 724 100 354 diorite
fill 724 100 355 724 100 370 stone
724 100 371 granite
724 100 372 granite
fill 724 100 373 724 100 376 stone
fill 724 100 377 724 100 383 granite
fill 725 100 256 725 100 267 stone
fill 725 100 268 725 100 271 granite
725 100 272 copper_ore
fill 725 100 273 725 100 275 granite
725 100 276 stone
fill 725 100 286 725 100 291 andesite
fill 725 100 292 725 100 341 stone
fill 725 100 346 725 100 348 stone
fill 725 100 349 725 100 354 diorite
fill 725 100 355 725 100 378 stone
fill 725 100 379 725 100 383 granite
fill 726 100 256 726 100 262 stone
726 100 263 gravel
fill 726 100 264 726 100 266 stone
fill 726 100 267 726 100 275 granite
fill 726 100 286 726 100 292 andesite
fill 726 100 293 726 100 341 stone
fill 726 100 345 726 100 348 stone
fill 726 100 349 726 100 354 diorite
fill 726 100 355 726 100 380 stone
fill 726 100 381 726 100 383 granite
fill 727 100 256 727 100 265 stone
fill 727 100 266 727 100 274 granite
727 100 275 stone
fill 727 100 286 727 100 292 andesite
fill 727 100 293 727 100 333 stone
727 100 334 gravel
727 100 335 gravel
fill 727 100 336 727 100 340 stone
fill 727 100 344 727 100 348 stone
fill 727 100 349 727 100 355 diorite
fill 727 100 356 727 100 381 stone
727 100 382 granite
727 100 383 granite
fill 728 100 256 728 100 265 stone
fill 728 100 266 728 100 273 granite
728 100 274 stone
fill 728 100 285 728 100 289 andesite
fill 728 100 290 728 100 294 gravel
fill 728 100 295 728 100 333 stone
fill 728 100 334 728 100 336 gravel
fill 728 100 337 728 100 340 stone
fill 728 100 344 728 100 348 stone
fill 728 100 349 728 100 354 diorite
fill 728 100 355 728 100 371 stone
728 100 372 copper_ore
fill 728 100 373 728 100 382 stone
728 100 383 granite
fill 729 100 256 729 100 264 stone
fill 729 100 265 729 100 273 granite
729 100 274 diorite
fill 729 100 285 729 100 288 andesite
fill 729 100 289 729 100 297 gravel
fill 729 100 298 729 100 332 stone
fill 729 100 333 729 100 335 gravel
fill 729 100 336 729 100 341 stone
fill 729 100 343 729 100 349 stone
fill 729 100 350 729 100 354 diorite
fill 729 100 355 729 100 381 stone
729 100 382 granite
729 100 383 granite
fill 730 100 256 730 100 264 stone
fill 730 100 265 730 100 270 granite
730 100 271 coal_ore
730 100 272 coal_ore
730 100 273 diorite
fill 730 100 284 730 100 289 andesite
fill 730 100 290 730 100 297 gravel
fill 730 100 298 730 100 331 stone
fill 730 100 332 730 100 335 gravel
fill 730 100 336 730 100 350 stone
fill 730 100 351 730 100 353 diorite
fill 730 100 354 730 100 382 stone
730 100 383 granite
fill 731 100 256 731 100 264 stone
fill 731 100 265 731 100 270 granite
731 100 271 coal_ore
731 100 272 coal_ore
731 100 273 diorite
731 100 274 diorite
731 100 284 stone
731 100 285 granite
fill 731 100 286 731 100 292 andesite
fill 731 100 293 731 100 297 gravel
fill 731 100 298 731 100 331 stone
fill 731 100 332 731 100 335 gravel
fill 731 100 336 731 100 339 granite
fill 731 100 340 731 100 342 stone
731 100 343 copper_ore
731 100 344 copper_ore
fill 731 100 345 731 100 350 stone
fill 731 100 351 731 100 353 diorite
fill 731 100 354 731 100 371 stone
fill 731 100 372 731 100 381 stone
731 100 382 granite
731 100 383 granite
fill 732 100 256 732 100 263 stone
fill 732 100 264 732 100 267 granite
732 100 268 iron_ore
732 100 269 granite
732 100 270 granite
732 100 271 coal_ore
732 100 272 coal_ore
732 100 273 diorite
732 100 274 diorite
fill 732 100 283 732 100 286 granite
fill 732 100 287 732 100 290 andesite
732 100 291 granite
732 100 292 andesite
fill 732 100 293 732 100 296 gravel
fill 732 100 297 732 100 331 stone
fill 732 100 332 732 100 335 gravel
fill 732 100 336 732 100 341 granite
732 100 342 stone
732 100 343 copper_ore
732 100 344 copper_ore