808 123 147 stone
808 123 148 stone
808 123 149 stone
808 123 150 stone
808 123 151 stone
808 123 152 stone
808 123 153 stone
808 123 154 stone
808 123 155 stone
808 123 156 stone
808 123 157 stone
808 123 158 stone
808 123 159 stone
808 123 160 stone
808 123 161 stone
808 123 162 stone
808 123 163 stone
808 123 164 stone
808 123 165 lapis_ore
808 123 166 stone
808 123 167 stone
808 123 168 stone
808 123 169 stone
808 123 170 stone
808 123 171 stone
808 123 172 stone
808 123 173 stone
808 123 174 stone
808 123 175 stone
808 123 176 stone
808 123 177 stone
808 123 178 stone
808 123 179 stone
808 123 180 stone
808 123 181 stone
808 123 182 stone
808 123 183 stone
808 123 184 stone
808 123 185 stone
808 123 186 stone
808 123 187 stone
808 123 188 stone
808 123 189 stone
808 123 190 stone
808 123 191 stone
808 123 192 stone
808 123 193 stone
808 123 194 stone
808 123 195 stone
808 123 196 stone
808 123 197 stone
808 123 198 stone
808 123 199 stone
808 123 200 stone
808 123 201 stone
808 123 202 stone
808 123 203 coal_ore
808 123 204 coal_ore
808 123 205 diorite
808 123 206 diorite
808 123 207 diorite
808 123 208 diorite
808 123 209 stone
808 123 210 stone
808 123 211 stone
808 123 212 stone
808 123 213 stone
808 123 214 stone
808 123 215 stone
808 123 216 stone
808 123 217 stone
808 123 218 stone
808 123 219 stone
808 123 220 stone
808 123 221 stone
808 123 222 stone
808 123 223 stone
808 123 224 stone
808 123 225 stone
808 123 226 stone
808 123 227 stone
808 123 228 stone
808 123 229 stone
808 123 230 stone
808 123 231 stone
808 123 232 stone
808 123 233 stone
808 123 234 stone
808 123 235 stone
808 123 236 stone
808 123 237 stone
808 123 238 stone
808 123 239 stone
808 123 240 stone
808 123 241 stone
808 123 242 stone
808 123 243 stone
808 123 244 stone
808 123 245 stone
808 123 246 stone
808 123 247 stone
808 123 248 stone
808 123 249 stone
808 123 250 stone
808 123 251 stone
808 123 252 stone
808 123 253 stone
808 123 254 stone
808 123 255 stone
808 123 256 stone
808 123 257 stone
808 123 258 stone
808 123 259 stone
808 123 260 stone
808 123 261 stone
808 123 262 stone
808 123 263 stone
808 123 264 stone
808 123 265 stone
808 123 266 dirt
808 123 267 dirt
808 123 268 stone
808 123 269 stone
808 123 270 stone
808 123 271 copper_ore
808 123 272 copper_ore
808 123 273 stone
808 123 274 stone
808 123 298 stone
808 123 299 stone
808 123 300 stone
808 123 301 stone
808 123 302 stone
808 123 303 stone
808 123 304 stone
808 123 305 stone
808 123 306 stone
808 123 307 stone
808 123 308 stone
808 123 309 stone
808 123 310 stone
808 123 311 stone
808 123 312 stone
808 123 313 stone
808 123 314 stone
808 123 315 stone
808 123 316 stone
808 123 317 stone
808 123 318 stone
808 123 319 stone
808 123 320 stone
808 123 321 stone
808 123 322 stone
808 123 323 stone
808 123 324 stone
808 123 325 stone
808 123 326 stone
808 123 327 stone
808 123 328 stone
808 123 329 stone
808 123 330 stone
808 123 331 stone
808 123 332 stone
808 123 333 stone
808 123 334 stone
808 123 335 stone
808 123 336 diorite
808 123 337 diorite
808 123 338 diorite
808 123 339 diorite
808 123 340 diorite
808 123 341 diorite
808 123 342 diorite
808 123 343 diorite
808 123 344 diorite
808 123 345 diorite
808 123 346 diorite
808 123 347 diorite
808 123 348 diorite
808 123 349 diorite
808 123 350 diorite
808 123 351 stone
808 123 352 stone
808 123 353 stone
808 123 354 stone
808 123 355 stone
808 123 356 stone
808 123 357 stone
808 123 358 stone
808 123 359 stone
808 123 360 infested_stone
808 123 361 infested_stone
808 123 362 coal_ore
808 123 363 coal_ore
808 123 364 stone
808 123 365 stone
808 123 366 stone
808 123 367 stone
808 123 368 stone
808 123 369 stone
808 123 370 stone
808 123 371 stone
808 123 372 stone
808 123 373 stone
808 123 374 stone
808 123 375 andesite
808 123 376 andesite
808 123 377 andesite
808 123 378 andesite
808 123 379 andesite
808 123 380 andesite
808 123 381 andesite
808 123 382 copper_ore
808 123 383 stone
808 123 384 water[level=0]
808 123 385 water[level=0]
808 123 386 water[level=0]
808 123 387 bubble_column[drag=true]
808 123 388 water[level=0]
808 123 389 water[level=0]
808 123 390 water[level=0]
808 123 391 water[level=0]
808 123 392 water[level=0]
808 123 393 water[level=0]
808 123 394 water[level=0]
808 123 395 water[level=0]
808 123 396 water[level=0]
808 123 397 water[level=0]
808 123 398 water[level=0]
808 123 399 stone
808 123 400 stone
808 123 401 stone
808 123 402 stone
808 123 403 diorite
808 123 404 diorite
808 123 405 diorite
808 123 406 diorite
808 123 407 diorite
808 123 408 diorite
808 123 409 stone
808 123 410 stone
808 123 411 stone
808 123 412 stone
808 123 413 stone
808 123 414 stone
808 123 415 stone
808 123 416 stone
808 123 417 stone
808 123 418 stone
808 123 419 stone
808 123 420 stone
808 123 421 stone
808 123 422 stone
808 123 423 stone
808 123 424 stone
808 123 425 stone
808 123 426 stone
808 123 427 stone
808 123 428 stone
808 123 429 stone
808 123 430 stone
808 123 431 stone
808 123 432 stone
808 123 433 stone
808 123 434 stone
808 123 435 stone
808 123 436 stone
808 123 437 stone
808 123 438 stone
808 123 439 stone
808 123 440 stone
808 123 441 stone
808 123 442 stone
808 123 443 stone
808 123 444 water[level=0]
808 123 445 water[level=0]
808 123 446 water[level=0]
808 123 447 stone
808 123 448 stone
808 123 449 stone
808 123 450 stone
808 123 451 stone
808 123 452 stone
808 123 453 water[level=0]
808 123 454 water[level=0]
808 123 455 stone
808 123 456 stone
808 123 457 stone
808 123 458 dirt
808 123 459 water[level=0]
808 123 460 water[level=0]
808 123 461 water[level=0]
808 123 462 water[level=0]
808 123 463 water[level=0]
808 123 464 water[level=0]
808 123 465 water[level=0]
808 123 466 water[level=0]
808 123 467 water[level=0]
808 123 468 water[level=0]
808 123 469 water[level=0]
808 123 470 water[level=0]
808 123 471 water[level=0]
808 123 472 water[level=0]
808 123 473 water[level=0]
808 123 474 water[level=0]
808 123 475 water[level=0]
808 123 476 water[level=0]
808 123 477 water[level=0]
808 123 478 water[level=0]
808 123 479 water[level=0]
808 123 480 water[level=0]
808 123 481 water[level=0]
808 123 482 water[level=0]
808 123 483 water[level=0]
808 123 484 water[level=0]
808 123 485 water[level=0]
808 123 486 water[level=0]
808 123 487 water[level=0]
808 123 488 water[level=0]
808 123 489 water[level=0]
808 123 490 water[level=0]
808 123 491 water[level=0]
808 123 492 water[level=0]
808 123 493 water[level=0]
808 123 494 water[level=0]
808 123 495 water[level=0]
808 123 496 water[level=0]
808 123 497 sand
808 123 498 sand
808 123 499 sand
808 123 500 sand
808 123 501 stone
808 123 502 stone
808 123 503 stone
808 123 504 stone
808 123 505 stone
808 123 506 stone
808 123 507 stone
808 123 508 stone
808 123 509 stone
808 123 510 stone
808 123 511 stone
808 123 512 stone
808 123 513 stone
808 123 514 stone
808 123 515 stone
808 123 516 stone
808 123 517 stone
808 123 518 stone
808 123 519 stone
808 123 520 stone
808 123 521 stone
808 123 522 stone
808 123 523 stone
808 123 524 stone
808 123 525 stone
808 123 526 stone
808 123 527 stone
808 123 528 stone
808 123 529 stone
808 123 530 stone
808 123 531 stone
808 123 532 stone
808 123 533 stone
808 123 534 stone
808 123 535 stone
808 123 536 stone
808 123 537 stone
808 123 538 stone
808 123 539 stone
808 123 540 stone
808 123 541 granite
808 123 542 granite
808 123 543 granite
808 123 544 granite
808 123 545 granite
808 123 546 granite
808 123 547 stone
808 123 548 stone
808 123 549 stone
808 123 550 stone
808 123 551 stone
808 123 552 stone
808 123 553 andesite
808 123 554 andesite
808 123 555 andesite
808 123 556 andesite
808 123 557 andesite
808 123 558 andesite
808 123 559 andesite
808 123 560 andesite
808 123 561 andesite
808 123 562 andesite
808 123 563 granite
808 123 564 granite
808 123 565 stone
808 123 566 stone
808 123 567 stone
808 123 568 stone
808 123 569 stone
808 123 570 stone
808 123 571 stone
808 123 572 stone
808 123 573 stone
808 123 574 stone
808 123 575 stone
808 123 576 stone
808 123 577 stone
808 123 578 stone
808 123 579 stone
808 123 580 stone
808 123 581 stone
808 123 582 stone
808 123 583 stone
808 123 584 stone
808 123 585 stone
808 123 586 stone
808 123 587 stone
808 123 588 stone
808 123 589 granite
808 123 590 granite
808 123 591 granite
808 123 592 granite
808 123 593 granite
808 123 594 granite
808 123 595 granite
808 123 596 stone
808 123 597 stone
808 123 598 stone
808 123 599 stone
808 123 600 stone
808 123 601 stone
808 123 602 stone
808 123 603 stone
808 123 604 stone
808 123 605 stone
808 123 606 stone
808 123 607 stone
808 123 608 stone
808 123 609 stone
808 123 610 stone
808 123 611 stone
808 123 612 stone
808 123 613 coal_ore
808 123 614 coal_ore
808 123 615 stone
808 123 616 stone
808 123 617 stone
808 123 618 stone
808 123 619 stone
808 123 620 stone
808 123 621 stone
808 123 622 stone
808 123 623 stone
808 123 624 stone
808 123 625 gravel
808 123 626 gravel
808 123 627 gravel
808 123 628 gravel
808 123 629 stone
808 123 630 stone
808 123 631 stone
808 123 632 stone
808 123 633 stone
808 123 634 stone
808 123 635 stone
808 123 636 stone
808 123 637 stone
808 123 638 stone
808 123 639 stone
808 123 640 stone
808 123 641 stone
808 123 642 stone
808 123 643 stone
808 123 644 stone
808 123 645 stone
808 123 646 stone
808 123 647 stone
808 123 648 stone
808 123 649 stone
808 123 650 stone
808 123 651 stone
808 123 652 stone
808 123 653 stone
808 123 654 diorite
808 123 655 diorite
808 123 656 diorite
808 123 657 diorite
808 123 658 diorite
808 123 659 diorite
808 123 660 stone
808 123 661 stone
808 123 662 stone
808 123 663 stone
808 123 664 stone
808 123 665 stone
808 123 666 stone
808 123 667 stone
808 123 668 stone
808 123 669 stone
808 123 670 stone
808 123 671 stone
808 123 672 stone
808 123 673 stone
808 123 674 stone
808 123 675 stone
808 123 676 stone
808 123 677 stone
808 123 678 stone
808 123 679 stone
808 123 680 stone
808 123 681 stone
808 123 682 stone
808 123 683 stone
808 123 684 stone
808 123 685 stone
808 123 686 stone
808 123 687 stone
808 123 688 stone
808 123 689 stone
808 123 690 stone
808 123 691 stone
808 123 692 stone
808 123 695 stone
808 123 696 stone
808 123 697 stone
808 123 698 stone
808 123 699 stone
808 123 700 stone
808 123 701 stone
808 123 702 stone
808 123 703 stone
808 123 704 stone
808 123 705 stone
808 123 706 stone
808 123 707 andesite
808 123 708 stone
808 123 709 stone
808 123 710 stone
808 123 711 stone
808 123 712 stone
808 123 713 stone
808 123 714 stone
808 123 715 stone
808 123 716 stone
808 123 717 stone
808 123 718 stone
808 123 719 stone
808 123 720 stone
808 123 721 stone
808 123 722 stone
808 123 723 stone
808 123 724 stone
808 123 725 stone
808 123 726 stone
808 123 727 stone
808 123 728 stone
808 123 729 stone
808 123 730 stone
808 123 731 stone
808 123 732 granite
808 123 733 granite
808 123 734 granite
808 123 735 granite
808 123 736 granite
808 123 737 granite
808 123 738 granite
808 123 739 granite
808 123 740 granite
808 123 741 granite
808 123 742 granite
808 123 743 granite
808 123 744 granite
808 123 745 granite
808 123 746 granite
808 123 747 stone
808 123 748 stone
808 123 749 stone
808 123 750 stone
808 123 751 stone
808 123 752 stone
808 123 753 stone
808 123 754 stone
808 123 755 stone
808 123 756 stone
808 123 757 stone
808 123 758 stone
808 123 759 stone
808 123 760 stone
808 123 761 stone
808 123 762 stone
808 123 763 stone
808 123 764 stone
808 123 765 stone
808 123 766 stone
808 123 767 stone
808 123 768 stone
808 123 769 stone
808 123 770 stone
808 123 771 stone
808 123 772 stone
808 123 773 stone
808 123 774 stone
808 123 775 stone
808 123 776 stone
808 123 777 stone
808 123 778 stone
808 123 779 dirt
808 123 780 dirt
808 123 781 dirt
808 123 782 dirt
808 123 783 dirt
808 123 784 stone
808 123 785 stone
808 123 786 stone
808 123 787 gravel
808 123 788 stone
808 123 799 stone
808 123 800 stone
808 123 801 stone
808 123 802 stone
808 123 803 stone
808 123 804 stone
808 123 805 dirt
808 123 806 dirt
808 123 807 dirt
808 123 808 dirt
808 123 809 dirt
808 123 810 dirt
808 123 811 dirt
808 123 812 dirt
808 123 813 stone
808 123 814 stone
808 123 815 stone
808 123 816 stone
808 123 817 stone
808 123 818 stone
808 123 819 stone
808 123 820 stone
808 123 821 stone
808 123 822 stone
808 123 823 stone
808 123 824 stone
808 123 825 stone
808 123 826 stone
808 123 827 stone
808 123 828 stone
808 123 829 stone
808 123 830 stone
808 123 831 stone
808 123 832 stone
808 123 833 dirt
808 123 834 dirt
808 123 835 stone
808 123 836 stone
808 123 837 stone
808 123 838 stone
808 123 839 stone
808 123 840 stone
808 123 841 stone
808 123 842 stone
808 123 843 andesite
808 123 844 andesite
808 123 845 andesite
808 123 846 andesite
808 123 847 andesite
808 123 848 andesite
808 123 849 andesite
808 123 850 andesite
808 123 851 andesite
808 123 852 andesite
808 123 853 andesite
808 123 854 andesite
808 123 862 stone
808 123 863 stone
808 123 864 water[level=1]
808 123 865 water[level=1]
808 123 866 water[level=1]
808 123 867 water[level=2]
808 123 873 stone
808 123 874 stone
808 123 875 stone
808 123 876 diorite
808 123 877 stone
808 123 878 stone
808 123 879 granite
808 123 880 granite
808 123 881 granite
808 123 882 granite
808 123 883 stone
808 123 884 stone
808 123 885 stone
808 123 886 stone
808 123 887 stone
808 123 888 stone
808 123 889 stone
808 123 890 stone
808 123 891 stone
808 123 892 stone
808 123 893 stone
808 123 894 stone
808 123 895 stone
808 123 896 stone
808 123 897 stone
808 123 898 stone
808 123 899 stone
808 123 900 stone
808 123 901 copper_ore
808 123 902 copper_ore
808 123 903 copper_ore
808 123 904 stone
808 123 905 stone
808 123 906 stone
808 123 907 stone
808 123 908 stone
808 123 909 stone
808 123 910 stone
808 123 911 stone
808 123 912 stone
808 123 913 stone
808 123 914 stone
808 123 915 stone
808 123 916 stone
808 123 917 stone
808 123 918 stone
808 123 919 stone
808 123 920 stone
808 123 921 stone
808 123 922 stone
808 123 923 stone
808 123 924 stone
808 123 925 stone
808 123 926 stone
808 123 927 stone
808 123 928 stone
808 123 929 stone
808 123 930 stone
808 123 931 stone
808 123 932 stone
808 123 933 stone
808 123 934 stone
808 123 935 stone
808 123 936 stone
808 123 937 stone
808 123 938 stone
808 123 939 stone
808 123 940 stone
808 123 941 stone
808 123 942 stone
808 123 943 stone
808 123 944 stone
808 123 945 stone
808 123 946 coal_ore
808 123 947 coal_ore
808 123 948 stone
808 123 949 stone
808 123 950 water[level=0]
808 123 951 water[level=0]
808 123 952 water[level=0]
808 123 953 water[level=0]
808 123 954 water[level=0]
808 123 955 water[level=0]
808 123 956 water[level=0]
808 123 957 water[level=0]
808 123 958 water[level=0]
808 123 959 water[level=0]
808 123 960 dirt
808 123 961 stone
808 123 962 stone
808 123 963 stone
808 123 964 water[level=0]
808 123 965 water[level=0]
808 123 966 water[level=0]
808 123 967 dirt
808 123 968 stone
808 123 969 stone
808 123 970 stone
808 123 971 stone
808 123 972 stone
808 123 973 stone
808 123 974 stone
808 123 975 stone
808 123 976 stone
808 123 977 stone
808 123 978 stone
808 123 979 stone
808 123 980 stone
808 123 981 stone
808 123 982 stone
808 123 983 stone
808 123 984 stone
808 123 985 stone
808 123 986 stone
808 123 987 stone
808 123 988 stone
808 123 989 stone
808 123 990 stone
808 123 991 stone
808 123 992 stone
808 123 993 stone
808 123 994 stone
808 123 995 stone
808 123 996 stone
808 123 997 stone
808 123 998 stone
808 123 999 stone
808 123 1000 stone
808 123 1001 stone
808 123 1002 stone
808 123 1003 stone
808 123 1004 stone
808 123 1005 stone
808 123 1006 stone
808 123 1007 stone
808 123 1008 stone
808 123 1009 stone
808 123 1010 stone
808 123 1011 stone
808 123 1012 stone
808 123 1013 stone
808 123 1014 stone
808 123 1015 copper_ore
808 123 1016 copper_ore
808 123 1017 copper_ore
808 123 1018 stone
808 123 1019 stone
808 123 1020 stone
808 123 1021 stone
808 123 1022 diorite
808 123 1023 diorite
808 124 0 stone
808 124 1 stone
808 124 2 stone
808 124 3 stone
808 124 4 stone
808 124 5 stone
808 124 6 stone
808 124 7 stone
808 124 8 stone
808 124 9 stone
808 124 10 stone
808 124 11 stone
808 124 12 stone
808 124 13 stone
808 124 14 stone
808 124 15 stone
808 124 16 stone
808 124 17 stone
808 124 18 stone
808 124 19 stone
808 124 20 stone
808 124 21 stone
808 124 22 stone
808 124 23 stone
808 124 24 stone
808 124 25 stone
808 124 26 stone
808 124 27 stone
808 124 28 stone
808 124 29 stone
808 124 30 stone
808 124 31 stone
808 124 32 stone
808 124 33 stone
808 124 34 stone
808 124 35 stone
808 124 36 stone
808 124 37 stone
808 124 38 stone
808 124 39 copper_ore
808 124 40 copper_ore
808 124 41 stone
808 124 42 stone
808 124 43 stone
808 124 44 stone
808 124 45 stone
808 124 46 stone
808 124 47 stone
808 124 48 stone
808 124 49 stone
808 124 50 gravel
808 124 51 gravel
808 124 52 gravel
808 124 53 stone
808 124 54 stone
808 124 55 stone
808 124 56 stone
808 124 57 stone
808 124 58 stone
808 124 59 stone
808 124 60 stone
808 124 61 stone
808 124 62 stone
808 124 63 stone
808 124 64 stone
808 124 65 coal_ore
808 124 66 coal_ore
808 124 67 stone
808 124 68 stone
808 124 69 andesite
808 124 70 andesite
808 124 71 andesite
808 124 72 andesite
808 124 73 andesite
808 124 74 andesite
808 124 75 andesite
808 124 76 andesite
808 124 77 andesite
808 124 78 andesite
808 124 79 stone
808 124 80 stone
808 124 81 stone
808 124 82 stone
808 124 83 stone
808 124 84 stone
808 124 85 stone
808 124 86 stone
808 124 87 stone
808 124 88 stone
808 124 89 stone
808 124 90 stone
808 124 91 stone
808 124 92 stone
808 124 93 stone
808 124 94 stone
808 124 95 stone
808 124 96 stone
808 124 97 stone
808 124 98 stone
808 124 99 stone
808 124 100 stone
808 124 101 stone
808 124 102 stone
808 124 103 stone
808 124 104 stone
808 124 105 stone
808 124 106 stone
808 124 107 stone
808 124 108 stone
808 124 109 stone
808 124 110 stone
808 124 111 stone
808 124 112 stone
808 124 113 stone
808 124 114 stone
808 124 115 stone
808 124 116 stone
808 124 117 stone
808 124 118 stone
808 124 139 dirt
808 124 140 stone
808 124 141 stone
808 124 142 stone
808 124 143 stone
808 124 144 stone
808 124 145 stone
808 124 146 stone
808 124 147 stone
808 124 148 stone
808 124 149 stone
808 124 150 stone
808 124 151 stone
808 124 152 stone
808 124 153 dirt
808 124 154 stone
808 124 155 stone
808 124 156 stone
808 124 157 stone
808 124 158 stone
808 124 159 stone
808 124 160 stone
808 124 161 stone
808 124 162 stone
808 124 163 stone
808 124 164 stone
808 124 165 lapis_ore
808 124 166 lapis_ore
808 124 167 stone
808 124 168 stone
808 124 169 stone
808 124 170 stone
808 124 171 stone
808 124 172 stone
808 124 173 stone
808 124 174 stone
808 124 175 stone
808 124 176 stone
808 124 177 stone
808 124 178 stone
808 124 179 stone
808 124 180 stone
808 124 181 stone
808 124 182 stone
808 124 183 stone
808 124 184 stone
808 124 185 stone
808 124 186 stone
808 124 187 stone
808 124 188 stone
808 124 189 stone
808 124 190 stone
808 124 191 stone
808 124 192 stone
808 124 193 stone
808 124 194 stone
808 124 195 stone
808 124 196 stone
808 124 197 stone
808 124 198 stone
808 124 199 stone
808 124 200 stone
808 124 201 stone
808 124 202 dirt
808 124 203 copper_ore
808 124 204 diorite
808 124 205 diorite
808 124 206 diorite
808 124 207 diorite
808 124 208 stone
808 124 209 stone
808 124 222 stone
808 124 223 stone
808 124 224 stone
808 124 225 stone
808 124 226 stone
808 124 227 stone
808 124 228 stone
808 124 229 stone
808 124 230 stone
808 124 231 stone
808 124 232 stone
808 124 233 stone
808 124 234 stone
808 124 235 stone
808 124 236 stone
808 124 237 stone
808 124 238 stone
808 124 239 stone
808 124 240 stone
808 124 241 stone
808 124 242 stone
808 124 243 stone
808 124 244 stone
808 124 245 stone
808 124 246 stone
808 124 247 stone
808 124 248 stone
808 124 249 stone
808 124 250 stone
808 124 251 stone
808 124 252 stone
808 124 253 stone
808 124 254 stone
808 124 255 stone
808 124 256 stone
808 124 257 stone
808 124 258 stone
808 124 259 stone
808 124 260 stone
808 124 261 stone
808 124 262 stone
808 124 263 stone
808 124 264 stone
808 124 265 dirt
808 124 266 dirt
808 124 267 dirt
808 124 268 stone
808 124 269 stone
808 124 270 stone
808 124 271 stone
808 124 272 stone
808 124 273 stone
808 124 274 stone
808 124 275 stone
808 124 276 stone
808 124 277 stone
808 124 297 stone
808 124 298 stone
808 124 299 stone
808 124 300 stone
808 124 301 stone
808 124 302 stone
808 124 303 stone
808 124 304 stone
