752 132 793 stone
752 132 794 stone
752 132 795 stone
752 132 796 stone
752 132 797 stone
752 132 798 stone
752 132 799 stone
752 132 800 stone
752 132 801 coal_ore
752 132 802 coal_ore
752 132 803 coal_ore
752 132 804 stone
752 132 805 stone
752 132 806 stone
752 132 807 stone
752 132 808 stone
752 132 809 stone
752 132 810 stone
752 132 811 stone
752 132 812 stone
752 132 813 stone
752 132 814 stone
752 132 815 stone
752 132 816 stone
752 132 817 stone
752 132 818 stone
752 132 819 stone
752 132 820 stone
752 132 821 stone
752 132 822 stone
752 132 823 stone
752 132 824 stone
752 132 825 stone
752 132 826 stone
752 132 827 stone
752 132 828 stone
752 132 829 stone
752 132 830 stone
752 132 831 stone
752 132 832 stone
752 132 833 stone
752 132 834 stone
752 132 835 stone
752 132 836 stone
752 132 837 stone
752 132 838 stone
752 132 839 stone
752 132 840 stone
752 132 841 stone
752 132 842 dirt
752 132 843 dirt
752 132 844 dirt
752 132 845 dirt
752 132 846 dirt
752 132 847 dirt
752 132 848 stone
752 132 849 stone
752 132 850 stone
752 132 851 stone
752 132 852 stone
752 132 853 stone
752 132 854 stone
752 132 855 stone
752 132 856 stone
752 132 857 stone
752 132 858 stone
752 132 859 stone
752 132 860 stone
752 132 861 stone
752 132 862 stone
752 132 863 stone
752 132 864 stone
752 132 865 stone
752 132 866 stone
752 132 867 stone
752 132 868 stone
752 132 869 stone
752 132 870 stone
752 132 871 stone
752 132 872 stone
752 132 873 stone
752 132 874 stone
752 132 875 stone
752 132 876 stone
752 132 877 stone
752 132 878 stone
752 132 879 stone
752 132 880 stone
752 132 881 stone
752 132 882 stone
752 132 883 stone
752 132 884 stone
752 132 885 stone
752 132 886 stone
752 132 887 stone
752 132 888 stone
753 132 775 grass_block[snowy=false]
753 132 776 grass_block[snowy=false]
753 132 777 dirt
753 132 778 dirt
753 132 779 dirt
753 132 780 dirt
753 132 781 dirt
753 132 782 stone
753 132 783 stone
753 132 784 stone
753 132 785 stone
753 132 786 stone
753 132 787 stone
753 132 788 stone
753 132 789 stone
753 132 790 stone
753 132 791 stone
753 132 792 stone
753 132 793 stone
753 132 794 stone
753 132 795 stone
753 132 796 stone
753 132 797 stone
753 132 798 stone
753 132 799 stone
753 132 800 stone
753 132 801 coal_ore
753 132 802 coal_ore
753 132 803 stone
753 132 804 stone
753 132 805 stone
753 132 806 stone
753 132 807 stone
753 132 808 stone
753 132 809 stone
753 132 810 stone
753 132 811 stone
753 132 812 stone
753 132 813 stone
753 132 814 stone
753 132 815 stone
753 132 816 stone
753 132 817 stone
753 132 818 stone
753 132 819 stone
753 132 820 stone
753 132 821 stone
753 132 822 stone
753 132 823 stone
753 132 824 stone
753 132 825 stone
753 132 826 stone
753 132 827 stone
753 132 828 stone
753 132 829 stone
753 132 830 stone
753 132 831 stone
753 132 832 stone
753 132 833 stone
753 132 834 stone
753 132 835 stone
753 132 836 stone
753 132 837 stone
753 132 838 stone
753 132 839 stone
753 132 840 stone
753 132 841 dirt
753 132 842 dirt
753 132 843 dirt
753 132 844 dirt
753 132 845 dirt
753 132 846 dirt
753 132 847 gravel
753 132 848 stone
753 132 849 stone
753 132 850 stone
753 132 851 coal_ore
753 132 852 coal_ore
753 132 853 stone
753 132 854 stone
753 132 855 stone
753 132 856 stone
753 132 857 stone
753 132 858 stone
753 132 859 stone
753 132 860 stone
753 132 861 stone
753 132 862 stone
753 132 863 stone
753 132 864 stone
753 132 865 stone
753 132 866 stone
753 132 867 stone
753 132 868 stone
753 132 869 stone
753 132 870 stone
753 132 871 stone
753 132 872 stone
753 132 873 stone
753 132 874 stone
753 132 875 stone
753 132 876 stone
753 132 877 stone
753 132 878 stone
753 132 879 stone
753 132 880 stone
753 132 881 stone
753 132 882 stone
753 132 883 stone
753 132 884 stone
753 132 885 stone
753 132 886 stone
753 132 887 stone
753 132 888 stone
753 132 889 stone
753 132 895 stone
754 132 773 grass_block[snowy=false]
754 132 774 grass_block[snowy=false]
754 132 775 grass_block[snowy=false]
754 132 776 dirt
754 132 777 dirt
754 132 778 dirt
754 132 779 dirt
754 132 780 dirt
754 132 781 dirt
754 132 782 dirt
754 132 783 dirt
754 132 784 stone
754 132 785 stone
754 132 786 stone
754 132 787 stone
754 132 788 stone
754 132 789 stone
754 132 790 stone
754 132 791 stone
754 132 792 stone
754 132 793 stone
754 132 794 stone
754 132 795 stone
754 132 796 stone
754 132 797 stone
754 132 798 stone
754 132 799 stone
754 132 800 stone
754 132 801 stone
754 132 802 stone
754 132 803 stone
754 132 804 stone
754 132 805 stone
754 132 806 stone
754 132 807 stone
754 132 808 stone
754 132 809 stone
754 132 810 stone
754 132 811 stone
754 132 812 stone
754 132 813 stone
754 132 814 stone
754 132 815 stone
754 132 816 stone
754 132 817 stone
754 132 818 stone
754 132 819 stone
754 132 820 stone
754 132 821 stone
754 132 822 stone
754 132 823 stone
754 132 824 stone
754 132 825 stone
754 132 826 stone
754 132 827 stone
754 132 828 stone
754 132 829 stone
754 132 830 stone
754 132 831 stone
754 132 832 stone
754 132 833 stone
754 132 834 stone
754 132 835 stone
754 132 836 stone
754 132 837 stone
754 132 838 stone
754 132 839 stone
754 132 840 stone
754 132 841 dirt
754 132 842 dirt
754 132 843 dirt
754 132 844 dirt
754 132 845 dirt
754 132 846 dirt
754 132 847 dirt
754 132 848 stone
754 132 849 stone
754 132 850 coal_ore
754 132 851 coal_ore
754 132 852 coal_ore
754 132 853 stone
754 132 854 stone
754 132 855 stone
754 132 856 stone
754 132 857 stone
754 132 858 stone
754 132 859 stone
754 132 860 stone
754 132 861 stone
754 132 862 stone
754 132 863 stone
754 132 864 stone
754 132 865 stone
754 132 866 stone
754 132 867 stone
754 132 868 stone
754 132 869 stone
754 132 870 stone
754 132 871 stone
754 132 872 stone
754 132 873 stone
754 132 874 stone
754 132 875 stone
754 132 876 stone
754 132 877 stone
754 132 878 stone
754 132 879 stone
754 132 880 stone
754 132 881 stone
754 132 882 stone
754 132 883 stone
754 132 884 stone
754 132 885 stone
754 132 886 stone
754 132 887 stone
754 132 888 stone
754 132 889 stone
754 132 894 stone
754 132 895 stone
755 132 772 grass_block[snowy=false]
755 132 773 grass_block[snowy=false]
755 132 774 dirt
755 132 775 dirt
755 132 776 dirt
755 132 777 dirt
755 132 778 dirt
755 132 779 dirt
755 132 780 dirt
755 132 781 stone
755 132 782 stone
755 132 783 stone
755 132 784 stone
755 132 785 stone
755 132 786 stone
755 132 787 stone
755 132 788 stone
755 132 789 stone
755 132 790 stone
755 132 791 stone
755 132 792 stone
755 132 793 stone
755 132 794 stone
755 132 795 stone
755 132 796 stone
755 132 797 stone
755 132 798 stone
755 132 799 stone
755 132 800 stone
755 132 801 stone
755 132 802 stone
755 132 803 stone
755 132 804 stone
755 132 805 stone
755 132 806 stone
755 132 807 stone
755 132 808 stone
755 132 809 stone
755 132 810 stone
755 132 811 stone
755 132 812 stone
755 132 813 stone
755 132 814 stone
755 132 815 stone
755 132 816 stone
755 132 817 stone
755 132 818 stone
755 132 819 stone
755 132 820 stone
755 132 821 stone
755 132 822 stone
755 132 823 stone
755 132 824 stone
755 132 825 stone
755 132 826 stone
755 132 827 stone
755 132 828 stone
755 132 829 stone
755 132 830 stone
755 132 831 stone
755 132 832 stone
755 132 833 stone
755 132 834 stone
755 132 835 stone
755 132 836 stone
755 132 837 stone
755 132 838 stone
755 132 839 stone
755 132 840 stone
755 132 841 stone
755 132 842 dirt
755 132 843 dirt
755 132 844 dirt
755 132 845 dirt
755 132 846 dirt
755 132 847 dirt
755 132 848 stone
755 132 849 coal_ore
755 132 850 coal_ore
755 132 851 coal_ore
755 132 852 stone
755 132 853 stone
755 132 854 stone
755 132 855 stone
755 132 856 stone
755 132 857 stone
755 132 858 stone
755 132 859 stone
755 132 860 stone
755 132 861 stone
755 132 862 stone
755 132 863 stone
755 132 864 stone
755 132 865 stone
755 132 866 coal_ore
755 132 867 coal_ore
755 132 868 stone
755 132 869 stone
755 132 870 stone
755 132 871 stone
755 132 872 stone
755 132 873 stone
755 132 874 stone
755 132 875 stone
755 132 876 stone
755 132 877 stone
755 132 878 stone
755 132 879 stone
755 132 880 stone
755 132 881 stone
755 132 882 stone
755 132 883 stone
755 132 884 stone
755 132 885 stone
755 132 886 stone
755 132 887 stone
755 132 888 stone
755 132 889 stone
755 132 890 stone
755 132 894 stone
755 132 895 stone
756 132 770 grass_block[snowy=false]
756 132 771 grass_block[snowy=false]
756 132 772 dirt
756 132 773 dirt
756 132 774 dirt
756 132 775 dirt
756 132 776 dirt
756 132 777 dirt
756 132 778 dirt
756 132 779 stone
756 132 780 stone
756 132 781 stone
756 132 782 stone
756 132 783 stone
756 132 784 stone
756 132 785 stone
756 132 786 stone
756 132 787 stone
756 132 788 stone
756 132 789 stone
756 132 790 stone
756 132 791 stone
756 132 792 stone
756 132 793 stone
756 132 794 stone
756 132 795 stone
756 132 796 stone
756 132 797 stone
756 132 798 stone
756 132 799 stone
756 132 800 stone
756 132 801 stone
756 132 802 stone
756 132 803 stone
756 132 804 stone
756 132 805 stone
756 132 806 stone
756 132 807 stone
756 132 808 stone
756 132 809 stone
756 132 810 stone
756 132 811 stone
756 132 812 stone
756 132 813 stone
756 132 814 stone
756 132 815 stone
756 132 816 stone
756 132 817 stone
756 132 818 stone
756 132 819 stone
756 132 820 stone
756 132 821 stone
756 132 822 stone
756 132 823 stone
756 132 824 stone
756 132 825 stone
756 132 826 stone
756 132 827 stone
756 132 828 stone
756 132 829 stone
756 132 830 stone
756 132 831 stone
756 132 832 stone
756 132 833 stone
756 132 834 stone
756 132 835 stone
756 132 836 stone
756 132 837 stone
756 132 838 stone
756 132 839 stone
756 132 840 stone
756 132 841 stone
756 132 842 gravel
756 132 843 gravel
756 132 844 gravel
756 132 845 gravel
756 132 846 gravel
756 132 847 stone
756 132 848 stone
756 132 849 coal_ore
756 132 850 coal_ore
756 132 851 stone
756 132 852 stone
756 132 853 stone
756 132 854 stone
756 132 855 stone
756 132 856 stone
756 132 857 stone
756 132 858 stone
756 132 859 stone
756 132 860 stone
756 132 861 stone
756 132 862 stone
756 132 863 stone
756 132 864 stone
756 132 865 stone
756 132 866 coal_ore
756 132 867 coal_ore
756 132 868 coal_ore
756 132 869 stone
756 132 870 stone
756 132 871 stone
756 132 872 stone
756 132 873 stone
756 132 874 stone
756 132 875 stone
756 132 876 stone
756 132 877 stone
756 132 878 stone
756 132 879 stone
756 132 880 stone
756 132 881 stone
756 132 882 stone
756 132 883 stone
756 132 884 stone
756 132 885 stone
756 132 886 stone
756 132 887 stone
756 132 888 stone
756 132 889 stone
756 132 890 stone
756 132 893 stone
756 132 894 stone
756 132 895 dirt
757 132 768 grass_block[snowy=false]
757 132 769 dirt
757 132 770 dirt
757 132 771 dirt
757 132 772 dirt
757 132 773 dirt
757 132 774 dirt
757 132 775 dirt
757 132 776 stone
757 132 777 stone
757 132 778 stone
757 132 779 stone
757 132 780 stone
757 132 781 stone
757 132 782 stone
757 132 783 stone
757 132 784 stone
757 132 785 stone
757 132 786 stone
757 132 787 stone
757 132 788 stone
757 132 789 stone
757 132 790 stone
757 132 791 stone
757 132 792 stone
757 132 793 stone
757 132 794 stone
757 132 795 stone
757 132 796 stone
757 132 797 stone
757 132 798 stone
757 132 799 stone
757 132 800 stone
757 132 801 stone
757 132 802 stone
757 132 803 stone
757 132 804 stone
757 132 805 stone
757 132 806 stone
757 132 807 stone
757 132 808 stone
757 132 809 stone
757 132 810 stone
757 132 811 stone
757 132 812 stone
757 132 813 stone
757 132 814 stone
757 132 815 stone
757 132 816 stone
757 132 817 stone
757 132 818 stone
757 132 819 stone
757 132 820 stone
757 132 821 stone
757 132 822 stone
757 132 823 stone
757 132 824 stone
757 132 825 stone
757 132 826 stone
757 132 827 stone
757 132 828 stone
757 132 829 stone
757 132 830 stone
757 132 831 stone
757 132 832 stone
757 132 833 stone
757 132 834 stone
757 132 835 stone
757 132 836 stone
757 132 837 stone
757 132 838 stone
757 132 839 stone
757 132 840 stone
757 132 841 stone
757 132 842 stone
757 132 843 gravel
757 132 844 gravel
757 132 845 gravel
757 132 846 gravel
757 132 847 stone
757 132 848 stone
757 132 849 stone
757 132 850 stone
757 132 851 stone
757 132 852 stone
757 132 853 stone
757 132 854 stone
757 132 855 stone
757 132 856 stone
757 132 857 stone
757 132 858 stone
757 132 859 stone
757 132 860 stone
757 132 861 stone
757 132 862 stone
757 132 863 stone
757 132 864 stone
757 132 865 stone
757 132 866 stone
757 132 867 coal_ore
757 132 868 coal_ore
757 132 869 coal_ore
757 132 870 stone
757 132 871 stone
757 132 872 stone
757 132 873 stone
757 132 874 stone
757 132 875 stone
757 132 876 stone
757 132 877 stone
757 132 878 stone
757 132 879 stone
757 132 880 stone
757 132 881 stone
757 132 882 stone
757 132 883 stone
757 132 884 stone
757 132 885 stone
757 132 886 stone
757 132 887 stone
757 132 888 stone
757 132 889 stone
757 132 890 stone
757 132 893 stone
757 132 894 stone
757 132 895 dirt
758 132 768 dirt
758 132 769 dirt
758 132 770 dirt
758 132 771 dirt
758 132 772 dirt
758 132 773 dirt
758 132 774 dirt
758 132 775 stone
758 132 776 stone
758 132 777 stone
758 132 778 stone
758 132 779 stone
758 132 780 stone
758 132 781 stone
758 132 782 stone
758 132 783 stone
758 132 784 stone
758 132 785 stone
758 132 786 stone
758 132 787 stone
758 132 788 stone
758 132 789 stone
758 132 790 stone
758 132 791 stone
758 132 792 stone
758 132 793 stone
758 132 794 stone
758 132 795 stone
758 132 796 stone
758 132 797 stone
758 132 798 stone
758 132 799 stone
758 132 800 stone
758 132 801 stone
758 132 802 stone
758 132 803 stone
758 132 804 stone
758 132 805 stone
758 132 806 stone
758 132 807 stone
758 132 808 stone
758 132 809 stone
758 132 810 stone
758 132 811 stone
758 132 812 stone
758 132 813 stone
758 132 814 stone
758 132 815 stone
758 132 816 stone
758 132 817 stone
758 132 818 stone
758 132 819 stone
758 132 820 stone
758 132 821 stone
758 132 822 stone
758 132 823 stone
758 132 824 stone
758 132 825 stone
758 132 826 stone
758 132 827 stone
758 132 828 stone
758 132 829 stone
758 132 830 stone
758 132 831 stone
758 132 832 stone
758 132 833 stone
758 132 834 stone
758 132 835 stone
758 132 836 stone
758 132 837 stone
758 132 838 stone
758 132 839 stone
758 132 840 stone
758 132 841 stone
758 132 842 stone
758 132 843 gravel
758 132 844 gravel
758 132 845 gravel
758 132 846 stone
758 132 847 stone
758 132 848 stone
758 132 849 stone
758 132 850 stone
758 132 851 stone
758 132 852 stone
758 132 853 stone
758 132 854 stone
758 132 855 stone
758 132 856 stone
758 132 857 stone
758 132 858 stone
758 132 859 stone
758 132 860 stone
758 132 861 stone
758 132 862 stone
758 132 863 stone
758 132 864 stone
758 132 865 stone
758 132 866 stone
758 132 867 stone
758 132 868 coal_ore
758 132 869 coal_ore
758 132 870 stone
758 132 871 stone
758 132 872 stone
758 132 873 stone
758 132 874 stone
758 132 875 stone
758 132 876 stone
758 132 877 stone
758 132 878 stone
758 132 879 stone
758 132 880 stone
758 132 881 stone
758 132 882 stone
758 132 883 stone
758 132 884 stone
758 132 885 stone
758 132 886 stone
758 132 887 stone
758 132 888 stone
758 132 889 stone
758 132 890 stone
758 132 891 stone
758 132 893 stone
758 132 894 dirt
758 132 895 dirt
759 132 768 stone
759 132 769 stone
759 132 770 stone
759 132 771 stone
759 132 772 stone
759 132 773 stone
759 132 774 stone
759 132 775 stone
759 132 776 stone
759 132 777 stone
759 132 778 stone
759 132 779 stone
759 132 780 stone
759 132 781 stone
759 132 782 stone
759 132 783 stone
759 132 784 stone
759 132 785 stone
759 132 786 stone
759 132 787 stone
759 132 788 stone
759 132 789 copper_ore
759 132 790 stone
759 132 791 stone
759 132 792 stone
759 132 793 stone
759 132 794 stone
759 132 795 stone
759 132 796 stone
759 132 797 stone
759 132 798 stone
759 132 799 stone
759 132 800 stone
759 132 801 stone
759 132 802 stone
759 132 803 stone
759 132 804 stone
759 132 805 stone
759 132 806 stone
759 132 807 stone
759 132 808 stone
759 132 809 stone
759 132 810 stone
759 132 811 stone
759 132 812 stone
759 132 813 stone
759 132 814 stone
759 132 815 stone
759 132 816 stone
759 132 817 stone
759 132 818 stone
759 132 819 stone
759 132 820 stone
759 132 821 stone
759 132 822 stone
759 132 823 stone
759 132 824 stone
759 132 825 stone
759 132 826 stone
759 132 827 stone
759 132 828 stone
759 132 829 stone
759 132 830 stone
759 132 831 stone
759 132 832 stone
759 132 833 stone
759 132 834 stone
759 132 835 stone
759 132 836 stone
759 132 837 stone
759 132 838 stone
759 132 839 stone
759 132 840 stone
759 132 841 stone
759 132 842 stone
759 132 843 gravel
759 132 844 gravel
759 132 845 stone
759 132 846 stone
759 132 847 stone
759 132 848 stone
759 132 849 stone
759 132 850 stone
759 132 851 stone
759 132 852 stone
759 132 853 stone
759 132 854 stone
759 132 855 stone
759 132 856 stone
759 132 857 stone
759 132 858 stone
759 132 859 stone
759 132 860 stone
759 132 861 stone
759 132 862 stone
759 132 863 stone
759 132 864 stone
759 132 865 stone
759 132 866 stone
759 132 867 stone
759 132 868 stone
759 132 869 stone
759 132 870 stone
759 132 871 stone
759 132 872 stone
759 132 873 stone
759 132 874 stone
759 132 875 stone
759 132 876 stone
759 132 877 stone
759 132 878 stone
759 132 879 stone
759 132 880 stone
759 132 881 stone
759 132 882 stone
759 132 883 stone
759 132 884 stone
759 132 885 stone
759 132 886 stone
759 132 887 stone
759 132 888 stone
759 132 889 stone
759 132 890 stone
759 132 891 stone
759 132 893 stone
759 132 894 coal_ore
759 132 895 dirt
760 132 768 stone
760 132 769 stone
760 132 770 stone
760 132 771 stone
760 132 772 stone
760 132 773 stone
760 132 774 stone
760 132 775 stone
760 132 776 stone
760 132 777 stone
760 132 778 stone
760 132 779 stone
760 132 780 stone
760 132 781 stone
760 132 782 stone
760 132 783 stone
760 132 784 stone
760 132 785 stone
760 132 786 stone
760 132 787 stone
760 132 788 copper_ore
760 132 789 stone
760 132 790 stone
760 132 791 stone
760 132 792 stone
760 132 793 stone
760 132 794 stone
760 132 795 stone
760 132 796 stone
760 132 797 stone
760 132 798 stone
760 132 799 stone
760 132 800 stone
760 132 801 stone
760 132 802 stone
760 132 803 stone
760 132 804 stone
760 132 805 stone
760 132 806 stone
760 132 807 stone
760 132 808 stone
760 132 809 stone
760 132 810 stone
760 132 811 stone
760 132 812 stone
760 132 813 stone
760 132 814 stone
760 132 815 stone
760 132 816 stone
760 132 817 stone
760 132 818 stone
760 132 819 stone
760 132 820 stone
760 132 821 stone
760 132 822 stone
760 132 823 stone
760 132 824 stone
760 132 825 stone
760 132 826 stone
760 132 827 stone
760 132 828 stone
760 132 829 stone
760 132 830 stone
760 132 831 stone
760 132 832 stone
760 132 833 stone
760 132 834 stone
760 132 835 stone
760 132 836 stone
760 132 837 stone
760 132 838 stone
760 132 839 stone
760 132 840 stone
760 132 841 stone
760 132 842 stone
760 132 843 stone
760 132 844 stone
760 132 845 stone
760 132 846 stone
760 132 847 stone
760 132 848 stone
760 132 849 stone
760 132 850 stone
760 132 851 stone
760 132 852 stone
760 132 853 stone
760 132 854 stone
760 132 855 stone
760 132 856 stone
760 132 857 stone
760 132 858 stone
760 132 859 stone
760 132 860 stone
760 132 861 stone
760 132 862 stone
760 132 863 stone
760 132 864 stone
760 132 865 stone
760 132 866 stone
760 132 867 stone
760 132 868 stone
760 132 869 stone
760 132 870 stone
760 132 871 stone
760 132 872 stone
760 132 873 stone
760 132 874 stone
760 132 875 stone
760 132 876 stone
760 132 877 stone
760 132 878 stone
760 132 879 stone
760 132 880 stone
760 132 881 stone
760 132 882 stone
760 132 883 stone
760 132 884 stone
760 132 885 stone
760 132 886 stone
760 132 887 stone
760 132 888 stone
760 132 889 stone
760 132 890 stone
760 132 891 stone
760 132 892 stone
760 132 893 dirt
760 132 894 coal_ore
760 132 895 coal_ore
761 132 768 stone
761 132 769 stone
761 132 770 stone
761 132 771 iron_ore
761 132 772 stone
761 132 773 gravel
761 132 774 gravel
761 132 775 gravel
761 132 776 stone
761 132 777 stone
761 132 778 stone
761 132 779 stone
761 132 780 stone
761 132 781 stone
761 132 782 stone
761 132 783 stone
761 132 784 stone
761 132 785 stone
761 132 786 stone
761 132 787 stone
761 132 788 copper_ore
761 132 789 stone
761 132 790 stone
761 132 791 stone
761 132 792 stone
761 132 793 stone
761 132 794 stone
761 132 795 stone
761 132 796 stone
761 132 797 stone
761 132 798 stone
761 132 799 stone
761 132 800 stone
761 132 801 stone
761 132 802 stone
761 132 803 stone
761 132 804 stone
761 132 805 stone
761 132 806 stone
761 132 807 stone
