854 152 7 dirt
854 152 8 dirt
854 152 9 dirt
854 152 10 dirt
854 152 11 dirt
854 152 12 dirt
854 152 13 dirt
854 152 14 dirt
854 152 15 dirt
854 152 16 dirt
854 152 17 dirt
854 152 18 stone
854 152 19 stone
854 152 20 stone
854 152 21 stone
854 152 22 stone
854 152 23 stone
854 152 24 stone
854 152 25 stone
854 152 26 stone
854 152 27 stone
854 152 28 stone
854 152 29 stone
854 152 30 stone
854 152 31 stone
854 152 32 stone
854 152 33 stone
854 152 34 stone
854 152 35 stone
854 152 36 stone
854 152 37 stone
854 152 38 stone
854 152 39 stone
854 152 40 stone
854 152 41 stone
854 152 42 stone
854 152 43 stone
854 152 44 stone
854 152 45 stone
854 152 46 stone
854 152 47 stone
854 152 48 stone
854 152 49 stone
854 152 53 stone
854 152 54 stone
854 152 55 stone
854 152 56 stone
854 152 57 stone
854 152 58 stone
854 152 59 dirt
854 152 60 dirt
854 152 61 dirt
854 152 62 grass_block[snowy=false]
854 152 336 short_grass
854 152 337 short_grass
854 152 338 grass_block[snowy=false]
854 152 339 dirt
854 152 340 dirt
854 152 341 dirt
854 152 342 dirt
854 152 343 dirt
854 152 344 stone
854 152 345 stone
854 152 346 stone
854 152 347 stone
854 152 348 stone
854 152 349 stone
854 152 350 stone
854 152 351 stone
854 152 352 stone
854 152 353 stone
854 152 354 stone
854 152 355 stone
854 152 356 copper_ore
854 152 357 stone
854 152 358 stone
854 152 359 dirt
854 152 360 dirt
854 152 361 dirt
854 152 362 dirt
854 152 363 dirt
854 152 364 dirt
854 152 365 dirt
854 152 366 stone
854 152 367 stone
854 152 368 stone
854 152 369 stone
854 152 370 stone
854 152 371 stone
854 152 372 stone
854 152 373 stone
854 152 374 stone
854 152 375 stone
854 152 376 stone
854 152 377 stone
854 152 378 stone
854 152 379 stone
854 152 380 stone
854 152 381 stone
854 152 382 stone
854 152 383 stone
854 152 384 stone
854 152 385 stone
854 152 386 dirt
854 152 387 dirt
854 152 388 dirt
854 152 389 dirt
854 152 390 grass_block[snowy=false]
854 152 391 pink_petals[facing=west,flower_amount=4]
854 152 393 pink_petals[facing=south,flower_amount=3]
854 152 394 short_grass
854 152 395 short_grass
854 152 396 pink_petals[facing=north,flower_amount=1]
854 152 397 pink_petals[facing=south,flower_amount=1]
854 152 398 short_grass
854 152 399 tall_grass[half=lower]
854 152 400 short_grass
854 152 401 tall_grass[half=lower]
854 152 402 short_grass
854 152 403 short_grass
854 152 417 short_grass
854 152 419 short_grass
854 152 421 short_grass
854 152 422 grass_block[snowy=false]
854 152 423 grass_block[snowy=false]
854 152 424 grass_block[snowy=false]
854 152 425 grass_block[snowy=false]
854 152 426 grass_block[snowy=false]
854 152 427 grass_block[snowy=false]
854 152 531 grass_block[snowy=false]
854 152 532 dirt
854 152 533 dirt
854 152 534 dirt
854 152 535 dirt
854 152 536 stone
854 152 537 stone
854 152 538 stone
854 152 539 stone
854 152 540 stone
854 152 541 stone
854 152 542 stone
854 152 543 stone
854 152 544 stone
854 152 545 stone
854 152 546 stone
854 152 547 stone
854 152 548 stone
854 152 549 stone
854 152 550 stone
854 152 551 stone
854 152 552 stone
854 152 553 stone
854 152 554 stone
854 152 555 stone
854 152 556 dirt
854 152 557 dirt
854 152 558 dirt
854 152 559 dirt
854 152 560 dirt
854 152 561 dirt
854 152 562 dirt
854 152 563 dirt
854 152 564 dirt
854 152 565 stone
854 152 566 stone
854 152 567 stone
854 152 568 stone
854 152 569 stone
854 152 570 stone
854 152 571 stone
854 152 572 stone
854 152 573 stone
854 152 574 stone
854 152 575 stone
854 152 576 stone
854 152 577 stone
854 152 578 stone
854 152 579 stone
854 152 580 stone
854 152 581 stone
854 152 582 stone
854 152 583 stone
854 152 584 stone
854 152 585 stone
854 152 586 stone
854 152 587 stone
854 152 588 stone
854 152 589 stone
854 152 590 stone
854 152 591 stone
854 152 592 stone
854 152 593 stone
854 152 594 stone
854 152 595 stone
854 152 596 stone
854 152 597 stone
854 152 598 stone
854 152 599 stone
854 152 600 stone
854 152 601 stone
854 152 602 stone
854 152 603 stone
854 152 604 stone
854 152 605 stone
854 152 606 stone
854 152 607 stone
854 152 608 stone
854 152 609 stone
854 152 610 stone
854 152 611 stone
854 152 612 stone
854 152 613 stone
854 152 614 stone
854 152 615 stone
854 152 616 stone
854 152 617 stone
854 152 618 stone
854 152 619 stone
854 152 620 stone
854 152 621 granite
854 152 622 granite
854 152 623 emerald_ore
854 152 624 granite
854 152 625 granite
854 152 626 granite
854 152 627 granite
854 152 628 granite
854 152 629 granite
854 152 630 granite
854 152 631 coal_ore
854 152 632 coal_ore
854 152 633 coal_ore
854 152 634 stone
854 152 635 stone
854 152 636 stone
854 152 637 stone
854 152 638 stone
854 152 639 stone
854 152 640 stone
854 152 641 stone
854 152 642 stone
854 152 643 stone
854 152 644 stone
854 152 645 stone
854 152 646 stone
854 152 647 stone
854 152 648 stone
854 152 649 stone
854 152 650 stone
854 152 651 stone
854 152 652 stone
854 152 653 stone
854 152 654 stone
854 152 655 stone
854 152 656 stone
854 152 657 stone
854 152 658 stone
854 152 659 stone
854 152 660 stone
854 152 661 stone
854 152 662 stone
854 152 663 stone
854 152 664 stone
854 152 665 stone
854 152 666 stone
854 152 667 stone
854 152 668 stone
854 152 669 stone
854 152 670 stone
854 152 671 stone
854 152 672 stone
854 152 673 stone
854 152 674 stone
854 152 675 stone
854 152 676 stone
854 152 677 stone
854 152 678 stone
854 152 679 stone
854 152 680 stone
854 152 681 stone
854 152 682 stone
854 152 683 stone
854 152 684 stone
854 152 685 stone
854 152 686 stone
854 152 687 stone
854 152 688 stone
854 152 689 stone
854 152 690 stone
854 152 691 stone
854 152 692 stone
854 152 693 stone
854 152 694 stone
854 152 695 stone
854 152 696 stone
854 152 697 stone
854 152 698 stone
854 152 699 stone
854 152 700 stone
854 152 701 stone
854 152 702 stone
854 152 703 gravel
854 152 704 gravel
854 152 705 gravel
854 152 706 gravel
854 152 707 stone
854 152 708 stone
854 152 709 stone
854 152 710 stone
854 152 711 stone
854 152 712 stone
854 152 713 stone
854 152 714 stone
854 152 715 stone
854 152 716 stone
854 152 717 stone
854 152 718 stone
854 152 719 stone
854 152 720 stone
854 152 721 stone
854 152 722 stone
854 152 723 stone
854 152 724 stone
854 152 725 stone
854 152 726 stone
854 152 727 stone
854 152 728 stone
854 152 729 stone
854 152 730 stone
854 152 731 stone
854 152 732 stone
854 152 733 stone
854 152 734 stone
854 152 735 stone
854 152 736 stone
854 152 737 stone
854 152 738 stone
854 152 739 stone
854 152 740 stone
854 152 741 stone
854 152 742 stone
854 152 743 stone
854 152 744 stone
854 152 745 stone
854 152 746 stone
854 152 747 stone
854 152 748 stone
854 152 749 stone
854 152 750 stone
854 152 751 stone
854 152 752 stone
854 152 753 stone
854 152 754 stone
854 152 755 stone
854 152 756 stone
854 152 757 stone
854 152 758 stone
854 152 759 stone
854 152 760 stone
854 152 761 stone
854 152 762 stone
854 152 763 stone
854 152 764 stone
854 152 765 stone
854 152 766 stone
854 152 767 stone
854 152 768 stone
854 152 769 stone
854 152 770 stone
854 152 771 stone
854 152 772 stone
854 152 773 stone
854 152 774 stone
854 152 775 stone
854 152 776 stone
854 152 777 stone
854 152 778 stone
854 152 779 stone
854 152 780 stone
854 152 781 stone
854 152 782 stone
854 152 783 stone
854 152 784 stone
854 152 785 stone
854 152 786 stone
854 152 787 stone
854 152 788 stone
854 152 789 stone
854 152 790 stone
854 152 791 stone
854 152 792 stone
854 152 793 coal_ore
854 152 794 coal_ore
854 152 795 coal_ore
854 152 796 coal_ore
854 152 797 coal_ore
854 152 798 stone
854 152 799 stone
854 152 800 stone
854 152 801 stone
854 152 802 stone
854 152 803 stone
854 152 804 stone
854 152 805 stone
854 152 806 stone
854 152 807 stone
854 152 808 stone
854 152 809 stone
854 152 810 stone
854 152 811 stone
854 152 812 stone
854 152 813 stone
854 152 814 stone
854 152 815 stone
854 152 816 stone
854 152 817 stone
854 152 818 stone
854 152 819 stone
854 152 820 stone
854 152 821 stone
854 152 822 stone
854 152 823 stone
854 152 824 stone
854 152 825 stone
854 152 826 stone
854 152 827 stone
854 152 828 stone
854 152 829 stone
854 152 830 stone
854 152 831 stone
854 152 832 stone
854 152 833 stone
854 152 834 stone
854 152 835 copper_ore
854 152 836 stone
854 152 837 stone
854 152 838 stone
854 152 839 stone
854 152 840 stone
854 152 841 stone
854 152 842 stone
854 152 843 stone
854 152 844 stone
854 152 845 stone
854 152 846 stone
854 152 847 stone
854 152 848 stone
854 152 849 stone
854 152 850 stone
854 152 851 stone
854 152 852 stone
854 152 853 stone
854 152 854 stone
854 152 855 stone
854 152 856 stone
854 152 857 stone
854 152 858 stone
854 152 859 stone
854 152 860 stone
854 152 861 stone
854 152 862 stone
854 152 863 stone
854 152 864 stone
854 152 865 stone
854 152 866 stone
854 152 867 stone
854 152 868 stone
854 152 869 stone
854 152 870 stone
854 152 871 stone
854 152 872 stone
854 152 873 stone
854 152 874 stone
854 152 875 stone
854 152 876 stone
854 152 877 stone
854 152 878 stone
854 152 879 stone
854 152 880 stone
854 152 881 stone
854 152 882 stone
854 152 883 stone
854 152 884 stone
854 152 885 stone
854 152 886 stone
854 152 887 stone
854 152 888 stone
854 152 889 stone
854 152 890 copper_ore
854 152 891 copper_ore
854 152 892 stone
854 152 893 stone
854 152 894 stone
854 152 895 stone
854 152 896 stone
854 152 897 stone
854 152 898 stone
854 152 899 stone
854 152 900 stone
854 152 901 stone
854 152 902 stone
854 152 903 stone
854 152 904 stone
854 152 905 stone
854 152 906 stone
854 152 907 stone
854 152 908 stone
854 152 909 stone
854 152 910 stone
854 152 911 stone
854 152 912 stone
854 152 913 stone
854 152 914 stone
854 152 915 stone
854 152 916 stone
854 152 917 stone
854 152 918 stone
854 152 919 stone
854 152 920 stone
854 152 921 stone
854 152 922 stone
854 152 923 stone
854 152 924 stone
854 152 925 stone
854 152 926 stone
854 152 927 stone
854 152 928 stone
854 152 929 stone
854 152 930 stone
854 152 931 stone
854 152 932 stone
854 152 933 stone
854 152 934 stone
854 152 935 stone
854 152 936 stone
854 152 937 stone
854 152 938 stone
854 152 939 stone
854 152 940 stone
854 152 941 stone
854 152 942 stone
854 152 943 stone
854 152 944 stone
854 152 945 stone
854 152 946 stone
854 152 963 dirt
854 152 964 stone
854 152 965 stone
854 152 966 stone
854 152 967 stone
854 152 968 stone
854 152 969 stone
854 152 970 stone
854 152 971 stone
854 152 972 stone
854 152 973 stone
854 152 974 stone
854 152 975 stone
854 152 976 stone
854 152 977 stone
854 152 978 stone
854 152 979 stone
854 152 980 stone
854 152 981 stone
854 152 982 stone
854 152 983 stone
854 152 984 stone
854 152 985 stone
854 152 987 grass_block[snowy=false]
854 152 988 stone
854 152 989 stone
854 152 990 stone
854 152 991 stone
854 152 992 stone
854 152 993 stone
854 152 994 stone
854 152 995 stone
854 152 996 stone
854 152 997 stone
854 152 998 stone
854 152 999 stone
854 152 1000 stone
854 152 1001 stone
854 152 1002 stone
854 152 1003 stone
854 152 1004 stone
854 152 1005 stone
854 152 1006 stone
854 152 1007 stone
854 152 1008 stone
854 152 1009 stone
854 152 1010 stone
854 152 1011 stone
854 152 1012 stone
854 152 1013 stone
854 152 1014 gravel
854 152 1015 gravel
854 152 1016 gravel
854 152 1017 gravel
854 152 1018 stone
854 152 1019 stone
854 152 1020 stone
854 152 1021 stone
854 152 1022 stone
854 152 1023 stone
854 153 6 grass_block[snowy=false]
854 153 7 dirt
854 153 8 dirt
854 153 9 dirt
854 153 10 dirt
854 153 11 dirt
854 153 12 grass_block[snowy=false]
854 153 13 dirt
854 153 14 dirt
854 153 15 dirt
854 153 16 dirt
854 153 17 dirt
854 153 18 dirt
854 153 19 dirt
854 153 20 dirt
854 153 21 dirt
854 153 22 dirt
854 153 23 dirt
854 153 24 dirt
854 153 25 dirt
854 153 26 stone
854 153 27 stone
854 153 28 stone
854 153 29 stone
854 153 30 stone
854 153 31 stone
854 153 32 stone
854 153 33 stone
854 153 34 stone
854 153 35 stone
854 153 36 stone
854 153 37 stone
854 153 38 stone
854 153 39 stone
854 153 40 stone
854 153 41 stone
854 153 42 stone
854 153 43 stone
854 153 44 stone
854 153 45 stone
854 153 46 stone
854 153 47 stone
854 153 48 stone
854 153 49 stone
854 153 55 stone
854 153 56 stone
854 153 57 dirt
854 153 58 dirt
854 153 59 dirt
854 153 60 dirt
854 153 61 dirt
854 153 338 short_grass
854 153 339 grass_block[snowy=false]
854 153 340 dirt
854 153 341 dirt
854 153 342 dirt
854 153 343 dirt
854 153 344 dirt
854 153 345 dirt
854 153 346 dirt
854 153 347 stone
854 153 348 stone
854 153 349 stone
854 153 350 dirt
854 153 351 dirt
854 153 352 dirt
854 153 353 dirt
854 153 354 dirt
854 153 355 dirt
854 153 356 dirt
854 153 357 dirt
854 153 358 dirt
854 153 359 dirt
854 153 360 dirt
854 153 361 dirt
854 153 362 dirt
854 153 363 dirt
854 153 364 dirt
854 153 365 dirt
854 153 366 dirt
854 153 367 dirt
854 153 368 dirt
854 153 369 dirt
854 153 370 dirt
854 153 371 stone
854 153 372 stone
854 153 373 stone
854 153 374 stone
854 153 375 stone
854 153 376 stone
854 153 377 dirt
854 153 378 dirt
854 153 379 stone
854 153 380 stone
854 153 381 stone
854 153 382 stone
854 153 383 stone
854 153 384 dirt
854 153 385 dirt
854 153 386 dirt
854 153 387 dirt
854 153 388 grass_block[snowy=false]
854 153 389 grass_block[snowy=false]
854 153 390 pink_petals[facing=south,flower_amount=4]
854 153 399 tall_grass[half=upper]
854 153 401 tall_grass[half=upper]
854 153 422 short_grass
854 153 423 short_grass
854 153 424 short_grass
854 153 532 grass_block[snowy=false]
854 153 533 grass_block[snowy=false]
854 153 534 dirt
854 153 535 dirt
854 153 536 dirt
854 153 537 dirt
854 153 538 dirt
854 153 539 dirt
854 153 540 dirt
854 153 541 stone
854 153 542 stone
854 153 543 stone
854 153 544 stone
854 153 545 stone
854 153 546 stone
854 153 547 stone
854 153 548 stone
854 153 549 stone
854 153 550 stone
854 153 551 stone
854 153 552 stone
854 153 553 stone
854 153 554 stone
854 153 555 dirt
854 153 556 dirt
854 153 557 dirt
854 153 558 dirt
854 153 559 dirt
854 153 560 dirt
854 153 561 dirt
854 153 562 dirt
854 153 563 dirt
854 153 564 dirt
854 153 565 dirt
854 153 566 stone
854 153 567 stone
854 153 568 stone
854 153 569 stone
854 153 570 stone
854 153 571 stone
854 153 572 stone
854 153 573 stone
854 153 574 stone
854 153 575 stone
854 153 576 stone
854 153 577 stone
854 153 578 coal_ore
854 153 579 coal_ore
854 153 580 stone
854 153 581 stone
854 153 582 stone
854 153 583 stone
854 153 584 stone
854 153 585 stone
854 153 586 stone
854 153 587 stone
854 153 588 stone
854 153 589 stone
854 153 590 stone
854 153 591 stone
854 153 592 stone
854 153 593 stone
854 153 594 stone
854 153 595 stone
854 153 596 stone
854 153 597 stone
854 153 598 stone
854 153 599 stone
854 153 600 stone
854 153 601 stone
854 153 602 stone
854 153 603 stone
854 153 604 stone
854 153 605 stone
854 153 606 stone
854 153 607 stone
854 153 608 stone
854 153 609 stone
854 153 610 stone
854 153 611 stone
854 153 612 stone
854 153 613 stone
854 153 614 stone
854 153 615 stone
854 153 616 stone
854 153 617 stone
854 153 618 stone
854 153 619 stone
854 153 620 stone
854 153 621 granite
854 153 622 granite
854 153 623 granite
854 153 624 granite
854 153 625 granite
854 153 626 granite
854 153 627 granite
854 153 628 granite
854 153 629 granite
854 153 630 granite
854 153 631 granite
854 153 632 stone
854 153 633 stone
854 153 634 stone
854 153 635 stone
854 153 636 stone
854 153 637 stone
854 153 638 stone
854 153 639 stone
854 153 640 stone
854 153 641 stone
854 153 642 stone
854 153 643 stone
854 153 644 stone
854 153 645 stone
854 153 646 stone
854 153 647 stone
854 153 648 stone
854 153 649 stone
854 153 650 stone
854 153 651 stone
854 153 652 stone
854 153 653 stone
854 153 654 stone
854 153 655 stone
854 153 656 stone
854 153 657 stone
854 153 658 stone
854 153 659 stone
854 153 660 stone
854 153 661 stone
854 153 662 stone
854 153 663 stone
854 153 664 stone
854 153 665 stone
854 153 666 stone
854 153 667 stone
854 153 668 stone
854 153 669 stone
854 153 670 stone
854 153 671 stone
854 153 672 stone
854 153 673 stone
854 153 674 stone
854 153 675 stone
854 153 676 stone
854 153 677 stone
854 153 678 stone
854 153 679 stone
854 153 680 stone
854 153 681 stone
854 153 682 stone
854 153 683 stone
854 153 684 stone
854 153 685 stone
854 153 686 stone
854 153 687 stone
854 153 688 stone
854 153 689 stone
854 153 690 stone
854 153 691 stone
854 153 692 stone
854 153 693 stone
854 153 694 stone
854 153 695 stone
854 153 696 stone
854 153 697 stone
854 153 698 stone
854 153 699 stone
854 153 700 stone
854 153 701 stone
854 153 702 stone
854 153 703 stone
854 153 704 stone
854 153 705 gravel
854 153 706 stone
854 153 707 stone
854 153 708 stone
854 153 709 stone
854 153 710 stone
854 153 711 stone
854 153 712 coal_ore
854 153 713 coal_ore
854 153 714 stone
854 153 715 stone
854 153 716 stone
854 153 717 stone
854 153 718 stone
854 153 719 stone
854 153 720 stone
854 153 721 stone
854 153 722 stone
854 153 723 stone
854 153 724 stone
854 153 725 stone
854 153 726 stone
854 153 727 stone
854 153 728 stone
854 153 729 stone
854 153 730 stone
854 153 731 stone
854 153 732 stone
854 153 733 stone
854 153 734 stone
854 153 735 stone
854 153 736 stone
854 153 737 stone
854 153 738 stone
854 153 739 stone
854 153 740 stone
854 153 741 stone
854 153 742 stone
854 153 743 stone
854 153 744 stone
854 153 745 stone
854 153 746 stone
854 153 747 stone
854 153 748 stone
854 153 749 stone
854 153 750 stone
854 153 751 stone
854 153 752 stone
854 153 753 stone
854 153 754 stone
854 153 755 stone
854 153 756 stone
854 153 757 stone
854 153 758 stone
854 153 759 stone
854 153 760 stone
854 153 761 stone
854 153 762 stone
854 153 763 stone
854 153 764 stone
854 153 765 stone
854 153 766 stone
854 153 767 stone
854 153 768 stone
854 153 769 stone
854 153 770 stone
854 153 771 stone
854 153 772 stone
854 153 773 stone
854 153 774 stone
854 153 775 stone
854 153 776 stone
854 153 777 stone
854 153 778 stone
854 153 779 stone
854 153 780 stone
854 153 781 stone
854 153 782 stone
854 153 783 stone
854 153 784 stone
854 153 785 stone
854 153 786 stone
854 153 787 stone
854 153 788 stone
854 153 789 stone
854 153 790 stone
854 153 791 stone
854 153 792 stone
854 153 793 stone
854 153 794 stone
854 153 795 stone
854 153 796 stone
854 153 797 stone
854 153 798 stone
854 153 799 stone
854 153 800 stone
854 153 801 stone
854 153 802 stone
854 153 803 stone
854 153 804 stone
854 153 805 stone
854 153 806 stone
854 153 807 stone
854 153 808 stone
854 153 809 stone
854 153 810 stone
854 153 811 stone
854 153 812 stone
854 153 813 stone
854 153 814 stone
854 153 815 stone
854 153 816 stone
854 153 817 stone
854 153 818 stone
854 153 819 stone
854 153 820 stone
854 153 821 stone
854 153 822 stone
854 153 823 stone
854 153 824 stone
854 153 825 stone
854 153 826 stone
854 153 827 stone
854 153 828 stone
854 153 829 stone
854 153 830 stone
854 153 831 stone
854 153 832 stone
854 153 833 stone
854 153 834 stone
854 153 835 stone
854 153 836 stone
854 153 837 stone
854 153 838 stone
854 153 839 stone
854 153 840 stone
854 153 841 stone
854 153 842 stone
854 153 843 stone
854 153 844 stone
854 153 845 stone
854 153 846 stone
854 153 847 stone
854 153 848 stone
854 153 849 stone
854 153 850 stone
854 153 851 stone
854 153 852 stone
854 153 853 stone
854 153 854 stone
854 153 855 stone
854 153 856 stone
854 153 857 stone
854 153 858 stone
854 153 859 stone
854 153 860 stone
854 153 861 stone
854 153 862 stone
854 153 863 stone
854 153 864 stone
854 153 865 stone
854 153 866 stone
854 153 867 stone
854 153 868 stone
854 153 869 stone
854 153 870 stone
854 153 871 stone
854 153 872 stone
854 153 873 stone
854 153 874 stone
854 153 875 stone
854 153 876 stone
854 153 877 stone
854 153 878 stone
854 153 879 stone
854 153 880 stone
854 153 881 stone
854 153 882 stone
854 153 883 stone
854 153 884 stone
854 153 885 stone
854 153 886 stone
854 153 887 stone
854 153 888 stone
854 153 889 stone
854 153 890 copper_ore
854 153 891 copper_ore
854 153 892 stone
854 153 893 stone
854 153 894 stone
854 153 895 stone
854 153 896 stone
854 153 897 stone
854 153 898 stone
854 153 899 stone
854 153 900 stone
854 153 901 stone
854 153 902 stone
854 153 903 stone
854 153 904 stone
854 153 905 stone
854 153 906 stone
854 153 907 stone
854 153 908 stone
854 153 909 stone
854 153 910 stone
854 153 911 stone
854 153 912 stone
854 153 913 stone
854 153 914 stone
854 153 915 stone
854 153 916 stone
854 153 917 stone
854 153 918 stone
854 153 919 stone
854 153 920 stone
854 153 921 stone
