856 102 411 stone
856 102 412 stone
856 102 413 stone
856 102 414 stone
856 102 415 stone
856 102 416 stone
856 102 417 stone
856 102 418 stone
856 102 419 stone
856 102 420 stone
856 102 421 stone
856 102 422 stone
856 102 423 stone
856 102 424 stone
856 102 425 stone
856 102 426 stone
856 102 427 stone
856 102 428 stone
856 102 429 stone
856 102 430 stone
856 102 431 stone
856 102 432 water[level=0]
856 102 433 water[level=0]
856 102 434 water[level=0]
856 102 435 stone
856 102 436 stone
856 102 437 stone
856 102 438 stone
856 102 439 stone
856 102 440 stone
856 102 441 stone
856 102 442 stone
856 102 443 stone
856 102 444 stone
856 102 445 stone
856 102 446 stone
856 102 447 stone
856 102 448 stone
856 102 449 stone
856 102 450 stone
856 102 451 stone
856 102 452 stone
856 102 453 stone
856 102 454 stone
856 102 455 stone
856 102 456 stone
856 102 457 stone
856 102 458 stone
856 102 459 gravel
856 102 460 gravel
856 102 461 stone
856 102 462 stone
856 102 463 stone
856 102 464 stone
856 102 465 stone
856 102 466 stone
856 102 467 stone
856 102 468 stone
856 102 469 stone
856 102 470 stone
856 102 471 stone
856 102 472 stone
856 102 473 stone
856 102 474 stone
856 102 475 stone
856 102 476 stone
856 102 477 stone
856 102 478 stone
856 102 479 stone
856 102 480 stone
856 102 481 stone
856 102 482 stone
856 102 483 stone
856 102 484 andesite
856 102 485 andesite
856 102 486 andesite
856 102 487 andesite
856 102 488 andesite
856 102 489 andesite
856 102 490 andesite
856 102 491 andesite
856 102 492 andesite
856 102 493 andesite
856 102 494 andesite
856 102 495 andesite
856 102 496 andesite
856 102 497 stone
856 102 498 stone
856 102 499 stone
856 102 500 stone
856 102 501 stone
856 102 502 stone
856 102 503 stone
856 102 504 stone
856 102 505 stone
856 102 506 stone
856 102 507 stone
856 102 508 stone
856 102 509 stone
856 102 510 copper_ore
856 102 511 copper_ore
856 102 512 stone
856 102 513 stone
856 102 514 stone
856 102 515 stone
856 102 516 stone
856 102 517 stone
856 102 518 stone
856 102 519 stone
856 102 520 stone
856 102 521 granite
856 102 522 granite
856 102 523 granite
856 102 524 diorite
856 102 525 diorite
856 102 526 iron_ore
856 102 527 diorite
856 102 528 diorite
856 102 529 diorite
856 102 530 diorite
856 102 531 diorite
856 102 532 diorite
856 102 533 stone
856 102 534 stone
856 102 535 stone
856 102 536 stone
856 102 537 stone
856 102 538 stone
856 102 539 stone
856 102 540 stone
856 102 541 stone
856 102 542 stone
856 102 543 stone
856 102 544 stone
856 102 545 stone
856 102 546 stone
856 102 547 stone
856 102 548 stone
856 102 549 stone
856 102 550 stone
856 102 551 stone
856 102 552 stone
856 102 553 stone
856 102 554 stone
856 102 555 stone
856 102 556 stone
856 102 557 stone
856 102 558 stone
856 102 559 stone
856 102 560 stone
856 102 561 stone
856 102 562 stone
856 102 563 stone
856 102 564 stone
856 102 565 stone
856 102 566 stone
856 102 567 stone
856 102 568 stone
856 102 569 stone
856 102 570 stone
856 102 571 stone
856 102 572 stone
856 102 573 stone
856 102 574 andesite
856 102 575 andesite
856 102 576 andesite
856 102 577 andesite
856 102 578 andesite
856 102 579 andesite
856 102 580 diorite
856 102 581 diorite
856 102 582 diorite
856 102 583 diorite
856 102 584 diorite
856 102 585 diorite
856 102 586 diorite
856 102 587 diorite
856 102 588 diorite
856 102 589 diorite
856 102 590 diorite
856 102 591 diorite
856 102 592 diorite
856 102 593 granite
856 102 594 granite
856 102 595 granite
856 102 596 stone
856 102 597 stone
856 102 598 stone
856 102 599 stone
856 102 600 stone
856 102 601 stone
856 102 602 stone
856 102 603 stone
856 102 604 stone
856 102 605 stone
856 102 606 stone
856 102 607 stone
856 102 608 stone
856 102 609 stone
856 102 610 stone
856 102 611 stone
856 102 612 stone
856 102 613 stone
856 102 614 stone
856 102 615 stone
856 102 616 stone
856 102 617 stone
856 102 618 stone
856 102 619 stone
856 102 620 stone
856 102 621 stone
856 102 622 stone
856 102 623 stone
856 102 624 stone
856 102 625 stone
856 102 626 stone
856 102 627 stone
856 102 628 stone
856 102 629 stone
856 102 630 stone
856 102 631 granite
856 102 632 granite
856 102 633 granite
856 102 634 granite
856 102 635 granite
856 102 636 granite
856 102 637 granite
856 102 638 granite
856 102 639 stone
856 102 640 stone
856 102 648 stone
856 102 649 stone
856 102 650 stone
856 102 651 stone
856 102 652 stone
856 102 653 stone
856 102 654 stone
856 102 655 stone
856 102 656 stone
856 102 657 stone
856 102 658 stone
856 102 659 stone
856 102 660 stone
856 102 661 stone
856 102 662 stone
856 102 663 stone
856 102 664 stone
856 102 665 stone
856 102 666 stone
856 102 667 stone
856 102 668 stone
856 102 669 copper_ore
856 102 670 stone
856 102 671 stone
856 102 672 stone
856 102 673 stone
856 102 674 stone
856 102 675 stone
856 102 676 stone
856 102 677 stone
856 102 678 stone
856 102 679 granite
856 102 680 granite
856 102 681 granite
856 102 682 granite
856 102 683 granite
856 102 684 granite
856 102 685 granite
856 102 686 stone
856 102 687 stone
856 102 688 andesite
856 102 689 andesite
856 102 690 andesite
856 102 691 andesite
856 102 692 andesite
856 102 693 andesite
856 102 694 andesite
856 102 695 andesite
856 102 696 stone
856 102 697 stone
856 102 698 stone
856 102 699 stone
856 102 700 stone
856 102 701 stone
856 102 702 stone
856 102 703 stone
856 102 704 stone
856 102 705 stone
856 102 706 stone
856 102 707 stone
856 102 708 stone
856 102 709 stone
856 102 710 stone
856 102 711 granite
856 102 712 stone
856 102 713 stone
856 102 714 stone
856 102 715 stone
856 102 716 stone
856 102 717 stone
856 102 718 stone
856 102 719 stone
856 102 720 stone
856 102 721 stone
856 102 722 stone
856 102 723 stone
856 102 724 stone
856 102 725 stone
856 102 726 stone
856 102 727 stone
856 102 728 stone
856 102 729 stone
856 102 730 stone
856 102 731 stone
856 102 732 stone
856 102 733 stone
856 102 734 stone
856 102 735 stone
856 102 736 stone
856 102 737 stone
856 102 738 stone
856 102 739 stone
856 102 740 stone
856 102 741 stone
856 102 742 stone
856 102 743 stone
856 102 744 stone
856 102 745 stone
856 102 746 andesite
856 102 747 andesite
856 102 748 andesite
856 102 749 andesite
856 102 750 andesite
856 102 751 andesite
856 102 752 andesite
856 102 753 andesite
856 102 754 stone
856 102 755 stone
856 102 756 stone
856 102 757 stone
856 102 758 stone
856 102 759 stone
856 102 760 stone
856 102 761 stone
856 102 762 stone
856 102 763 stone
856 102 764 stone
856 102 765 stone
856 102 766 stone
856 102 767 stone
856 102 768 stone
856 102 769 stone
856 102 781 stone
856 102 782 stone
856 102 783 stone
856 102 784 dirt
856 102 785 dirt
856 102 786 dirt
856 102 787 dirt
856 102 788 dirt
856 102 789 dirt
856 102 790 dirt
856 102 791 granite
856 102 792 granite
856 102 793 stone
856 102 794 stone
856 102 795 stone
856 102 796 stone
856 102 797 stone
856 102 798 stone
856 102 799 stone
856 102 800 stone
856 102 801 stone
856 102 802 stone
856 102 803 stone
856 102 804 stone
856 102 805 stone
856 102 806 stone
856 102 807 stone
856 102 808 stone
856 102 809 stone
856 102 810 stone
856 102 811 stone
856 102 812 stone
856 102 813 stone
856 102 814 stone
856 102 815 stone
856 102 816 stone
856 102 817 stone
856 102 818 stone
856 102 819 stone
856 102 820 gravel
856 102 831 granite
856 102 832 granite
856 102 833 granite
856 102 834 granite
856 102 835 granite
856 102 836 granite
856 102 837 stone
856 102 838 stone
856 102 839 stone
856 102 840 andesite
856 102 841 andesite
856 102 842 andesite
856 102 843 andesite
856 102 844 andesite
856 102 845 andesite
856 102 846 andesite
856 102 847 stone
856 102 848 stone
856 102 849 stone
856 102 850 stone
856 102 851 stone
856 102 852 stone
856 102 858 diorite
856 102 859 diorite
856 102 860 diorite
856 102 861 stone
856 102 862 stone
856 102 863 stone
856 102 864 stone
856 102 865 stone
856 102 866 stone
856 102 867 stone
856 102 868 stone
856 102 869 stone
856 102 870 stone
856 102 871 stone
856 102 872 stone
856 102 873 stone
856 102 874 stone
856 102 875 stone
856 102 876 stone
856 102 877 stone
856 102 878 stone
856 102 879 stone
856 102 880 stone
856 102 881 stone
856 102 882 diorite
856 102 883 diorite
856 102 884 diorite
856 102 885 diorite
856 102 886 stone
856 102 887 stone
856 102 888 stone
856 102 889 stone
856 102 890 stone
856 102 891 stone
856 102 892 stone
856 102 893 stone
856 102 894 diorite
856 102 895 diorite
856 102 896 diorite
856 102 897 diorite
856 102 898 diorite
856 102 899 stone
856 102 900 stone
856 102 901 stone
856 102 902 stone
856 102 903 stone
856 102 904 stone
856 102 905 stone
856 102 906 stone
856 102 907 stone
856 102 908 stone
856 102 909 stone
856 102 910 stone
856 102 911 stone
856 102 912 stone
856 102 913 stone
856 102 914 stone
856 102 915 stone
856 102 916 stone
856 102 917 stone
856 102 918 stone
856 102 919 stone
856 102 920 stone
856 102 921 stone
856 102 922 stone
856 102 923 stone
856 102 924 stone
856 102 925 stone
856 102 926 stone
856 102 927 stone
856 102 928 diorite
856 102 929 diorite
856 102 930 diorite
856 102 931 diorite
856 102 932 diorite
856 102 933 stone
856 102 934 andesite
856 102 935 andesite
856 102 936 andesite
856 102 937 andesite
856 102 938 andesite
856 102 939 andesite
856 102 940 andesite
856 102 941 andesite
856 102 942 stone
856 102 943 stone
856 102 944 stone
856 102 945 stone
856 102 946 stone
856 102 947 stone
856 102 948 stone
856 102 949 diorite
856 102 950 stone
856 102 951 stone
856 102 952 stone
856 102 953 stone
856 102 954 stone
856 102 955 stone
856 102 956 stone
856 102 957 stone
856 102 958 stone
856 102 959 stone
856 102 960 stone
856 102 961 stone
856 102 962 stone
856 102 963 stone
856 102 964 stone
856 102 965 stone
856 102 966 stone
856 102 967 stone
856 102 968 granite
856 102 969 granite
856 102 970 diorite
856 102 971 diorite
856 102 972 diorite
856 102 973 granite
856 102 974 granite
856 102 975 granite
856 102 976 granite
856 102 977 granite
856 102 978 granite
856 102 979 granite
856 102 980 granite
856 102 981 stone
856 102 982 stone
856 102 983 stone
856 102 984 stone
856 102 985 stone
856 102 986 stone
856 102 987 stone
856 102 988 stone
856 102 989 stone
856 102 990 stone
856 102 991 stone
856 102 992 stone
856 102 993 andesite
856 102 994 andesite
856 102 995 andesite
856 102 996 andesite
856 102 997 andesite
856 102 998 andesite
856 102 999 andesite
856 102 1000 stone
856 102 1001 stone
856 102 1002 stone
856 102 1003 stone
856 102 1004 stone
856 102 1005 stone
856 102 1006 stone
856 102 1007 stone
856 102 1008 stone
856 102 1009 stone
856 102 1010 stone
856 102 1011 stone
856 102 1012 stone
856 102 1013 stone
856 102 1014 stone
856 102 1015 stone
856 102 1016 stone
856 102 1017 stone
856 102 1018 stone
856 102 1019 stone
856 102 1020 stone
856 102 1021 stone
856 102 1022 stone
856 102 1023 stone
856 103 0 stone
856 103 1 stone
856 103 2 stone
856 103 3 stone
856 103 4 stone
856 103 5 stone
856 103 6 stone
856 103 7 stone
856 103 8 stone
856 103 9 stone
856 103 10 stone
856 103 11 stone
856 103 12 stone
856 103 13 stone
856 103 14 stone
856 103 15 stone
856 103 16 diorite
856 103 17 diorite
856 103 18 diorite
856 103 19 diorite
856 103 20 andesite
856 103 21 andesite
856 103 22 andesite
856 103 23 andesite
856 103 24 stone
856 103 25 stone
856 103 26 stone
856 103 27 stone
856 103 28 stone
856 103 29 stone
856 103 30 stone
856 103 31 stone
856 103 32 stone
856 103 33 stone
856 103 34 stone
856 103 35 stone
856 103 36 stone
856 103 37 stone
856 103 38 stone
856 103 39 stone
856 103 40 stone
856 103 41 stone
856 103 42 stone
856 103 43 stone
856 103 44 stone
856 103 45 stone
856 103 46 stone
856 103 65 stone
856 103 66 stone
856 103 67 stone
856 103 68 stone
856 103 69 stone
856 103 70 stone
856 103 71 stone
856 103 72 diorite
856 103 73 diorite
856 103 74 diorite
856 103 75 diorite
856 103 76 coal_ore
856 103 77 coal_ore
856 103 78 stone
856 103 79 stone
856 103 80 stone
856 103 81 stone
856 103 82 granite
856 103 83 granite
856 103 84 granite
856 103 85 granite
856 103 86 granite
856 103 87 granite
856 103 88 granite
856 103 89 granite
856 103 90 stone
856 103 91 stone
856 103 92 stone
856 103 93 stone
856 103 94 stone
856 103 95 diorite
856 103 101 stone
856 103 102 stone
856 103 105 andesite
856 103 106 andesite
856 103 107 stone
856 103 108 stone
856 103 109 stone
856 103 110 stone
856 103 117 stone
856 103 118 stone
856 103 119 stone
856 103 120 stone
856 103 121 stone
856 103 122 stone
856 103 123 stone
856 103 124 stone
856 103 125 stone
856 103 126 stone
856 103 127 stone
856 103 128 stone
856 103 129 stone
856 103 130 stone
856 103 131 stone
856 103 132 stone
856 103 133 stone
856 103 134 stone
856 103 135 stone
856 103 136 stone
856 103 137 diorite
856 103 138 diorite
856 103 139 diorite
856 103 140 diorite
856 103 141 diorite
856 103 142 diorite
856 103 143 diorite
856 103 144 diorite
856 103 145 diorite
856 103 146 diorite
856 103 147 diorite
856 103 148 diorite
856 103 149 stone
856 103 150 stone
856 103 151 stone
856 103 152 stone
856 103 153 stone
856 103 154 stone
856 103 155 stone
856 103 156 stone
856 103 157 stone
856 103 158 stone
856 103 159 stone
856 103 160 stone
856 103 161 stone
856 103 162 stone
856 103 163 stone
856 103 164 stone
856 103 165 stone
856 103 166 stone
856 103 167 dirt
856 103 168 dirt
856 103 169 dirt
856 103 170 dirt
856 103 171 dirt
856 103 172 dirt
856 103 173 dirt
856 103 174 dirt
856 103 175 stone
856 103 176 stone
856 103 177 iron_ore
856 103 178 iron_ore
856 103 179 stone
856 103 180 stone
856 103 181 stone
856 103 182 stone
856 103 183 stone
856 103 184 stone
856 103 185 smooth_basalt
856 103 186 smooth_basalt
856 103 187 smooth_basalt
856 103 188 smooth_basalt
856 103 189 smooth_basalt
856 103 190 stone
856 103 191 stone
856 103 192 stone
856 103 193 stone
856 103 194 stone
856 103 195 stone
856 103 196 stone
856 103 197 copper_ore
856 103 198 copper_ore
856 103 199 stone
856 103 200 stone
856 103 201 stone
856 103 202 stone
856 103 203 stone
856 103 204 stone
856 103 205 stone
856 103 206 stone
856 103 207 stone
856 103 208 stone
856 103 209 stone
856 103 210 stone
856 103 211 stone
856 103 212 stone
856 103 213 stone
856 103 214 stone
856 103 215 stone
856 103 216 stone
856 103 217 stone
856 103 218 stone
856 103 219 stone
856 103 220 stone
856 103 221 stone
856 103 222 dirt
856 103 223 dirt
856 103 224 dirt
856 103 225 dirt
856 103 226 stone
856 103 227 stone
856 103 228 stone
856 103 229 stone
856 103 230 stone
856 103 231 andesite
856 103 232 andesite
856 103 233 andesite
856 103 234 andesite
856 103 235 andesite
856 103 236 andesite
856 103 237 stone
856 103 238 stone
856 103 239 stone
856 103 240 stone
856 103 241 stone
856 103 242 stone
856 103 243 stone
856 103 244 stone
856 103 245 stone
856 103 246 granite
856 103 247 granite
856 103 248 granite
856 103 249 stone
856 103 250 stone
856 103 251 stone
856 103 252 stone
856 103 253 stone
856 103 254 stone
856 103 255 stone
856 103 256 stone
856 103 257 stone
856 103 258 stone
856 103 259 stone
856 103 260 stone
856 103 261 stone
856 103 262 stone
856 103 263 stone
856 103 264 stone
856 103 265 stone
856 103 266 stone
856 103 267 granite
856 103 268 granite
856 103 269 granite
856 103 270 granite
856 103 271 granite
856 103 272 granite
856 103 273 stone
856 103 274 stone
856 103 275 stone
856 103 276 stone
856 103 277 stone
856 103 278 stone
856 103 279 stone
856 103 280 stone
856 103 281 stone
856 103 282 stone
856 103 283 stone
856 103 284 stone
856 103 285 stone
856 103 286 stone
856 103 287 stone
856 103 293 stone
856 103 294 stone
856 103 295 stone
856 103 296 stone
856 103 297 stone
856 103 298 stone
856 103 299 stone
856 103 300 stone
856 103 301 stone
856 103 302 stone
856 103 303 stone
856 103 304 stone
856 103 305 stone
856 103 306 stone
856 103 307 stone
856 103 308 stone
856 103 309 stone
856 103 310 stone
856 103 311 stone
856 103 336 stone
856 103 343 stone
856 103 344 stone
856 103 345 stone
856 103 346 stone
856 103 347 stone
856 103 348 stone
856 103 349 stone
856 103 350 stone
856 103 351 stone
856 103 352 stone
856 103 353 stone
856 103 354 stone
856 103 355 stone
856 103 356 stone
856 103 357 stone
856 103 358 stone
856 103 359 stone
856 103 360 stone
856 103 361 stone
856 103 362 stone
856 103 363 stone
856 103 364 stone
856 103 365 stone
856 103 366 stone
856 103 367 stone
856 103 368 stone
856 103 369 stone
856 103 370 andesite
856 103 371 andesite
856 103 372 andesite
856 103 373 andesite
856 103 374 andesite
856 103 375 andesite
856 103 376 stone
856 103 377 stone
856 103 378 stone
856 103 379 stone
856 103 380 copper_ore
856 103 381 stone
856 103 382 stone
856 103 383 stone
856 103 384 stone
856 103 385 stone
856 103 386 stone
856 103 387 stone
856 103 388 stone
856 103 389 stone
856 103 390 stone
856 103 391 stone
856 103 392 stone
856 103 393 gravel
856 103 394 stone
856 103 395 water[level=0]
856 103 396 water[level=0]
856 103 397 water[level=0]
856 103 398 water[level=0]
856 103 399 water[level=0]
856 103 400 water[level=0]
856 103 401 stone
856 103 402 stone
856 103 403 stone
856 103 404 stone
856 103 405 stone
856 103 406 stone
856 103 407 stone
856 103 408 stone
856 103 409 stone
856 103 410 stone
856 103 411 stone
856 103 412 stone
856 103 413 stone
856 103 414 stone
856 103 415 stone
856 103 416 stone
856 103 417 stone
856 103 418 stone
856 103 419 stone
856 103 420 stone
856 103 421 stone
856 103 422 stone
856 103 423 stone
856 103 424 stone
856 103 425 stone
856 103 426 stone
856 103 427 stone
856 103 428 stone
856 103 429 stone
856 103 430 stone
856 103 431 stone
856 103 432 stone
856 103 433 stone
856 103 434 stone
856 103 435 stone
856 103 436 stone
856 103 437 stone
856 103 438 stone
856 103 439 stone
856 103 440 stone
856 103 441 stone
856 103 442 stone
856 103 443 stone
856 103 444 stone
856 103 445 stone
856 103 446 stone
856 103 447 stone
856 103 448 stone
856 103 449 stone
856 103 450 stone
856 103 451 stone
856 103 452 stone
856 103 453 stone
856 103 454 stone
856 103 455 stone
856 103 456 stone
856 103 457 gravel
856 103 458 gravel
856 103 459 water[level=0]
856 103 460 tall_seagrass[half=lower]
856 103 461 gravel
856 103 462 gravel
856 103 463 stone
856 103 464 stone
856 103 465 stone
856 103 466 stone
856 103 467 stone
856 103 468 stone
856 103 469 stone
856 103 470 stone
856 103 471 stone
856 103 472 stone
856 103 473 granite
856 103 474 granite
856 103 475 granite
856 103 476 granite
856 103 477 granite
856 103 478 granite
856 103 479 stone
856 103 480 stone
856 103 481 stone
856 103 482 stone
856 103 483 diorite
856 103 484 diorite
856 103 485 diorite
856 103 486 andesite
856 103 487 andesite
856 103 488 andesite
856 103 489 andesite
856 103 490 andesite
856 103 491 diorite
856 103 492 andesite
856 103 493 andesite
856 103 494 stone
856 103 495 stone
856 103 496 stone
856 103 497 stone
856 103 498 stone
856 103 499 stone
856 103 500 stone
856 103 501 stone
856 103 502 stone
856 103 503 stone
856 103 504 stone
856 103 505 stone
856 103 506 stone
856 103 507 stone
856 103 508 stone
856 103 509 stone
856 103 510 copper_ore
856 103 511 copper_ore
856 103 512 stone
856 103 513 stone
856 103 514 stone
856 103 515 stone
856 103 516 stone
856 103 517 stone
856 103 518 stone
856 103 519 stone
856 103 520 stone
856 103 521 granite
856 103 522 granite
856 103 523 diorite
856 103 524 diorite
856 103 525 diorite
856 103 526 diorite
856 103 527 diorite
856 103 528 diorite
856 103 529 diorite
856 103 530 diorite
856 103 531 diorite
856 103 532 diorite
856 103 533 diorite
856 103 534 stone
856 103 535 stone
856 103 536 stone
856 103 537 stone
856 103 538 stone
856 103 539 stone
856 103 540 stone
856 103 541 stone
856 103 542 stone
856 103 543 stone
856 103 544 stone
856 103 545 stone
856 103 546 stone
856 103 547 stone
856 103 548 stone
856 103 549 stone
856 103 550 stone
856 103 551 stone
856 103 552 stone
856 103 553 stone
856 103 554 stone
856 103 555 stone
856 103 556 stone
856 103 557 stone
856 103 558 stone
856 103 559 stone
856 103 560 stone
856 103 561 stone
856 103 562 stone
856 103 563 stone
856 103 564 stone
856 103 565 stone
856 103 566 stone
856 103 567 stone
856 103 568 stone
856 103 569 stone
856 103 570 stone
856 103 571 stone
856 103 572 stone
856 103 573 stone
856 103 574 andesite
856 103 575 andesite
856 103 576 andesite
856 103 577 andesite
856 103 578 andesite
856 103 579 andesite
856 103 580 stone
856 103 581 diorite
856 103 582 diorite
856 103 583 diorite
856 103 584 diorite
