858 103 882 stone
858 103 883 stone
858 103 884 stone
858 103 885 stone
858 103 886 stone
858 103 887 stone
858 103 888 stone
858 103 889 stone
858 103 890 stone
858 103 891 stone
858 103 892 stone
858 103 893 stone
858 103 894 stone
858 103 895 stone
858 103 896 stone
858 103 897 stone
858 103 898 stone
858 103 899 stone
858 103 900 stone
858 103 901 stone
858 103 902 stone
858 103 903 stone
858 103 904 stone
858 103 905 stone
858 103 906 stone
858 103 907 stone
858 103 908 stone
858 103 909 stone
858 103 910 stone
858 103 911 stone
858 103 912 stone
858 103 913 stone
858 103 914 stone
858 103 915 stone
858 103 916 stone
858 103 917 stone
858 103 918 stone
858 103 919 stone
858 103 920 stone
858 103 921 stone
858 103 922 stone
858 103 923 stone
858 103 924 stone
858 103 925 stone
858 103 926 stone
858 103 927 water[level=0]
858 103 928 water[level=0]
858 103 929 water[level=0]
858 103 930 diorite
858 103 931 diorite
858 103 932 diorite
858 103 933 diorite
858 103 934 diorite
858 103 935 diorite
858 103 936 andesite
858 103 937 andesite
858 103 938 andesite
858 103 939 andesite
858 103 940 andesite
858 103 941 andesite
858 103 942 stone
858 103 943 stone
858 103 944 stone
858 103 945 stone
858 103 946 stone
858 103 947 stone
858 103 948 stone
858 103 949 stone
858 103 950 stone
858 103 951 stone
858 103 952 stone
858 103 953 stone
858 103 954 stone
858 103 955 stone
858 103 956 stone
858 103 957 stone
858 103 958 stone
858 103 959 stone
858 103 960 stone
858 103 961 stone
858 103 962 stone
858 103 963 stone
858 103 964 stone
858 103 965 stone
858 103 966 stone
858 103 967 granite
858 103 968 granite
858 103 969 granite
858 103 970 granite
858 103 971 granite
858 103 972 granite
858 103 973 granite
858 103 974 granite
858 103 975 granite
858 103 976 granite
858 103 977 granite
858 103 978 granite
858 103 979 granite
858 103 980 granite
858 103 981 granite
858 103 982 stone
858 103 983 stone
858 103 984 stone
858 103 985 stone
858 103 986 stone
858 103 987 stone
858 103 988 stone
858 103 989 stone
858 103 990 stone
858 103 991 stone
858 103 992 stone
858 103 993 andesite
858 103 994 andesite
858 103 995 andesite
858 103 996 andesite
858 103 997 andesite
858 103 998 andesite
858 103 999 andesite
858 103 1000 stone
858 103 1001 stone
858 103 1002 stone
858 103 1003 stone
858 103 1004 stone
858 103 1005 stone
858 103 1006 stone
858 103 1007 stone
858 103 1008 stone
858 103 1009 stone
858 103 1010 stone
858 103 1011 stone
858 103 1012 stone
858 103 1013 stone
858 103 1014 stone
858 103 1015 stone
858 103 1016 stone
858 103 1017 stone
858 103 1018 stone
858 103 1019 stone
858 103 1020 stone
858 103 1021 stone
858 103 1022 stone
858 103 1023 stone
858 104 0 granite
858 104 1 stone
858 104 2 stone
858 104 3 stone
858 104 4 stone
858 104 5 stone
858 104 6 stone
858 104 7 stone
858 104 8 stone
858 104 9 stone
858 104 10 stone
858 104 11 stone
858 104 12 stone
858 104 13 stone
858 104 14 stone
858 104 15 stone
858 104 16 stone
858 104 17 andesite
858 104 18 andesite
858 104 19 andesite
858 104 20 andesite
858 104 21 andesite
858 104 22 andesite
858 104 23 andesite
858 104 24 stone
858 104 25 stone
858 104 26 stone
858 104 27 stone
858 104 28 stone
858 104 29 stone
858 104 30 stone
858 104 31 andesite
858 104 32 andesite
858 104 33 andesite
858 104 34 andesite
858 104 35 andesite
858 104 36 andesite
858 104 37 stone
858 104 38 granite
858 104 39 granite
858 104 40 granite
858 104 41 granite
858 104 42 granite
858 104 43 stone
858 104 44 stone
858 104 45 stone
858 104 46 stone
858 104 75 diorite
858 104 76 diorite
858 104 77 diorite
858 104 78 stone
858 104 79 stone
858 104 80 stone
858 104 81 stone
858 104 82 granite
858 104 83 granite
858 104 84 granite
858 104 85 granite
858 104 86 granite
858 104 87 granite
858 104 88 granite
858 104 89 stone
858 104 90 stone
858 104 91 stone
858 104 92 stone
858 104 93 stone
858 104 94 stone
858 104 95 stone
858 104 100 stone
858 104 105 andesite
858 104 106 andesite
858 104 107 andesite
858 104 108 stone
858 104 109 stone
858 104 110 stone
858 104 111 stone
858 104 118 stone
858 104 119 stone
858 104 120 stone
858 104 121 stone
858 104 122 stone
858 104 123 stone
858 104 124 stone
858 104 125 stone
858 104 126 stone
858 104 127 stone
858 104 128 stone
858 104 129 stone
858 104 130 stone
858 104 131 stone
858 104 132 stone
858 104 133 stone
858 104 134 stone
858 104 135 stone
858 104 136 diorite
858 104 137 diorite
858 104 138 diorite
858 104 139 diorite
858 104 140 diorite
858 104 141 diorite
858 104 142 diorite
858 104 143 diorite
858 104 144 diorite
858 104 145 diorite
858 104 146 diorite
858 104 147 stone
858 104 148 stone
858 104 149 stone
858 104 150 stone
858 104 151 stone
858 104 152 stone
858 104 153 stone
858 104 154 stone
858 104 155 stone
858 104 156 stone
858 104 157 dirt
858 104 158 stone
858 104 159 stone
858 104 160 stone
858 104 161 stone
858 104 162 stone
858 104 163 stone
858 104 164 stone
858 104 165 stone
858 104 166 dirt
858 104 167 dirt
858 104 168 dirt
858 104 169 dirt
858 104 170 dirt
858 104 171 dirt
858 104 172 dirt
858 104 173 stone
858 104 174 stone
858 104 175 stone
858 104 176 stone
858 104 177 stone
858 104 178 stone
858 104 179 stone
858 104 180 stone
858 104 181 stone
858 104 182 stone
858 104 183 stone
858 104 184 smooth_basalt
858 104 185 smooth_basalt
858 104 186 calcite
858 104 187 calcite
858 104 188 calcite
858 104 189 smooth_basalt
858 104 190 smooth_basalt
858 104 191 smooth_basalt
858 104 192 stone
858 104 193 stone
858 104 194 stone
858 104 195 stone
858 104 196 stone
858 104 197 stone
858 104 198 stone
858 104 199 stone
858 104 200 andesite
858 104 201 andesite
858 104 202 andesite
858 104 203 andesite
858 104 204 andesite
858 104 205 stone
858 104 206 stone
858 104 207 stone
858 104 208 stone
858 104 209 stone
858 104 210 stone
858 104 211 stone
858 104 212 stone
858 104 213 stone
858 104 214 stone
858 104 215 stone
858 104 216 stone
858 104 217 stone
858 104 218 stone
858 104 219 stone
858 104 220 stone
858 104 221 stone
858 104 222 stone
858 104 223 stone
858 104 224 stone
858 104 225 stone
858 104 226 stone
858 104 227 stone
858 104 228 stone
858 104 229 stone
858 104 230 stone
858 104 231 stone
858 104 232 stone
858 104 233 stone
858 104 234 stone
858 104 235 stone
858 104 236 stone
858 104 237 stone
858 104 238 stone
858 104 239 stone
858 104 240 stone
858 104 241 stone
858 104 242 stone
858 104 243 stone
858 104 244 stone
858 104 245 stone
858 104 246 stone
858 104 247 stone
858 104 248 stone
858 104 249 stone
858 104 250 stone
858 104 251 stone
858 104 252 stone
858 104 253 stone
858 104 254 stone
858 104 255 stone
858 104 256 stone
858 104 257 stone
858 104 258 stone
858 104 259 stone
858 104 260 stone
858 104 261 stone
858 104 262 stone
858 104 263 stone
858 104 264 stone
858 104 265 stone
858 104 266 stone
858 104 267 stone
858 104 268 granite
858 104 269 granite
858 104 270 granite
858 104 271 granite
858 104 272 stone
858 104 273 stone
858 104 274 stone
858 104 275 stone
858 104 276 stone
858 104 277 stone
858 104 278 stone
858 104 279 stone
858 104 280 stone
858 104 281 stone
858 104 282 stone
858 104 283 stone
858 104 284 stone
858 104 285 stone
858 104 286 stone
858 104 287 stone
858 104 288 stone
858 104 293 stone
858 104 294 stone
858 104 295 stone
858 104 296 stone
858 104 297 stone
858 104 298 stone
858 104 299 stone
858 104 300 stone
858 104 301 stone
858 104 302 granite
858 104 303 stone
858 104 334 stone
858 104 335 stone
858 104 336 stone
858 104 345 stone
858 104 346 stone
858 104 347 stone
858 104 348 stone
858 104 349 stone
858 104 350 stone
858 104 351 stone
858 104 352 stone
858 104 353 stone
858 104 354 stone
858 104 355 stone
858 104 356 stone
858 104 357 stone
858 104 358 stone
858 104 359 stone
858 104 360 stone
858 104 361 stone
858 104 362 stone
858 104 363 stone
858 104 364 stone
858 104 365 stone
858 104 366 stone
858 104 367 stone
858 104 368 stone
858 104 369 stone
858 104 370 stone
858 104 371 andesite
858 104 372 andesite
858 104 373 stone
858 104 374 stone
858 104 375 stone
858 104 376 stone
858 104 377 stone
858 104 378 stone
858 104 379 stone
858 104 380 stone
858 104 381 stone
858 104 382 stone
858 104 383 stone
858 104 384 stone
858 104 385 stone
858 104 386 stone
858 104 387 stone
858 104 388 stone
858 104 389 stone
858 104 390 gravel
858 104 391 gravel
858 104 392 gravel
858 104 393 gravel
858 104 394 gravel
858 104 395 water[level=0]
858 104 396 gravel
858 104 397 gravel
858 104 398 stone
858 104 399 stone
858 104 400 stone
858 104 401 stone
858 104 402 stone
858 104 403 stone
858 104 404 stone
858 104 405 stone
858 104 406 stone
858 104 407 stone
858 104 408 stone
858 104 409 stone
858 104 410 stone
858 104 411 stone
858 104 412 stone
858 104 413 stone
858 104 414 stone
858 104 415 stone
858 104 416 stone
858 104 417 stone
858 104 418 stone
858 104 419 stone
858 104 420 stone
858 104 421 stone
858 104 422 stone
858 104 423 stone
858 104 424 stone
858 104 425 stone
858 104 426 stone
858 104 427 stone
858 104 428 water[level=0]
858 104 429 stone
858 104 430 stone
858 104 431 stone
858 104 432 stone
858 104 433 stone
858 104 434 stone
858 104 435 stone
858 104 436 stone
858 104 437 stone
858 104 438 stone
858 104 439 stone
858 104 440 stone
858 104 441 stone
858 104 442 stone
858 104 443 stone
858 104 444 stone
858 104 445 stone
858 104 446 stone
858 104 447 stone
858 104 448 stone
858 104 449 diorite
858 104 450 diorite
858 104 451 diorite
858 104 452 diorite
858 104 453 diorite
858 104 454 stone
858 104 455 stone
858 104 456 gravel
858 104 457 water[level=0]
858 104 458 seagrass
858 104 459 water[level=0]
858 104 460 water[level=0]
858 104 461 water[level=0]
858 104 462 gravel
858 104 463 stone
858 104 464 stone
858 104 465 stone
858 104 466 gravel
858 104 467 gravel
858 104 468 stone
858 104 469 stone
858 104 470 stone
858 104 471 stone
858 104 472 granite
858 104 473 granite
858 104 474 granite
858 104 475 granite
858 104 476 granite
858 104 477 granite
858 104 478 granite
858 104 479 stone
858 104 480 stone
858 104 481 stone
858 104 482 coal_ore
858 104 483 stone
858 104 484 stone
858 104 485 stone
858 104 486 stone
858 104 487 diorite
858 104 488 diorite
858 104 489 diorite
858 104 490 diorite
858 104 491 diorite
858 104 492 diorite
858 104 493 diorite
858 104 494 diorite
858 104 495 stone
858 104 496 stone
858 104 497 stone
858 104 498 stone
858 104 499 stone
858 104 500 stone
858 104 501 stone
858 104 502 stone
858 104 503 stone
858 104 504 stone
858 104 505 stone
858 104 506 stone
858 104 507 stone
858 104 508 stone
858 104 509 stone
858 104 510 stone
858 104 511 stone
858 104 512 stone
858 104 513 stone
858 104 514 stone
858 104 515 stone
858 104 516 stone
858 104 517 stone
858 104 518 stone
858 104 519 stone
858 104 520 granite
858 104 521 diorite
858 104 522 diorite
858 104 523 diorite
858 104 524 diorite
858 104 525 diorite
858 104 526 diorite
858 104 527 diorite
858 104 528 diorite
858 104 529 diorite
858 104 530 diorite
858 104 531 diorite
858 104 532 stone
858 104 533 stone
858 104 534 stone
858 104 535 stone
858 104 536 stone
858 104 537 stone
858 104 538 infested_stone
858 104 539 gravel
858 104 540 gravel
858 104 541 stone
858 104 542 stone
858 104 543 stone
858 104 544 stone
858 104 545 stone
858 104 546 stone
858 104 547 stone
858 104 548 stone
858 104 549 stone
858 104 550 stone
858 104 551 stone
858 104 552 stone
858 104 553 stone
858 104 554 stone
858 104 555 stone
858 104 556 stone
858 104 557 stone
858 104 558 stone
858 104 559 stone
858 104 560 stone
858 104 561 stone
858 104 562 stone
858 104 563 stone
858 104 564 stone
858 104 565 stone
858 104 566 stone
858 104 567 stone
858 104 568 stone
858 104 569 stone
858 104 570 stone
858 104 571 stone
858 104 572 stone
858 104 573 stone
858 104 574 stone
858 104 575 andesite
858 104 576 andesite
858 104 577 andesite
858 104 578 andesite
858 104 579 stone
858 104 580 stone
858 104 581 stone
858 104 582 stone
858 104 583 stone
858 104 584 granite
858 104 585 granite
858 104 586 granite
858 104 587 granite
858 104 588 granite
858 104 589 granite
858 104 590 granite
858 104 591 granite
858 104 592 granite
858 104 593 granite
858 104 594 granite
858 104 595 granite
858 104 596 granite
858 104 597 stone
858 104 598 stone
858 104 599 stone
858 104 600 stone
858 104 601 stone
858 104 602 stone
858 104 603 stone
858 104 604 stone
858 104 605 stone
858 104 606 stone
858 104 607 stone
858 104 608 stone
858 104 609 stone
858 104 610 stone
858 104 611 stone
858 104 612 stone
858 104 613 stone
858 104 614 stone
858 104 615 stone
858 104 616 stone
858 104 617 stone
858 104 618 stone
858 104 619 stone
858 104 620 stone
858 104 621 stone
858 104 622 stone
858 104 623 stone
858 104 624 infested_stone
858 104 625 infested_stone
858 104 626 stone
858 104 627 stone
858 104 628 stone
858 104 629 stone
858 104 630 stone
858 104 631 granite
858 104 632 granite
858 104 633 granite
858 104 634 granite
858 104 635 granite
858 104 636 granite
858 104 637 granite
858 104 638 granite
858 104 639 stone
858 104 640 stone
858 104 652 stone
858 104 653 coal_ore
858 104 654 stone
858 104 655 stone
858 104 656 stone
858 104 657 stone
858 104 658 stone
858 104 659 stone
858 104 660 stone
858 104 661 stone
858 104 662 stone
858 104 663 stone
858 104 664 stone
858 104 665 stone
858 104 666 stone
858 104 667 stone
858 104 668 stone
858 104 669 stone
858 104 670 stone
858 104 671 stone
858 104 672 stone
858 104 673 stone
858 104 674 stone
858 104 675 stone
858 104 676 stone
858 104 677 stone
858 104 678 stone
858 104 679 stone
858 104 680 stone
858 104 681 stone
858 104 682 stone
858 104 683 stone
858 104 684 stone
858 104 685 infested_stone
858 104 686 infested_stone
858 104 687 stone
858 104 688 andesite
858 104 689 andesite
858 104 690 andesite
858 104 691 andesite
858 104 692 andesite
858 104 693 andesite
858 104 694 andesite
858 104 695 andesite
858 104 696 stone
858 104 697 stone
858 104 698 stone
858 104 699 stone
858 104 700 stone
858 104 701 stone
858 104 702 stone
858 104 703 stone
858 104 704 stone
858 104 705 stone
858 104 706 stone
858 104 707 stone
858 104 708 stone
858 104 709 stone
858 104 710 stone
858 104 711 stone
858 104 712 stone
858 104 713 stone
858 104 714 infested_stone
858 104 715 infested_stone
858 104 716 stone
858 104 717 stone
858 104 718 stone
858 104 719 stone
858 104 720 stone
858 104 721 stone
858 104 722 stone
858 104 723 stone
858 104 724 stone
858 104 725 stone
858 104 726 stone
858 104 727 stone
858 104 728 stone
858 104 729 stone
858 104 730 stone
858 104 731 stone
858 104 732 stone
858 104 733 stone
858 104 734 stone
858 104 735 stone
858 104 736 stone
858 104 737 stone
858 104 738 stone
858 104 739 stone
858 104 740 stone
858 104 741 stone
858 104 742 stone
858 104 743 stone
858 104 744 stone
858 104 745 stone
858 104 746 andesite
858 104 747 andesite
858 104 748 andesite
858 104 749 andesite
858 104 750 andesite
858 104 751 andesite
858 104 755 andesite
858 104 756 andesite
858 104 757 stone
858 104 758 stone
858 104 759 stone
858 104 760 stone
858 104 761 stone
858 104 762 stone
858 104 763 stone
858 104 764 granite
858 104 765 granite
858 104 766 granite
858 104 767 granite
858 104 768 granite
858 104 769 granite
858 104 777 stone
858 104 778 stone
858 104 779 stone
858 104 780 stone
858 104 781 stone
858 104 782 stone
858 104 783 stone
858 104 784 stone
858 104 785 stone
858 104 786 stone
858 104 787 stone
858 104 788 stone
858 104 789 stone
858 104 790 stone
858 104 791 stone
858 104 792 stone
858 104 793 stone
858 104 794 stone
858 104 795 stone
858 104 796 stone
858 104 797 stone
858 104 798 stone
858 104 799 stone
858 104 800 stone
858 104 801 stone
858 104 802 stone
858 104 803 stone
858 104 804 stone
858 104 805 stone
858 104 806 stone
858 104 807 stone
858 104 808 stone
858 104 809 stone
858 104 810 granite
858 104 811 granite
858 104 812 copper_ore
858 104 813 granite
858 104 814 granite
858 104 815 granite
858 104 816 granite
858 104 817 stone
858 104 818 gravel
858 104 819 gravel
858 104 820 gravel
858 104 831 granite
858 104 832 granite
858 104 833 granite
858 104 834 granite
858 104 835 granite
858 104 836 granite
858 104 837 granite
858 104 838 granite
858 104 839 andesite
858 104 840 andesite
858 104 841 andesite
858 104 842 andesite
858 104 843 andesite
858 104 844 andesite
858 104 845 andesite
858 104 846 stone
858 104 847 stone
858 104 848 stone
858 104 859 stone
858 104 860 stone
858 104 861 stone
858 104 862 stone
858 104 863 stone
858 104 864 stone
858 104 865 stone
858 104 866 stone
858 104 867 stone
858 104 868 stone
858 104 869 stone
858 104 870 stone
858 104 871 stone
858 104 872 stone
858 104 873 stone
858 104 874 stone
858 104 875 stone
858 104 876 stone
858 104 877 stone
858 104 878 stone
858 104 879 stone
858 104 880 stone
858 104 881 gravel
858 104 882 stone
858 104 883 stone
858 104 884 stone
858 104 885 iron_ore
858 104 886 stone
858 104 887 stone
858 104 888 dirt
858 104 889 dirt
858 104 890 stone
858 104 891 stone
858 104 892 stone
858 104 893 stone
858 104 894 stone
858 104 895 stone
858 104 896 stone
858 104 897 stone
858 104 898 stone
858 104 899 stone
858 104 900 stone
858 104 901 stone
858 104 902 stone
858 104 903 stone
858 104 904 granite
858 104 905 granite
858 104 906 granite
858 104 907 granite
858 104 908 granite
858 104 909 stone
858 104 910 stone
858 104 911 stone
858 104 912 stone
858 104 913 stone
858 104 914 stone
858 104 915 stone
858 104 916 stone
858 104 917 stone
858 104 918 stone
858 104 919 stone
858 104 920 stone
858 104 921 stone
858 104 922 stone
858 104 923 stone
858 104 924 stone
858 104 925 stone
858 104 926 stone
858 104 927 diorite
858 104 928 water[level=0]
858 104 929 water[level=0]
858 104 930 diorite
858 104 931 diorite
858 104 932 diorite
858 104 933 diorite
858 104 934 diorite
858 104 935 diorite
858 104 936 diorite
858 104 937 andesite
858 104 938 andesite
858 104 939 andesite
858 104 940 andesite
858 104 941 andesite
858 104 942 stone
858 104 943 stone
858 104 944 stone
858 104 945 stone
858 104 946 stone
858 104 947 stone
858 104 948 stone
858 104 949 stone
858 104 950 stone
858 104 951 stone
858 104 952 stone
858 104 953 stone
858 104 954 stone
858 104 955 stone
858 104 956 stone
858 104 957 stone
858 104 958 granite
858 104 959 granite
858 104 960 granite
858 104 961 granite
858 104 962 granite
858 104 963 stone
858 104 964 stone
858 104 965 stone
858 104 966 stone
858 104 967 stone
858 104 968 granite
858 104 969 granite
858 104 970 granite
858 104 971 granite
858 104 972 granite
858 104 973 granite
858 104 974 granite
858 104 975 granite
858 104 976 granite
858 104 977 granite
858 104 978 granite
858 104 979 granite
858 104 980 granite
858 104 981 granite
858 104 982 stone
858 104 983 stone
858 104 984 stone
858 104 985 stone
858 104 986 stone
858 104 987 stone
858 104 988 stone
858 104 989 stone
858 104 990 stone
858 104 991 stone
858 104 992 stone
858 104 993 andesite
858 104 994 andesite
858 104 995 andesite
858 104 996 andesite
858 104 997 andesite
858 104 998 andesite
858 104 999 andesite
858 104 1000 stone
858 104 1001 stone
858 104 1002 stone
858 104 1003 stone
858 104 1004 stone
858 104 1005 stone
858 104 1006 stone
858 104 1007 stone
858 104 1008 stone
858 104 1009 stone
858 104 1010 stone
858 104 1011 stone
858 104 1012 stone
858 104 1013 stone
858 104 1014 stone
858 104 1015 stone
858 104 1016 stone
858 104 1017 stone
858 104 1018 stone
858 104 1019 stone
858 104 1020 stone
858 104 1021 stone
858 104 1022 stone
858 104 1023 stone
858 105 0 granite
858 105 1 stone
858 105 2 stone
858 105 3 stone
858 105 4 stone
858 105 5 stone
858 105 6 stone
858 105 7 stone
858 105 8 stone
858 105 9 stone
858 105 10 stone
858 105 11 stone
858 105 12 stone
858 105 13 stone
858 105 14 stone
858 105 15 stone
858 105 16 stone
858 105 17 stone
858 105 18 andesite
858 105 19 andesite
858 105 20 andesite
858 105 21 andesite
858 105 22 andesite
858 105 23 stone
858 105 24 stone
858 105 25 stone
858 105 26 stone
858 105 27 stone
858 105 28 stone
858 105 29 stone
858 105 30 andesite
858 105 31 andesite
858 105 32 andesite
858 105 33 andesite
858 105 34 andesite
858 105 35 andesite
858 105 36 andesite
858 105 37 stone
858 105 38 stone
858 105 39 stone
858 105 40 stone
858 105 41 stone
858 105 42 stone
858 105 43 stone
858 105 44 stone
858 105 45 stone
858 105 46 stone
858 105 74 diorite
858 105 75 diorite
858 105 76 diorite
858 105 77 stone
858 105 78 stone
858 105 79 coal_ore
858 105 80 coal_ore
858 105 81 stone
858 105 82 granite
