fill 1004 160 911 1004 160 929 stone
1004 160 930 dirt
1004 160 931 dirt
fill 1005 160 896 1005 160 903 stone
fill 1005 160 911 1005 160 929 stone
1005 160 930 dirt
1005 160 931 dirt
1005 160 932 grass_block[snowy=false]
1005 160 955 short_grass
fill 1006 160 896 1006 160 903 stone
fill 1006 160 911 1006 160 914 stone
1006 160 915 emerald_ore
fill 1006 160 916 1006 160 930 stone
1006 160 931 dirt
1006 160 932 dirt
1006 160 956 short_grass
1006 160 957 short_grass
fill 1007 160 896 1007 160 904 stone
fill 1007 160 912 1007 160 914 stone
1007 160 915 emerald_ore
fill 1007 160 916 1007 160 930 stone
1007 160 931 dirt
1007 160 932 dirt
1007 160 933 grass_block[snowy=false]
1007 160 956 short_grass
fill 1008 160 896 1008 160 906 stone
1008 160 913 stone
fill 1008 160 914 1008 160 918 dirt
fill 1008 160 919 1008 160 930 stone
1008 160 931 dirt
1008 160 932 dirt
1008 160 933 grass_block[snowy=false]
fill 1009 160 896 1009 160 906 stone
fill 1009 160 913 1009 160 917 dirt
fill 1009 160 918 1009 160 930 stone
1009 160 931 dirt
1009 160 932 dirt
1009 160 933 grass_block[snowy=false]
1009 160 958 short_grass
fill 1010 160 896 1010 160 907 stone
1010 160 913 dirt
1010 160 914 stone
1010 160 915 dirt
1010 160 916 dirt
fill 1010 160 917 1010 160 930 stone
fill 1010 160 931 1010 160 933 dirt
1010 160 956 short_grass
fill 1011 160 896 1011 160 909 stone
fill 1011 160 913 1011 160 929 stone
fill 1011 160 930 1011 160 932 dirt
1011 160 933 grass_block[snowy=false]
1011 160 957 short_grass
fill 1012 160 896 1012 160 902 stone
fill 1012 160 903 1012 160 907 stone
1012 160 908 coal_ore
1012 160 909 coal_ore
1012 160 910 stone
1012 160 911 stone
fill 1012 160 913 1012 160 929 stone
fill 1012 160 930 1012 160 932 dirt
1012 160 956 short_grass
fill 1013 160 896 1013 160 907 stone
1013 160 908 coal_ore
1013 160 909 coal_ore
fill 1013 160 910 1013 160 928 stone
fill 1013 160 929 1013 160 931 dirt
1013 160 932 grass_block[snowy=false]
1014 160 896 stone
fill 1014 160 897 1014 160 904 gravel
fill 1014 160 905 1014 160 907 stone
fill 1014 160 908 1014 160 910 coal_ore
fill 1014 160 911 1014 160 917 stone
1014 160 918 coal_ore
fill 1014 160 919 1014 160 926 stone
fill 1014 160 927 1014 160 931 dirt
1014 160 933 short_grass
1014 160 958 short_grass
fill 1015 160 896 1015 160 905 gravel
fill 1015 160 906 1015 160 916 stone
1015 160 917 coal_ore
1015 160 918 coal_ore
fill 1015 160 919 1015 160 924 stone
fill 1015 160 925 1015 160 930 dirt
fill 1016 160 896 1016 160 905 gravel
fill 1016 160 906 1016 160 916 stone
fill 1016 160 917 1016 160 919 coal_ore
fill 1016 160 920 1016 160 923 stone
fill 1016 160 924 1016 160 928 dirt
1016 160 929 grass_block[snowy=false]
1017 160 896 stone
fill 1017 160 897 1017 160 904 gravel
fill 1017 160 905 1017 160 916 stone
1017 160 917 coal_ore
1017 160 918 coal_ore
fill 1017 160 919 1017 160 921 stone
fill 1017 160 922 1017 160 925 dirt
1017 160 926 grass_block[snowy=false]
fill 1018 160 896 1018 160 915 stone
fill 1018 160 916 1018 160 918 coal_ore
fill 1018 160 919 1018 160 921 stone
fill 1018 160 922 1018 160 924 dirt
1018 160 925 grass_block[snowy=false]
fill 1019 160 896 1019 160 916 stone
1019 160 917 coal_ore
1019 160 918 stone
fill 1019 160 919 1019 160 923 dirt
1019 160 924 grass_block[snowy=false]
fill 1020 160 896 1020 160 917 stone
fill 1020 160 918 1020 160 920 dirt
1020 160 921 grass_block[snowy=false]
1020 160 922 grass_block[snowy=false]
fill 1021 160 896 1021 160 916 stone
1021 160 917 dirt
1021 160 918 dirt
1021 160 919 grass_block[snowy=false]
fill 1022 160 896 1022 160 902 stone
fill 1022 160 903 1022 160 905 dirt
fill 1022 160 906 1022 160 916 stone
1022 160 917 dirt
1022 160 918 grass_block[snowy=false]
fill 1023 160 896 1023 160 902 stone
fill 1023 160 903 1023 160 907 dirt
fill 1023 160 908 1023 160 916 stone
1023 160 917 dirt
1023 160 918 grass_block[snowy=false]
fill 896 161 896 896 161 945 stone
896 161 946 dirt
896 161 947 grass_block[snowy=false]
896 161 981 dirt
fill 896 161 982 896 161 986 stone
896 161 987 iron_ore
fill 896 161 988 896 161 995 stone
fill 896 161 996 896 161 999 dirt
fill 896 161 1000 896 161 1007 stone
896 161 1008 coal_ore
896 161 1009 coal_ore
fill 896 161 1010 896 161 1023 stone
fill 897 161 896 897 161 946 stone
897 161 947 dirt
897 161 948 dirt
897 161 981 dirt
fill 897 161 982 897 161 986 stone
897 161 987 iron_ore
fill 897 161 988 897 161 995 stone
fill 897 161 996 897 161 999 dirt
fill 897 161 1000 897 161 1015 stone
fill 897 161 1017 897 161 1023 stone
fill 898 161 896 898 161 948 stone
898 161 949 dirt
898 161 981 dirt
fill 898 161 982 898 161 995 stone
fill 898 161 996 898 161 1000 dirt
fill 898 161 1001 898 161 1015 stone
898 161 1019 dirt
fill 898 161 1020 898 161 1023 stone
fill 899 161 896 899 161 948 stone
899 161 949 dirt
899 161 982 dirt
fill 899 161 983 899 161 997 stone
fill 899 161 998 899 161 1000 dirt
fill 899 161 1001 899 161 1015 stone
899 161 1020 grass_block[snowy=false]
fill 899 161 1021 899 161 1023 dirt
fill 900 161 896 900 161 948 stone
900 161 949 grass_block[snowy=false]
fill 900 161 983 900 161 997 stone
fill 900 161 998 900 161 1000 dirt
fill 900 161 1001 900 161 1015 stone
900 161 1023 grass_block[snowy=false]
fill 901 161 896 901 161 948 stone
901 161 949 grass_block[snowy=false]
901 161 983 grass_block[snowy=false]
fill 901 161 984 901 161 999 stone
901 161 1000 dirt
fill 901 161 1001 901 161 1015 stone
901 161 1023 grass_block[snowy=false]
fill 902 161 896 902 161 948 stone
902 161 984 dirt
fill 902 161 985 902 161 1015 stone
902 161 1023 grass_block[snowy=false]
903 161 896 stone
903 161 897 stone
903 161 898 coal_ore
903 161 899 coal_ore
fill 903 161 900 903 161 927 stone
903 161 928 iron_ore
fill 903 161 929 903 161 948 stone
903 161 984 grass_block[snowy=false]
fill 903 161 985 903 161 1003 stone
903 161 1004 coal_ore
903 161 1005 coal_ore
fill 903 161 1006 903 161 1015 stone
903 161 1023 grass_block[snowy=false]
904 161 896 stone
904 161 897 stone
904 161 898 coal_ore
904 161 899 coal_ore
fill 904 161 900 904 161 927 stone
904 161 928 iron_ore
fill 904 161 929 904 161 946 stone
904 161 947 dirt
904 161 948 dirt
904 161 985 dirt
fill 904 161 986 904 161 1002 stone
fill 904 161 1003 904 161 1005 coal_ore
fill 904 161 1006 904 161 1015 stone
904 161 1023 grass_block[snowy=false]
905 161 896 stone
905 161 897 stone
905 161 898 coal_ore
905 161 899 coal_ore
fill 905 161 900 905 161 944 stone
fill 905 161 945 905 161 948 dirt
905 161 986 dirt
fill 905 161 987 905 161 1001 stone
fill 905 161 1002 905 161 1005 coal_ore
fill 905 161 1006 905 161 1015 stone
905 161 1023 grass_block[snowy=false]
906 161 896 stone
fill 906 161 897 906 161 899 coal_ore
fill 906 161 900 906 161 942 stone
906 161 943 dirt
906 161 944 dirt
906 161 945 grass_block[snowy=false]
906 161 946 grass_block[snowy=false]
906 161 986 grass_block[snowy=false]
906 161 987 dirt
fill 906 161 988 906 161 1001 stone
906 161 1002 coal_ore
906 161 1003 coal_ore
fill 906 161 1004 906 161 1015 stone
906 161 1023 grass_block[snowy=false]
907 161 896 stone
907 161 897 stone
907 161 898 coal_ore
fill 907 161 899 907 161 939 stone
fill 907 161 940 907 161 944 dirt
907 161 945 grass_block[snowy=false]
907 161 986 grass_block[snowy=false]
fill 907 161 987 907 161 1013 stone
907 161 1014 copper_ore
907 161 1015 copper_ore
fill 908 161 896 908 161 898 stone
fill 908 161 899 908 161 903 coal_ore
fill 908 161 904 908 161 935 stone
fill 908 161 936 908 161 942 dirt
908 161 943 grass_block[snowy=false]
908 161 944 grass_block[snowy=false]
908 161 986 dirt
fill 908 161 987 908 161 1013 stone
908 161 1014 copper_ore
908 161 1015 copper_ore
908 161 1020 stone
909 161 896 stone
909 161 897 stone
fill 909 161 898 909 161 902 coal_ore
fill 909 161 903 909 161 928 stone
fill 909 161 929 909 161 939 dirt
fill 909 161 940 909 161 942 grass_block[snowy=false]
909 161 986 dirt
fill 909 161 987 909 161 1014 stone
909 161 1015 copper_ore
fill 909 161 1016 909 161 1022 stone
909 161 1023 grass_block[snowy=false]
fill 910 161 896 910 161 920 stone
fill 910 161 921 910 161 934 dirt
fill 910 161 935 910 161 940 grass_block[snowy=false]
910 161 986 dirt
fill 910 161 987 910 161 1020 stone
fill 910 161 1021 910 161 1023 coal_ore
fill 911 161 896 911 161 919 stone
fill 911 161 920 911 161 933 dirt
fill 911 161 934 911 161 938 grass_block[snowy=false]
911 161 941 short_grass
911 161 986 dirt
fill 911 161 987 911 161 1019 stone
fill 911 161 1020 911 161 1023 coal_ore
fill 912 161 896 912 161 917 stone
fill 912 161 918 912 161 931 dirt
fill 912 161 932 912 161 936 grass_block[snowy=false]
912 161 939 short_grass
912 161 986 grass_block[snowy=false]
912 161 987 dirt
fill 912 161 988 912 161 1023 stone
fill 913 161 896 913 161 915 stone
fill 913 161 916 913 161 929 dirt
fill 913 161 930 913 161 935 grass_block[snowy=false]
913 161 939 short_grass
913 161 951 grass_block[snowy=false]
913 161 952 grass_block[snowy=false]
913 161 986 grass_block[snowy=false]
913 161 987 dirt
913 161 988 dirt
fill 913 161 989 913 161 1023 stone
fill 914 161 896 914 161 913 stone
fill 914 161 914 914 161 927 dirt
fill 914 161 928 914 161 933 grass_block[snowy=false]
fill 914 161 948 914 161 952 stone
914 161 986 grass_block[snowy=false]
fill 914 161 987 914 161 989 dirt
fill 914 161 990 914 161 1023 stone
fill 915 161 896 915 161 915 stone
fill 915 161 916 915 161 929 dirt
fill 915 161 930 915 161 934 grass_block[snowy=false]
915 161 936 short_grass
fill 915 161 945 915 161 952 stone
915 161 988 grass_block[snowy=false]
915 161 989 dirt
915 161 990 dirt
fill 915 161 991 915 161 1023 stone
fill 916 161 896 916 161 912 stone
fill 916 161 913 916 161 916 dirt
fill 916 161 917 916 161 920 stone
fill 916 161 921 916 161 925 dirt
fill 916 161 926 916 161 930 grass_block[snowy=false]
916 161 931 dirt
fill 916 161 932 916 161 935 grass_block[snowy=false]
916 161 942 grass_block[snowy=false]
916 161 943 dirt
916 161 944 gravel
916 161 945 gravel
fill 916 161 946 916 161 952 stone
916 161 990 grass_block[snowy=false]
916 161 991 dirt
fill 916 161 992 916 161 1004 stone
fill 916 161 1005 916 161 1023 stone
fill 917 161 896 917 161 913 stone
fill 917 161 914 917 161 917 dirt
fill 917 161 918 917 161 923 stone
fill 917 161 924 917 161 926 dirt
fill 917 161 927 917 161 931 grass_block[snowy=false]
917 161 932 dirt
917 161 933 dirt
fill 917 161 934 917 161 940 grass_block[snowy=false]
917 161 941 dirt
fill 917 161 942 917 161 945 gravel
fill 917 161 946 917 161 952 stone
917 161 991 dirt
917 161 992 dirt
917 161 993 coal_ore
fill 917 161 994 917 161 1023 stone
fill 918 161 896 918 161 913 stone
fill 918 161 914 918 161 919 dirt
fill 918 161 920 918 161 924 stone
918 161 925 dirt
918 161 926 stone
fill 918 161 927 918 161 935 dirt
918 161 936 grass_block[snowy=false]
fill 918 161 937 918 161 940 dirt
918 161 941 stone
fill 918 161 942 918 161 946 gravel
fill 918 161 947 918 161 952 stone
918 161 991 grass_block[snowy=false]
918 161 992 dirt
918 161 993 coal_ore
918 161 994 coal_ore
fill 918 161 995 918 161 1020 stone
918 161 1021 copper_ore
918 161 1022 copper_ore
918 161 1023 stone
fill 919 161 896 919 161 913 stone
fill 919 161 914 919 161 919 dirt
fill 919 161 920 919 161 941 stone
fill 919 161 942 919 161 946 gravel
fill 919 161 947 919 161 952 stone
919 161 953 dirt
919 161 992 grass_block[snowy=false]
919 161 993 dirt
919 161 994 coal_ore
fill 919 161 995 919 161 1023 stone
fill 920 161 896 920 161 915 stone
fill 920 161 916 920 161 920 dirt
fill 920 161 921 920 161 942 stone
fill 920 161 943 920 161 947 gravel
fill 920 161 948 920 161 953 stone
920 161 954 dirt
920 161 955 dirt
920 161 956 grass_block[snowy=false]
920 161 994 dirt
fill 920 161 995 920 161 1023 stone
fill 921 161 896 921 161 915 stone
921 161 916 gravel
fill 921 161 917 921 161 920 dirt
fill 921 161 921 921 161 943 stone
fill 921 161 944 921 161 947 gravel
fill 921 161 948 921 161 954 stone
921 161 955 dirt
921 161 956 dirt
921 161 994 grass_block[snowy=false]
921 161 995 dirt
fill 921 161 996 921 161 1000 stone
921 161 1001 coal_ore
921 161 1002 coal_ore
fill 921 161 1003 921 161 1023 stone
fill 922 161 896 922 161 915 stone
922 161 916 gravel
922 161 917 stone
922 161 918 stone
922 161 919 dirt
fill 922 161 920 922 161 955 stone
922 161 956 dirt
922 161 995 dirt
fill 922 161 996 922 161 1000 stone
922 161 1001 coal_ore
922 161 1002 coal_ore
fill 922 161 1003 922 161 1023 stone
fill 923 161 896 923 161 915 stone
923 161 916 gravel
fill 923 161 917 923 161 920 stone
923 161 921 coal_ore
fill 923 161 922 923 161 955 stone
923 161 956 dirt
923 161 996 dirt
fill 923 161 997 923 161 1000 stone
923 161 1001 coal_ore
923 161 1002 coal_ore
fill 923 161 1003 923 161 1023 stone
fill 924 161 896 924 161 915 stone
924 161 916 gravel
fill 924 161 917 924 161 920 stone
fill 924 161 921 924 161 924 coal_ore
fill 924 161 925 924 161 955 stone
924 161 956 dirt
924 161 997 dirt
924 161 998 dirt
924 161 999 stone
924 161 1000 stone
924 161 1001 coal_ore
924 161 1002 coal_ore
fill 924 161 1003 924 161 1023 stone
fill 925 161 896 925 161 921 stone
fill 925 161 922 925 161 924 coal_ore
fill 925 161 925 925 161 956 stone
925 161 998 dirt
925 161 999 dirt
925 161 1000 stone
925 161 1001 coal_ore
925 161 1002 coal_ore
fill 925 161 1003 925 161 1015 stone
925 161 1016 coal_ore
fill 925 161 1017 925 161 1023 stone
fill 926 161 896 926 161 922 stone
926 161 923 coal_ore
fill 926 161 924 926 161 956 stone
926 161 999 dirt
926 161 1000 stone
926 161 1001 coal_ore
926 161 1002 coal_ore
fill 926 161 1003 926 161 1014 stone
fill 926 161 1015 926 161 1017 coal_ore
fill 926 161 1018 926 161 1023 stone
fill 927 161 896 927 161 956 stone
927 161 999 grass_block[snowy=false]
927 161 1000 dirt
fill 927 161 1001 927 161 1014 stone
fill 927 161 1015 927 161 1017 coal_ore
fill 927 161 1018 927 161 1023 stone
fill 928 161 896 928 161 916 stone
928 161 917 coal_ore
928 161 918 coal_ore
fill 928 161 919 928 161 956 stone
928 161 957 dirt
928 161 958 grass_block[snowy=false]
928 161 959 short_grass
928 161 1000 dirt
928 161 1001 dirt
fill 928 161 1002 928 161 1008 stone
928 161 1009 copper_ore
fill 928 161 1010 928 161 1013 stone
fill 928 161 1014 928 161 1016 coal_ore
fill 928 161 1017 928 161 1023 stone
fill 929 161 896 929 161 905 stone
fill 929 161 906 929 161 917 stone
929 161 918 coal_ore
929 161 919 coal_ore
fill 929 161 920 929 161 957 stone
fill 929 161 958 929 161 960 dirt
929 161 1001 grass_block[snowy=false]
929 161 1002 dirt
fill 929 161 1003 929 161 1014 stone
929 161 1015 coal_ore
929 161 1016 coal_ore
fill 929 161 1017 929 161 1023 stone
fill 930 161 896 930 161 917 stone
fill 930 161 918 930 161 920 coal_ore
fill 930 161 921 930 161 958 stone
fill 930 161 959 930 161 961 dirt
930 161 1002 grass_block[snowy=false]
930 161 1003 dirt
930 161 1004 stone
fill 930 161 1005 930 161 1012 dirt
fill 930 161 1013 930 161 1023 stone
fill 931 161 896 931 161 918 stone
931 161 919 coal_ore
fill 931 161 920 931 161 958 stone
fill 931 161 959 931 161 961 dirt
931 161 1003 grass_block[snowy=false]
931 161 1004 dirt
931 161 1005 dirt
931 161 1006 grass_block[snowy=false]
931 161 1007 grass_block[snowy=false]
931 161 1009 grass_block[snowy=false]
931 161 1010 grass_block[snowy=false]
931 161 1011 dirt
931 161 1012 dirt
fill 931 161 1013 931 161 1023 stone
fill 932 161 896 932 161 937 stone
fill 932 161 941 932 161 958 stone
fill 932 161 959 932 161 961 dirt
932 161 1011 short_grass
932 161 1012 grass_block[snowy=false]
fill 932 161 1013 932 161 1023 stone
fill 933 161 896 933 161 936 stone
fill 933 161 943 933 161 958 stone
fill 933 161 959 933 161 961 dirt
933 161 1013 dirt
fill 933 161 1014 933 161 1023 stone
fill 934 161 896 934 161 934 stone
fill 934 161 943 934 161 958 stone
fill 934 161 959 934 161 961 dirt
934 161 1013 dirt
fill 934 161 1014 934 161 1023 stone
fill 935 161 896 935 161 934 stone
fill 935 161 943 935 161 958 stone
fill 935 161 959 935 161 961 dirt
935 161 1013 grass_block[snowy=false]
fill 935 161 1014 935 161 1023 stone
fill 936 161 896 936 161 933 stone
936 161 935 glow_lichen[down=false,east=false,north=false,south=false,up=true,waterlogged=false,west=false]
fill 936 161 943 936 161 954 stone
936 161 955 coal_ore
936 161 956 coal_ore
fill 936 161 957 936 161 959 stone
936 161 960 dirt
936 161 961 dirt
936 161 1014 dirt
fill 936 161 1015 936 161 1023 stone
fill 937 161 896 937 161 933 stone
fill 937 161 943 937 161 953 stone
fill 937 161 954 937 161 956 coal_ore
fill 937 161 957 937 161 959 stone
937 161 960 dirt
937 161 961 dirt
937 161 1014 dirt
fill 937 161 1015 937 161 1023 stone
fill 938 161 896 938 161 934 stone
fill 938 161 942 938 161 953 stone
938 161 954 coal_ore
938 161 955 coal_ore
fill 938 161 956 938 161 959 stone
938 161 960 dirt
938 161 961 dirt
938 161 1014 dirt
fill 938 161 1015 938 161 1023 stone
fill 939 161 896 939 161 935 stone
fill 939 161 940 939 161 957 stone
fill 939 161 958 939 161 960 dirt
939 161 961 grass_block[snowy=false]
fill 939 161 1015 939 161 1023 stone
fill 940 161 896 940 161 957 stone
940 161 958 dirt
940 161 959 dirt
940 161 960 grass_block[snowy=false]
940 161 1015 grass_block[snowy=false]
fill 940 161 1016 940 161 1023 stone
fill 941 161 896 941 161 956 stone
941 161 957 dirt
941 161 958 dirt
941 161 959 grass_block[snowy=false]
941 161 1016 dirt
fill 941 161 1017 941 161 1023 stone
fill 942 161 896 942 161 956 stone
942 161 957 dirt
942 161 958 dirt
942 161 1017 dirt
fill 942 161 1018 942 161 1023 stone
fill 943 161 896 943 161 905 stone
943 161 906 emerald_ore
fill 943 161 907 943 161 955 stone
943 161 956 dirt
943 161 957 dirt
943 161 958 grass_block[snowy=false]
943 161 1018 dirt
fill 943 161 1019 943 161 1023 stone
fill 944 161 896 944 161 906 stone
fill 944 161 907 944 161 955 stone
944 161 956 dirt
944 161 957 dirt
944 161 958 grass_block[snowy=false]
944 161 1018 grass_block[snowy=false]
944 161 1019 dirt
fill 944 161 1020 944 161 1023 stone
fill 945 161 896 945 161 954 stone
fill 945 161 955 945 161 957 dirt
945 161 958 grass_block[snowy=false]
945 161 1020 grass_block[snowy=false]
945 161 1021 dirt
945 161 1022 stone
945 161 1023 stone
fill 946 161 896 946 161 903 stone
946 161 904 iron_ore
fill 946 161 905 946 161 954 stone
fill 946 161 955 946 161 957 dirt
946 161 1023 dirt
fill 947 161 896 947 161 904 stone
947 161 905 iron_ore
fill 947 161 906 947 161 931 stone
947 161 932 iron_ore
947 161 933 iron_ore
fill 947 161 934 947 161 953 stone
fill 947 161 954 947 161 956 dirt
947 161 957 grass_block[snowy=false]
fill 948 161 896 948 161 931 stone
948 161 932 iron_ore
948 161 933 iron_ore
fill 948 161 934 948 161 953 stone
948 161 954 dirt
948 161 955 dirt
948 161 956 grass_block[snowy=false]
fill 949 161 896 949 161 950 stone
949 161 951 dirt
949 161 952 stone
949 161 953 stone
949 161 954 dirt
949 161 955 dirt
fill 950 161 896 950 161 949 stone
fill 950 161 950 950 161 954 dirt
950 161 955 grass_block[snowy=false]
fill 951 161 896 951 161 949 stone
fill 951 161 950 951 161 955 dirt
fill 952 161 896 952 161 949 stone
fill 952 161 950 952 161 955 dirt
fill 953 161 896 953 161 931 stone
953 161 932 iron_ore
fill 953 161 933 953 161 950 stone
fill 953 161 951 953 161 955 dirt
fill 954 161 896 954 161 951 stone
fill 954 161 952 954 161 955 dirt
fill 955 161 896 955 161 953 stone
955 161 954 dirt
955 161 955 dirt
fill 956 161 896 956 161 938 stone
956 161 939 copper_ore
fill 956 161 940 956 161 954 stone
956 161 955 dirt
956 161 956 dirt
fill 957 161 896 957 161 937 stone
957 161 938 copper_ore
957 161 939 copper_ore
fill 957 161 940 957 161 954 stone
957 161 955 dirt
957 161 956 dirt
957 161 957 grass_block[snowy=false]
fill 958 161 896 958 161 955 stone
958 161 956 dirt
958 161 957 dirt
fill 959 161 896 959 161 955 stone
959 161 956 dirt
959 161 957 dirt
fill 960 161 896 960 161 955 stone
960 161 956 dirt
960 161 957 dirt
fill 961 161 896 961 161 955 stone
961 161 956 dirt
961 161 957 dirt
fill 962 161 896 962 161 922 stone
fill 962 161 923 962 161 955 stone
962 161 956 dirt
962 161 957 dirt
fill 963 161 896 963 161 955 stone
963 161 956 dirt
963 161 957 dirt
963 161 958 grass_block[snowy=false]
fill 964 161 896 964 161 940 stone
964 161 941 gravel
964 161 942 gravel
fill 964 161 943 964 161 955 stone
964 161 956 dirt
964 161 957 dirt
964 161 958 grass_block[snowy=false]
fill 965 161 896 965 161 899 coal_ore
fill 965 161 900 965 161 940 stone
fill 965 161 941 965 161 943 gravel
fill 965 161 944 965 161 955 stone
965 161 956 dirt
965 161 957 dirt
965 161 958 grass_block[snowy=false]
fill 966 161 896 966 161 898 coal_ore