716 130 847 stone
716 130 848 iron_ore
716 130 849 stone
716 130 850 stone
716 130 851 stone
716 130 852 stone
716 130 853 stone
716 130 854 stone
716 130 855 stone
716 130 856 stone
716 130 857 stone
716 130 858 stone
716 130 859 stone
716 130 860 stone
716 130 861 stone
716 130 862 stone
716 130 863 stone
716 130 864 stone
716 130 865 stone
716 130 866 stone
716 130 867 stone
716 130 868 stone
716 130 869 stone
716 130 870 stone
716 130 871 stone
716 130 872 stone
716 130 873 stone
716 130 874 stone
716 130 875 stone
716 130 876 stone
716 130 877 stone
716 130 878 stone
716 130 879 stone
716 130 880 stone
716 130 881 stone
716 130 882 stone
716 130 883 stone
716 130 884 stone
716 130 885 stone
716 130 886 stone
716 130 887 stone
716 130 888 stone
716 130 889 stone
716 130 890 stone
716 130 891 stone
716 130 892 stone
716 130 893 stone
716 130 894 stone
716 130 895 stone
717 130 768 stone
717 130 769 stone
717 130 770 stone
717 130 771 stone
717 130 772 stone
717 130 773 stone
717 130 774 stone
717 130 775 stone
717 130 776 stone
717 130 777 stone
717 130 778 grass_block[snowy=false]
717 130 791 oak_stairs[facing=south,half=bottom,shape=straight,waterlogged=false]
717 130 792 cobblestone
717 130 796 cobblestone
717 130 797 oak_stairs[facing=north,half=bottom,shape=straight,waterlogged=false]
717 130 804 wall_torch[facing=north]
717 130 805 stripped_oak_wood[axis=y]
717 130 806 wall_torch[facing=south]
717 130 816 dirt
717 130 817 stone
717 130 818 stone
717 130 819 stone
717 130 820 stone
717 130 821 stone
717 130 822 stone
717 130 823 stone
717 130 824 stone
717 130 825 stone
717 130 826 stone
717 130 827 stone
717 130 828 stone
717 130 829 stone
717 130 830 stone
717 130 832 dirt
717 130 833 dirt
717 130 834 dirt
717 130 835 dirt
717 130 836 dirt
717 130 837 dirt
717 130 838 stone
717 130 839 stone
717 130 840 stone
717 130 841 stone
717 130 842 gravel
717 130 843 gravel
717 130 844 stone
717 130 845 stone
717 130 846 stone
717 130 847 stone
717 130 848 stone
717 130 849 stone
717 130 850 stone
717 130 851 stone
717 130 852 stone
717 130 853 stone
717 130 854 stone
717 130 855 stone
717 130 856 stone
717 130 857 stone
717 130 858 stone
717 130 859 stone
717 130 860 stone
717 130 861 stone
717 130 862 stone
717 130 863 stone
717 130 864 stone
717 130 865 stone
717 130 866 stone
717 130 867 stone
717 130 868 stone
717 130 869 stone
717 130 870 stone
717 130 871 stone
717 130 872 stone
717 130 873 stone
717 130 874 stone
717 130 875 stone
717 130 876 stone
717 130 877 stone
717 130 878 stone
717 130 879 stone
717 130 880 stone
717 130 881 stone
717 130 882 stone
717 130 883 stone
717 130 884 stone
717 130 885 stone
717 130 886 stone
717 130 887 stone
717 130 888 stone
717 130 889 stone
717 130 890 stone
717 130 891 stone
717 130 892 stone
717 130 893 stone
717 130 894 stone
717 130 895 stone
718 130 768 stone
718 130 769 stone
718 130 770 stone
718 130 771 stone
718 130 772 stone
718 130 773 stone
718 130 774 stone
718 130 775 stone
718 130 776 stone
718 130 777 dirt
718 130 791 oak_stairs[facing=south,half=bottom,shape=straight,waterlogged=false]
718 130 792 cobblestone
718 130 796 cobblestone
718 130 797 oak_stairs[facing=north,half=bottom,shape=straight,waterlogged=false]
718 130 805 wall_torch[facing=east]
718 130 815 dirt
718 130 816 stone
718 130 817 stone
718 130 818 stone
718 130 819 stone
718 130 820 stone
718 130 821 stone
718 130 822 stone
718 130 823 stone
718 130 824 stone
718 130 825 stone
718 130 826 stone
718 130 827 stone
718 130 828 stone
718 130 829 stone
718 130 830 stone
718 130 831 stone
718 130 832 stone
718 130 833 dirt
718 130 834 dirt
718 130 835 dirt
718 130 836 dirt
718 130 837 dirt
718 130 838 stone
718 130 839 stone
718 130 840 stone
718 130 841 stone
718 130 842 stone
718 130 843 stone
718 130 844 stone
718 130 845 stone
718 130 846 stone
718 130 847 stone
718 130 848 stone
718 130 849 stone
718 130 850 stone
718 130 851 stone
718 130 852 stone
718 130 853 stone
718 130 854 stone
718 130 855 stone
718 130 856 stone
718 130 857 stone
718 130 858 stone
718 130 859 stone
718 130 860 stone
718 130 861 stone
718 130 862 stone
718 130 863 stone
718 130 864 stone
718 130 865 stone
718 130 866 stone
718 130 867 stone
718 130 868 stone
718 130 869 stone
718 130 870 stone
718 130 871 stone
718 130 872 stone
718 130 873 stone
718 130 874 stone
718 130 875 stone
718 130 876 stone
718 130 877 stone
718 130 878 stone
718 130 879 stone
718 130 880 stone
718 130 881 stone
718 130 882 stone
718 130 883 stone
718 130 884 stone
718 130 885 stone
718 130 886 stone
718 130 887 stone
718 130 888 stone
718 130 889 stone
718 130 890 stone
718 130 891 stone
718 130 892 stone
718 130 893 stone
718 130 894 stone
718 130 895 stone
719 130 768 stone
719 130 769 stone
719 130 770 stone
719 130 771 stone
719 130 772 stone
719 130 773 stone
719 130 774 stone
719 130 775 stone
719 130 776 dirt
719 130 791 oak_stairs[facing=south,half=bottom,shape=straight,waterlogged=false]
719 130 792 cobblestone
719 130 794 wall_torch[facing=west]
719 130 796 cobblestone
719 130 797 oak_stairs[facing=north,half=bottom,shape=straight,waterlogged=false]
719 130 814 grass_block[snowy=false]
719 130 815 dirt
719 130 816 stone
719 130 817 stone
719 130 818 iron_ore
719 130 819 stone
719 130 820 stone
719 130 821 stone
719 130 822 stone
719 130 823 stone
719 130 824 stone
719 130 825 stone
719 130 826 stone
719 130 827 stone
719 130 828 stone
719 130 829 stone
719 130 831 stone
719 130 832 stone
719 130 833 stone
719 130 834 dirt
719 130 835 dirt
719 130 836 dirt
719 130 837 dirt
719 130 838 dirt
719 130 839 stone
719 130 840 stone
719 130 841 stone
719 130 842 stone
719 130 843 stone
719 130 844 stone
719 130 845 stone
719 130 846 stone
719 130 847 stone
719 130 848 stone
719 130 849 stone
719 130 850 stone
719 130 851 stone
719 130 852 stone
719 130 853 stone
719 130 854 stone
719 130 855 stone
719 130 856 stone
719 130 857 stone
719 130 858 stone
719 130 859 stone
719 130 860 stone
719 130 861 stone
719 130 862 stone
719 130 863 stone
719 130 864 stone
719 130 865 stone
719 130 866 stone
719 130 867 stone
719 130 868 stone
719 130 869 stone
719 130 870 stone
719 130 871 stone
719 130 872 stone
719 130 873 stone
719 130 874 stone
719 130 875 stone
719 130 876 stone
719 130 877 stone
719 130 878 stone
719 130 879 stone
719 130 880 stone
719 130 881 stone
719 130 882 stone
719 130 883 stone
719 130 884 stone
719 130 885 stone
719 130 886 stone
719 130 887 stone
719 130 888 stone
719 130 889 stone
719 130 890 stone
719 130 891 stone
719 130 892 stone
719 130 893 stone
719 130 894 stone
719 130 895 stone
720 130 768 stone
720 130 769 stone
720 130 770 stone
720 130 771 stone
720 130 772 stone
720 130 773 stone
720 130 774 stone
720 130 775 grass_block[snowy=false]
720 130 791 oak_stairs[facing=south,half=bottom,shape=straight,waterlogged=false]
720 130 792 cobblestone
720 130 793 cobblestone
720 130 794 cobblestone
720 130 795 cobblestone
720 130 796 cobblestone
720 130 797 oak_stairs[facing=north,half=bottom,shape=straight,waterlogged=false]
720 130 814 dirt
720 130 815 stone
720 130 816 stone
720 130 817 stone
720 130 818 stone
720 130 819 stone
720 130 820 stone
720 130 821 stone
720 130 822 stone
720 130 823 stone
720 130 824 stone
720 130 825 stone
720 130 826 stone
720 130 827 stone
720 130 828 stone
720 130 831 stone
720 130 832 stone
720 130 833 stone
720 130 834 stone
720 130 835 dirt
720 130 836 dirt
720 130 837 dirt
720 130 838 dirt
720 130 839 stone
720 130 840 stone
720 130 841 stone
720 130 842 stone
720 130 843 stone
720 130 844 stone
720 130 845 stone
720 130 846 stone
720 130 847 stone
720 130 848 stone
720 130 849 stone
720 130 850 stone
720 130 851 stone
720 130 852 stone
720 130 853 stone
720 130 854 stone
720 130 855 stone
720 130 856 stone
720 130 857 stone
720 130 858 stone
720 130 859 stone
720 130 860 stone
720 130 861 stone
720 130 862 stone
720 130 863 stone
720 130 864 stone
720 130 865 stone
720 130 866 stone
720 130 867 stone
720 130 868 stone
720 130 869 stone
720 130 870 stone
720 130 871 stone
720 130 872 stone
720 130 873 stone
720 130 874 stone
720 130 875 stone
720 130 876 stone
720 130 877 stone
720 130 878 stone
720 130 879 stone
720 130 880 stone
720 130 881 stone
720 130 882 stone
720 130 883 stone
720 130 884 stone
720 130 885 stone
720 130 886 stone
720 130 887 stone
720 130 888 stone
720 130 889 stone
720 130 890 stone
720 130 891 stone
720 130 892 stone
720 130 893 stone
720 130 894 stone
720 130 895 stone
721 130 768 stone
721 130 769 stone
721 130 770 stone
721 130 771 stone
721 130 772 stone
721 130 773 stone
721 130 774 grass_block[snowy=false]
721 130 791 oak_stairs[facing=south,half=bottom,shape=straight,waterlogged=false]
721 130 792 oak_stairs[facing=north,half=top,shape=straight,waterlogged=false]
721 130 796 oak_stairs[facing=south,half=top,shape=straight,waterlogged=false]
721 130 797 oak_stairs[facing=north,half=bottom,shape=straight,waterlogged=false]
721 130 813 dirt
721 130 814 dirt
721 130 815 stone
721 130 816 stone
721 130 817 stone
721 130 818 stone
721 130 819 stone
721 130 820 stone
721 130 821 stone
721 130 822 stone
721 130 823 stone
721 130 824 stone
721 130 825 stone
721 130 826 stone
721 130 827 stone
721 130 831 stone
721 130 832 stone
721 130 833 stone
721 130 834 stone
721 130 835 stone
721 130 836 stone
721 130 837 stone
721 130 838 stone
721 130 839 stone
721 130 840 stone
721 130 841 stone
721 130 842 stone
721 130 843 stone
721 130 844 stone
721 130 845 stone
721 130 846 stone
721 130 847 stone
721 130 848 stone
721 130 849 stone
721 130 850 stone
721 130 851 stone
721 130 852 stone
721 130 853 stone
721 130 854 stone
721 130 855 stone
721 130 856 stone
721 130 857 stone
721 130 858 stone
721 130 859 stone
721 130 860 stone
721 130 861 stone
721 130 862 stone
721 130 863 stone
721 130 864 stone
721 130 865 stone
721 130 866 stone
721 130 867 stone
721 130 868 stone
721 130 869 stone
721 130 870 stone
721 130 871 stone
721 130 872 stone
721 130 873 stone
721 130 874 stone
721 130 875 stone
721 130 876 stone
721 130 877 stone
721 130 878 stone
721 130 879 stone
721 130 880 stone
721 130 881 stone
721 130 882 stone
721 130 883 stone
721 130 884 stone
721 130 885 stone
721 130 886 stone
721 130 887 stone
721 130 888 stone
721 130 889 stone
721 130 890 stone
721 130 891 stone
721 130 892 stone
721 130 893 stone
721 130 894 stone
721 130 895 stone
722 130 768 stone
722 130 769 stone
722 130 770 stone
722 130 771 stone
722 130 772 stone
722 130 773 dirt
722 130 813 dirt
722 130 814 stone
722 130 815 stone
722 130 816 stone
722 130 817 stone
722 130 818 stone
722 130 819 stone
722 130 820 stone
722 130 821 stone
722 130 822 stone
722 130 823 stone
722 130 824 stone
722 130 825 stone
722 130 826 stone
722 130 831 stone
722 130 832 stone
722 130 833 stone
722 130 834 stone
722 130 835 stone
722 130 836 stone
722 130 837 stone
722 130 838 stone
722 130 839 stone
722 130 840 stone
722 130 841 stone
722 130 842 stone
722 130 843 stone
722 130 844 stone
722 130 845 stone
722 130 846 stone
722 130 847 stone
722 130 848 stone
722 130 849 stone
722 130 850 stone
722 130 851 stone
722 130 852 stone
722 130 853 stone
722 130 854 stone
722 130 855 stone
722 130 856 stone
722 130 857 stone
722 130 858 stone
722 130 859 stone
722 130 860 stone
722 130 861 stone
722 130 862 stone
722 130 863 stone
722 130 864 stone
722 130 865 stone
722 130 866 stone
722 130 867 stone
722 130 868 stone
722 130 869 stone
722 130 870 stone
722 130 871 stone
722 130 872 stone
722 130 873 stone
722 130 874 stone
722 130 875 stone
722 130 876 stone
722 130 877 stone
722 130 878 stone
722 130 879 stone
722 130 880 stone
722 130 881 stone
722 130 882 stone
722 130 883 stone
722 130 884 stone
722 130 885 stone
722 130 886 stone
722 130 887 stone
722 130 888 stone
722 130 889 stone
722 130 890 stone
722 130 891 stone
722 130 892 stone
722 130 893 stone
722 130 894 stone
722 130 895 stone
723 130 768 stone
723 130 769 dirt
723 130 770 dirt
723 130 771 dirt
723 130 772 dirt
723 130 802 dirt
723 130 803 dirt
723 130 804 dirt
723 130 805 dirt
723 130 806 dirt
723 130 812 dirt
723 130 813 stone
723 130 814 stone
723 130 815 stone
723 130 816 stone
723 130 817 stone
723 130 818 stone
723 130 819 stone
723 130 820 stone
723 130 821 stone
723 130 822 stone
723 130 823 stone
723 130 824 stone
723 130 825 stone
723 130 831 stone
723 130 832 stone
723 130 833 stone
723 130 834 stone
723 130 835 stone
723 130 836 stone
723 130 837 stone
723 130 838 stone
723 130 839 stone
723 130 840 stone
723 130 841 stone
723 130 842 stone
723 130 843 stone
723 130 844 stone
723 130 845 stone
723 130 846 stone
723 130 847 stone
723 130 848 stone
723 130 849 stone
723 130 850 stone
723 130 851 stone
723 130 852 stone
723 130 853 stone
723 130 854 stone
723 130 855 stone
723 130 856 stone
723 130 857 stone
723 130 858 stone
723 130 859 stone
723 130 860 stone
723 130 861 stone
723 130 862 stone
723 130 863 stone
723 130 864 stone
723 130 865 stone
723 130 866 stone
723 130 867 stone
723 130 868 stone
723 130 869 stone
723 130 870 stone
723 130 871 stone
723 130 872 stone
723 130 873 stone
723 130 874 stone
723 130 875 stone
723 130 876 stone
723 130 877 stone
723 130 878 stone
723 130 879 stone
723 130 880 stone
723 130 881 stone
723 130 882 stone
723 130 883 stone
723 130 884 stone
723 130 885 stone
723 130 886 stone
723 130 887 stone
723 130 888 stone
723 130 889 stone
723 130 890 stone
723 130 891 stone
723 130 892 stone
723 130 893 stone
723 130 894 stone
723 130 895 stone
724 130 770 short_grass
724 130 800 dirt
724 130 801 dirt
724 130 802 dirt
724 130 803 dirt
724 130 804 dirt
724 130 805 dirt
724 130 806 dirt
724 130 807 dirt
724 130 808 dirt
724 130 809 dirt
724 130 810 dirt
724 130 811 stone
724 130 812 stone
724 130 813 stone
724 130 814 stone
724 130 815 stone
724 130 816 stone
724 130 817 stone
724 130 818 stone
724 130 819 stone
724 130 820 stone
724 130 821 stone
724 130 822 stone
724 130 823 stone
724 130 824 stone
724 130 825 stone
724 130 830 stone
724 130 831 stone
724 130 832 stone
724 130 833 stone
724 130 834 stone
724 130 835 stone
724 130 836 stone
724 130 837 stone
724 130 838 stone
724 130 839 stone
724 130 840 stone
724 130 841 stone
724 130 842 stone
724 130 843 stone
724 130 844 stone
724 130 845 stone
724 130 846 stone
724 130 847 stone
724 130 848 stone
724 130 849 stone
724 130 850 stone
724 130 851 stone
724 130 852 stone
724 130 853 stone
724 130 854 stone
724 130 855 stone
724 130 856 stone
724 130 857 stone
724 130 858 stone
724 130 859 stone
724 130 860 stone
724 130 861 stone
724 130 862 stone
724 130 863 stone
724 130 864 stone
724 130 865 stone
724 130 866 stone
724 130 867 stone
724 130 868 stone
724 130 869 stone
724 130 870 stone
724 130 871 stone
724 130 872 stone
724 130 873 stone
724 130 874 stone
724 130 875 stone
724 130 876 stone
724 130 877 stone
724 130 878 stone
724 130 879 stone
724 130 880 stone
724 130 881 stone
724 130 882 stone
724 130 883 stone
724 130 884 stone
724 130 885 stone
724 130 886 stone
724 130 887 stone
724 130 888 stone
724 130 889 stone
724 130 890 stone
724 130 891 stone
724 130 892 stone
724 130 893 stone
724 130 894 stone
724 130 895 stone
725 130 798 dirt
725 130 799 stone
725 130 800 stone
725 130 801 dirt
725 130 802 dirt
725 130 803 dirt
725 130 804 dirt
725 130 805 dirt
725 130 806 dirt
725 130 807 dirt
725 130 808 dirt
725 130 809 dirt
725 130 810 stone
725 130 811 stone
725 130 812 stone
725 130 813 stone
725 130 814 stone
725 130 815 stone
725 130 816 stone
725 130 817 stone
725 130 818 stone
725 130 819 stone
725 130 820 stone
725 130 821 stone
725 130 822 stone
725 130 823 stone
725 130 824 stone
725 130 825 stone
725 130 829 stone
725 130 830 stone
725 130 831 stone
725 130 832 stone
725 130 833 stone
725 130 834 stone
725 130 835 stone
725 130 836 stone
725 130 837 stone
725 130 838 stone
725 130 839 stone
725 130 840 stone
725 130 841 stone
725 130 842 stone
725 130 843 stone
725 130 844 stone
725 130 845 stone
725 130 846 stone
725 130 847 stone
725 130 848 stone
725 130 849 stone
725 130 850 stone
725 130 851 stone
725 130 852 stone
725 130 853 stone
725 130 854 stone
725 130 855 stone
725 130 856 stone
725 130 857 stone
725 130 858 stone
725 130 859 stone
725 130 860 stone
725 130 861 stone
725 130 862 stone
725 130 863 stone
725 130 864 stone
725 130 865 stone
725 130 866 stone
725 130 867 stone
725 130 868 stone
725 130 869 stone
725 130 870 stone
725 130 871 stone
725 130 872 stone
725 130 873 stone
725 130 874 stone
725 130 875 stone
725 130 876 stone
725 130 877 stone
725 130 878 stone
725 130 879 stone
725 130 880 stone
725 130 881 stone
725 130 882 stone
725 130 883 stone
725 130 884 stone
725 130 885 stone
725 130 886 stone
725 130 887 stone
725 130 888 stone
725 130 889 stone
725 130 890 stone
725 130 891 stone
725 130 892 stone
725 130 893 stone
725 130 894 stone
725 130 895 stone
726 130 794 grass_block[snowy=false]
726 130 795 dirt
726 130 796 dirt
726 130 797 dirt
726 130 798 stone
726 130 799 stone
726 130 800 stone
726 130 801 stone
726 130 802 dirt
726 130 803 dirt
726 130 804 dirt
726 130 805 dirt
726 130 806 dirt
726 130 807 dirt
726 130 808 dirt
726 130 809 stone
726 130 810 stone
726 130 811 stone
726 130 812 stone
726 130 813 stone
726 130 814 stone
726 130 815 stone
726 130 816 stone
726 130 817 stone
726 130 818 stone
726 130 819 stone
726 130 820 stone
726 130 821 stone
726 130 822 stone
726 130 823 stone
726 130 824 stone
726 130 825 water[level=0]
726 130 826 water[level=1]
726 130 828 stone
726 130 829 stone
726 130 830 stone
726 130 831 stone
726 130 832 stone
726 130 833 stone
726 130 834 stone
726 130 835 stone
726 130 836 stone
726 130 837 stone
726 130 838 stone
726 130 839 stone
726 130 840 stone
726 130 841 stone
726 130 842 stone
726 130 843 stone
726 130 844 stone
726 130 845 stone
726 130 846 stone
726 130 847 stone
726 130 848 stone
726 130 849 stone
726 130 850 stone
726 130 851 stone
726 130 852 stone
726 130 853 stone
726 130 854 stone
726 130 855 stone
726 130 856 stone
726 130 857 stone
726 130 858 stone
726 130 859 stone
726 130 860 stone
726 130 861 stone
726 130 862 stone
726 130 863 stone
726 130 864 stone
726 130 865 stone
726 130 866 stone
726 130 867 stone
726 130 868 stone
726 130 869 stone
726 130 870 stone
726 130 871 stone
726 130 872 stone
726 130 873 stone
726 130 874 stone
726 130 875 stone
726 130 876 stone
726 130 877 stone
726 130 878 stone
726 130 879 stone
726 130 880 stone
726 130 881 stone
726 130 882 stone
726 130 883 stone
726 130 884 stone
726 130 885 stone
726 130 886 stone
726 130 887 stone
726 130 888 stone
726 130 889 stone
726 130 890 stone
726 130 891 stone
726 130 892 stone
726 130 893 stone
726 130 894 stone
726 130 895 stone
727 130 793 dirt
727 130 794 dirt
727 130 795 dirt
727 130 796 dirt
727 130 797 stone
727 130 798 stone
727 130 799 stone
727 130 800 stone
727 130 801 stone
727 130 802 stone
727 130 803 dirt
727 130 804 dirt
727 130 805 dirt
727 130 806 dirt
727 130 807 dirt
727 130 808 stone
727 130 809 stone
727 130 810 stone
727 130 811 stone
727 130 812 stone
727 130 813 stone
727 130 814 stone
727 130 815 stone
727 130 816 stone
727 130 817 stone
727 130 818 stone
727 130 819 stone
727 130 820 stone
727 130 821 stone
727 130 822 stone
727 130 823 stone
727 130 824 stone
727 130 825 stone
727 130 827 stone
727 130 828 stone
727 130 829 stone
727 130 830 stone
727 130 831 stone
727 130 832 stone
727 130 833 stone
727 130 834 stone
727 130 835 stone
727 130 841 stone
727 130 842 stone
727 130 843 stone
727 130 844 stone
727 130 845 stone
727 130 846 stone
727 130 847 stone
727 130 848 stone
727 130 849 stone
727 130 850 stone
727 130 851 stone
727 130 852 stone
727 130 853 stone
727 130 854 stone
727 130 855 stone
727 130 856 stone
727 130 857 stone
727 130 858 stone
727 130 859 stone
727 130 860 stone
727 130 861 stone
727 130 862 stone
727 130 863 stone
727 130 864 stone
727 130 865 stone
727 130 866 stone
727 130 867 stone
727 130 868 stone
727 130 869 stone
727 130 870 stone
727 130 871 stone
727 130 872 stone
727 130 873 stone
727 130 874 stone
727 130 875 stone
727 130 876 stone
727 130 877 stone
727 130 878 stone
727 130 879 stone
727 130 880 stone
727 130 881 stone
727 130 882 stone
727 130 883 stone
727 130 884 stone
727 130 885 stone
727 130 886 stone
727 130 887 stone
727 130 888 stone
727 130 889 stone
727 130 890 stone
727 130 891 stone
727 130 892 stone
727 130 893 stone
727 130 894 stone
727 130 895 stone
