681 107 889 stone
681 107 890 stone
681 107 891 stone
681 107 892 stone
681 107 893 stone
681 107 894 stone
681 107 895 stone
682 107 768 stone
682 107 769 stone
682 107 770 stone
682 107 771 stone
682 107 772 stone
682 107 773 stone
682 107 774 stone
682 107 775 stone
682 107 776 stone
682 107 777 stone
682 107 778 stone
682 107 779 stone
682 107 780 stone
682 107 781 stone
682 107 782 stone
682 107 783 stone
682 107 784 stone
682 107 785 stone
682 107 786 stone
682 107 787 stone
682 107 788 stone
682 107 789 stone
682 107 790 stone
682 107 791 stone
682 107 792 stone
682 107 793 stone
682 107 794 stone
682 107 795 stone
682 107 796 stone
682 107 797 stone
682 107 798 stone
682 107 799 stone
682 107 800 stone
682 107 801 stone
682 107 802 andesite
682 107 803 diorite
682 107 804 diorite
682 107 805 diorite
682 107 806 diorite
682 107 807 diorite
682 107 808 diorite
682 107 809 diorite
682 107 810 diorite
682 107 811 diorite
682 107 812 diorite
682 107 813 diorite
682 107 814 diorite
682 107 815 diorite
682 107 816 gravel
682 107 817 stone
682 107 818 stone
682 107 819 stone
682 107 820 stone
682 107 821 stone
682 107 822 stone
682 107 823 stone
682 107 824 stone
682 107 825 stone
682 107 826 stone
682 107 827 stone
682 107 828 stone
682 107 829 stone
682 107 830 stone
682 107 831 stone
682 107 832 stone
682 107 833 stone
682 107 834 stone
682 107 835 stone
682 107 836 stone
682 107 837 stone
682 107 838 stone
682 107 839 andesite
682 107 840 andesite
682 107 841 andesite
682 107 842 andesite
682 107 843 andesite
682 107 844 andesite
682 107 845 andesite
682 107 846 andesite
682 107 847 andesite
682 107 848 andesite
682 107 849 stone
682 107 850 stone
682 107 851 stone
682 107 852 stone
682 107 853 stone
682 107 854 stone
682 107 855 diorite
682 107 856 diorite
682 107 857 diorite
682 107 858 diorite
682 107 859 stone
682 107 860 stone
682 107 861 stone
682 107 862 stone
682 107 863 stone
682 107 864 stone
682 107 865 stone
682 107 866 stone
682 107 867 stone
682 107 868 stone
682 107 869 stone
682 107 870 stone
682 107 871 stone
682 107 872 stone
682 107 873 stone
682 107 874 stone
682 107 875 stone
682 107 876 stone
682 107 877 granite
682 107 878 granite
682 107 879 granite
682 107 880 granite
682 107 881 granite
682 107 882 granite
682 107 883 granite
682 107 884 granite
682 107 885 copper_ore
682 107 886 copper_ore
682 107 887 copper_ore
682 107 888 stone
682 107 889 stone
682 107 890 stone
682 107 891 stone
682 107 892 stone
682 107 893 stone
682 107 894 stone
682 107 895 stone
683 107 768 stone
683 107 769 stone
683 107 770 stone
683 107 771 stone
683 107 772 stone
683 107 773 stone
683 107 774 stone
683 107 775 stone
683 107 776 stone
683 107 777 stone
683 107 778 stone
683 107 779 stone
683 107 780 stone
683 107 781 stone
683 107 782 stone
683 107 783 stone
683 107 784 stone
683 107 785 stone
683 107 786 stone
683 107 787 stone
683 107 788 stone
683 107 789 stone
683 107 790 stone
683 107 791 stone
683 107 792 stone
683 107 793 stone
683 107 794 stone
683 107 795 stone
683 107 796 stone
683 107 797 stone
683 107 798 stone
683 107 799 stone
683 107 800 stone
683 107 801 andesite
683 107 802 andesite
683 107 803 andesite
683 107 804 diorite
683 107 805 diorite
683 107 806 diorite
683 107 807 diorite
683 107 808 diorite
683 107 809 diorite
683 107 810 diorite
683 107 811 diorite
683 107 812 coal_ore
683 107 813 coal_ore
683 107 814 coal_ore
683 107 815 diorite
683 107 816 diorite
683 107 817 diorite
683 107 818 stone
683 107 819 stone
683 107 820 stone
683 107 821 stone
683 107 822 stone
683 107 823 stone
683 107 824 stone
683 107 825 stone
683 107 826 stone
683 107 827 stone
683 107 828 stone
683 107 829 stone
683 107 830 stone
683 107 831 stone
683 107 832 stone
683 107 833 stone
683 107 834 stone
683 107 835 stone
683 107 836 stone
683 107 837 stone
683 107 838 stone
683 107 839 stone
683 107 840 andesite
683 107 841 andesite
683 107 842 andesite
683 107 843 andesite
683 107 844 andesite
683 107 845 andesite
683 107 846 andesite
683 107 847 andesite
683 107 848 andesite
683 107 849 andesite
683 107 850 stone
683 107 851 stone
683 107 852 stone
683 107 853 stone
683 107 854 diorite
683 107 855 diorite
683 107 856 diorite
683 107 857 diorite
683 107 858 diorite
683 107 859 stone
683 107 860 stone
683 107 861 stone
683 107 862 stone
683 107 863 stone
683 107 864 stone
683 107 865 stone
683 107 866 stone
683 107 867 stone
683 107 868 stone
683 107 869 stone
683 107 870 stone
683 107 871 stone
683 107 872 stone
683 107 873 stone
683 107 874 stone
683 107 875 stone
683 107 876 stone
683 107 877 stone
683 107 878 granite
683 107 879 granite
683 107 880 granite
683 107 881 granite
683 107 882 granite
683 107 883 granite
683 107 884 granite
683 107 885 copper_ore
683 107 886 copper_ore
683 107 887 copper_ore
683 107 888 copper_ore
683 107 889 stone
683 107 890 stone
683 107 891 stone
683 107 892 stone
683 107 893 stone
683 107 894 stone
683 107 895 stone
684 107 768 stone
684 107 769 stone
684 107 770 stone
684 107 771 stone
684 107 772 stone
684 107 773 stone
684 107 774 stone
684 107 775 stone
684 107 776 stone
684 107 777 stone
684 107 778 stone
684 107 779 stone
684 107 780 stone
684 107 781 stone
684 107 782 stone
684 107 783 stone
684 107 784 stone
684 107 785 stone
684 107 786 stone
684 107 787 stone
684 107 788 stone
684 107 789 stone
684 107 790 stone
684 107 791 stone
684 107 792 stone
684 107 793 stone
684 107 794 stone
684 107 795 stone
684 107 796 stone
684 107 797 stone
684 107 798 stone
684 107 799 stone
684 107 800 stone
684 107 801 andesite
684 107 802 andesite
684 107 803 andesite
684 107 804 andesite
684 107 805 andesite
684 107 806 diorite
684 107 807 diorite
684 107 808 diorite
684 107 809 diorite
684 107 810 diorite
684 107 811 diorite
684 107 812 coal_ore
684 107 813 coal_ore
684 107 814 diorite
684 107 815 diorite
684 107 816 diorite
684 107 817 diorite
684 107 818 diorite
684 107 819 stone
684 107 820 stone
684 107 821 stone
684 107 822 stone
684 107 823 stone
684 107 824 stone
684 107 825 stone
684 107 826 stone
684 107 827 stone
684 107 828 stone
684 107 829 stone
684 107 830 stone
684 107 831 stone
684 107 832 stone
684 107 833 stone
684 107 834 stone
684 107 835 stone
684 107 836 stone
684 107 837 stone
684 107 838 stone
684 107 839 stone
684 107 840 stone
684 107 841 andesite
684 107 842 andesite
684 107 843 andesite
684 107 844 andesite
684 107 845 andesite
684 107 846 andesite
684 107 847 andesite
684 107 848 andesite
684 107 849 andesite
684 107 850 stone
684 107 851 stone
684 107 852 stone
684 107 853 stone
684 107 854 diorite
684 107 855 diorite
684 107 856 diorite
684 107 857 diorite
684 107 858 diorite
684 107 859 diorite
684 107 860 stone
684 107 861 stone
684 107 862 stone
684 107 863 stone
684 107 864 stone
684 107 865 stone
684 107 866 stone
684 107 867 stone
684 107 868 stone
684 107 869 stone
684 107 870 stone
684 107 871 stone
684 107 872 stone
684 107 873 stone
684 107 874 stone
684 107 875 stone
684 107 876 stone
684 107 877 stone
684 107 878 stone
684 107 879 stone
684 107 880 granite
684 107 881 granite
684 107 882 granite
684 107 883 granite
684 107 884 granite
684 107 885 granite
684 107 886 copper_ore
684 107 887 copper_ore
684 107 888 copper_ore
684 107 889 stone
684 107 890 stone
684 107 891 stone
684 107 892 stone
684 107 893 stone
684 107 894 stone
684 107 895 stone
685 107 768 stone
685 107 769 stone
685 107 770 stone
685 107 771 stone
685 107 772 stone
685 107 773 stone
685 107 774 stone
685 107 775 stone
685 107 776 stone
685 107 777 stone
685 107 778 stone
685 107 779 stone
685 107 780 stone
685 107 781 stone
685 107 782 stone
685 107 783 stone
685 107 784 stone
685 107 785 stone
685 107 786 stone
685 107 787 stone
685 107 788 stone
685 107 789 stone
685 107 790 stone
685 107 791 stone
685 107 792 stone
685 107 793 stone
685 107 794 stone
685 107 795 stone
685 107 796 stone
685 107 797 stone
685 107 798 stone
685 107 799 stone
685 107 800 stone
685 107 801 stone
685 107 802 andesite
685 107 803 andesite
685 107 804 andesite
685 107 805 andesite
685 107 806 andesite
685 107 807 andesite
685 107 808 diorite
685 107 809 diorite
685 107 810 diorite
685 107 811 diorite
685 107 812 diorite
685 107 813 diorite
685 107 814 diorite
685 107 815 diorite
685 107 816 diorite
685 107 817 diorite
685 107 818 diorite
685 107 819 stone
685 107 820 stone
685 107 821 stone
685 107 822 stone
685 107 823 stone
685 107 824 stone
685 107 825 stone
685 107 826 stone
685 107 827 stone
685 107 828 stone
685 107 829 stone
685 107 830 stone
685 107 831 stone
685 107 832 stone
685 107 833 stone
685 107 834 stone
685 107 835 stone
685 107 836 stone
685 107 837 stone
685 107 838 stone
685 107 839 stone
685 107 840 stone
685 107 841 stone
685 107 842 stone
685 107 843 andesite
685 107 844 andesite
685 107 845 andesite
685 107 846 andesite
685 107 847 andesite
685 107 848 andesite
685 107 849 andesite
685 107 850 andesite
685 107 851 stone
685 107 852 stone
685 107 853 diorite
685 107 854 diorite
685 107 855 diorite
685 107 856 diorite
685 107 857 diorite
685 107 858 diorite
685 107 859 diorite
685 107 860 stone
685 107 861 stone
685 107 862 stone
685 107 863 stone
685 107 864 stone
685 107 865 stone
685 107 866 stone
685 107 867 copper_ore
685 107 868 stone
685 107 869 stone
685 107 870 stone
685 107 871 stone
685 107 872 stone
685 107 873 stone
685 107 874 stone
685 107 875 stone
685 107 876 stone
685 107 877 stone
685 107 878 stone
685 107 879 stone
685 107 880 stone
685 107 881 stone
685 107 882 granite
685 107 883 granite
685 107 884 granite
685 107 885 granite
685 107 886 stone
685 107 887 stone
685 107 888 stone
685 107 889 stone
685 107 890 stone
685 107 891 stone
685 107 892 stone
685 107 893 stone
685 107 894 stone
685 107 895 stone
686 107 768 andesite
686 107 769 stone
686 107 770 stone
686 107 771 stone
686 107 772 stone
686 107 773 stone
686 107 774 stone
686 107 775 stone
686 107 776 stone
686 107 777 stone
686 107 778 stone
686 107 779 stone
686 107 780 stone
686 107 781 stone
686 107 782 stone
686 107 783 stone
686 107 784 stone
686 107 785 stone
686 107 786 stone
686 107 787 stone
686 107 788 stone
686 107 789 stone
686 107 790 stone
686 107 791 stone
686 107 792 stone
686 107 793 stone
686 107 794 stone
686 107 795 stone
686 107 796 stone
686 107 797 stone
686 107 798 stone
686 107 799 stone
686 107 800 stone
686 107 801 stone
686 107 802 andesite
686 107 803 andesite
686 107 804 andesite
686 107 805 andesite
686 107 806 andesite
686 107 807 andesite
686 107 808 andesite
686 107 809 andesite
686 107 810 stone
686 107 811 diorite
686 107 812 diorite
686 107 813 diorite
686 107 814 diorite
686 107 815 diorite
686 107 816 diorite
686 107 817 diorite
686 107 818 stone
686 107 819 stone
686 107 820 stone
686 107 821 stone
686 107 822 stone
686 107 823 stone
686 107 824 stone
686 107 825 stone
686 107 826 stone
686 107 827 stone
686 107 828 stone
686 107 829 stone
686 107 830 stone
686 107 831 stone
686 107 832 stone
686 107 833 stone
686 107 834 stone
686 107 835 stone
686 107 836 stone
686 107 837 stone
686 107 838 stone
686 107 839 stone
686 107 840 stone
686 107 841 stone
686 107 842 stone
686 107 843 stone
686 107 844 stone
686 107 845 andesite
686 107 846 andesite
686 107 847 andesite
686 107 848 andesite
686 107 849 andesite
686 107 850 andesite
686 107 851 stone
686 107 852 stone
686 107 853 diorite
686 107 854 diorite
686 107 855 diorite
686 107 856 diorite
686 107 857 diorite
686 107 858 diorite
686 107 859 diorite
686 107 860 stone
686 107 861 stone
686 107 862 stone
686 107 863 stone
686 107 864 stone
686 107 865 copper_ore
686 107 866 copper_ore
686 107 867 copper_ore
686 107 868 copper_ore
686 107 869 stone
686 107 870 stone
686 107 871 stone
686 107 872 stone
686 107 873 stone
686 107 874 stone
686 107 875 stone
686 107 876 stone
686 107 877 stone
686 107 878 stone
686 107 879 stone
686 107 880 stone
686 107 881 stone
686 107 882 stone
686 107 883 stone
686 107 884 stone
686 107 885 stone
686 107 886 stone
686 107 887 stone
686 107 888 stone
686 107 889 stone
686 107 890 stone
686 107 891 stone
686 107 892 stone
686 107 893 stone
686 107 894 stone
686 107 895 stone
687 107 768 andesite
687 107 769 andesite
687 107 770 stone
687 107 771 stone
687 107 772 stone
687 107 773 stone
687 107 774 stone
687 107 775 stone
687 107 776 stone
687 107 777 stone
687 107 778 stone
687 107 779 stone
687 107 780 stone
687 107 781 stone
687 107 782 stone
687 107 783 stone
687 107 784 stone
687 107 785 stone
687 107 786 stone
687 107 787 stone
687 107 788 stone
687 107 789 stone
687 107 790 stone
687 107 791 stone
687 107 792 stone
687 107 793 stone
687 107 794 stone
687 107 795 stone
687 107 796 stone
687 107 797 stone
687 107 798 stone
687 107 799 stone
687 107 800 stone
687 107 801 stone
687 107 802 stone
687 107 803 andesite
687 107 804 andesite
687 107 805 andesite
687 107 806 andesite
687 107 807 andesite
687 107 808 andesite
687 107 809 andesite
687 107 810 andesite
687 107 811 stone
687 107 812 granite
687 107 813 granite
687 107 814 granite
687 107 815 granite
687 107 816 granite
687 107 817 stone
687 107 818 stone
687 107 819 stone
687 107 820 stone
687 107 821 stone
687 107 822 stone
687 107 823 stone
687 107 824 stone
687 107 825 stone
687 107 826 stone
687 107 827 stone
687 107 828 stone
687 107 829 stone
687 107 830 stone
687 107 831 stone
687 107 832 stone
687 107 833 stone
687 107 834 stone
687 107 835 stone
687 107 836 stone
687 107 837 stone
687 107 838 stone
687 107 839 stone
687 107 840 stone
687 107 841 stone
687 107 842 stone
687 107 843 stone
687 107 844 stone
687 107 845 stone
687 107 846 stone
687 107 847 andesite
687 107 848 andesite
687 107 849 andesite
687 107 850 stone
687 107 851 stone
687 107 852 stone
687 107 853 diorite
687 107 854 diorite
687 107 856 diorite
687 107 857 diorite
687 107 858 diorite
687 107 859 diorite
687 107 860 stone
687 107 861 stone
687 107 862 stone
687 107 863 stone
687 107 864 stone
687 107 865 copper_ore
687 107 866 copper_ore
687 107 867 copper_ore
687 107 868 stone
687 107 869 stone
687 107 870 stone
687 107 871 stone
687 107 872 stone
687 107 873 stone
687 107 874 stone
687 107 875 stone
687 107 876 stone
687 107 877 stone
687 107 878 stone
687 107 879 stone
687 107 880 stone
687 107 881 stone
687 107 882 stone
687 107 883 stone
687 107 884 stone
687 107 885 stone
687 107 886 stone
687 107 887 stone
687 107 888 stone
687 107 889 stone
687 107 890 stone
687 107 891 stone
687 107 892 stone
687 107 893 stone
687 107 894 stone
687 107 895 stone
688 107 768 andesite
688 107 769 andesite
688 107 770 andesite
688 107 771 stone
688 107 772 stone
688 107 773 stone
688 107 774 stone
688 107 775 stone
688 107 776 stone
688 107 777 stone
688 107 778 stone
688 107 779 stone
688 107 780 stone
688 107 781 stone
688 107 782 stone
688 107 783 stone
688 107 784 stone
688 107 785 stone
688 107 786 stone
688 107 787 stone
688 107 788 stone
688 107 789 stone
688 107 790 stone
688 107 791 stone
688 107 792 stone
688 107 793 stone
688 107 794 stone
688 107 795 stone
688 107 796 stone
688 107 797 stone
688 107 798 stone
688 107 799 stone
688 107 800 stone
688 107 801 stone
688 107 802 stone
688 107 803 andesite
688 107 804 andesite
688 107 805 andesite
688 107 806 andesite
688 107 807 andesite
688 107 808 andesite
688 107 809 andesite
688 107 810 andesite
688 107 811 stone
688 107 812 granite
688 107 813 granite
688 107 814 granite
688 107 815 granite
688 107 816 granite
688 107 817 stone
688 107 818 stone
688 107 819 stone
688 107 820 stone
688 107 821 stone
688 107 822 stone
688 107 823 stone
688 107 824 stone
688 107 825 stone
688 107 826 stone
688 107 827 stone
688 107 828 stone
688 107 829 stone
688 107 830 stone
688 107 831 stone
688 107 832 stone
688 107 833 stone
688 107 834 stone
688 107 835 stone
688 107 836 stone
688 107 837 stone
688 107 838 stone
688 107 839 stone
688 107 840 stone
688 107 841 stone
688 107 842 stone
688 107 843 stone
688 107 844 stone
688 107 845 stone
688 107 846 stone
688 107 847 stone
688 107 848 stone
688 107 849 stone
688 107 850 stone
688 107 851 stone
688 107 852 stone
688 107 853 diorite
688 107 856 diorite
688 107 857 diorite
688 107 858 diorite
688 107 859 diorite
688 107 860 stone
688 107 861 stone
688 107 862 stone
688 107 863 stone
688 107 864 stone
688 107 865 copper_ore
688 107 866 copper_ore
688 107 867 copper_ore
688 107 868 stone
688 107 869 stone
688 107 870 stone
688 107 871 stone
688 107 872 copper_ore
688 107 873 copper_ore
688 107 874 copper_ore
688 107 875 stone
688 107 876 stone
688 107 877 stone
688 107 878 stone
688 107 879 stone
688 107 880 stone
688 107 881 stone
688 107 882 stone
688 107 883 stone
688 107 884 stone
688 107 885 stone
688 107 886 stone
688 107 887 stone
688 107 888 stone
688 107 889 stone
688 107 890 stone
688 107 891 stone
688 107 892 stone
688 107 893 stone
688 107 894 stone
688 107 895 stone
689 107 768 andesite
689 107 769 andesite
689 107 770 andesite
689 107 771 andesite
689 107 772 stone
689 107 773 stone
689 107 774 stone
689 107 775 stone
689 107 776 stone
689 107 777 stone
689 107 778 stone
689 107 779 stone
689 107 780 stone
689 107 781 stone
689 107 782 stone
689 107 783 stone
689 107 784 stone
689 107 785 stone
689 107 786 stone
689 107 787 stone
689 107 788 stone
689 107 789 stone
689 107 790 stone
689 107 791 stone
689 107 792 stone
689 107 793 stone
689 107 794 stone
689 107 795 stone
689 107 796 stone
689 107 797 stone
689 107 798 stone
689 107 799 stone
689 107 800 stone
689 107 801 stone
689 107 802 stone
689 107 803 stone
689 107 804 stone
689 107 805 andesite
689 107 806 andesite
689 107 807 andesite
689 107 808 andesite
689 107 809 andesite
689 107 810 andesite
689 107 811 andesite
689 107 812 granite
689 107 813 granite
689 107 814 granite
689 107 815 granite
689 107 816 granite
689 107 817 granite
689 107 818 stone
689 107 819 stone
689 107 820 stone
689 107 821 stone
689 107 822 stone
689 107 823 stone
689 107 824 stone
689 107 825 stone
689 107 826 stone
689 107 827 stone
689 107 828 stone
689 107 829 stone
689 107 830 stone
689 107 831 stone
689 107 832 stone
689 107 833 stone
689 107 834 stone
689 107 835 stone
689 107 836 stone
689 107 837 stone
689 107 838 stone
689 107 839 dirt
689 107 840 dirt
689 107 841 dirt
689 107 842 dirt
689 107 843 stone
689 107 844 stone
689 107 845 stone
689 107 846 stone
689 107 847 stone
689 107 848 stone
689 107 849 stone
689 107 850 stone
689 107 851 stone
689 107 852 diorite
689 107 853 diorite
689 107 854 diorite
689 107 856 diorite
689 107 857 diorite
689 107 858 diorite
689 107 859 diorite
689 107 860 stone
689 107 861 stone
689 107 862 stone
689 107 863 stone
689 107 864 stone
689 107 865 copper_ore
689 107 866 copper_ore
689 107 867 stone
689 107 868 stone
689 107 869 stone
689 107 870 stone
689 107 871 copper_ore
689 107 872 copper_ore
689 107 873 copper_ore
689 107 874 copper_ore
689 107 875 copper_ore
689 107 876 copper_ore
689 107 877 stone
689 107 878 stone
689 107 879 stone
689 107 880 stone
689 107 881 stone
689 107 882 stone
689 107 883 stone
689 107 884 stone
689 107 885 stone
689 107 886 stone
689 107 887 stone
689 107 888 stone
689 107 889 stone
689 107 890 stone
689 107 891 stone
689 107 892 stone
689 107 893 stone
689 107 894 stone
689 107 895 stone
690 107 768 andesite
690 107 769 andesite
690 107 770 andesite
690 107 771 andesite
690 107 772 andesite
690 107 773 stone
690 107 774 stone
690 107 775 stone
690 107 776 stone
690 107 777 stone
690 107 778 stone
690 107 779 coal_ore
690 107 780 coal_ore
690 107 781 stone
690 107 782 stone
690 107 783 stone
690 107 784 stone
690 107 785 stone
690 107 786 stone
690 107 787 stone
690 107 788 stone
690 107 789 stone
690 107 790 stone
690 107 791 stone
690 107 792 stone
690 107 793 stone
690 107 794 stone
690 107 795 stone
690 107 796 stone
690 107 797 stone
690 107 798 stone
690 107 799 stone
690 107 800 stone
690 107 801 stone
690 107 802 stone
690 107 803 stone
690 107 804 stone
690 107 805 andesite
690 107 806 andesite
690 107 807 andesite
690 107 808 andesite
690 107 809 andesite
690 107 810 andesite
690 107 811 andesite
690 107 812 gravel
690 107 813 gravel
690 107 814 granite
690 107 815 granite
690 107 816 granite
690 107 817 granite
690 107 818 granite
690 107 819 stone
690 107 820 stone
690 107 821 iron_ore
690 107 822 iron_ore
690 107 823 stone
690 107 824 stone
690 107 825 stone
690 107 826 stone
690 107 827 stone
690 107 828 stone
690 107 829 stone
690 107 830 stone
690 107 831 stone
690 107 832 stone
