658 114 844 stone
658 114 845 stone
658 114 846 stone
658 114 847 stone
658 114 848 stone
658 114 849 stone
658 114 850 stone
658 114 851 stone
658 114 852 stone
658 114 853 stone
658 114 854 stone
658 114 855 stone
658 114 856 stone
658 114 857 stone
658 114 858 stone
658 114 859 stone
658 114 860 andesite
658 114 861 andesite
658 114 862 andesite
658 114 863 andesite
658 114 864 andesite
658 114 865 stone
658 114 866 stone
658 114 867 stone
658 114 868 stone
658 114 869 stone
658 114 870 stone
658 114 871 stone
658 114 872 stone
658 114 873 stone
658 114 874 stone
658 114 875 stone
658 114 876 stone
658 114 877 stone
658 114 878 stone
658 114 879 stone
658 114 880 stone
658 114 881 stone
658 114 882 stone
658 114 883 stone
658 114 884 stone
658 114 885 stone
658 114 886 stone
658 114 887 stone
658 114 888 stone
658 114 889 stone
658 114 890 gravel
659 114 768 stone
659 114 769 stone
659 114 770 stone
659 114 771 diorite
659 114 772 diorite
659 114 773 stone
659 114 774 stone
659 114 775 copper_ore
659 114 776 copper_ore
659 114 777 stone
659 114 778 stone
659 114 779 stone
659 114 780 stone
659 114 781 stone
659 114 782 stone
659 114 783 stone
659 114 784 stone
659 114 785 diorite
659 114 786 diorite
659 114 787 diorite
659 114 788 stone
659 114 789 stone
659 114 790 stone
659 114 791 stone
659 114 792 stone
659 114 793 stone
659 114 794 stone
659 114 795 stone
659 114 796 stone
659 114 797 stone
659 114 798 stone
659 114 799 stone
659 114 800 stone
659 114 801 stone
659 114 802 stone
659 114 803 stone
659 114 804 stone
659 114 805 stone
659 114 806 stone
659 114 807 stone
659 114 808 stone
659 114 809 stone
659 114 810 stone
659 114 811 stone
659 114 812 stone
659 114 813 stone
659 114 814 stone
659 114 815 stone
659 114 816 stone
659 114 817 stone
659 114 818 stone
659 114 819 stone
659 114 820 stone
659 114 821 stone
659 114 822 stone
659 114 823 stone
659 114 824 stone
659 114 825 stone
659 114 826 gravel
659 114 827 water[level=0]
659 114 828 water[level=0]
659 114 829 water[level=0]
659 114 830 copper_ore
659 114 831 stone
659 114 832 diorite
659 114 833 diorite
659 114 834 diorite
659 114 835 diorite
659 114 836 gravel
659 114 837 diorite
659 114 838 diorite
659 114 839 diorite
659 114 840 diorite
659 114 841 diorite
659 114 842 stone
659 114 843 stone
659 114 844 stone
659 114 845 stone
659 114 846 stone
659 114 847 stone
659 114 848 stone
659 114 849 stone
659 114 850 stone
659 114 851 stone
659 114 852 stone
659 114 853 stone
659 114 854 stone
659 114 855 stone
659 114 856 stone
659 114 857 stone
659 114 858 stone
659 114 859 stone
659 114 860 stone
659 114 861 andesite
659 114 862 andesite
659 114 863 andesite
659 114 864 andesite
659 114 865 stone
659 114 866 stone
659 114 867 stone
659 114 868 stone
659 114 869 stone
659 114 870 stone
659 114 871 stone
659 114 872 stone
659 114 873 stone
659 114 874 stone
659 114 875 stone
659 114 876 stone
659 114 877 stone
659 114 878 stone
659 114 879 stone
659 114 880 stone
659 114 881 stone
659 114 882 stone
659 114 883 stone
659 114 884 stone
659 114 885 stone
659 114 886 stone
659 114 887 stone
659 114 888 stone
659 114 889 stone
659 114 890 stone
659 114 891 stone
659 114 892 gravel
660 114 768 stone
660 114 769 stone
660 114 770 diorite
660 114 771 diorite
660 114 772 diorite
660 114 773 diorite
660 114 774 stone
660 114 775 copper_ore
660 114 776 copper_ore
660 114 777 stone
660 114 778 stone
660 114 779 stone
660 114 780 stone
660 114 781 stone
660 114 782 stone
660 114 783 stone
660 114 784 stone
660 114 785 diorite
660 114 786 diorite
660 114 787 diorite
660 114 788 stone
660 114 789 stone
660 114 790 stone
660 114 791 stone
660 114 792 stone
660 114 793 stone
660 114 794 stone
660 114 795 stone
660 114 796 stone
660 114 797 stone
660 114 798 stone
660 114 799 stone
660 114 800 stone
660 114 801 stone
660 114 802 stone
660 114 803 stone
660 114 804 stone
660 114 805 stone
660 114 806 stone
660 114 807 stone
660 114 808 stone
660 114 809 stone
660 114 810 stone
660 114 811 stone
660 114 812 stone
660 114 813 stone
660 114 814 stone
660 114 815 stone
660 114 816 stone
660 114 817 stone
660 114 818 stone
660 114 819 stone
660 114 820 stone
660 114 821 stone
660 114 822 stone
660 114 823 stone
660 114 824 stone
660 114 825 stone
660 114 826 water[level=0]
660 114 827 water[level=0]
660 114 828 water[level=0]
660 114 829 water[level=0]
660 114 830 copper_ore
660 114 831 diorite
660 114 832 diorite
660 114 833 diorite
660 114 834 diorite
660 114 835 diorite
660 114 836 diorite
660 114 837 diorite
660 114 838 diorite
660 114 839 diorite
660 114 840 diorite
660 114 841 stone
660 114 842 stone
660 114 843 stone
660 114 844 stone
660 114 845 stone
660 114 846 stone
660 114 847 stone
660 114 848 stone
660 114 849 stone
660 114 850 stone
660 114 851 stone
660 114 852 stone
660 114 853 stone
660 114 854 stone
660 114 855 stone
660 114 856 stone
660 114 857 stone
660 114 858 stone
660 114 859 stone
660 114 860 stone
660 114 861 stone
660 114 862 andesite
660 114 863 andesite
660 114 864 stone
660 114 865 stone
660 114 866 stone
660 114 867 stone
660 114 868 stone
660 114 869 stone
660 114 870 stone
660 114 871 stone
660 114 872 stone
660 114 873 stone
660 114 874 stone
660 114 875 stone
660 114 876 stone
660 114 877 stone
660 114 878 stone
660 114 879 stone
660 114 880 stone
660 114 881 stone
660 114 882 stone
660 114 883 stone
660 114 884 stone
660 114 885 stone
660 114 887 stone
660 114 888 stone
660 114 889 stone
660 114 890 stone
660 114 891 stone
660 114 892 stone
660 114 893 stone
660 114 894 stone
660 114 895 stone
661 114 768 stone
661 114 769 stone
661 114 770 diorite
661 114 771 diorite
661 114 772 diorite
661 114 773 diorite
661 114 774 stone
661 114 775 copper_ore
661 114 776 copper_ore
661 114 777 stone
661 114 778 stone
661 114 779 stone
661 114 780 stone
661 114 781 stone
661 114 782 stone
661 114 783 stone
661 114 784 stone
661 114 785 diorite
661 114 786 diorite
661 114 787 diorite
661 114 788 stone
661 114 789 stone
661 114 790 stone
661 114 791 stone
661 114 792 stone
661 114 793 stone
661 114 794 stone
661 114 795 stone
661 114 796 stone
661 114 797 stone
661 114 798 stone
661 114 799 stone
661 114 800 stone
661 114 801 stone
661 114 802 stone
661 114 803 stone
661 114 804 stone
661 114 805 stone
661 114 806 stone
661 114 807 stone
661 114 808 stone
661 114 809 stone
661 114 810 stone
661 114 811 stone
661 114 812 stone
661 114 813 stone
661 114 814 stone
661 114 815 stone
661 114 816 stone
661 114 817 stone
661 114 818 stone
661 114 819 stone
661 114 820 stone
661 114 821 stone
661 114 822 stone
661 114 823 stone
661 114 824 gravel
661 114 825 water[level=0]
661 114 826 water[level=0]
661 114 827 water[level=0]
661 114 828 water[level=0]
661 114 829 gravel
661 114 830 copper_ore
661 114 831 diorite
661 114 832 diorite
661 114 833 diorite
661 114 834 diorite
661 114 835 diorite
661 114 836 diorite
661 114 837 diorite
661 114 838 diorite
661 114 839 diorite
661 114 840 stone
661 114 841 stone
661 114 842 stone
661 114 843 stone
661 114 844 stone
661 114 845 stone
661 114 846 stone
661 114 847 stone
661 114 848 stone
661 114 849 stone
661 114 850 stone
661 114 851 stone
661 114 852 stone
661 114 853 stone
661 114 854 stone
661 114 855 stone
661 114 856 stone
661 114 857 stone
661 114 858 stone
661 114 859 stone
661 114 860 stone
661 114 861 stone
661 114 862 stone
661 114 863 stone
661 114 864 stone
661 114 865 stone
661 114 866 stone
661 114 867 stone
661 114 868 stone
661 114 869 stone
661 114 870 stone
661 114 871 stone
661 114 872 stone
661 114 873 stone
661 114 874 stone
661 114 875 stone
661 114 876 stone
661 114 877 stone
661 114 878 stone
661 114 879 stone
661 114 880 stone
661 114 881 stone
661 114 886 stone
661 114 887 stone
661 114 888 stone
661 114 889 stone
661 114 890 stone
661 114 891 stone
661 114 892 stone
661 114 893 stone
661 114 894 stone
661 114 895 stone
662 114 768 stone
662 114 769 stone
662 114 770 diorite
662 114 771 diorite
662 114 772 diorite
662 114 773 diorite
662 114 774 stone
662 114 775 copper_ore
662 114 776 copper_ore
662 114 777 stone
662 114 778 stone
662 114 779 stone
662 114 780 stone
662 114 781 stone
662 114 782 stone
662 114 783 stone
662 114 784 stone
662 114 785 stone
662 114 786 stone
662 114 787 stone
662 114 788 stone
662 114 789 stone
662 114 790 stone
662 114 791 stone
662 114 792 stone
662 114 793 stone
662 114 794 stone
662 114 795 stone
662 114 796 stone
662 114 797 stone
662 114 798 stone
662 114 799 stone
662 114 800 stone
662 114 801 stone
662 114 802 stone
662 114 803 stone
662 114 804 stone
662 114 805 stone
662 114 806 stone
662 114 807 stone
662 114 808 stone
662 114 809 stone
662 114 810 stone
662 114 811 stone
662 114 812 dirt
662 114 813 dirt
662 114 814 dirt
662 114 815 stone
662 114 816 stone
662 114 817 stone
662 114 818 stone
662 114 819 stone
662 114 820 stone
662 114 821 stone
662 114 822 stone
662 114 823 stone
662 114 824 water[level=0]
662 114 825 water[level=0]
662 114 826 water[level=0]
662 114 827 water[level=0]
662 114 828 water[level=0]
662 114 829 gravel
662 114 830 diorite
662 114 831 diorite
662 114 832 diorite
662 114 833 diorite
662 114 834 diorite
662 114 835 coal_ore
662 114 836 coal_ore
662 114 837 diorite
662 114 838 stone
662 114 839 stone
662 114 840 stone
662 114 841 stone
662 114 842 stone
662 114 843 stone
662 114 844 stone
662 114 845 stone
662 114 846 stone
662 114 847 stone
662 114 848 stone
662 114 849 stone
662 114 850 stone
662 114 851 stone
662 114 852 stone
662 114 853 stone
662 114 854 stone
662 114 855 stone
662 114 856 stone
662 114 857 stone
662 114 858 stone
662 114 859 stone
662 114 860 stone
662 114 861 stone
662 114 862 stone
662 114 863 stone
662 114 864 stone
662 114 865 stone
662 114 866 stone
662 114 867 stone
662 114 868 stone
662 114 869 stone
662 114 870 stone
662 114 871 stone
662 114 872 stone
662 114 873 stone
662 114 874 stone
662 114 875 stone
662 114 876 stone
662 114 877 stone
662 114 878 stone
662 114 879 stone
662 114 885 stone
662 114 886 stone
662 114 887 stone
662 114 888 stone
662 114 889 stone
662 114 890 stone
662 114 891 stone
662 114 892 stone
662 114 893 stone
662 114 894 stone
662 114 895 stone
663 114 768 stone
663 114 769 stone
663 114 770 stone
663 114 771 diorite
663 114 772 diorite
663 114 773 stone
663 114 774 andesite
663 114 775 andesite
663 114 776 andesite
663 114 777 andesite
663 114 778 stone
663 114 779 stone
663 114 780 stone
663 114 781 stone
663 114 782 stone
663 114 783 stone
663 114 784 stone
663 114 785 stone
663 114 786 stone
663 114 787 stone
663 114 788 stone
663 114 789 stone
663 114 790 stone
663 114 791 stone
663 114 792 stone
663 114 793 stone
663 114 794 stone
663 114 795 stone
663 114 796 stone
663 114 797 stone
663 114 798 stone
663 114 799 stone
663 114 800 stone
663 114 801 stone
663 114 802 stone
663 114 803 stone
663 114 804 stone
663 114 805 stone
663 114 806 stone
663 114 807 stone
663 114 808 stone
663 114 809 stone
663 114 810 stone
663 114 811 stone
663 114 812 dirt
663 114 813 dirt
663 114 814 dirt
663 114 815 stone
663 114 816 stone
663 114 817 stone
663 114 818 stone
663 114 819 stone
663 114 820 stone
663 114 821 stone
663 114 822 stone
663 114 823 stone
663 114 824 water[level=0]
663 114 825 water[level=0]
663 114 826 water[level=0]
663 114 827 water[level=0]
663 114 828 water[level=0]
663 114 829 diorite
663 114 830 diorite
663 114 831 diorite
663 114 832 diorite
663 114 833 diorite
663 114 834 diorite
663 114 835 coal_ore
663 114 836 coal_ore
663 114 837 stone
663 114 838 stone
663 114 839 stone
663 114 840 stone
663 114 841 stone
663 114 842 stone
663 114 843 stone
663 114 844 stone
663 114 845 stone
663 114 846 stone
663 114 847 stone
663 114 848 stone
663 114 849 stone
663 114 850 stone
663 114 851 stone
663 114 852 stone
663 114 853 stone
663 114 854 stone
663 114 855 stone
663 114 856 stone
663 114 857 stone
663 114 858 stone
663 114 859 stone
663 114 860 stone
663 114 861 stone
663 114 862 stone
663 114 863 stone
663 114 864 stone
663 114 865 stone
663 114 866 stone
663 114 867 stone
663 114 868 stone
663 114 869 stone
663 114 870 stone
663 114 871 stone
663 114 872 stone
663 114 873 stone
663 114 874 stone
663 114 875 stone
663 114 876 stone
663 114 877 stone
663 114 878 gravel
663 114 884 gravel
663 114 885 stone
663 114 886 stone
663 114 887 stone
663 114 888 stone
663 114 889 stone
663 114 890 stone
663 114 891 stone
663 114 892 stone
663 114 893 stone
663 114 894 stone
663 114 895 stone
664 114 768 stone
664 114 769 stone
664 114 770 stone
664 114 771 stone
664 114 772 stone
664 114 773 andesite
664 114 774 andesite
664 114 775 andesite
664 114 776 andesite
664 114 777 andesite
664 114 778 stone
664 114 779 stone
664 114 780 stone
664 114 781 stone
664 114 782 stone
664 114 783 stone
664 114 784 stone
664 114 785 stone
664 114 786 stone
664 114 787 stone
664 114 788 stone
664 114 789 stone
664 114 790 stone
664 114 791 stone
664 114 792 stone
664 114 793 stone
664 114 794 stone
664 114 795 stone
664 114 796 stone
664 114 797 stone
664 114 798 stone
664 114 799 stone
664 114 800 stone
664 114 801 copper_ore
664 114 802 copper_ore
664 114 803 stone
664 114 804 stone
664 114 805 stone
664 114 806 stone
664 114 807 stone
664 114 808 stone
664 114 809 stone
664 114 810 stone
664 114 811 dirt
664 114 812 dirt
664 114 813 dirt
664 114 814 dirt
664 114 815 stone
664 114 816 stone
664 114 817 stone
664 114 818 stone
664 114 819 stone
664 114 820 stone
664 114 821 stone
664 114 822 stone
664 114 823 gravel
664 114 824 water[level=0]
664 114 825 water[level=0]
664 114 826 water[level=0]
664 114 827 water[level=0]
664 114 828 gravel
664 114 829 diorite
664 114 830 stone
664 114 831 diorite
664 114 832 diorite
664 114 833 diorite
664 114 834 diorite
664 114 835 diorite
664 114 836 stone
664 114 837 stone
664 114 838 stone
664 114 839 stone
664 114 840 stone
664 114 841 stone
664 114 842 stone
664 114 843 stone
664 114 844 stone
664 114 845 stone
664 114 846 stone
664 114 847 stone
664 114 848 stone
664 114 849 stone
664 114 850 stone
664 114 851 stone
664 114 852 stone
664 114 853 stone
664 114 854 stone
664 114 855 stone
664 114 856 stone
664 114 857 stone
664 114 858 stone
664 114 859 stone
664 114 860 stone
664 114 861 stone
664 114 862 stone
664 114 863 stone
664 114 864 stone
664 114 865 stone
664 114 866 stone
664 114 867 stone
664 114 868 stone
664 114 869 stone
664 114 870 stone
664 114 871 stone
664 114 872 stone
664 114 873 stone
664 114 874 stone
664 114 875 stone
664 114 876 gravel
664 114 877 gravel
664 114 878 gravel
664 114 879 gravel
664 114 880 gravel
664 114 881 gravel
664 114 882 gravel
664 114 883 gravel
664 114 884 stone
664 114 885 stone
664 114 886 stone
664 114 887 stone
664 114 888 stone
664 114 889 stone
664 114 890 stone
664 114 891 stone
664 114 892 stone
664 114 893 stone
664 114 894 stone
664 114 895 stone
665 114 768 stone
665 114 769 stone
665 114 770 stone
665 114 771 stone
665 114 772 andesite
665 114 773 andesite
665 114 774 andesite
665 114 775 andesite
665 114 776 andesite
665 114 777 andesite
665 114 778 andesite
665 114 779 stone
665 114 780 stone
665 114 781 stone
665 114 782 stone
665 114 783 stone
665 114 784 stone
665 114 785 stone
665 114 786 granite
665 114 787 granite
665 114 788 granite
665 114 789 granite
665 114 790 granite
665 114 791 granite
665 114 792 stone
665 114 793 stone
665 114 794 stone
665 114 795 stone
665 114 796 stone
665 114 797 stone
665 114 798 stone
665 114 799 stone
665 114 800 stone
665 114 801 copper_ore
665 114 802 copper_ore
665 114 803 stone
665 114 804 stone
665 114 805 stone
665 114 806 stone
665 114 807 stone
665 114 808 stone
665 114 809 stone
665 114 810 stone
665 114 811 dirt
665 114 812 dirt
665 114 813 dirt
665 114 814 dirt
665 114 815 stone
665 114 816 stone
665 114 817 stone
665 114 818 stone
665 114 819 stone
665 114 820 stone
665 114 821 stone
665 114 822 stone
665 114 823 water[level=0]
665 114 824 water[level=0]
665 114 825 water[level=0]
665 114 826 water[level=0]
665 114 827 gravel
665 114 828 stone
665 114 829 stone
665 114 830 stone
665 114 831 stone
665 114 832 stone
665 114 833 stone
665 114 834 stone
665 114 835 stone
665 114 836 stone
665 114 837 stone
665 114 838 stone
665 114 839 stone
665 114 840 stone
665 114 841 stone
665 114 842 stone
665 114 843 stone
665 114 844 stone
665 114 845 stone
665 114 846 stone
665 114 847 stone
665 114 848 stone
665 114 849 stone
665 114 850 stone
665 114 851 stone
665 114 852 stone
665 114 853 stone
665 114 854 stone
665 114 855 stone
665 114 856 stone
665 114 857 stone
665 114 858 stone
665 114 859 stone
665 114 860 stone
665 114 861 stone
665 114 862 stone
665 114 863 stone
665 114 864 stone
665 114 865 stone
665 114 866 stone
665 114 867 stone
665 114 868 stone
665 114 869 stone
665 114 870 stone
665 114 871 stone
665 114 872 stone
665 114 873 stone
665 114 874 stone
665 114 875 stone
665 114 876 gravel
665 114 877 gravel
665 114 878 gravel
665 114 879 gravel
665 114 880 gravel
665 114 881 gravel
665 114 882 gravel
665 114 883 stone
665 114 884 stone
665 114 885 stone
665 114 886 stone
665 114 887 stone
665 114 888 stone
665 114 889 stone
665 114 890 stone
665 114 891 stone
665 114 892 stone
665 114 893 stone
665 114 894 stone
665 114 895 stone
666 114 768 stone
666 114 769 stone
666 114 770 stone
666 114 771 stone
666 114 772 andesite
666 114 773 andesite
666 114 774 andesite
666 114 775 andesite
666 114 776 andesite
666 114 777 andesite
666 114 778 stone
666 114 779 stone
666 114 780 stone
666 114 781 stone
666 114 782 stone
666 114 783 stone
666 114 784 granite
666 114 785 granite
666 114 786 granite
666 114 787 granite
666 114 788 granite
666 114 789 granite
666 114 790 granite
666 114 791 granite
666 114 792 granite
666 114 793 granite
666 114 794 granite
666 114 795 stone
666 114 796 stone
666 114 797 stone
666 114 798 stone
666 114 799 stone
666 114 800 stone
666 114 801 stone
666 114 802 stone
666 114 803 stone
666 114 804 stone
666 114 805 stone
666 114 806 stone
666 114 807 stone
666 114 808 stone
666 114 809 stone
666 114 810 stone
666 114 811 dirt
666 114 812 dirt
666 114 813 dirt
666 114 814 dirt
666 114 815 stone
666 114 816 stone
666 114 817 stone
666 114 818 stone
666 114 819 stone
666 114 820 dirt
666 114 821 stone
666 114 822 gravel
666 114 823 water[level=0]
666 114 824 water[level=0]
666 114 825 water[level=0]
666 114 826 water[level=0]
666 114 827 gravel
666 114 828 stone
666 114 829 stone
666 114 830 stone
666 114 831 stone
666 114 832 stone
666 114 833 stone
666 114 834 stone
666 114 835 stone
666 114 836 stone
666 114 837 stone
666 114 838 stone
666 114 839 stone
666 114 840 stone
666 114 841 stone
666 114 842 stone
666 114 843 stone
666 114 844 stone
666 114 845 stone
666 114 846 stone
666 114 847 stone
666 114 848 stone
666 114 849 stone
666 114 850 stone
666 114 851 stone
666 114 852 stone
666 114 853 stone
666 114 854 stone
666 114 855 stone
666 114 856 stone
666 114 857 stone
666 114 858 stone
666 114 859 stone
666 114 860 stone
666 114 861 stone
666 114 862 stone
666 114 863 stone
666 114 864 stone
666 114 865 stone
666 114 866 stone
666 114 867 stone
666 114 868 stone
666 114 869 stone
666 114 870 stone
666 114 871 stone
666 114 872 stone
666 114 873 stone
666 114 874 stone
666 114 875 stone
666 114 876 stone
666 114 877 stone
666 114 878 stone
666 114 879 stone
666 114 880 stone
666 114 881 stone
666 114 882 stone
666 114 883 stone
666 114 884 stone
666 114 885 stone
666 114 886 stone
666 114 887 stone
666 114 888 stone
666 114 889 stone
666 114 890 stone
666 114 891 stone
666 114 892 stone
666 114 893 stone
666 114 894 stone
666 114 895 stone
667 114 768 stone
667 114 769 stone
667 114 770 stone
667 114 771 andesite
667 114 772 andesite
667 114 773 andesite
667 114 774 andesite
667 114 775 andesite
667 114 776 andesite
667 114 777 andesite
667 114 778 andesite
667 114 779 stone
667 114 780 stone
667 114 781 stone
667 114 782 stone
667 114 783 stone
667 114 784 granite
667 114 785 granite
667 114 786 granite
667 114 787 granite
667 114 788 granite
667 114 789 granite
667 114 790 granite
667 114 791 granite
667 114 792 granite
667 114 793 granite
667 114 794 granite
667 114 795 granite
667 114 796 granite
667 114 797 granite
667 114 798 stone
667 114 799 stone
667 114 800 stone
667 114 801 stone
667 114 802 stone
667 114 803 stone
667 114 804 stone
667 114 805 stone
667 114 806 stone
667 114 807 stone
667 114 808 stone
667 114 809 stone
667 114 810 stone
667 114 811 dirt
