702 108 882 stone
702 108 883 stone
702 108 884 stone
702 108 885 stone
702 108 886 stone
702 108 887 stone
702 108 888 stone
702 108 889 stone
702 108 890 copper_ore
702 108 891 copper_ore
702 108 892 stone
702 108 893 stone
702 108 894 stone
702 108 895 stone
703 108 768 stone
703 108 769 stone
703 108 770 stone
703 108 771 stone
703 108 772 stone
703 108 773 stone
703 108 774 stone
703 108 775 stone
703 108 776 stone
703 108 777 stone
703 108 778 stone
703 108 779 stone
703 108 780 stone
703 108 781 stone
703 108 782 stone
703 108 783 stone
703 108 784 granite
703 108 785 granite
703 108 786 granite
703 108 787 granite
703 108 788 stone
703 108 789 stone
703 108 790 stone
703 108 791 stone
703 108 792 stone
703 108 793 stone
703 108 794 stone
703 108 795 stone
703 108 796 stone
703 108 797 stone
703 108 798 stone
703 108 799 stone
703 108 800 stone
703 108 801 dirt
703 108 802 dirt
703 108 803 dirt
703 108 804 dirt
703 108 805 stone
703 108 806 stone
703 108 807 stone
703 108 808 gravel
703 108 809 stone
703 108 810 stone
703 108 811 stone
703 108 812 stone
703 108 813 stone
703 108 814 andesite
703 108 815 andesite
703 108 816 andesite
703 108 817 andesite
703 108 818 andesite
703 108 819 andesite
703 108 820 andesite
703 108 821 stone
703 108 822 stone
703 108 823 stone
703 108 824 stone
703 108 825 stone
703 108 826 dirt
703 108 827 dirt
703 108 828 dirt
703 108 829 dirt
703 108 830 stone
703 108 831 stone
703 108 832 stone
703 108 833 stone
703 108 834 stone
703 108 835 stone
703 108 836 stone
703 108 837 stone
703 108 838 stone
703 108 839 stone
703 108 840 stone
703 108 841 stone
703 108 842 stone
703 108 843 stone
703 108 844 stone
703 108 845 stone
703 108 846 stone
703 108 847 stone
703 108 848 stone
703 108 855 stone
703 108 856 stone
703 108 857 stone
703 108 858 stone
703 108 859 stone
703 108 860 stone
703 108 861 stone
703 108 862 stone
703 108 863 stone
703 108 864 stone
703 108 865 stone
703 108 866 stone
703 108 867 stone
703 108 868 stone
703 108 869 stone
703 108 870 dripstone_block
703 108 871 stone
703 108 872 stone
703 108 873 dripstone_block
703 108 874 stone
703 108 875 stone
703 108 876 copper_ore
703 108 877 copper_ore
703 108 878 stone
703 108 879 stone
703 108 880 stone
703 108 881 stone
703 108 882 stone
703 108 883 stone
703 108 884 stone
703 108 885 stone
703 108 886 stone
703 108 887 stone
703 108 888 stone
703 108 889 stone
703 108 890 copper_ore
703 108 891 copper_ore
703 108 892 stone
703 108 893 stone
703 108 894 stone
703 108 895 stone
704 108 768 stone
704 108 769 stone
704 108 770 stone
704 108 771 stone
704 108 772 stone
704 108 773 stone
704 108 774 stone
704 108 775 stone
704 108 776 stone
704 108 777 stone
704 108 778 stone
704 108 779 stone
704 108 780 stone
704 108 781 stone
704 108 782 stone
704 108 783 stone
704 108 784 granite
704 108 785 granite
704 108 786 granite
704 108 787 granite
704 108 788 granite
704 108 789 stone
704 108 790 stone
704 108 791 stone
704 108 792 stone
704 108 793 stone
704 108 794 stone
704 108 795 stone
704 108 796 stone
704 108 797 stone
704 108 798 stone
704 108 799 stone
704 108 800 stone
704 108 801 dirt
704 108 802 dirt
704 108 803 dirt
704 108 804 dirt
704 108 805 dirt
704 108 806 stone
704 108 807 stone
704 108 808 stone
704 108 809 stone
704 108 810 stone
704 108 811 stone
704 108 812 stone
704 108 813 andesite
704 108 814 andesite
704 108 815 andesite
704 108 816 andesite
704 108 817 andesite
704 108 818 andesite
704 108 819 andesite
704 108 820 andesite
704 108 821 stone
704 108 822 stone
704 108 823 stone
704 108 824 stone
704 108 825 stone
704 108 826 dirt
704 108 827 dirt
704 108 828 dirt
704 108 829 stone
704 108 830 stone
704 108 831 stone
704 108 832 stone
704 108 833 stone
704 108 834 stone
704 108 835 stone
704 108 836 stone
704 108 837 stone
704 108 838 stone
704 108 839 stone
704 108 840 stone
704 108 841 stone
704 108 842 stone
704 108 843 stone
704 108 844 stone
704 108 845 stone
704 108 846 stone
704 108 847 stone
704 108 848 stone
704 108 849 coal_ore
704 108 856 stone
704 108 857 stone
704 108 858 stone
704 108 859 stone
704 108 860 stone
704 108 861 stone
704 108 862 stone
704 108 863 stone
704 108 864 stone
704 108 865 stone
704 108 866 stone
704 108 867 stone
704 108 868 stone
704 108 869 stone
704 108 870 stone
704 108 871 stone
704 108 872 stone
704 108 873 stone
704 108 874 stone
704 108 875 stone
704 108 876 copper_ore
704 108 877 copper_ore
704 108 878 stone
704 108 879 stone
704 108 880 stone
704 108 881 stone
704 108 882 stone
704 108 883 stone
704 108 884 stone
704 108 885 stone
704 108 886 stone
704 108 887 stone
704 108 888 stone
704 108 889 stone
704 108 890 copper_ore
704 108 891 copper_ore
704 108 892 stone
704 108 893 stone
704 108 894 stone
704 108 895 stone
705 108 768 stone
705 108 769 stone
705 108 770 stone
705 108 771 stone
705 108 772 stone
705 108 773 stone
705 108 774 stone
705 108 775 stone
705 108 776 stone
705 108 777 stone
705 108 778 stone
705 108 779 stone
705 108 780 stone
705 108 781 stone
705 108 782 stone
705 108 783 granite
705 108 784 granite
705 108 785 granite
705 108 786 granite
705 108 787 granite
705 108 788 granite
705 108 789 stone
705 108 790 stone
705 108 791 stone
705 108 792 stone
705 108 793 stone
705 108 794 stone
705 108 795 stone
705 108 796 stone
705 108 797 stone
705 108 798 stone
705 108 799 stone
705 108 800 stone
705 108 801 dirt
705 108 802 dirt
705 108 803 water[level=0]
705 108 804 water[level=0]
705 108 805 water[level=0]
705 108 806 stone
705 108 807 stone
705 108 808 stone
705 108 809 stone
705 108 810 stone
705 108 811 stone
705 108 812 stone
705 108 813 andesite
705 108 814 andesite
705 108 815 andesite
705 108 816 andesite
705 108 817 andesite
705 108 818 andesite
705 108 819 andesite
705 108 820 andesite
705 108 821 stone
705 108 822 stone
705 108 823 stone
705 108 824 coal_ore
705 108 825 dirt
705 108 826 dirt
705 108 827 dirt
705 108 828 dirt
705 108 829 stone
705 108 830 stone
705 108 831 stone
705 108 832 stone
705 108 833 stone
705 108 834 stone
705 108 835 stone
705 108 836 stone
705 108 837 stone
705 108 838 stone
705 108 839 stone
705 108 840 stone
705 108 841 stone
705 108 842 stone
705 108 843 stone
705 108 844 stone
705 108 845 stone
705 108 846 stone
705 108 847 stone
705 108 848 stone
705 108 849 stone
705 108 850 stone
705 108 851 stone
705 108 858 stone
705 108 859 stone
705 108 860 stone
705 108 861 stone
705 108 862 stone
705 108 863 stone
705 108 864 stone
705 108 865 stone
705 108 866 stone
705 108 867 dripstone_block
705 108 868 stone
705 108 869 stone
705 108 870 stone
705 108 871 stone
705 108 872 stone
705 108 873 stone
705 108 874 coal_ore
705 108 875 coal_ore
705 108 876 copper_ore
705 108 877 copper_ore
705 108 878 stone
705 108 879 stone
705 108 880 stone
705 108 881 stone
705 108 882 stone
705 108 883 stone
705 108 884 stone
705 108 885 stone
705 108 886 stone
705 108 887 stone
705 108 888 stone
705 108 889 stone
705 108 890 stone
705 108 891 stone
705 108 892 stone
705 108 893 stone
705 108 894 stone
705 108 895 stone
706 108 768 stone
706 108 769 stone
706 108 770 stone
706 108 771 stone
706 108 772 stone
706 108 773 stone
706 108 774 stone
706 108 775 stone
706 108 776 stone
706 108 777 stone
706 108 778 stone
706 108 779 stone
706 108 780 stone
706 108 781 stone
706 108 782 stone
706 108 783 granite
706 108 784 granite
706 108 785 granite
706 108 786 granite
706 108 787 granite
706 108 788 granite
706 108 789 granite
706 108 790 stone
706 108 791 stone
706 108 792 stone
706 108 793 stone
706 108 794 stone
706 108 795 stone
706 108 796 stone
706 108 797 stone
706 108 798 stone
706 108 799 stone
706 108 800 stone
706 108 801 water[level=0]
706 108 802 water[level=0]
706 108 803 water[level=0]
706 108 804 water[level=0]
706 108 805 water[level=0]
706 108 806 water[level=0]
706 108 807 stone
706 108 808 stone
706 108 809 stone
706 108 810 stone
706 108 811 stone
706 108 812 stone
706 108 813 andesite
706 108 814 andesite
706 108 815 andesite
706 108 816 andesite
706 108 817 andesite
706 108 818 andesite
706 108 819 andesite
706 108 820 stone
706 108 821 stone
706 108 822 stone
706 108 823 coal_ore
706 108 824 coal_ore
706 108 825 coal_ore
706 108 826 dirt
706 108 827 dirt
706 108 828 dirt
706 108 829 stone
706 108 830 stone
706 108 831 stone
706 108 832 stone
706 108 833 stone
706 108 834 stone
706 108 835 stone
706 108 836 stone
706 108 837 stone
706 108 838 stone
706 108 839 stone
706 108 840 stone
706 108 841 stone
706 108 842 stone
706 108 843 stone
706 108 844 stone
706 108 845 stone
706 108 846 stone
706 108 847 stone
706 108 848 stone
706 108 849 stone
706 108 850 stone
706 108 851 stone
706 108 852 stone
706 108 860 stone
706 108 861 stone
706 108 862 stone
706 108 863 stone
706 108 864 stone
706 108 865 stone
706 108 866 stone
706 108 867 stone
706 108 868 stone
706 108 869 stone
706 108 870 stone
706 108 871 stone
706 108 872 stone
706 108 873 stone
706 108 874 coal_ore
706 108 875 coal_ore
706 108 876 coal_ore
706 108 877 stone
706 108 878 stone
706 108 879 stone
706 108 880 stone
706 108 881 stone
706 108 882 stone
706 108 883 stone
706 108 884 stone
706 108 885 stone
706 108 886 stone
706 108 887 stone
706 108 888 stone
706 108 889 stone
706 108 890 stone
706 108 891 stone
706 108 892 stone
706 108 893 stone
706 108 894 stone
706 108 895 stone
707 108 768 stone
707 108 769 stone
707 108 770 stone
707 108 771 stone
707 108 772 stone
707 108 773 stone
707 108 774 stone
707 108 775 stone
707 108 776 stone
707 108 777 stone
707 108 778 granite
707 108 779 stone
707 108 780 stone
707 108 781 stone
707 108 782 stone
707 108 783 granite
707 108 784 granite
707 108 785 granite
707 108 786 granite
707 108 787 granite
707 108 788 granite
707 108 789 granite
707 108 790 stone
707 108 791 stone
707 108 792 stone
707 108 793 stone
707 108 794 andesite
707 108 795 andesite
707 108 796 andesite
707 108 797 andesite
707 108 798 stone
707 108 799 stone
707 108 800 water[level=0]
707 108 801 water[level=0]
707 108 802 water[level=0]
707 108 803 water[level=0]
707 108 804 water[level=0]
707 108 805 water[level=0]
707 108 806 stone
707 108 807 stone
707 108 808 stone
707 108 809 stone
707 108 810 stone
707 108 811 stone
707 108 812 stone
707 108 813 andesite
707 108 814 andesite
707 108 815 andesite
707 108 816 andesite
707 108 817 andesite
707 108 818 andesite
707 108 819 andesite
707 108 820 stone
707 108 821 stone
707 108 822 stone
707 108 823 coal_ore
707 108 824 stone
707 108 825 stone
707 108 826 dirt
707 108 827 stone
707 108 828 stone
707 108 829 stone
707 108 830 stone
707 108 831 stone
707 108 832 stone
707 108 833 stone
707 108 834 stone
707 108 835 stone
707 108 836 stone
707 108 837 stone
707 108 838 stone
707 108 839 stone
707 108 840 stone
707 108 841 stone
707 108 842 stone
707 108 843 stone
707 108 844 stone
707 108 845 stone
707 108 846 stone
707 108 847 stone
707 108 848 stone
707 108 849 stone
707 108 850 stone
707 108 851 stone
707 108 852 stone
707 108 853 stone
707 108 854 stone
707 108 861 pointed_dripstone[thickness=frustum,vertical_direction=down,waterlogged=false]
707 108 862 stone
707 108 863 stone
707 108 864 stone
707 108 865 stone
707 108 866 dripstone_block
707 108 867 stone
707 108 868 stone
707 108 869 stone
707 108 870 stone
707 108 871 stone
707 108 872 stone
707 108 873 stone
707 108 874 stone
707 108 875 coal_ore
707 108 876 coal_ore
707 108 877 coal_ore
707 108 878 stone
707 108 879 stone
707 108 880 stone
707 108 881 stone
707 108 882 stone
707 108 883 stone
707 108 884 stone
707 108 885 stone
707 108 886 stone
707 108 887 stone
707 108 888 stone
707 108 889 stone
707 108 890 stone
707 108 891 stone
707 108 892 stone
707 108 893 stone
707 108 894 stone
707 108 895 stone
708 108 768 stone
708 108 769 stone
708 108 770 stone
708 108 771 stone
708 108 772 stone
708 108 773 stone
708 108 774 stone
708 108 775 granite
708 108 776 granite
708 108 777 granite
708 108 778 granite
708 108 779 granite
708 108 780 stone
708 108 781 stone
708 108 782 stone
708 108 783 granite
708 108 784 granite
708 108 785 granite
708 108 786 granite
708 108 787 granite
708 108 788 granite
708 108 789 granite
708 108 790 granite
708 108 791 stone
708 108 792 stone
708 108 793 stone
708 108 794 andesite
708 108 795 andesite
708 108 796 andesite
708 108 797 andesite
708 108 798 stone
708 108 799 stone
708 108 800 water[level=0]
708 108 801 water[level=0]
708 108 802 water[level=0]
708 108 803 water[level=0]
708 108 804 water[level=0]
708 108 805 water[level=0]
708 108 806 stone
708 108 807 stone
708 108 808 stone
708 108 809 stone
708 108 810 stone
708 108 811 stone
708 108 812 stone
708 108 813 stone
708 108 814 andesite
708 108 815 andesite
708 108 816 andesite
708 108 817 andesite
708 108 818 andesite
708 108 819 stone
708 108 820 stone
708 108 821 stone
708 108 822 stone
708 108 823 stone
708 108 824 stone
708 108 825 stone
708 108 826 stone
708 108 827 stone
708 108 828 stone
708 108 829 stone
708 108 830 stone
708 108 831 stone
708 108 832 stone
708 108 833 stone
708 108 834 stone
708 108 835 stone
708 108 836 stone
708 108 837 stone
708 108 838 diorite
708 108 839 diorite
708 108 840 stone
708 108 841 stone
708 108 842 stone
708 108 843 stone
708 108 844 stone
708 108 845 stone
708 108 846 stone
708 108 847 stone
708 108 848 stone
708 108 849 stone
708 108 850 stone
708 108 851 stone
708 108 852 stone
708 108 853 stone
708 108 854 stone
708 108 855 stone
708 108 863 stone
708 108 864 stone
708 108 865 stone
708 108 866 stone
708 108 867 stone
708 108 868 dripstone_block
708 108 869 stone
708 108 870 stone
708 108 871 stone
708 108 872 stone
708 108 873 stone
708 108 874 stone
708 108 875 stone
708 108 876 coal_ore
708 108 877 stone
708 108 878 stone
708 108 879 stone
708 108 880 stone
708 108 881 stone
708 108 882 stone
708 108 883 stone
708 108 884 stone
708 108 885 stone
708 108 886 stone
708 108 887 stone
708 108 888 stone
708 108 889 stone
708 108 890 stone
708 108 891 stone
708 108 892 stone
708 108 893 stone
708 108 894 stone
708 108 895 stone
709 108 768 stone
709 108 769 stone
709 108 770 stone
709 108 771 stone
709 108 772 stone
709 108 773 stone
709 108 774 granite
709 108 775 granite
709 108 776 granite
709 108 777 granite
709 108 778 granite
709 108 779 dirt
709 108 780 dirt
709 108 781 stone
709 108 782 stone
709 108 783 granite
709 108 784 granite
709 108 785 granite
709 108 786 granite
709 108 787 granite
709 108 788 granite
709 108 789 granite
709 108 790 granite
709 108 791 stone
709 108 792 copper_ore
709 108 793 copper_ore
709 108 794 andesite
709 108 795 andesite
709 108 796 andesite
709 108 797 stone
709 108 798 stone
709 108 799 stone
709 108 800 water[level=0]
709 108 801 water[level=0]
709 108 802 water[level=0]
709 108 803 water[level=0]
709 108 804 water[level=0]
709 108 805 stone
709 108 806 stone
709 108 807 coal_ore
709 108 808 coal_ore
709 108 809 coal_ore
709 108 810 coal_ore
709 108 811 stone
709 108 812 stone
709 108 813 stone
709 108 814 andesite
709 108 815 andesite
709 108 816 andesite
709 108 817 andesite
709 108 818 stone
709 108 819 stone
709 108 820 stone
709 108 821 stone
709 108 822 stone
709 108 823 stone
709 108 824 stone
709 108 825 stone
709 108 826 stone
709 108 827 stone
709 108 828 stone
709 108 829 stone
709 108 830 stone
709 108 831 stone
709 108 832 stone
709 108 833 stone
709 108 834 stone
709 108 835 stone
709 108 836 stone
709 108 837 diorite
709 108 838 diorite
709 108 839 diorite
709 108 840 diorite
709 108 841 stone
709 108 842 stone
709 108 843 stone
709 108 844 stone
709 108 845 stone
709 108 846 stone
709 108 847 stone
709 108 848 stone
709 108 849 stone
709 108 850 stone
709 108 851 stone
709 108 852 stone
709 108 853 stone
709 108 854 stone
709 108 855 stone
709 108 856 stone
709 108 857 stone
709 108 865 stone
709 108 866 stone
709 108 867 stone
709 108 868 stone
709 108 869 stone
709 108 870 stone
709 108 871 stone
709 108 872 stone
709 108 874 stone
709 108 875 stone
709 108 876 stone
709 108 877 stone
709 108 878 stone
709 108 879 stone
709 108 880 stone
709 108 881 stone
709 108 882 stone
709 108 883 stone
709 108 884 stone
709 108 885 stone
709 108 886 stone
709 108 887 stone
709 108 888 stone
709 108 889 stone
709 108 890 stone
709 108 891 stone
709 108 892 stone
709 108 893 stone
709 108 894 stone
709 108 895 stone
710 108 768 stone
710 108 769 stone
710 108 770 stone
710 108 771 stone
710 108 772 granite
710 108 773 granite
710 108 774 granite
710 108 775 granite
710 108 776 granite
710 108 777 granite
710 108 778 granite
710 108 779 dirt
710 108 780 dirt
710 108 781 stone
710 108 782 stone
710 108 783 granite
710 108 784 granite
710 108 785 granite
710 108 786 granite
710 108 787 granite
710 108 788 granite
710 108 789 granite
710 108 790 granite
710 108 791 stone
710 108 792 copper_ore
710 108 793 copper_ore
710 108 794 andesite
710 108 795 andesite
710 108 796 andesite
710 108 797 stone
710 108 798 stone
710 108 799 water[level=0]
710 108 800 water[level=0]
710 108 801 water[level=0]
710 108 802 water[level=0]
710 108 803 stone
710 108 804 stone
710 108 805 stone
710 108 806 coal_ore
710 108 807 coal_ore
710 108 808 coal_ore
710 108 809 coal_ore
710 108 810 coal_ore
710 108 811 stone
710 108 812 stone
710 108 813 stone
710 108 814 stone
710 108 815 andesite
710 108 816 andesite
710 108 817 stone
710 108 818 stone
710 108 819 stone
710 108 820 stone
710 108 821 stone
710 108 822 stone
710 108 823 stone
710 108 824 stone
710 108 825 stone
710 108 826 stone
710 108 827 stone
710 108 828 stone
710 108 829 stone
710 108 830 stone
710 108 831 stone
710 108 832 stone
710 108 833 stone
710 108 834 stone
710 108 835 stone
710 108 836 stone
710 108 837 diorite
710 108 838 diorite
710 108 839 diorite
710 108 840 diorite
710 108 841 diorite
710 108 842 diorite
710 108 843 stone
710 108 844 stone
710 108 845 stone
710 108 846 stone
710 108 847 stone
710 108 848 stone
710 108 849 stone
710 108 850 stone
710 108 851 stone
710 108 852 stone
710 108 853 stone
710 108 854 stone
710 108 855 stone
710 108 856 stone
710 108 857 stone
710 108 858 stone
710 108 867 stone
710 108 868 stone
710 108 869 dripstone_block
710 108 870 stone
710 108 871 stone
710 108 875 stone
710 108 876 stone
710 108 877 stone
710 108 878 stone
710 108 879 stone
710 108 880 stone
710 108 881 coal_ore
710 108 882 stone
710 108 883 stone
710 108 884 stone
710 108 885 stone
710 108 886 stone
710 108 887 stone
710 108 888 stone
710 108 889 stone
710 108 890 stone
710 108 891 stone
710 108 892 stone
710 108 893 stone
710 108 894 stone
710 108 895 stone
711 108 768 stone
711 108 769 stone
711 108 770 stone
711 108 771 granite
711 108 772 granite
711 108 773 granite
711 108 774 granite
711 108 775 granite
711 108 776 granite
711 108 777 granite
711 108 778 granite
711 108 779 dirt
711 108 780 dirt
711 108 781 dirt
711 108 782 stone
711 108 783 granite
711 108 784 granite
711 108 785 granite
711 108 786 granite
711 108 787 granite
711 108 788 granite
711 108 789 granite
711 108 790 granite
711 108 791 stone
711 108 792 stone
711 108 793 stone
711 108 794 stone
711 108 795 andesite
711 108 796 stone
711 108 797 stone
711 108 798 stone
711 108 799 stone
711 108 800 water[level=0]
711 108 801 stone
711 108 802 stone
711 108 803 stone
711 108 804 stone
711 108 805 stone
711 108 806 stone
711 108 807 stone
711 108 808 stone
711 108 809 stone
711 108 810 stone
711 108 811 stone
711 108 812 stone
711 108 813 stone
711 108 814 stone
711 108 815 stone
711 108 816 stone
711 108 817 stone
711 108 818 stone
711 108 819 stone
711 108 820 stone
711 108 821 stone
711 108 822 stone
711 108 823 stone
711 108 824 stone
711 108 825 stone
711 108 826 stone
711 108 827 stone
711 108 828 stone
711 108 829 stone
711 108 830 stone
711 108 831 stone
711 108 832 stone
711 108 833 stone
711 108 834 stone
711 108 835 stone
711 108 836 stone
711 108 837 diorite
711 108 838 diorite
711 108 839 diorite
711 108 840 diorite
711 108 841 diorite
711 108 842 diorite
711 108 843 diorite
711 108 844 stone
711 108 845 stone
711 108 846 stone
711 108 847 stone
711 108 848 stone
711 108 849 stone
711 108 850 stone
711 108 851 stone
711 108 852 stone
711 108 853 stone
711 108 854 stone
711 108 855 stone
711 108 856 stone
711 108 857 stone
711 108 858 stone
711 108 859 stone
711 108 867 dripstone_block
711 108 868 stone
711 108 869 stone
711 108 870 stone
711 108 871 stone
711 108 875 stone
711 108 876 stone
711 108 877 stone
711 108 878 stone
711 108 879 stone
711 108 880 stone
711 108 881 coal_ore
