fill 974 95 1004 974 95 1006 granite
974 95 1007 stone
fill 974 95 1008 974 95 1014 water[level=0]
974 95 1015 stone
974 95 1016 stone
974 95 1017 copper_ore
fill 974 95 1018 974 95 1023 stone
fill 975 95 896 975 95 899 stone
fill 975 95 903 975 95 922 stone
fill 975 95 923 975 95 931 diorite
fill 975 95 932 975 95 939 andesite
fill 975 95 940 975 95 943 stone
fill 975 95 947 975 95 959 stone
fill 975 95 960 975 95 966 andesite
975 95 967 stone
975 95 968 iron_ore
fill 975 95 969 975 95 972 stone
fill 975 95 973 975 95 978 water[level=0]
fill 975 95 979 975 95 985 stone
975 95 986 granite
975 95 987 water[level=0]
975 95 988 water[level=0]
fill 975 95 989 975 95 993 granite
fill 975 95 994 975 95 1003 stone
975 95 1004 granite
975 95 1005 granite
975 95 1006 stone
fill 975 95 1007 975 95 1014 water[level=0]
fill 975 95 1015 975 95 1023 stone
fill 976 95 896 976 95 899 stone
fill 976 95 903 976 95 921 stone
976 95 922 copper_ore
fill 976 95 923 976 95 931 diorite
fill 976 95 932 976 95 939 andesite
fill 976 95 940 976 95 943 stone
fill 976 95 945 976 95 959 stone
fill 976 95 960 976 95 962 andesite
976 95 963 magma_block
976 95 964 andesite
976 95 965 magma_block
976 95 966 andesite
976 95 967 andesite
fill 976 95 968 976 95 973 stone
fill 976 95 974 976 95 979 water[level=0]
fill 976 95 980 976 95 984 stone
976 95 985 granite
976 95 986 granite
fill 976 95 987 976 95 989 water[level=0]
fill 976 95 990 976 95 993 granite
fill 976 95 994 976 95 1003 stone
976 95 1004 granite
976 95 1005 granite
976 95 1006 stone
fill 976 95 1007 976 95 1012 water[level=0]
fill 976 95 1013 976 95 1020 stone
976 95 1021 water[level=0]
976 95 1022 stone
976 95 1023 stone
fill 977 95 896 977 95 900 stone
fill 977 95 902 977 95 915 stone
977 95 916 granite
977 95 917 granite
fill 977 95 918 977 95 920 stone
977 95 921 copper_ore
977 95 922 copper_ore
fill 977 95 923 977 95 931 diorite
fill 977 95 932 977 95 939 andesite
fill 977 95 940 977 95 959 stone
fill 977 95 960 977 95 963 andesite
977 95 964 magma_block
fill 977 95 965 977 95 967 andesite
977 95 968 copper_ore
977 95 969 copper_ore
fill 977 95 970 977 95 975 stone
fill 977 95 976 977 95 979 water[level=0]
fill 977 95 980 977 95 984 stone
977 95 985 granite
977 95 986 granite
fill 977 95 987 977 95 989 water[level=0]
fill 977 95 990 977 95 993 granite
fill 977 95 994 977 95 1002 stone
fill 977 95 1003 977 95 1005 granite
977 95 1006 stone
fill 977 95 1007 977 95 1010 water[level=0]
fill 977 95 1011 977 95 1019 stone
fill 977 95 1020 977 95 1022 water[level=0]
977 95 1023 stone
fill 978 95 896 978 95 913 stone
fill 978 95 914 978 95 918 granite
978 95 919 stone
978 95 920 stone
978 95 921 copper_ore
978 95 922 copper_ore
fill 978 95 923 978 95 930 diorite
978 95 931 stone
fill 978 95 932 978 95 939 andesite
fill 978 95 940 978 95 960 stone
978 95 961 andesite
978 95 962 andesite
978 95 963 magma_block
978 95 964 magma_block
fill 978 95 965 978 95 967 andesite
978 95 968 copper_ore
978 95 969 copper_ore
fill 978 95 970 978 95 976 stone
fill 978 95 977 978 95 979 water[level=0]
fill 978 95 980 978 95 984 stone
978 95 985 granite
978 95 986 granite
fill 978 95 987 978 95 989 water[level=0]
fill 978 95 990 978 95 993 granite
fill 978 95 994 978 95 1002 stone
fill 978 95 1003 978 95 1006 granite
978 95 1007 stone
978 95 1008 water[level=0]
fill 978 95 1009 978 95 1018 stone
fill 978 95 1019 978 95 1023 water[level=0]
fill 979 95 896 979 95 911 stone
fill 979 95 912 979 95 918 granite
979 95 919 stone
fill 979 95 920 979 95 928 diorite
fill 979 95 929 979 95 931 stone
fill 979 95 932 979 95 939 andesite
fill 979 95 940 979 95 960 stone
fill 979 95 961 979 95 968 andesite
979 95 969 copper_ore
979 95 970 andesite
fill 979 95 971 979 95 984 stone
979 95 985 granite
fill 979 95 986 979 95 988 water[level=0]
979 95 989 granite
979 95 990 granite
979 95 991 iron_ore
979 95 992 granite
fill 979 95 993 979 95 1001 stone
fill 979 95 1002 979 95 1005 diorite
fill 979 95 1006 979 95 1018 stone
fill 979 95 1019 979 95 1023 water[level=0]
fill 980 95 896 980 95 902 stone
980 95 903 copper_ore
fill 980 95 904 980 95 910 stone
fill 980 95 911 980 95 918 granite
980 95 919 stone
980 95 920 stone
fill 980 95 921 980 95 923 diorite
980 95 924 stone
980 95 925 diorite
980 95 926 diorite
fill 980 95 927 980 95 931 stone
fill 980 95 932 980 95 939 andesite
fill 980 95 940 980 95 960 stone
fill 980 95 961 980 95 970 andesite
fill 980 95 971 980 95 984 stone
980 95 985 granite
fill 980 95 986 980 95 988 water[level=0]
fill 980 95 989 980 95 992 granite
fill 980 95 993 980 95 1001 stone
fill 980 95 1002 980 95 1005 diorite
fill 980 95 1006 980 95 1019 stone
fill 980 95 1020 980 95 1023 water[level=0]
fill 981 95 896 981 95 910 stone
fill 981 95 911 981 95 917 granite
fill 981 95 918 981 95 921 stone
981 95 922 diorite
fill 981 95 923 981 95 931 stone
fill 981 95 932 981 95 939 andesite
981 95 940 stone
981 95 941 stone
fill 981 95 942 981 95 944 copper_ore
fill 981 95 945 981 95 949 stone
981 95 950 copper_ore
981 95 951 copper_ore
fill 981 95 952 981 95 961 stone
fill 981 95 962 981 95 971 andesite
fill 981 95 972 981 95 976 stone
981 95 977 diorite
981 95 978 diorite
fill 981 95 979 981 95 981 stone
981 95 982 stone
981 95 983 stone
fill 981 95 984 981 95 986 granite
981 95 987 water[level=0]
fill 981 95 988 981 95 991 granite
fill 981 95 992 981 95 1001 stone
fill 981 95 1002 981 95 1006 diorite
fill 981 95 1007 981 95 1019 stone
fill 981 95 1020 981 95 1023 water[level=0]
fill 982 95 896 982 95 909 stone
fill 982 95 910 982 95 916 granite
fill 982 95 917 982 95 931 stone
fill 982 95 932 982 95 939 andesite
982 95 940 stone
982 95 941 stone
fill 982 95 942 982 95 946 copper_ore
fill 982 95 947 982 95 949 stone
982 95 950 copper_ore
982 95 951 copper_ore
fill 982 95 952 982 95 962 stone
fill 982 95 963 982 95 972 andesite
fill 982 95 973 982 95 975 stone
fill 982 95 976 982 95 979 diorite
fill 982 95 980 982 95 983 stone
fill 982 95 984 982 95 990 granite
fill 982 95 991 982 95 1001 stone
fill 982 95 1002 982 95 1007 diorite
fill 982 95 1008 982 95 1020 stone
fill 982 95 1021 982 95 1023 water[level=0]
983 95 896 andesite
983 95 897 andesite
fill 983 95 898 983 95 909 stone
fill 983 95 910 983 95 916 granite
fill 983 95 917 983 95 932 stone
fill 983 95 933 983 95 938 andesite
fill 983 95 939 983 95 942 stone
fill 983 95 943 983 95 947 copper_ore
fill 983 95 948 983 95 963 stone
fill 983 95 964 983 95 973 andesite
983 95 974 stone
fill 983 95 975 983 95 980 diorite
fill 983 95 981 983 95 983 stone
fill 983 95 984 983 95 989 granite
983 95 990 iron_ore
983 95 991 iron_ore
fill 983 95 992 983 95 1003 stone
fill 983 95 1004 983 95 1008 diorite
fill 983 95 1009 983 95 1023 stone
fill 984 95 896 984 95 899 andesite
fill 984 95 900 984 95 910 stone
fill 984 95 911 984 95 915 granite
fill 984 95 916 984 95 932 stone
fill 984 95 933 984 95 938 andesite
fill 984 95 939 984 95 944 stone
fill 984 95 945 984 95 947 copper_ore
fill 984 95 948 984 95 964 stone
fill 984 95 965 984 95 973 andesite
984 95 974 stone
fill 984 95 975 984 95 979 diorite
fill 984 95 980 984 95 983 stone
fill 984 95 984 984 95 989 granite
984 95 990 iron_ore
984 95 991 iron_ore
fill 984 95 992 984 95 1004 stone
fill 984 95 1005 984 95 1009 diorite
fill 984 95 1010 984 95 1023 stone
fill 985 95 896 985 95 899 andesite
fill 985 95 900 985 95 932 stone
fill 985 95 933 985 95 938 andesite
fill 985 95 939 985 95 966 stone
fill 985 95 967 985 95 973 andesite
fill 985 95 974 985 95 980 diorite
fill 985 95 981 985 95 985 dirt
fill 985 95 986 985 95 989 granite
fill 985 95 990 985 95 1005 stone
fill 985 95 1006 985 95 1009 diorite
fill 985 95 1010 985 95 1023 stone
fill 986 95 896 986 95 899 andesite
fill 986 95 900 986 95 902 stone
fill 986 95 905 986 95 933 stone
fill 986 95 934 986 95 938 andesite
fill 986 95 939 986 95 967 stone
fill 986 95 968 986 95 973 andesite
fill 986 95 974 986 95 980 diorite
fill 986 95 981 986 95 986 dirt
986 95 987 granite
986 95 988 granite
fill 986 95 989 986 95 1006 stone
fill 986 95 1007 986 95 1009 diorite
fill 986 95 1010 986 95 1023 stone
fill 987 95 896 987 95 899 andesite
987 95 900 stone
987 95 901 stone
fill 987 95 905 987 95 934 stone
fill 987 95 935 987 95 937 andesite
fill 987 95 938 987 95 949 stone
fill 987 95 953 987 95 969 stone
fill 987 95 970 987 95 972 andesite
fill 987 95 973 987 95 979 diorite
987 95 980 stone
987 95 981 stone
fill 987 95 982 987 95 988 dirt
fill 987 95 989 987 95 1023 stone
988 95 896 andesite
988 95 897 andesite
fill 988 95 898 988 95 902 stone
fill 988 95 905 988 95 930 stone
fill 988 95 931 988 95 934 granite
fill 988 95 935 988 95 948 stone
fill 988 95 954 988 95 972 stone
fill 988 95 973 988 95 976 diorite
988 95 977 water[level=0]
988 95 978 water[level=0]
988 95 979 diorite
988 95 980 stone
988 95 981 stone
988 95 982 iron_ore
fill 988 95 983 988 95 989 dirt
988 95 990 stone
fill 988 95 991 988 95 993 gravel
fill 988 95 994 988 95 1014 stone
988 95 1015 dirt
fill 988 95 1016 988 95 1023 stone
fill 989 95 896 989 95 902 stone
fill 989 95 905 989 95 925 stone
fill 989 95 926 989 95 938 granite
fill 989 95 939 989 95 948 stone
fill 989 95 953 989 95 972 stone
fill 989 95 973 989 95 975 diorite
fill 989 95 976 989 95 979 water[level=0]
fill 989 95 980 989 95 984 stone
fill 989 95 985 989 95 989 dirt
989 95 990 stone
fill 989 95 991 989 95 993 gravel
fill 989 95 994 989 95 1013 stone
fill 989 95 1014 989 95 1016 dirt
fill 989 95 1017 989 95 1023 stone
990 95 896 stone
990 95 897 iron_ore
990 95 898 iron_ore
fill 990 95 899 990 95 903 stone
fill 990 95 906 990 95 924 stone
fill 990 95 925 990 95 940 granite
fill 990 95 941 990 95 948 stone
fill 990 95 953 990 95 972 stone
fill 990 95 973 990 95 975 diorite
fill 990 95 976 990 95 979 water[level=0]
fill 990 95 980 990 95 986 stone
990 95 987 dirt
990 95 988 dirt
990 95 989 stone
990 95 990 stone
fill 990 95 991 990 95 994 gravel
fill 990 95 995 990 95 998 stone
fill 990 95 999 990 95 1009 stone
990 95 1010 granite
fill 990 95 1011 990 95 1013 stone
fill 990 95 1014 990 95 1016 dirt
fill 990 95 1017 990 95 1023 stone
991 95 896 stone
991 95 897 iron_ore
991 95 898 iron_ore
fill 991 95 899 991 95 922 stone
fill 991 95 923 991 95 940 granite
991 95 941 stone
991 95 942 gravel
991 95 943 gravel
fill 991 95 944 991 95 948 stone
fill 991 95 953 991 95 972 stone
991 95 973 diorite
991 95 974 diorite
991 95 975 magma_block
991 95 976 diorite
fill 991 95 977 991 95 979 water[level=0]
fill 991 95 980 991 95 991 stone
fill 991 95 992 991 95 994 gravel
fill 991 95 995 991 95 1007 stone
fill 991 95 1008 991 95 1011 granite
fill 991 95 1012 991 95 1014 stone
991 95 1015 dirt
991 95 1016 dirt
fill 991 95 1017 991 95 1023 stone
992 95 896 coal_ore
992 95 897 coal_ore
fill 992 95 898 992 95 914 stone
992 95 915 copper_ore
fill 992 95 916 992 95 922 stone
fill 992 95 923 992 95 940 granite
992 95 941 stone
fill 992 95 942 992 95 946 gravel
992 95 947 stone
992 95 948 stone
fill 992 95 953 992 95 958 stone
992 95 959 copper_ore
992 95 960 copper_ore
fill 992 95 961 992 95 973 stone
fill 992 95 974 992 95 976 diorite
992 95 977 stone
fill 992 95 978 992 95 981 water[level=0]
fill 992 95 982 992 95 991 stone
fill 992 95 992 992 95 995 gravel
fill 992 95 996 992 95 1007 stone
fill 992 95 1008 992 95 1013 granite
992 95 1014 stone
992 95 1015 dirt
992 95 1016 dirt
fill 992 95 1017 992 95 1023 stone
993 95 896 coal_ore
993 95 897 coal_ore
fill 993 95 898 993 95 914 stone
993 95 915 copper_ore
fill 993 95 916 993 95 921 stone
fill 993 95 922 993 95 924 copper_ore
fill 993 95 925 993 95 940 granite
993 95 941 stone
fill 993 95 942 993 95 947 gravel
993 95 948 stone
fill 993 95 953 993 95 958 stone
993 95 959 copper_ore
993 95 960 copper_ore
fill 993 95 961 993 95 978 stone
fill 993 95 979 993 95 981 water[level=0]
fill 993 95 982 993 95 992 stone
fill 993 95 993 993 95 995 gravel
fill 993 95 996 993 95 1007 stone
fill 993 95 1008 993 95 1014 granite
fill 993 95 1015 993 95 1023 stone
994 95 896 coal_ore
994 95 897 coal_ore
fill 994 95 898 994 95 910 stone
994 95 911 gravel
fill 994 95 912 994 95 922 stone
fill 994 95 923 994 95 925 copper_ore
fill 994 95 926 994 95 938 granite
fill 994 95 939 994 95 948 gravel
fill 994 95 954 994 95 958 stone
994 95 959 copper_ore
fill 994 95 960 994 95 978 stone
fill 994 95 979 994 95 981 water[level=0]
fill 994 95 982 994 95 1007 stone
fill 994 95 1008 994 95 1014 granite
fill 994 95 1015 994 95 1023 stone
995 95 896 coal_ore
fill 995 95 897 995 95 911 stone
995 95 912 gravel
995 95 913 gravel
fill 995 95 914 995 95 923 stone
fill 995 95 924 995 95 926 copper_ore
fill 995 95 927 995 95 930 stone
fill 995 95 931 995 95 934 granite
fill 995 95 935 995 95 938 stone
fill 995 95 939 995 95 948 gravel
fill 995 95 954 995 95 978 stone
fill 995 95 979 995 95 981 water[level=0]
fill 995 95 982 995 95 1005 stone
fill 995 95 1006 995 95 1015 granite
fill 995 95 1016 995 95 1023 stone
fill 996 95 896 996 95 911 stone
fill 996 95 912 996 95 914 gravel
fill 996 95 915 996 95 938 stone
fill 996 95 939 996 95 948 gravel
996 95 949 copper_ore
fill 996 95 954 996 95 978 stone
fill 996 95 979 996 95 981 water[level=0]
fill 996 95 982 996 95 1004 stone
fill 996 95 1005 996 95 1016 granite
fill 996 95 1017 996 95 1023 stone
fill 997 95 896 997 95 900 stone
997 95 901 dirt
fill 997 95 902 997 95 906 stone
997 95 907 lapis_ore
997 95 908 lapis_ore
997 95 909 iron_ore
997 95 910 iron_ore
997 95 911 stone
997 95 912 stone
997 95 913 gravel
fill 997 95 914 997 95 933 stone
fill 997 95 934 997 95 936 diorite
fill 997 95 937 997 95 939 stone
fill 997 95 940 997 95 949 gravel
997 95 950 copper_ore
fill 997 95 954 997 95 978 stone
997 95 979 water[level=0]
997 95 980 water[level=0]
fill 997 95 981 997 95 1003 stone
fill 997 95 1004 997 95 1016 granite
fill 997 95 1017 997 95 1023 stone
998 95 896 stone
fill 998 95 897 998 95 900 dirt
fill 998 95 901 998 95 906 stone
998 95 907 lapis_ore
998 95 908 lapis_ore
998 95 909 iron_ore
998 95 910 iron_ore
fill 998 95 911 998 95 914 stone
998 95 915 gravel
fill 998 95 916 998 95 932 stone
fill 998 95 933 998 95 936 diorite
fill 998 95 937 998 95 941 stone
fill 998 95 942 998 95 945 gravel
fill 998 95 946 998 95 949 stone
998 95 950 diorite
998 95 954 diorite
998 95 955 diorite
fill 998 95 956 998 95 978 stone
998 95 979 water[level=0]
998 95 980 water[level=0]
fill 998 95 981 998 95 1002 stone
fill 998 95 1003 998 95 1017 granite
fill 998 95 1018 998 95 1023 stone
fill 999 95 896 999 95 900 dirt
fill 999 95 901 999 95 931 stone
fill 999 95 932 999 95 937 diorite
fill 999 95 938 999 95 941 stone
999 95 942 andesite
999 95 943 gravel
999 95 944 gravel
999 95 945 andesite
999 95 946 andesite
999 95 947 stone
999 95 948 stone
fill 999 95 949 999 95 958 diorite
fill 999 95 959 999 95 1002 stone
fill 999 95 1003 999 95 1009 granite
999 95 1010 stone
fill 999 95 1011 999 95 1014 granite
999 95 1015 copper_ore
999 95 1016 copper_ore
999 95 1017 granite
fill 999 95 1018 999 95 1020 stone
fill 999 95 1021 999 95 1023 stone
fill 1000 95 896 1000 95 899 dirt
fill 1000 95 900 1000 95 931 stone
fill 1000 95 932 1000 95 937 diorite
fill 1000 95 938 1000 95 940 stone
fill 1000 95 941 1000 95 943 andesite
1000 95 945 andesite
1000 95 946 andesite
1000 95 947 stone
1000 95 948 stone
fill 1000 95 949 1000 95 960 diorite
fill 1000 95 961 1000 95 1001 stone
fill 1000 95 1002 1000 95 1009 granite
1000 95 1010 stone
1000 95 1011 stone
fill 1000 95 1012 1000 95 1015 granite
fill 1000 95 1016 1000 95 1018 copper_ore
fill 1000 95 1019 1000 95 1023 stone
fill 1001 95 896 1001 95 898 dirt
fill 1001 95 899 1001 95 904 stone
fill 1001 95 905 1001 95 909 andesite
fill 1001 95 910 1001 95 931 stone
fill 1001 95 932 1001 95 937 diorite
1001 95 938 stone
fill 1001 95 939 1001 95 943 andesite
1001 95 946 andesite
fill 1001 95 947 1001 95 949 stone
fill 1001 95 950 1001 95 960 diorite
fill 1001 95 961 1001 95 1001 stone
fill 1001 95 1002 1001 95 1009 granite
1001 95 1010 stone
1001 95 1011 stone
fill 1001 95 1012 1001 95 1017 granite
fill 1001 95 1018 1001 95 1023 stone
1002 95 896 dirt
1002 95 897 gravel
1002 95 898 gravel
fill 1002 95 899 1002 95 903 stone
fill 1002 95 904 1002 95 909 andesite
fill 1002 95 910 1002 95 931 stone
fill 1002 95 932 1002 95 937 diorite
fill 1002 95 938 1002 95 943 andesite
fill 1002 95 947 1002 95 950 stone
fill 1002 95 951 1002 95 959 diorite
fill 1002 95 960 1002 95 973 stone
1002 95 974 copper_ore
fill 1002 95 975 1002 95 987 stone
1002 95 988 iron_ore
1002 95 989 iron_ore
fill 1002 95 990 1002 95 1000 stone
fill 1002 95 1001 1002 95 1009 granite
fill 1002 95 1010 1002 95 1013 stone
fill 1002 95 1014 1002 95 1017 granite
fill 1002 95 1018 1002 95 1023 stone
1003 95 896 stone
fill 1003 95 897 1003 95 899 gravel
fill 1003 95 900 1003 95 902 stone
fill 1003 95 903 1003 95 909 andesite
fill 1003 95 910 1003 95 931 stone
fill 1003 95 932 1003 95 937 diorite
fill 1003 95 938 1003 95 943 andesite
fill 1003 95 950 1003 95 952 stone
1003 95 953 gravel
fill 1003 95 954 1003 95 988 stone
1003 95 989 iron_ore
fill 1003 95 990 1003 95 1000 stone
fill 1003 95 1001 1003 95 1009 granite
fill 1003 95 1010 1003 95 1015 stone
1003 95 1016 granite
1003 95 1017 granite
fill 1003 95 1018 1003 95 1023 stone
1004 95 896 stone
1004 95 897 gravel
1004 95 898 gravel
fill 1004 95 899 1004 95 901 stone
fill 1004 95 902 1004 95 909 andesite
fill 1004 95 910 1004 95 931 stone
fill 1004 95 932 1004 95 935 diorite
1004 95 936 andesite
1004 95 937 iron_ore
fill 1004 95 938 1004 95 944 andesite
1004 95 950 stone
fill 1004 95 951 1004 95 953 gravel
fill 1004 95 954 1004 95 991 stone
1004 95 992 iron_ore
fill 1004 95 993 1004 95 999 stone
fill 1004 95 1000 1004 95 1008 granite
fill 1004 95 1009 1004 95 1011 stone
1004 95 1012 andesite
1004 95 1013 andesite
fill 1004 95 1014 1004 95 1023 stone
1005 95 896 granite
fill 1005 95 897 1005 95 901 stone
fill 1005 95 902 1005 95 908 andesite
fill 1005 95 909 1005 95 931 stone
fill 1005 95 932 1005 95 935 diorite
fill 1005 95 936 1005 95 944 andesite
fill 1005 95 945 1005 95 947 stone
1005 95 949 stone
1005 95 950 stone
fill 1005 95 951 1005 95 953 gravel
fill 1005 95 954 1005 95 995 stone
1005 95 996 water[level=0]
1005 95 997 water[level=0]
1005 95 998 stone
1005 95 999 stone
fill 1005 95 1000 1005 95 1008 granite
fill 1005 95 1009 1005 95 1011 stone
1005 95 1012 andesite
1005 95 1013 andesite
fill 1005 95 1014 1005 95 1023 stone
1006 95 896 granite
1006 95 897 gravel
fill 1006 95 898 1006 95 901 stone
fill 1006 95 902 1006 95 908 andesite
fill 1006 95 909 1006 95 931 stone
fill 1006 95 932 1006 95 935 diorite
fill 1006 95 936 1006 95 944 andesite
fill 1006 95 945 1006 95 950 stone
fill 1006 95 951 1006 95 953 gravel
fill 1006 95 954 1006 95 994 stone
fill 1006 95 995 1006 95 997 water[level=0]
fill 1006 95 998 1006 95 1000 stone
fill 1006 95 1001 1006 95 1008 granite
1006 95 1009 iron_ore
1006 95 1010 iron_ore
fill 1006 95 1011 1006 95 1023 stone
1007 95 896 granite
1007 95 897 gravel
fill 1007 95 898 1007 95 900 stone
fill 1007 95 901 1007 95 907 andesite
fill 1007 95 908 1007 95 932 stone
1007 95 933 diorite
1007 95 934 diorite
fill 1007 95 935 1007 95 943 andesite
fill 1007 95 944 1007 95 950 stone
1007 95 951 gravel
fill 1007 95 952 1007 95 981 stone
fill 1007 95 982 1007 95 984 copper_ore
fill 1007 95 985 1007 95 994 stone
fill 1007 95 995 1007 95 997 water[level=0]
1007 95 998 stone
1007 95 999 stone
fill 1007 95 1000 1007 95 1007 granite
fill 1007 95 1008 1007 95 1010 iron_ore
fill 1007 95 1011 1007 95 1023 stone
1008 95 896 granite
1008 95 897 granite
fill 1008 95 898 1008 95 900 stone
fill 1008 95 901 1008 95 906 andesite
fill 1008 95 907 1008 95 925 stone
fill 1008 95 926 1008 95 928 diorite
fill 1008 95 929 1008 95 934 stone
fill 1008 95 935 1008 95 942 andesite
fill 1008 95 943 1008 95 966 stone
fill 1008 95 967 1008 95 980 stone
1008 95 981 copper_ore
1008 95 982 copper_ore
fill 1008 95 983 1008 95 994 stone
fill 1008 95 995 1008 95 997 water[level=0]
1008 95 998 stone
1008 95 999 stone
fill 1008 95 1000 1008 95 1006 granite
fill 1008 95 1007 1008 95 1009 stone
fill 1008 95 1010 1008 95 1013 andesite
fill 1008 95 1014 1008 95 1023 stone
1009 95 896 granite
1009 95 897 granite
fill 1009 95 898 1009 95 901 stone
fill 1009 95 902 1009 95 904 andesite
fill 1009 95 905 1009 95 924 stone
fill 1009 95 925 1009 95 929 diorite
fill 1009 95 930 1009 95 933 stone
fill 1009 95 934 1009 95 936 andesite
1009 95 937 iron_ore
fill 1009 95 938 1009 95 941 andesite