858 105 83 granite
858 105 84 granite
858 105 85 granite
858 105 86 granite
858 105 87 granite
858 105 88 stone
858 105 89 stone
858 105 90 stone
858 105 91 stone
858 105 92 stone
858 105 93 stone
858 105 94 stone
858 105 95 stone
858 105 96 stone
858 105 97 stone
858 105 98 stone
858 105 99 stone
858 105 100 stone
858 105 101 stone
858 105 105 stone
858 105 106 stone
858 105 107 stone
858 105 108 stone
858 105 109 stone
858 105 110 stone
858 105 111 stone
858 105 116 stone
858 105 117 stone
858 105 118 stone
858 105 119 stone
858 105 120 stone
858 105 121 stone
858 105 122 stone
858 105 123 stone
858 105 124 stone
858 105 125 stone
858 105 126 stone
858 105 127 stone
858 105 128 stone
858 105 129 stone
858 105 130 stone
858 105 131 stone
858 105 132 stone
858 105 133 stone
858 105 134 stone
858 105 135 stone
858 105 136 stone
858 105 137 diorite
858 105 138 diorite
858 105 139 diorite
858 105 140 diorite
858 105 141 diorite
858 105 142 diorite
858 105 143 diorite
858 105 144 diorite
858 105 145 diorite
858 105 146 diorite
858 105 147 stone
858 105 148 stone
858 105 149 stone
858 105 150 stone
858 105 151 stone
858 105 152 stone
858 105 153 stone
858 105 154 stone
858 105 155 stone
858 105 156 stone
858 105 157 dirt
858 105 158 dirt
858 105 159 dirt
858 105 160 stone
858 105 161 stone
858 105 162 stone
858 105 163 stone
858 105 164 stone
858 105 165 stone
858 105 166 stone
858 105 167 dirt
858 105 168 dirt
858 105 169 dirt
858 105 170 dirt
858 105 171 stone
858 105 172 stone
858 105 173 stone
858 105 174 stone
858 105 175 stone
858 105 176 stone
858 105 177 stone
858 105 178 stone
858 105 179 stone
858 105 180 stone
858 105 181 stone
858 105 182 stone
858 105 183 stone
858 105 184 stone
858 105 185 stone
858 105 186 smooth_basalt
858 105 187 smooth_basalt
858 105 188 smooth_basalt
858 105 189 smooth_basalt
858 105 190 stone
858 105 191 stone
858 105 192 stone
858 105 193 stone
858 105 194 stone
858 105 195 stone
858 105 196 stone
858 105 197 stone
858 105 198 stone
858 105 199 stone
858 105 200 andesite
858 105 201 andesite
858 105 202 andesite
858 105 203 andesite
858 105 204 andesite
858 105 205 andesite
858 105 206 stone
858 105 207 stone
858 105 208 stone
858 105 209 stone
858 105 210 coal_ore
858 105 211 coal_ore
858 105 212 coal_ore
858 105 213 stone
858 105 214 stone
858 105 215 stone
858 105 216 stone
858 105 217 stone
858 105 218 stone
858 105 219 stone
858 105 220 stone
858 105 221 stone
858 105 222 stone
858 105 223 stone
858 105 224 stone
858 105 225 stone
858 105 226 stone
858 105 227 stone
858 105 228 stone
858 105 229 stone
858 105 230 stone
858 105 231 stone
858 105 232 stone
858 105 233 stone
858 105 234 stone
858 105 235 stone
858 105 236 stone
858 105 237 stone
858 105 238 stone
858 105 239 stone
858 105 240 stone
858 105 241 stone
858 105 242 stone
858 105 243 stone
858 105 244 stone
858 105 245 stone
858 105 246 stone
858 105 247 stone
858 105 248 stone
858 105 249 stone
858 105 250 stone
858 105 251 stone
858 105 252 stone
858 105 253 stone
858 105 254 stone
858 105 255 stone
858 105 256 stone
858 105 257 stone
858 105 258 stone
858 105 259 stone
858 105 260 stone
858 105 261 stone
858 105 262 stone
858 105 263 stone
858 105 264 stone
858 105 265 stone
858 105 266 stone
858 105 267 stone
858 105 268 stone
858 105 269 stone
858 105 270 stone
858 105 271 stone
858 105 272 stone
858 105 273 stone
858 105 274 stone
858 105 275 stone
858 105 276 stone
858 105 277 stone
858 105 278 stone
858 105 279 stone
858 105 280 stone
858 105 281 stone
858 105 282 stone
858 105 283 stone
858 105 284 stone
858 105 285 stone
858 105 286 stone
858 105 287 stone
858 105 288 stone
858 105 289 stone
858 105 290 stone
858 105 291 stone
858 105 292 stone
858 105 293 stone
858 105 294 stone
858 105 295 stone
858 105 296 stone
858 105 297 stone
858 105 298 stone
858 105 299 stone
858 105 300 granite
858 105 301 granite
858 105 302 granite
858 105 303 granite
858 105 304 granite
858 105 311 stone
858 105 312 stone
858 105 334 stone
858 105 335 stone
858 105 336 stone
858 105 345 stone
858 105 346 stone
858 105 347 stone
858 105 348 stone
858 105 349 stone
858 105 350 stone
858 105 351 stone
858 105 352 stone
858 105 353 stone
858 105 354 stone
858 105 355 stone
858 105 356 stone
858 105 357 stone
858 105 358 stone
858 105 359 stone
858 105 360 stone
858 105 361 stone
858 105 362 stone
858 105 363 stone
858 105 364 stone
858 105 365 stone
858 105 366 stone
858 105 367 stone
858 105 368 stone
858 105 369 stone
858 105 370 stone
858 105 371 stone
858 105 372 stone
858 105 373 stone
858 105 374 stone
858 105 375 stone
858 105 376 stone
858 105 377 stone
858 105 378 stone
858 105 379 stone
858 105 380 stone
858 105 381 stone
858 105 382 stone
858 105 383 stone
858 105 384 stone
858 105 385 stone
858 105 386 stone
858 105 387 stone
858 105 388 stone
858 105 389 stone
858 105 390 gravel
858 105 391 gravel
858 105 392 gravel
858 105 393 gravel
858 105 394 gravel
858 105 395 water[level=0]
858 105 396 water[level=0]
858 105 397 gravel
858 105 398 stone
858 105 399 stone
858 105 400 stone
858 105 401 stone
858 105 402 stone
858 105 403 stone
858 105 404 stone
858 105 405 stone
858 105 406 stone
858 105 407 stone
858 105 408 stone
858 105 409 stone
858 105 410 stone
858 105 411 stone
858 105 412 stone
858 105 413 stone
858 105 414 stone
858 105 415 stone
858 105 416 stone
858 105 417 stone
858 105 418 stone
858 105 419 stone
858 105 420 stone
858 105 421 stone
858 105 422 stone
858 105 423 stone
858 105 424 stone
858 105 425 stone
858 105 426 stone
858 105 427 stone
858 105 428 stone
858 105 429 stone
858 105 430 stone
858 105 431 stone
858 105 432 stone
858 105 433 stone
858 105 434 stone
858 105 435 stone
858 105 436 stone
858 105 437 stone
858 105 438 stone
858 105 439 stone
858 105 440 stone
858 105 441 stone
858 105 442 stone
858 105 443 stone
858 105 444 stone
858 105 445 stone
858 105 446 stone
858 105 447 stone
858 105 448 diorite
858 105 449 diorite
858 105 450 diorite
858 105 451 diorite
858 105 452 diorite
858 105 453 diorite
858 105 454 diorite
858 105 455 gravel
858 105 456 water[level=0]
858 105 457 water[level=0]
858 105 458 water[level=0]
858 105 459 water[level=0]
858 105 460 water[level=0]
858 105 461 water[level=0]
858 105 462 tall_seagrass[half=lower]
858 105 463 gravel
858 105 464 stone
858 105 465 gravel
858 105 466 gravel
858 105 467 gravel
858 105 468 gravel
858 105 469 stone
858 105 470 stone
858 105 471 stone
858 105 472 granite
858 105 473 granite
858 105 474 granite
858 105 475 granite
858 105 476 granite
858 105 477 granite
858 105 478 granite
858 105 479 granite
858 105 480 stone
858 105 481 stone
858 105 482 coal_ore
858 105 483 stone
858 105 484 stone
858 105 485 stone
858 105 486 diorite
858 105 487 diorite
858 105 488 diorite
858 105 489 diorite
858 105 490 diorite
858 105 491 diorite
858 105 492 diorite
858 105 493 diorite
858 105 494 diorite
858 105 495 diorite
858 105 496 stone
858 105 497 stone
858 105 498 stone
858 105 499 stone
858 105 500 stone
858 105 501 stone
858 105 502 stone
858 105 503 stone
858 105 504 stone
858 105 505 stone
858 105 506 stone
858 105 507 stone
858 105 508 stone
858 105 509 stone
858 105 510 stone
858 105 511 stone
858 105 512 stone
858 105 513 stone
858 105 514 stone
858 105 515 stone
858 105 516 stone
858 105 517 stone
858 105 518 stone
858 105 519 stone
858 105 520 diorite
858 105 521 diorite
858 105 522 diorite
858 105 523 diorite
858 105 524 diorite
858 105 525 diorite
858 105 526 diorite
858 105 527 diorite
858 105 528 diorite
858 105 529 diorite
858 105 530 diorite
858 105 531 diorite
858 105 532 diorite
858 105 533 stone
858 105 534 stone
858 105 535 stone
858 105 536 stone
858 105 537 stone
858 105 538 gravel
858 105 539 gravel
858 105 540 gravel
858 105 541 gravel
858 105 542 iron_ore
858 105 543 stone
858 105 544 stone
858 105 545 stone
858 105 546 stone
858 105 547 stone
858 105 548 stone
858 105 549 stone
858 105 550 stone
858 105 551 stone
858 105 552 stone
858 105 553 stone
858 105 554 stone
858 105 555 stone
858 105 556 stone
858 105 557 stone
858 105 558 stone
858 105 559 stone
858 105 560 stone
858 105 561 stone
858 105 562 stone
858 105 563 stone
858 105 564 stone
858 105 565 stone
858 105 566 stone
858 105 567 stone
858 105 568 stone
858 105 569 stone
858 105 570 stone
858 105 571 stone
858 105 572 stone
858 105 573 stone
858 105 574 stone
858 105 575 stone
858 105 576 andesite
858 105 577 andesite
858 105 578 stone
858 105 579 lapis_ore
858 105 580 stone
858 105 581 stone
858 105 582 stone
858 105 583 stone
858 105 584 granite
858 105 585 granite
858 105 586 granite
858 105 587 granite
858 105 588 granite
858 105 589 granite
858 105 590 granite
858 105 591 granite
858 105 592 granite
858 105 593 granite
858 105 594 granite
858 105 595 granite
858 105 596 granite
858 105 597 stone
858 105 598 stone
858 105 599 stone
858 105 600 stone
858 105 601 stone
858 105 602 stone
858 105 603 stone
858 105 604 stone
858 105 605 stone
858 105 606 stone
858 105 607 stone
858 105 608 stone
858 105 609 stone
858 105 610 stone
858 105 611 stone
858 105 612 stone
858 105 613 stone
858 105 614 stone
858 105 615 stone
858 105 616 stone
858 105 617 stone
858 105 618 stone
858 105 619 stone
858 105 620 stone
858 105 621 stone
858 105 622 stone
858 105 623 stone
858 105 624 stone
858 105 625 stone
858 105 626 stone
858 105 627 stone
858 105 628 stone
858 105 629 stone
858 105 630 stone
858 105 631 stone
858 105 632 granite
858 105 633 granite
858 105 634 granite
858 105 635 granite
858 105 636 granite
858 105 637 granite
858 105 638 stone
858 105 639 stone
858 105 640 stone
858 105 641 stone
858 105 652 stone
858 105 653 stone
858 105 654 stone
858 105 655 stone
858 105 656 stone
858 105 657 stone
858 105 658 stone
858 105 659 stone
858 105 660 stone
858 105 661 stone
858 105 662 stone
858 105 663 stone
858 105 664 stone
858 105 665 stone
858 105 666 stone
858 105 667 stone
858 105 668 stone
858 105 669 stone
858 105 670 stone
858 105 671 stone
858 105 672 stone
858 105 673 stone
858 105 674 stone
858 105 675 stone
858 105 676 stone
858 105 677 stone
858 105 678 stone
858 105 679 stone
858 105 680 stone
858 105 681 stone
858 105 682 stone
858 105 683 stone
858 105 684 stone
858 105 685 stone
858 105 686 stone
858 105 687 stone
858 105 688 stone
858 105 689 andesite
858 105 690 andesite
858 105 691 andesite
858 105 692 andesite
858 105 693 andesite
858 105 694 andesite
858 105 695 stone
858 105 696 stone
858 105 697 infested_stone
858 105 698 infested_stone
858 105 699 infested_stone
858 105 700 stone
858 105 701 stone
858 105 702 stone
858 105 703 stone
858 105 704 stone
858 105 705 stone
858 105 706 stone
858 105 707 stone
858 105 708 stone
858 105 709 stone
858 105 710 stone
858 105 711 stone
858 105 712 stone
858 105 713 stone
858 105 714 infested_stone
858 105 715 infested_stone
858 105 716 stone
858 105 717 stone
858 105 718 stone
858 105 719 stone
858 105 720 stone
858 105 721 stone
858 105 722 stone
858 105 723 stone
858 105 724 stone
858 105 725 stone
858 105 726 stone
858 105 727 stone
858 105 728 stone
858 105 729 stone
858 105 730 stone
858 105 731 stone
858 105 732 stone
858 105 733 stone
858 105 734 stone
858 105 735 stone
858 105 736 stone
858 105 737 stone
858 105 738 stone
858 105 739 stone
858 105 740 coal_ore
858 105 741 stone
858 105 742 stone
858 105 743 coal_ore
858 105 744 coal_ore
858 105 745 stone
858 105 746 stone
858 105 747 andesite
858 105 748 andesite
858 105 749 andesite
858 105 750 andesite
858 105 756 andesite
858 105 757 stone
858 105 758 stone
858 105 759 stone
858 105 760 stone
858 105 761 stone
858 105 762 stone
858 105 763 granite
858 105 764 granite
858 105 765 granite
858 105 766 granite
858 105 767 granite
858 105 768 granite
858 105 769 granite
858 105 776 stone
858 105 777 stone
858 105 778 stone
858 105 779 stone
858 105 780 stone
858 105 781 stone
858 105 782 stone
858 105 783 stone
858 105 784 stone
858 105 785 stone
858 105 786 stone
858 105 787 stone
858 105 788 stone
858 105 789 stone
858 105 790 stone
858 105 791 stone
858 105 792 stone
858 105 793 stone
858 105 794 stone
858 105 795 stone
858 105 796 stone
858 105 797 stone
858 105 798 stone
858 105 799 stone
858 105 800 stone
858 105 801 stone
858 105 802 stone
858 105 803 diorite
858 105 804 diorite
858 105 805 diorite
858 105 806 diorite
858 105 807 diorite
858 105 808 diorite
858 105 809 diorite
858 105 810 diorite
858 105 811 granite
858 105 812 granite
858 105 813 granite
858 105 814 granite
858 105 815 granite
858 105 816 granite
858 105 817 stone
858 105 818 stone
858 105 819 stone
858 105 820 stone
858 105 831 granite
858 105 832 granite
858 105 833 granite
858 105 834 granite
858 105 835 granite
858 105 836 granite
858 105 837 granite
858 105 838 granite
858 105 839 stone
858 105 840 andesite
858 105 841 andesite
858 105 842 andesite
858 105 843 andesite
858 105 844 andesite
858 105 845 andesite
858 105 846 stone
858 105 847 stone
858 105 859 stone
858 105 860 stone
858 105 861 stone
858 105 862 stone
858 105 863 stone
858 105 864 stone
858 105 865 stone
858 105 866 stone
858 105 867 stone
858 105 868 stone
858 105 869 stone
858 105 870 stone
858 105 871 stone
858 105 872 gravel
858 105 873 gravel
858 105 874 stone
858 105 875 stone
858 105 876 gravel
858 105 877 gravel
858 105 878 gravel
858 105 879 gravel
858 105 880 gravel
858 105 881 gravel
858 105 882 gravel
858 105 883 stone
858 105 884 stone
858 105 885 iron_ore
858 105 886 stone
858 105 887 stone
858 105 888 dirt
858 105 889 dirt
858 105 890 dirt
858 105 891 stone
858 105 892 stone
858 105 893 stone
858 105 894 stone
858 105 895 stone
858 105 896 stone
858 105 897 stone
858 105 898 stone
858 105 899 stone
858 105 900 stone
858 105 901 stone
858 105 902 stone
858 105 903 stone
858 105 904 granite
858 105 905 granite
858 105 906 granite
858 105 907 granite
858 105 908 granite
858 105 909 granite
858 105 910 stone
858 105 911 stone
858 105 912 stone
858 105 913 stone
858 105 914 stone
858 105 915 stone
858 105 916 stone
858 105 917 stone
858 105 918 stone
858 105 919 stone
858 105 920 stone
858 105 921 stone
858 105 922 stone
858 105 923 stone
858 105 924 stone
858 105 925 stone
858 105 926 stone
858 105 927 stone
858 105 928 water[level=0]
858 105 929 diorite
858 105 930 diorite
858 105 931 diorite
858 105 932 diorite
858 105 933 diorite
858 105 934 diorite
858 105 935 diorite
858 105 936 andesite
858 105 937 andesite
858 105 938 andesite
858 105 939 andesite
858 105 940 andesite
858 105 941 andesite
858 105 942 stone
858 105 943 stone
858 105 944 stone
858 105 945 stone
858 105 946 stone
858 105 947 stone
858 105 948 stone
858 105 949 stone
858 105 950 stone
858 105 951 stone
858 105 952 stone
858 105 953 stone
858 105 954 stone
858 105 955 stone
858 105 956 water[level=0]
858 105 957 granite
858 105 958 granite
858 105 959 granite
858 105 960 granite
858 105 961 granite
858 105 962 granite
858 105 963 granite
858 105 964 stone
858 105 965 stone
858 105 966 stone
858 105 967 stone
858 105 968 stone
858 105 969 stone
858 105 970 granite
858 105 971 granite
858 105 972 granite
858 105 973 stone
858 105 974 coal_ore
858 105 975 granite
858 105 976 granite
858 105 977 granite
858 105 978 granite
858 105 979 granite
858 105 980 granite
858 105 981 granite
858 105 982 stone
858 105 983 stone
858 105 984 stone
858 105 985 stone
858 105 986 stone
858 105 987 stone
858 105 988 stone
858 105 989 stone
858 105 990 stone
858 105 991 stone
858 105 992 stone
858 105 993 andesite
858 105 994 andesite
858 105 995 andesite
858 105 996 andesite
858 105 997 andesite
858 105 998 andesite
858 105 999 andesite
858 105 1000 granite
858 105 1001 stone
858 105 1002 stone
858 105 1003 stone
858 105 1004 stone
858 105 1005 stone
858 105 1006 stone
858 105 1007 stone
858 105 1008 stone
858 105 1009 stone
858 105 1010 stone
858 105 1011 stone
858 105 1012 stone
858 105 1013 stone
858 105 1014 copper_ore
858 105 1015 copper_ore
858 105 1016 stone
858 105 1017 stone
858 105 1018 stone
858 105 1019 stone
858 105 1020 stone
858 105 1021 stone
858 105 1022 stone
858 105 1023 stone
858 106 0 granite
858 106 1 stone
858 106 2 stone
858 106 3 stone
858 106 4 stone
858 106 5 stone
858 106 6 stone
858 106 7 stone
858 106 8 stone
858 106 9 stone
858 106 10 stone
858 106 11 stone
858 106 12 stone
858 106 13 stone
858 106 14 stone
858 106 15 stone
858 106 16 stone
858 106 17 stone
858 106 18 andesite
858 106 19 andesite
858 106 20 andesite
858 106 21 andesite
858 106 22 andesite
858 106 23 stone
858 106 24 stone
858 106 25 stone
858 106 26 stone
858 106 27 stone
858 106 28 stone
858 106 29 stone
858 106 30 andesite
858 106 31 andesite
858 106 32 andesite
858 106 33 diorite
858 106 34 diorite
858 106 35 diorite
858 106 36 andesite
858 106 37 andesite
858 106 38 stone
858 106 39 stone
858 106 40 stone
858 106 41 stone
858 106 42 stone
858 106 43 stone
858 106 44 stone
858 106 45 stone
858 106 46 stone
858 106 47 stone
858 106 73 stone
858 106 74 stone
858 106 75 stone
858 106 76 stone
858 106 77 stone
858 106 78 stone
858 106 79 coal_ore
858 106 80 coal_ore
858 106 81 stone
858 106 82 stone
858 106 83 stone
858 106 84 granite
858 106 85 granite
858 106 86 stone
858 106 87 stone
858 106 88 stone
858 106 89 stone
858 106 90 stone
858 106 91 stone
858 106 92 stone
858 106 93 stone
858 106 94 stone
858 106 95 stone
858 106 96 stone
858 106 97 stone
858 106 98 stone
858 106 99 stone
858 106 100 stone
858 106 101 stone
858 106 102 stone
858 106 103 stone
858 106 105 stone
858 106 106 stone
858 106 107 stone
858 106 108 stone
858 106 109 stone
858 106 110 stone
858 106 111 stone
858 106 112 stone
858 106 113 stone
858 106 114 stone
858 106 115 stone
858 106 116 stone
858 106 117 stone
858 106 118 stone
858 106 119 stone
858 106 120 stone
858 106 121 stone
858 106 122 stone
858 106 123 stone
858 106 124 stone
858 106 125 stone
858 106 126 stone
858 106 127 stone
858 106 128 stone
858 106 129 stone
858 106 130 stone
858 106 131 stone
858 106 132 stone
858 106 133 stone
858 106 134 stone
858 106 135 stone
858 106 136 stone
858 106 137 stone
858 106 138 diorite
858 106 139 diorite
858 106 140 diorite
858 106 141 diorite
858 106 142 diorite
858 106 143 diorite
858 106 144 diorite
858 106 145 stone
858 106 146 stone
858 106 147 stone
858 106 148 stone
858 106 149 stone
858 106 150 stone
858 106 151 stone
858 106 152 stone
858 106 153 stone
858 106 154 stone
858 106 155 stone
858 106 156 stone
858 106 157 stone
858 106 158 stone
858 106 159 stone
858 106 160 stone
858 106 161 stone
858 106 162 stone
858 106 163 stone
858 106 164 stone
858 106 165 stone
858 106 166 stone
858 106 167 stone
858 106 168 stone
858 106 169 stone
858 106 170 stone
858 106 171 stone
858 106 172 stone
858 106 173 stone
858 106 174 stone
858 106 175 stone
858 106 176 stone
858 106 177 stone
858 106 178 stone
858 106 179 stone
858 106 180 stone
858 106 181 stone
858 106 182 stone
858 106 183 stone
858 106 184 stone
858 106 185 stone
858 106 186 stone
858 106 187 stone
858 106 188 stone
858 106 189 stone
858 106 190 stone
858 106 191 stone
858 106 192 stone
858 106 193 stone
858 106 194 stone
858 106 195 stone
858 106 196 stone
858 106 197 stone
858 106 198 stone
858 106 199 stone
858 106 200 andesite
858 106 201 andesite
858 106 202 andesite
858 106 203 andesite
858 106 204 andesite
858 106 205 andesite
858 106 206 stone
858 106 207 stone
858 106 208 stone
858 106 209 stone
858 106 210 coal_ore
858 106 211 coal_ore
858 106 212 coal_ore
858 106 213 stone
858 106 214 stone
858 106 215 stone
858 106 216 stone
858 106 217 stone
858 106 218 stone
858 106 219 stone
858 106 220 stone
858 106 221 stone
858 106 222 stone
858 106 223 stone
858 106 224 stone
858 106 225 stone
858 106 226 stone
858 106 227 stone
858 106 228 stone
858 106 229 stone
858 106 230 stone
858 106 231 stone
858 106 232 stone
858 106 233 stone
858 106 234 stone
858 106 235 stone
858 106 236 stone
858 106 237 stone
858 106 238 stone
858 106 239 stone
858 106 240 stone
858 106 241 stone
858 106 242 stone
858 106 243 stone
858 106 244 stone
858 106 245 stone
858 106 246 stone
858 106 247 stone
858 106 248 stone
858 106 249 stone
858 106 250 stone
858 106 251 stone
858 106 252 stone
858 106 253 stone
858 106 254 stone
858 106 255 stone
858 106 256 stone
858 106 257 stone
858 106 258 stone
858 106 259 stone
858 106 260 stone
858 106 261 stone
858 106 262 stone
858 106 263 stone
858 106 264 stone
858 106 265 stone
858 106 266 stone
858 106 267 stone
858 106 268 stone
858 106 269 stone
