857 136 267 stone
857 136 268 stone
857 136 269 stone
857 136 270 stone
857 136 271 stone
857 136 272 stone
857 136 273 stone
857 136 274 stone
857 136 275 stone
857 136 276 stone
857 136 277 stone
857 136 278 stone
857 136 279 stone
857 136 280 stone
857 136 281 stone
857 136 282 stone
857 136 283 stone
857 136 284 stone
857 136 285 stone
857 136 286 stone
857 136 287 stone
857 136 288 stone
857 136 289 stone
857 136 290 stone
857 136 291 stone
857 136 292 stone
857 136 293 stone
857 136 294 stone
857 136 295 stone
857 136 296 stone
857 136 297 stone
857 136 298 stone
857 136 299 stone
857 136 300 stone
857 136 301 stone
857 136 302 stone
857 136 303 stone
857 136 304 stone
857 136 305 stone
857 136 306 stone
857 136 307 stone
857 136 308 stone
857 136 309 stone
857 136 310 stone
857 136 311 stone
857 136 312 stone
857 136 313 stone
857 136 314 stone
857 136 315 stone
857 136 316 stone
857 136 317 stone
857 136 318 stone
857 136 319 stone
857 136 320 stone
857 136 321 stone
857 136 322 stone
857 136 323 stone
857 136 324 stone
857 136 325 stone
857 136 326 stone
857 136 327 stone
857 136 328 stone
857 136 329 stone
857 136 330 stone
857 136 331 stone
857 136 332 stone
857 136 333 stone
857 136 334 stone
857 136 338 stone
857 136 339 stone
857 136 340 stone
857 136 341 stone
857 136 342 stone
857 136 343 stone
857 136 344 coal_ore
857 136 345 coal_ore
857 136 346 stone
857 136 347 stone
857 136 348 stone
857 136 349 stone
857 136 350 stone
857 136 351 stone
857 136 352 stone
857 136 353 stone
857 136 354 stone
857 136 355 stone
857 136 356 stone
857 136 357 stone
857 136 358 stone
857 136 359 stone
857 136 360 stone
857 136 361 stone
857 136 362 stone
857 136 363 stone
857 136 364 stone
857 136 365 stone
857 136 366 stone
857 136 367 stone
857 136 368 stone
857 136 369 stone
857 136 370 stone
857 136 371 stone
857 136 372 stone
857 136 373 stone
857 136 374 stone
857 136 375 stone
857 136 376 stone
857 136 377 stone
857 136 378 stone
857 136 379 stone
857 136 380 stone
857 136 381 stone
857 136 382 stone
857 136 383 stone
857 136 384 stone
857 136 385 stone
857 136 386 stone
857 136 387 stone
857 136 388 coal_ore
857 136 389 coal_ore
857 136 390 stone
857 136 391 stone
857 136 392 stone
857 136 393 stone
857 136 394 stone
857 136 395 stone
857 136 396 stone
857 136 397 stone
857 136 398 stone
857 136 399 stone
857 136 400 stone
857 136 401 stone
857 136 402 stone
857 136 403 stone
857 136 404 dirt
857 136 405 dirt
857 136 406 dirt
857 136 407 dirt
857 136 408 dirt
857 136 409 stone
857 136 410 stone
857 136 411 stone
857 136 412 stone
857 136 413 stone
857 136 414 stone
857 136 415 stone
857 136 416 stone
857 136 417 stone
857 136 418 stone
857 136 419 stone
857 136 420 stone
857 136 421 stone
857 136 422 stone
857 136 423 stone
857 136 424 stone
857 136 425 stone
857 136 426 stone
857 136 427 stone
857 136 428 stone
857 136 429 stone
857 136 430 stone
857 136 431 stone
857 136 432 stone
857 136 433 stone
857 136 434 stone
857 136 435 stone
857 136 436 stone
857 136 437 stone
857 136 438 dirt
857 136 487 short_grass
857 136 488 short_grass
857 136 489 grass_block[snowy=false]
857 136 496 stone
857 136 497 stone
857 136 498 stone
857 136 499 stone
857 136 500 stone
857 136 501 stone
857 136 502 stone
857 136 515 grass_block[snowy=false]
857 136 516 grass_block[snowy=false]
857 136 517 grass_block[snowy=false]
857 136 518 dirt
857 136 519 dirt
857 136 520 dirt
857 136 521 dirt
857 136 522 stone
857 136 523 stone
857 136 524 stone
857 136 525 stone
857 136 526 stone
857 136 527 stone
857 136 528 stone
857 136 529 stone
857 136 530 stone
857 136 531 stone
857 136 532 stone
857 136 533 stone
857 136 534 stone
857 136 535 stone
857 136 536 stone
857 136 537 stone
857 136 538 stone
857 136 539 stone
857 136 540 stone
857 136 541 stone
857 136 542 stone
857 136 543 stone
857 136 544 stone
857 136 545 stone
857 136 546 stone
857 136 547 stone
857 136 548 stone
857 136 549 stone
857 136 550 stone
857 136 551 stone
857 136 552 stone
857 136 553 stone
857 136 554 stone
857 136 555 stone
857 136 556 stone
857 136 557 stone
857 136 558 stone
857 136 559 stone
857 136 560 stone
857 136 561 stone
857 136 562 stone
857 136 563 stone
857 136 564 stone
857 136 565 stone
857 136 566 stone
857 136 567 stone
857 136 568 stone
857 136 569 stone
857 136 570 stone
857 136 571 stone
857 136 572 stone
857 136 573 stone
857 136 574 stone
857 136 575 stone
857 136 576 stone
857 136 577 stone
857 136 578 stone
857 136 579 stone
857 136 580 copper_ore
857 136 581 copper_ore
857 136 582 stone
857 136 583 stone
857 136 584 stone
857 136 585 stone
857 136 586 stone
857 136 587 stone
857 136 588 stone
857 136 589 stone
857 136 590 stone
857 136 591 stone
857 136 592 andesite
857 136 593 andesite
857 136 594 andesite
857 136 595 andesite
857 136 596 andesite
857 136 597 andesite
857 136 598 andesite
857 136 599 andesite
857 136 600 andesite
857 136 601 andesite
857 136 602 stone
857 136 603 stone
857 136 604 stone
857 136 605 stone
857 136 606 stone
857 136 607 stone
857 136 608 stone
857 136 609 stone
857 136 610 stone
857 136 611 stone
857 136 612 stone
857 136 613 stone
857 136 614 stone
857 136 615 coal_ore
857 136 616 coal_ore
857 136 617 gravel
857 136 618 gravel
857 136 619 gravel
857 136 620 gravel
857 136 621 stone
857 136 622 stone
857 136 623 stone
857 136 624 stone
857 136 625 stone
857 136 626 stone
857 136 627 stone
857 136 628 stone
857 136 629 stone
857 136 630 stone
857 136 631 stone
857 136 632 stone
857 136 633 stone
857 136 634 stone
857 136 635 stone
857 136 636 stone
857 136 637 stone
857 136 638 stone
857 136 639 stone
857 136 640 stone
857 136 641 stone
857 136 642 stone
857 136 643 stone
857 136 644 stone
857 136 645 stone
857 136 646 stone
857 136 647 stone
857 136 648 stone
857 136 649 stone
857 136 650 stone
857 136 651 stone
857 136 652 stone
857 136 653 stone
857 136 654 stone
857 136 655 stone
857 136 656 stone
857 136 657 stone
857 136 658 stone
857 136 659 stone
857 136 660 stone
857 136 661 stone
857 136 662 stone
857 136 663 stone
857 136 664 stone
857 136 665 stone
857 136 666 stone
857 136 667 stone
857 136 668 stone
857 136 669 stone
857 136 670 stone
857 136 671 stone
857 136 672 stone
857 136 673 stone
857 136 674 stone
857 136 675 stone
857 136 676 stone
857 136 677 stone
857 136 678 stone
857 136 679 stone
857 136 680 stone
857 136 681 stone
857 136 682 stone
857 136 683 stone
857 136 684 stone
857 136 685 stone
857 136 686 stone
857 136 687 stone
857 136 688 stone
857 136 689 stone
857 136 690 stone
857 136 691 stone
857 136 692 stone
857 136 693 stone
857 136 694 stone
857 136 695 stone
857 136 696 stone
857 136 697 stone
857 136 698 stone
857 136 699 stone
857 136 700 stone
857 136 701 stone
857 136 702 stone
857 136 703 stone
857 136 704 stone
857 136 705 stone
857 136 706 stone
857 136 707 stone
857 136 708 stone
857 136 709 stone
857 136 710 stone
857 136 711 stone
857 136 712 stone
857 136 713 stone
857 136 714 stone
857 136 715 stone
857 136 716 stone
857 136 717 stone
857 136 718 stone
857 136 719 stone
857 136 720 stone
857 136 721 stone
857 136 722 stone
857 136 723 stone
857 136 724 granite
857 136 725 granite
857 136 726 granite
857 136 727 granite
857 136 728 granite
857 136 729 granite
857 136 730 stone
857 136 731 stone
857 136 732 stone
857 136 733 stone
857 136 734 stone
857 136 735 stone
857 136 736 stone
857 136 737 stone
857 136 738 stone
857 136 739 stone
857 136 740 stone
857 136 741 stone
857 136 742 stone
857 136 743 stone
857 136 744 stone
857 136 745 stone
857 136 746 stone
857 136 747 stone
857 136 748 stone
857 136 749 stone
857 136 750 stone
857 136 751 stone
857 136 752 stone
857 136 753 stone
857 136 754 stone
857 136 755 stone
857 136 756 stone
857 136 757 stone
857 136 758 stone
857 136 759 stone
857 136 760 stone
857 136 761 stone
857 136 762 stone
857 136 763 stone
857 136 764 stone
857 136 765 stone
857 136 766 stone
857 136 767 stone
857 136 768 stone
857 136 769 stone
857 136 770 stone
857 136 771 stone
857 136 772 stone
857 136 773 stone
857 136 774 stone
857 136 775 stone
857 136 776 stone
857 136 777 stone
857 136 778 stone
857 136 779 stone
857 136 780 stone
857 136 781 stone
857 136 782 stone
857 136 783 stone
857 136 784 stone
857 136 785 stone
857 136 786 stone
857 136 787 stone
857 136 788 stone
857 136 789 coal_ore
857 136 790 coal_ore
857 136 791 stone
857 136 792 stone
857 136 793 stone
857 136 794 stone
857 136 795 stone
857 136 796 stone
857 136 797 stone
857 136 798 stone
857 136 799 stone
857 136 800 stone
857 136 801 stone
857 136 802 stone
857 136 803 stone
857 136 804 stone
857 136 805 stone
857 136 806 stone
857 136 807 gravel
857 136 808 gravel
857 136 809 gravel
857 136 810 gravel
857 136 811 stone
857 136 812 stone
857 136 813 stone
857 136 814 stone
857 136 815 stone
857 136 816 stone
857 136 817 stone
857 136 818 stone
857 136 819 stone
857 136 820 stone
857 136 821 stone
857 136 822 stone
857 136 823 stone
857 136 824 stone
857 136 825 stone
857 136 826 stone
857 136 827 stone
857 136 828 stone
857 136 829 stone
857 136 830 stone
857 136 831 stone
857 136 832 stone
857 136 833 stone
857 136 834 stone
857 136 835 stone
857 136 836 stone
857 136 837 stone
857 136 838 stone
857 136 839 stone
857 136 840 stone
857 136 841 stone
857 136 842 stone
857 136 843 stone
857 136 844 dirt
857 136 845 dirt
857 136 846 stone
857 136 847 stone
857 136 848 stone
857 136 849 stone
857 136 850 stone
857 136 851 stone
857 136 852 stone
857 136 853 stone
857 136 854 stone
857 136 855 stone
857 136 856 stone
857 136 857 stone
857 136 858 stone
857 136 859 stone
857 136 860 stone
857 136 861 stone
857 136 862 stone
857 136 863 stone
857 136 864 stone
857 136 865 stone
857 136 866 stone
857 136 867 stone
857 136 868 stone
857 136 869 stone
857 136 870 stone
857 136 871 stone
857 136 872 stone
857 136 873 stone
857 136 874 stone
857 136 875 stone
857 136 876 stone
857 136 877 copper_ore
857 136 878 stone
857 136 879 stone
857 136 880 stone
857 136 881 stone
857 136 882 stone
857 136 883 stone
857 136 884 stone
857 136 885 stone
857 136 886 stone
857 136 887 stone
857 136 888 stone
857 136 889 stone
857 136 890 stone
857 136 891 stone
857 136 892 stone
857 136 893 stone
857 136 894 stone
857 136 895 stone
857 136 896 stone
857 136 897 stone
857 136 898 stone
857 136 899 stone
857 136 900 stone
857 136 901 stone
857 136 902 stone
857 136 903 stone
857 136 904 stone
857 136 905 stone
857 136 906 stone
857 136 907 stone
857 136 908 stone
857 136 909 stone
857 136 910 stone
857 136 911 stone
857 136 912 stone
857 136 913 stone
857 136 914 stone
857 136 915 stone
857 136 916 stone
857 136 917 stone
857 136 918 stone
857 136 919 stone
857 136 920 stone
857 136 921 stone
857 136 922 stone
857 136 923 stone
857 136 924 stone
857 136 925 stone
857 136 926 stone
857 136 927 stone
857 136 928 stone
857 136 929 stone
857 136 930 stone
857 136 931 stone
857 136 932 stone
857 136 933 stone
857 136 934 stone
857 136 935 stone
857 136 936 stone
857 136 937 stone
857 136 938 stone
857 136 939 stone
857 136 940 stone
857 136 941 stone
857 136 942 stone
857 136 943 stone
857 136 944 stone
857 136 945 stone
857 136 946 stone
857 136 947 stone
857 136 948 stone
857 136 949 stone
857 136 960 dirt
857 136 961 stone
857 136 962 stone
857 136 963 stone
857 136 964 stone
857 136 965 stone
857 136 966 stone
857 136 967 stone
857 136 968 stone
857 136 969 stone
857 136 970 stone
857 136 971 stone
857 136 972 stone
857 136 973 stone
857 136 974 stone
857 136 975 stone
857 136 976 stone
857 136 977 stone
857 136 978 stone
857 136 979 stone
857 136 980 stone
857 136 981 stone
857 136 982 stone
857 136 983 stone
857 136 984 stone
857 136 985 stone
857 136 986 stone
857 136 987 stone
857 136 988 stone
857 136 989 stone
857 136 990 stone
857 136 991 stone
857 136 992 granite
857 136 993 granite
857 136 994 granite
857 136 995 granite
857 136 996 granite
857 136 997 granite
857 136 998 stone
857 136 999 stone
857 136 1000 stone
857 136 1001 stone
857 136 1002 stone
857 136 1003 stone
857 136 1004 stone
857 136 1005 stone
857 136 1006 stone
857 136 1007 stone
857 136 1008 stone
857 136 1009 stone
857 136 1010 stone
857 136 1011 stone
857 136 1012 stone
857 136 1013 stone
857 136 1014 stone
857 136 1015 stone
857 136 1016 stone
857 136 1017 stone
857 136 1018 stone
857 136 1019 stone
857 136 1020 stone
857 136 1021 stone
857 136 1022 stone
857 136 1023 stone
857 137 0 stone
857 137 1 stone
857 137 2 stone
857 137 3 stone
857 137 4 stone
857 137 5 stone
857 137 6 stone
857 137 7 stone
857 137 8 stone
857 137 9 stone
857 137 10 dirt
857 137 11 dirt
857 137 12 dirt
857 137 13 dirt
857 137 14 dirt
857 137 15 dirt
857 137 16 dirt
857 137 17 stone
857 137 18 stone
857 137 19 stone
857 137 20 stone
857 137 21 stone
857 137 22 stone
857 137 23 stone
857 137 24 stone
857 137 25 stone
857 137 26 stone
857 137 27 dirt
857 137 28 dirt
857 137 29 dirt
857 137 30 stone
857 137 31 stone
857 137 32 stone
857 137 33 stone
857 137 34 stone
857 137 35 stone
857 137 36 stone
857 137 37 stone
857 137 38 stone
857 137 39 stone
857 137 40 stone
857 137 41 stone
857 137 42 stone
857 137 43 stone
857 137 44 stone
857 137 45 stone
857 137 46 stone
857 137 47 stone
857 137 48 stone
857 137 49 stone
857 137 50 stone
857 137 51 stone
857 137 52 stone
857 137 53 stone
857 137 54 stone
857 137 55 stone
857 137 56 stone
857 137 57 stone
857 137 58 stone
857 137 59 gravel
857 137 60 gravel
857 137 61 gravel
857 137 62 gravel
857 137 63 gravel
857 137 64 gravel
857 137 65 stone
857 137 66 stone
857 137 67 stone
857 137 68 dirt
857 137 69 dirt
857 137 70 dirt
857 137 71 dirt
857 137 72 dirt
857 137 73 dirt
857 137 74 dirt
857 137 75 dirt
857 137 76 dirt
857 137 77 grass_block[snowy=false]
857 137 79 sunflower[half=upper]
857 137 176 tall_grass[half=upper]
857 137 217 short_grass
857 137 219 grass_block[snowy=false]
857 137 220 grass_block[snowy=false]
857 137 221 grass_block[snowy=false]
857 137 222 grass_block[snowy=false]
857 137 223 grass_block[snowy=false]
857 137 224 grass_block[snowy=false]
857 137 225 grass_block[snowy=false]
857 137 226 grass_block[snowy=false]
857 137 227 dirt
857 137 228 dirt
857 137 229 dirt
857 137 230 dirt
857 137 231 dirt
857 137 232 dirt
857 137 233 dirt
857 137 234 dirt
857 137 235 dirt
857 137 236 dirt
857 137 237 dirt
857 137 238 dirt
857 137 239 dirt
857 137 240 dirt
857 137 241 dirt
857 137 242 dirt
857 137 243 dirt
857 137 244 dirt
857 137 245 dirt
857 137 246 dirt
857 137 247 dirt
857 137 248 dirt
857 137 249 dirt
857 137 250 dirt
857 137 251 dirt
857 137 252 dirt
857 137 253 dirt
857 137 254 dirt
857 137 255 dirt
857 137 256 dirt
857 137 257 dirt
857 137 258 dirt
857 137 259 dirt
857 137 260 dirt
857 137 261 dirt
857 137 262 dirt
857 137 263 dirt
857 137 264 dirt
857 137 265 dirt
857 137 266 dirt
857 137 267 dirt
857 137 268 dirt
857 137 269 dirt
857 137 270 dirt
857 137 271 dirt
857 137 272 stone
857 137 273 stone
857 137 274 stone
857 137 275 stone
857 137 276 stone
857 137 277 stone
857 137 278 stone
857 137 279 stone
857 137 280 stone
857 137 281 stone
857 137 282 stone
857 137 283 stone
857 137 284 stone
857 137 285 stone
857 137 286 stone
857 137 287 stone
857 137 288 stone
857 137 289 stone
857 137 290 stone
857 137 291 stone
857 137 292 stone
857 137 293 stone
857 137 294 stone
857 137 295 stone
857 137 296 stone
857 137 297 stone
857 137 298 stone
857 137 299 stone
857 137 300 stone
857 137 301 stone
857 137 302 stone
857 137 303 stone
857 137 304 stone
857 137 305 stone
857 137 306 stone
857 137 307 stone
857 137 308 stone
857 137 309 stone
857 137 310 stone
857 137 311 stone
857 137 312 stone
857 137 313 stone
857 137 314 stone
857 137 315 stone
857 137 316 stone
857 137 317 stone
857 137 318 stone
857 137 319 stone
857 137 320 stone
857 137 321 stone
857 137 322 stone
857 137 323 stone
857 137 324 stone
857 137 325 stone
857 137 326 stone
857 137 327 stone
857 137 328 stone
857 137 329 stone
857 137 330 stone
857 137 331 stone
857 137 332 stone
857 137 333 stone
857 137 334 stone
857 137 338 stone
857 137 339 stone
857 137 340 stone
857 137 341 stone
857 137 342 stone
857 137 343 stone
857 137 344 stone
857 137 345 stone
857 137 346 stone
857 137 347 stone
857 137 348 stone
857 137 349 stone
857 137 350 stone
857 137 351 stone
857 137 352 stone
857 137 353 stone
857 137 354 stone
857 137 355 stone
857 137 356 stone
857 137 357 stone
857 137 358 grass_block[snowy=false]
857 137 359 grass_block[snowy=false]
857 137 360 coal_ore
857 137 361 stone
857 137 362 stone
857 137 363 stone
857 137 364 stone
857 137 365 stone
857 137 366 stone
857 137 367 stone
857 137 368 stone
857 137 369 stone
857 137 370 stone
857 137 371 stone
857 137 372 stone
857 137 373 stone
857 137 374 stone
857 137 375 stone
857 137 376 stone
857 137 377 stone
857 137 378 stone
857 137 379 stone
857 137 380 stone
857 137 381 stone
857 137 382 stone
857 137 383 stone
857 137 384 stone
857 137 385 stone
857 137 386 stone
857 137 387 stone
857 137 388 coal_ore
857 137 389 coal_ore
857 137 390 stone
857 137 391 stone
857 137 392 stone
857 137 393 stone
857 137 394 stone
857 137 395 stone
857 137 396 stone
857 137 397 stone
857 137 398 stone
857 137 399 stone
857 137 400 stone
857 137 401 stone
857 137 402 stone
857 137 403 dirt
857 137 404 dirt
857 137 405 dirt
857 137 406 dirt
857 137 407 dirt
857 137 408 dirt
857 137 409 stone
857 137 410 stone
857 137 411 stone
857 137 412 stone
857 137 413 stone
857 137 414 stone
857 137 415 stone
857 137 416 stone
857 137 417 stone
857 137 418 stone
857 137 419 stone
857 137 420 stone
857 137 421 stone
857 137 422 stone
857 137 423 stone
857 137 424 stone
857 137 425 stone
857 137 426 stone
857 137 427 stone
857 137 428 stone
857 137 429 stone
857 137 430 stone
857 137 431 stone
857 137 432 stone
857 137 433 stone
857 137 434 stone
857 137 435 stone
857 137 436 stone
857 137 437 dirt
857 137 438 grass_block[snowy=false]
857 137 496 stone
857 137 497 stone
857 137 498 stone
857 137 499 stone
857 137 500 stone
857 137 501 stone
857 137 502 stone
857 137 503 stone
857 137 518 grass_block[snowy=false]
857 137 519 dirt
857 137 520 dirt
857 137 521 dirt
857 137 522 stone
857 137 523 stone
857 137 524 stone
857 137 525 stone
857 137 526 stone
857 137 527 stone
857 137 528 stone
857 137 529 stone
857 137 530 stone
857 137 531 stone
857 137 532 stone
857 137 533 stone
857 137 534 stone
857 137 535 stone
857 137 536 stone
857 137 537 stone
857 137 538 stone
857 137 539 stone
857 137 540 stone
857 137 541 stone
857 137 542 stone
857 137 543 stone
857 137 544 stone
857 137 545 stone
857 137 546 stone
857 137 547 stone
857 137 548 stone
857 137 549 stone
857 137 550 stone
857 137 551 stone
857 137 552 stone
857 137 553 stone
857 137 554 stone
857 137 555 stone
857 137 556 stone
857 137 557 stone
857 137 558 stone
857 137 559 stone
857 137 560 stone
857 137 561 stone
857 137 562 stone
857 137 563 stone
857 137 564 stone
857 137 565 stone
857 137 566 stone
857 137 567 stone
857 137 568 stone
857 137 569 stone
857 137 570 stone
857 137 571 stone
857 137 572 stone
857 137 573 stone
857 137 574 stone
857 137 575 stone
857 137 576 stone
857 137 577 stone
857 137 578 stone
857 137 579 copper_ore
857 137 580 copper_ore
857 137 581 copper_ore
857 137 582 stone
857 137 583 stone
857 137 584 stone
857 137 585 stone
857 137 586 stone
857 137 587 stone
857 137 588 stone
857 137 589 stone
857 137 590 stone
857 137 591 stone
857 137 592 stone
857 137 593 andesite
857 137 594 andesite
857 137 595 andesite
857 137 596 andesite
857 137 597 stone
857 137 598 stone
857 137 599 stone
857 137 600 stone
857 137 601 stone
857 137 602 stone
857 137 603 stone
857 137 604 stone
857 137 605 stone
857 137 606 stone
857 137 607 stone
857 137 608 stone
857 137 609 stone
857 137 610 stone
857 137 611 stone
857 137 612 stone
857 137 613 stone
857 137 614 stone
857 137 615 stone
857 137 616 stone
857 137 617 gravel
857 137 618 gravel
857 137 619 gravel
857 137 620 gravel
857 137 621 stone
857 137 622 stone
857 137 623 stone
857 137 624 stone
857 137 625 stone
857 137 626 stone
857 137 627 stone
857 137 628 stone
857 137 629 stone
857 137 630 stone
857 137 631 stone
857 137 632 stone
857 137 633 stone
857 137 634 stone
857 137 635 stone
857 137 636 stone
857 137 637 stone
857 137 638 stone
857 137 639 stone
857 137 640 stone
857 137 641 stone
857 137 642 stone
857 137 643 stone
857 137 644 stone
857 137 645 stone
857 137 646 stone
857 137 647 stone
857 137 648 stone
857 137 649 stone
857 137 650 stone
