932 113 785 andesite
fill 932 113 786 932 113 788 diorite
fill 932 113 789 932 113 825 stone
fill 932 113 826 932 113 828 granite
fill 932 113 829 932 113 857 stone
fill 932 113 858 932 113 861 diorite
fill 932 113 862 932 113 869 andesite
932 113 870 diorite
fill 932 113 871 932 113 880 granite
932 113 888 granite
fill 932 113 889 932 113 895 stone
fill 933 113 768 933 113 779 stone
fill 933 113 780 933 113 782 diorite
fill 933 113 783 933 113 786 andesite
fill 933 113 787 933 113 791 diorite
fill 933 113 792 933 113 817 stone
933 113 818 gravel
fill 933 113 819 933 113 825 stone
fill 933 113 826 933 113 829 granite
fill 933 113 830 933 113 858 stone
fill 933 113 859 933 113 861 diorite
fill 933 113 862 933 113 869 andesite
933 113 870 diorite
933 113 871 diorite
fill 933 113 872 933 113 880 granite
fill 933 113 889 933 113 895 stone
fill 934 113 768 934 113 780 stone
934 113 781 diorite
934 113 782 diorite
fill 934 113 783 934 113 787 andesite
fill 934 113 788 934 113 791 diorite
fill 934 113 792 934 113 816 stone
fill 934 113 817 934 113 819 gravel
934 113 820 stone
934 113 821 stone
934 113 822 infested_stone
934 113 823 infested_stone
934 113 824 stone
fill 934 113 825 934 113 829 granite
fill 934 113 830 934 113 859 stone
934 113 860 diorite
934 113 861 diorite
fill 934 113 862 934 113 869 andesite
934 113 870 diorite
934 113 871 diorite
fill 934 113 872 934 113 881 granite
934 113 889 copper_ore
fill 934 113 890 934 113 895 stone
fill 935 113 768 935 113 780 stone
935 113 781 dirt
935 113 782 dirt
fill 935 113 783 935 113 788 andesite
fill 935 113 789 935 113 792 diorite
fill 935 113 793 935 113 815 stone
fill 935 113 816 935 113 819 gravel
935 113 820 stone
935 113 821 stone
fill 935 113 822 935 113 824 infested_stone
fill 935 113 825 935 113 830 granite
fill 935 113 831 935 113 861 stone
fill 935 113 862 935 113 870 andesite
935 113 871 diorite
935 113 872 diorite
fill 935 113 873 935 113 881 granite
935 113 889 copper_ore
fill 935 113 890 935 113 895 stone
fill 936 113 768 936 113 776 stone
936 113 777 dirt
936 113 778 stone
936 113 779 stone
fill 936 113 780 936 113 783 dirt
fill 936 113 784 936 113 788 andesite
fill 936 113 789 936 113 793 diorite
fill 936 113 794 936 113 800 stone
936 113 801 iron_ore
fill 936 113 802 936 113 814 stone
fill 936 113 815 936 113 819 gravel
fill 936 113 820 936 113 825 stone
fill 936 113 826 936 113 831 granite
fill 936 113 832 936 113 862 stone
fill 936 113 863 936 113 870 andesite
fill 936 113 871 936 113 873 diorite
fill 936 113 874 936 113 882 granite
fill 936 113 889 936 113 895 stone
fill 937 113 768 937 113 775 stone
fill 937 113 776 937 113 783 dirt
fill 937 113 784 937 113 788 andesite
fill 937 113 789 937 113 794 diorite
fill 937 113 795 937 113 814 stone
fill 937 113 815 937 113 818 gravel
fill 937 113 819 937 113 824 stone
fill 937 113 825 937 113 831 granite
fill 937 113 832 937 113 862 stone
fill 937 113 863 937 113 870 andesite
fill 937 113 871 937 113 873 diorite
fill 937 113 874 937 113 883 granite
fill 937 113 889 937 113 895 stone
fill 938 113 768 938 113 775 stone
fill 938 113 776 938 113 781 dirt
fill 938 113 782 938 113 789 andesite
fill 938 113 790 938 113 795 diorite
fill 938 113 796 938 113 812 stone
938 113 813 stone
fill 938 113 814 938 113 817 gravel
fill 938 113 818 938 113 824 stone
fill 938 113 825 938 113 831 granite
fill 938 113 832 938 113 862 stone
fill 938 113 863 938 113 870 andesite
938 113 871 stone
938 113 872 stone
fill 938 113 873 938 113 883 granite
fill 938 113 890 938 113 895 stone
939 113 768 stone
939 113 769 stone
fill 939 113 770 939 113 774 diorite
fill 939 113 775 939 113 779 dirt
939 113 780 stone
939 113 781 stone
fill 939 113 782 939 113 789 andesite
fill 939 113 790 939 113 795 diorite
fill 939 113 796 939 113 813 stone
fill 939 113 814 939 113 816 gravel
fill 939 113 817 939 113 824 stone
fill 939 113 825 939 113 831 granite
939 113 832 stone
fill 939 113 833 939 113 835 diorite
939 113 836 infested_stone
fill 939 113 837 939 113 851 stone
939 113 852 lapis_ore
fill 939 113 853 939 113 862 stone
fill 939 113 863 939 113 870 andesite
fill 939 113 871 939 113 877 stone
fill 939 113 878 939 113 885 granite
939 113 886 stone
939 113 889 copper_ore
fill 939 113 890 939 113 895 stone
fill 940 113 768 940 113 774 diorite
940 113 775 stone
940 113 776 stone
940 113 777 dirt
fill 940 113 778 940 113 782 stone
fill 940 113 783 940 113 789 andesite
fill 940 113 790 940 113 795 diorite
940 113 796 stone
fill 940 113 797 940 113 800 andesite
fill 940 113 801 940 113 813 stone
940 113 814 gravel
fill 940 113 815 940 113 825 stone
fill 940 113 826 940 113 832 granite
fill 940 113 833 940 113 835 diorite
fill 940 113 836 940 113 843 stone
fill 940 113 844 940 113 847 granite
fill 940 113 848 940 113 850 stone
940 113 851 lapis_ore
940 113 852 lapis_ore
fill 940 113 853 940 113 863 stone
fill 940 113 864 940 113 870 andesite
fill 940 113 871 940 113 885 stone
fill 940 113 886 940 113 895 granite
fill 941 113 768 941 113 774 diorite
fill 941 113 775 941 113 782 stone
fill 941 113 783 941 113 788 andesite
941 113 789 stone
941 113 790 stone
fill 941 113 791 941 113 795 diorite
941 113 796 stone
fill 941 113 797 941 113 800 andesite
fill 941 113 801 941 113 826 stone
fill 941 113 827 941 113 832 granite
fill 941 113 833 941 113 835 diorite
fill 941 113 836 941 113 842 stone
fill 941 113 843 941 113 847 granite
fill 941 113 848 941 113 865 stone
fill 941 113 866 941 113 870 andesite
fill 941 113 871 941 113 884 stone
fill 941 113 885 941 113 895 granite
fill 942 113 768 942 113 773 diorite
fill 942 113 774 942 113 783 stone
fill 942 113 784 942 113 789 andesite
fill 942 113 790 942 113 796 stone
fill 942 113 797 942 113 801 andesite
fill 942 113 802 942 113 826 stone
fill 942 113 827 942 113 832 granite
942 113 833 diorite
942 113 834 diorite
fill 942 113 835 942 113 841 stone
fill 942 113 842 942 113 847 granite
fill 942 113 848 942 113 863 stone
fill 942 113 864 942 113 866 granite
fill 942 113 867 942 113 871 andesite
fill 942 113 872 942 113 882 stone
942 113 883 granite
fill 942 113 884 942 113 890 dirt
fill 942 113 891 942 113 895 granite
fill 943 113 768 943 113 772 diorite
fill 943 113 773 943 113 783 stone
fill 943 113 784 943 113 788 andesite
fill 943 113 789 943 113 796 stone
fill 943 113 797 943 113 802 andesite
fill 943 113 803 943 113 826 stone
fill 943 113 827 943 113 832 granite
fill 943 113 833 943 113 840 stone
fill 943 113 841 943 113 847 granite
fill 943 113 848 943 113 862 stone
943 113 863 granite
943 113 864 granite
fill 943 113 865 943 113 874 andesite
fill 943 113 875 943 113 880 stone
fill 943 113 881 943 113 883 granite
fill 943 113 884 943 113 890 dirt
fill 943 113 891 943 113 893 diorite
943 113 894 granite
943 113 895 granite
fill 944 113 768 944 113 772 diorite
fill 944 113 773 944 113 784 stone
fill 944 113 785 944 113 788 andesite
fill 944 113 789 944 113 797 stone
fill 944 113 798 944 113 802 andesite
fill 944 113 803 944 113 819 stone
944 113 820 granite
fill 944 113 821 944 113 827 stone
fill 944 113 828 944 113 832 granite
fill 944 113 833 944 113 839 stone
fill 944 113 840 944 113 846 granite
fill 944 113 847 944 113 862 stone
944 113 863 granite
fill 944 113 864 944 113 873 andesite
fill 944 113 874 944 113 880 stone
fill 944 113 881 944 113 883 granite
fill 944 113 884 944 113 890 dirt
fill 944 113 891 944 113 894 diorite
944 113 895 granite
fill 945 113 768 945 113 771 diorite
fill 945 113 772 945 113 785 stone
fill 945 113 786 945 113 788 andesite
fill 945 113 789 945 113 798 stone
fill 945 113 799 945 113 802 andesite
fill 945 113 803 945 113 816 stone
fill 945 113 817 945 113 821 granite
fill 945 113 822 945 113 828 stone
fill 945 113 829 945 113 831 granite
fill 945 113 832 945 113 838 stone
fill 945 113 839 945 113 846 granite
fill 945 113 847 945 113 849 stone
945 113 850 diorite
fill 945 113 851 945 113 862 stone
fill 945 113 863 945 113 873 andesite
fill 945 113 874 945 113 880 stone
fill 945 113 881 945 113 887 granite
fill 945 113 888 945 113 890 dirt
fill 945 113 891 945 113 894 diorite
945 113 895 granite
946 113 768 diorite
946 113 769 diorite
fill 946 113 770 946 113 799 stone
fill 946 113 800 946 113 803 andesite
fill 946 113 804 946 113 815 stone
fill 946 113 816 946 113 821 granite
fill 946 113 822 946 113 829 stone
946 113 830 granite
fill 946 113 831 946 113 838 stone
fill 946 113 839 946 113 845 granite
fill 946 113 846 946 113 848 stone
fill 946 113 849 946 113 851 diorite
fill 946 113 852 946 113 861 stone
fill 946 113 862 946 113 872 andesite
fill 946 113 873 946 113 880 stone
fill 946 113 881 946 113 886 granite
fill 946 113 887 946 113 895 diorite
fill 947 113 768 947 113 799 stone
fill 947 113 800 947 113 803 andesite
fill 947 113 804 947 113 815 stone
fill 947 113 816 947 113 820 granite
fill 947 113 821 947 113 837 stone
fill 947 113 838 947 113 842 granite
947 113 843 lapis_ore
947 113 844 granite
947 113 845 granite
fill 947 113 846 947 113 848 stone
fill 947 113 849 947 113 851 diorite
fill 947 113 852 947 113 860 stone
947 113 861 andesite
947 113 862 gravel
947 113 863 gravel
fill 947 113 864 947 113 871 andesite
fill 947 113 872 947 113 884 stone
947 113 885 granite
fill 947 113 886 947 113 895 diorite
948 113 768 stone
948 113 769 stone
fill 948 113 770 948 113 775 gravel
fill 948 113 776 948 113 796 stone
fill 948 113 797 948 113 799 coal_ore
948 113 800 stone
948 113 801 andesite
948 113 802 andesite
fill 948 113 803 948 113 813 stone
fill 948 113 814 948 113 819 granite
fill 948 113 820 948 113 837 stone
fill 948 113 838 948 113 844 granite
fill 948 113 845 948 113 850 diorite
fill 948 113 851 948 113 860 stone
fill 948 113 861 948 113 863 gravel
fill 948 113 864 948 113 870 andesite
fill 948 113 871 948 113 885 stone
fill 948 113 886 948 113 895 diorite
fill 949 113 768 949 113 776 gravel
fill 949 113 777 949 113 796 stone
fill 949 113 797 949 113 799 coal_ore
fill 949 113 800 949 113 812 stone
fill 949 113 813 949 113 819 granite
fill 949 113 820 949 113 837 stone
fill 949 113 838 949 113 843 granite
fill 949 113 844 949 113 849 diorite
fill 949 113 850 949 113 860 stone
fill 949 113 861 949 113 864 gravel
949 113 865 andesite
949 113 866 stone
949 113 867 andesite
fill 949 113 868 949 113 884 stone
fill 949 113 885 949 113 895 diorite
fill 950 113 768 950 113 775 gravel
fill 950 113 776 950 113 780 stone
fill 950 113 781 950 113 783 granite
fill 950 113 784 950 113 812 stone
950 113 813 granite
fill 950 113 814 950 113 816 coal_ore
fill 950 113 817 950 113 837 stone
fill 950 113 838 950 113 842 granite
fill 950 113 843 950 113 850 diorite
fill 950 113 851 950 113 860 stone
fill 950 113 861 950 113 864 gravel
fill 950 113 865 950 113 883 stone
950 113 884 infested_stone
950 113 885 infested_stone
fill 950 113 886 950 113 895 diorite
fill 951 113 768 951 113 774 gravel
fill 951 113 775 951 113 777 stone
fill 951 113 778 951 113 788 granite
fill 951 113 789 951 113 812 stone
951 113 813 granite
951 113 814 granite
951 113 815 coal_ore
951 113 816 coal_ore
fill 951 113 817 951 113 837 stone
fill 951 113 838 951 113 840 granite
951 113 841 stone
951 113 842 stone
fill 951 113 843 951 113 850 diorite
fill 951 113 851 951 113 860 stone
fill 951 113 861 951 113 864 gravel
fill 951 113 865 951 113 883 stone
951 113 884 infested_stone
951 113 885 infested_stone
fill 951 113 886 951 113 892 diorite
fill 951 113 893 951 113 895 stone
fill 952 113 768 952 113 774 stone
fill 952 113 775 952 113 788 granite
fill 952 113 789 952 113 842 stone
fill 952 113 843 952 113 850 diorite
fill 952 113 851 952 113 860 stone
fill 952 113 861 952 113 864 gravel
fill 952 113 865 952 113 883 stone
fill 952 113 884 952 113 892 diorite
fill 952 113 893 952 113 895 stone
fill 953 113 768 953 113 773 stone
fill 953 113 774 953 113 788 granite
fill 953 113 789 953 113 832 stone
953 113 833 dirt
fill 953 113 834 953 113 841 stone
fill 953 113 842 953 113 849 diorite
fill 953 113 850 953 113 860 stone
fill 953 113 861 953 113 864 gravel
fill 953 113 865 953 113 882 stone
fill 953 113 883 953 113 891 diorite
fill 953 113 892 953 113 895 stone
fill 954 113 768 954 113 771 stone
fill 954 113 772 954 113 784 granite
fill 954 113 785 954 113 787 gravel
fill 954 113 788 954 113 814 stone
954 113 815 iron_ore
fill 954 113 816 954 113 832 stone
954 113 833 dirt
954 113 834 dirt
fill 954 113 835 954 113 841 stone
fill 954 113 842 954 113 849 diorite
fill 954 113 850 954 113 861 stone
fill 954 113 862 954 113 864 gravel
fill 954 113 865 954 113 882 stone
fill 954 113 883 954 113 890 diorite
fill 954 113 891 954 113 895 stone
fill 955 113 768 955 113 771 stone
fill 955 113 772 955 113 777 granite
fill 955 113 778 955 113 780 andesite
fill 955 113 781 955 113 784 granite
fill 955 113 785 955 113 789 gravel
fill 955 113 790 955 113 824 stone
fill 955 113 825 955 113 831 stone
fill 955 113 832 955 113 834 dirt
fill 955 113 835 955 113 840 stone
fill 955 113 841 955 113 847 diorite
fill 955 113 848 955 113 861 stone
fill 955 113 862 955 113 864 gravel
fill 955 113 865 955 113 882 stone
fill 955 113 883 955 113 890 diorite
fill 955 113 891 955 113 895 stone
fill 956 113 768 956 113 771 stone
fill 956 113 772 956 113 776 granite
fill 956 113 777 956 113 780 andesite
fill 956 113 781 956 113 784 granite
fill 956 113 785 956 113 789 gravel
fill 956 113 790 956 113 831 stone
fill 956 113 832 956 113 834 dirt
fill 956 113 835 956 113 840 stone
fill 956 113 841 956 113 846 diorite
fill 956 113 847 956 113 882 stone
fill 956 113 883 956 113 889 diorite
fill 956 113 890 956 113 895 stone
fill 957 113 768 957 113 774 stone
957 113 775 granite
fill 957 113 776 957 113 780 andesite
fill 957 113 781 957 113 785 stone
fill 957 113 786 957 113 790 gravel
fill 957 113 791 957 113 831 stone
fill 957 113 832 957 113 835 dirt
fill 957 113 836 957 113 839 stone
fill 957 113 840 957 113 845 diorite
fill 957 113 846 957 113 863 stone
957 113 864 copper_ore
fill 957 113 865 957 113 882 stone
fill 957 113 883 957 113 888 diorite
fill 957 113 889 957 113 895 stone
fill 958 113 768 958 113 774 stone
fill 958 113 775 958 113 780 andesite
fill 958 113 781 958 113 785 stone
fill 958 113 786 958 113 790 gravel
fill 958 113 791 958 113 831 stone
fill 958 113 832 958 113 835 dirt
fill 958 113 836 958 113 840 stone
fill 958 113 841 958 113 843 diorite
fill 958 113 844 958 113 846 stone
fill 958 113 847 958 113 851 dirt
fill 958 113 852 958 113 882 stone
fill 958 113 883 958 113 887 diorite
fill 958 113 888 958 113 895 stone
fill 959 113 768 959 113 770 diorite
fill 959 113 771 959 113 774 stone
fill 959 113 775 959 113 781 andesite
fill 959 113 782 959 113 787 stone
fill 959 113 788 959 113 791 gravel
fill 959 113 792 959 113 806 stone
959 113 807 copper_ore
fill 959 113 808 959 113 831 stone
fill 959 113 832 959 113 835 dirt
fill 959 113 836 959 113 840 stone
959 113 841 diorite
959 113 842 diorite
fill 959 113 843 959 113 847 stone
fill 959 113 848 959 113 853 dirt
fill 959 113 854 959 113 871 stone
fill 959 113 872 959 113 876 granite
fill 959 113 877 959 113 882 stone
fill 959 113 883 959 113 886 diorite
fill 959 113 887 959 113 895 stone
fill 960 113 768 960 113 774 diorite
fill 960 113 775 960 113 781 andesite
fill 960 113 782 960 113 789 stone
960 113 790 gravel
960 113 791 gravel
fill 960 113 792 960 113 805 stone
960 113 806 copper_ore
fill 960 113 807 960 113 832 stone
fill 960 113 833 960 113 835 dirt
fill 960 113 836 960 113 848 stone
fill 960 113 849 960 113 854 dirt
fill 960 113 855 960 113 870 stone
fill 960 113 871 960 113 875 granite
960 113 876 emerald_ore
fill 960 113 877 960 113 883 granite
fill 960 113 884 960 113 895 stone
fill 961 113 768 961 113 775 diorite
fill 961 113 776 961 113 780 andesite
fill 961 113 781 961 113 815 stone
fill 961 113 816 961 113 821 diorite
fill 961 113 822 961 113 832 stone
fill 961 113 833 961 113 835 dirt
fill 961 113 836 961 113 842 stone
fill 961 113 843 961 113 846 gravel
fill 961 113 847 961 113 854 stone
961 113 855 andesite
fill 961 113 856 961 113 867 stone
fill 961 113 868 961 113 875 granite
961 113 876 emerald_ore
fill 961 113 877 961 113 884 granite
fill 961 113 885 961 113 895 stone
fill 962 113 768 962 113 775 diorite
fill 962 113 776 962 113 780 andesite
fill 962 113 781 962 113 804 stone
fill 962 113 805 962 113 809 dirt
fill 962 113 810 962 113 813 stone
fill 962 113 814 962 113 822 diorite
fill 962 113 823 962 113 832 stone
fill 962 113 833 962 113 835 dirt
fill 962 113 836 962 113 842 stone
fill 962 113 843 962 113 848 gravel
fill 962 113 849 962 113 854 stone
fill 962 113 855 962 113 857 andesite
fill 962 113 858 962 113 867 stone
fill 962 113 868 962 113 885 granite
fill 962 113 886 962 113 895 stone
fill 963 113 768 963 113 775 diorite
fill 963 113 776 963 113 780 andesite
fill 963 113 781 963 113 805 stone
fill 963 113 806 963 113 811 dirt
fill 963 113 812 963 113 822 diorite
fill 963 113 823 963 113 842 stone
fill 963 113 843 963 113 849 gravel
fill 963 113 850 963 113 853 stone
fill 963 113 854 963 113 858 andesite
fill 963 113 859 963 113 867 stone
fill 963 113 868 963 113 885 granite
fill 963 113 886 963 113 895 stone
fill 964 113 768 964 113 774 diorite
fill 964 113 775 964 113 777 andesite
964 113 778 andesite
964 113 779 andesite
964 113 780 copper_ore
fill 964 113 781 964 113 806 stone
fill 964 113 807 964 113 811 dirt
fill 964 113 812 964 113 822 diorite
fill 964 113 823 964 113 843 stone
fill 964 113 844 964 113 849 gravel
fill 964 113 850 964 113 853 stone
fill 964 113 854 964 113 858 andesite
fill 964 113 859 964 113 867 stone
fill 964 113 868 964 113 884 granite
fill 964 113 885 964 113 895 stone
fill 965 113 768 965 113 772 diorite
fill 965 113 773 965 113 779 andesite
fill 965 113 780 965 113 807 stone
fill 965 113 808 965 113 811 dirt
fill 965 113 812 965 113 821 diorite
fill 965 113 822 965 113 846 stone
fill 965 113 847 965 113 849 gravel
fill 965 113 850 965 113 854 stone
fill 965 113 855 965 113 858 andesite
fill 965 113 859 965 113 870 stone
fill 965 113 871 965 113 877 granite
fill 965 113 878 965 113 884 diorite
fill 965 113 885 965 113 895 stone
966 113 768 diorite
966 113 769 diorite
fill 966 113 770 966 113 772 stone
fill 966 113 773 966 113 778 andesite
fill 966 113 779 966 113 805 stone
fill 966 113 806 966 113 820 diorite
fill 966 113 821 966 113 855 stone
fill 966 113 856 966 113 858 andesite
fill 966 113 859 966 113 872 stone
fill 966 113 873 966 113 876 granite
fill 966 113 877 966 113 887 diorite
fill 966 113 888 966 113 895 stone
fill 967 113 768 967 113 771 stone
fill 967 113 772 967 113 778 andesite
fill 967 113 779 967 113 804 stone
fill 967 113 805 967 113 819 diorite
fill 967 113 820 967 113 822 stone
967 113 823 dirt
967 113 824 dirt
fill 967 113 825 967 113 876 stone
fill 967 113 877 967 113 890 diorite
fill 967 113 891 967 113 895 stone
fill 968 113 768 968 113 771 stone
fill 968 113 772 968 113 777 andesite
fill 968 113 778 968 113 804 stone
fill 968 113 805 968 113 817 diorite
fill 968 113 818 968 113 821 stone
fill 968 113 822 968 113 824 dirt
fill 968 113 825 968 113 869 stone
968 113 870 emerald_ore
fill 968 113 871 968 113 876 stone
fill 968 113 877 968 113 891 diorite
fill 968 113 892 968 113 895 stone
fill 969 113 768 969 113 771 stone
fill 969 113 772 969 113 777 andesite
969 113 778 stone
969 113 779 stone
fill 969 113 780 969 113 783 andesite
fill 969 113 784 969 113 804 stone
fill 969 113 805 969 113 817 diorite
fill 969 113 818 969 113 820 stone
fill 969 113 821 969 113 823 dirt
fill 969 113 824 969 113 831 stone
969 113 832 granite
fill 969 113 833 969 113 847 stone
969 113 848 iron_ore
fill 969 113 849 969 113 877 stone
fill 969 113 878 969 113 892 diorite
fill 969 113 893 969 113 895 stone
fill 970 113 768 970 113 771 stone
fill 970 113 772 970 113 786 andesite
fill 970 113 787 970 113 805 stone
fill 970 113 806 970 113 818 diorite
970 113 819 stone
970 113 820 stone
970 113 821 dirt
970 113 822 dirt
fill 970 113 823 970 113 830 stone
fill 970 113 831 970 113 834 granite
fill 970 113 835 970 113 877 stone
970 113 878 diorite
970 113 879 diorite
970 113 880 copper_ore
fill 970 113 881 970 113 883 granite
fill 970 113 884 970 113 893 diorite
970 113 894 stone
970 113 895 stone
fill 971 113 768 971 113 772 stone
971 113 773 andesite
971 113 774 andesite
971 113 775 stone
fill 971 113 776 971 113 787 andesite
fill 971 113 788 971 113 806 stone
fill 971 113 807 971 113 819 diorite
971 113 820 dirt
fill 971 113 821 971 113 829 stone
fill 971 113 830 971 113 834 granite