710 136 892 stone
710 136 893 stone
710 136 894 stone
710 136 895 stone
711 136 768 stone
711 136 769 stone
711 136 770 stone
711 136 771 stone
711 136 772 stone
711 136 773 stone
711 136 774 stone
711 136 775 stone
711 136 776 stone
711 136 777 stone
711 136 778 stone
711 136 779 stone
711 136 821 stone
711 136 822 stone
711 136 823 stone
711 136 824 stone
711 136 825 stone
711 136 826 stone
711 136 827 stone
711 136 828 stone
711 136 829 stone
711 136 830 stone
711 136 831 stone
711 136 832 stone
711 136 833 stone
711 136 834 stone
711 136 835 stone
711 136 836 stone
711 136 837 stone
711 136 838 stone
711 136 839 stone
711 136 840 stone
711 136 841 stone
711 136 842 stone
711 136 843 stone
711 136 844 stone
711 136 845 stone
711 136 846 stone
711 136 847 stone
711 136 848 stone
711 136 849 stone
711 136 850 stone
711 136 851 stone
711 136 852 stone
711 136 853 stone
711 136 854 coal_ore
711 136 855 coal_ore
711 136 856 stone
711 136 857 stone
711 136 858 stone
711 136 859 stone
711 136 860 stone
711 136 861 stone
711 136 862 stone
711 136 863 stone
711 136 864 stone
711 136 865 stone
711 136 866 stone
711 136 867 stone
711 136 868 stone
711 136 869 stone
711 136 870 stone
711 136 871 stone
711 136 872 stone
711 136 873 stone
711 136 874 stone
711 136 875 stone
711 136 876 stone
711 136 877 stone
711 136 878 stone
711 136 879 stone
711 136 880 stone
711 136 881 stone
711 136 882 stone
711 136 883 stone
711 136 884 stone
711 136 885 stone
711 136 886 stone
711 136 887 stone
711 136 888 stone
711 136 889 stone
711 136 890 stone
711 136 891 stone
711 136 892 stone
711 136 893 stone
711 136 894 stone
711 136 895 stone
712 136 768 stone
712 136 769 stone
712 136 770 stone
712 136 771 stone
712 136 772 stone
712 136 773 stone
712 136 774 stone
712 136 775 stone
712 136 776 stone
712 136 777 stone
712 136 778 stone
712 136 779 dirt
712 136 821 stone
712 136 822 stone
712 136 823 stone
712 136 824 stone
712 136 825 stone
712 136 826 stone
712 136 827 stone
712 136 828 stone
712 136 829 stone
712 136 830 stone
712 136 831 stone
712 136 832 stone
712 136 833 stone
712 136 834 stone
712 136 835 stone
712 136 836 stone
712 136 837 stone
712 136 838 stone
712 136 839 stone
712 136 840 stone
712 136 841 stone
712 136 842 stone
712 136 843 stone
712 136 844 stone
712 136 845 stone
712 136 846 stone
712 136 847 stone
712 136 848 stone
712 136 849 stone
712 136 850 stone
712 136 851 stone
712 136 852 stone
712 136 853 stone
712 136 854 coal_ore
712 136 855 coal_ore
712 136 856 stone
712 136 857 stone
712 136 858 stone
712 136 859 stone
712 136 860 stone
712 136 861 stone
712 136 862 stone
712 136 863 stone
712 136 864 stone
712 136 865 stone
712 136 866 stone
712 136 867 copper_ore
712 136 868 stone
712 136 869 stone
712 136 870 stone
712 136 871 stone
712 136 872 stone
712 136 873 stone
712 136 874 stone
712 136 875 stone
712 136 876 stone
712 136 877 stone
712 136 878 stone
712 136 879 stone
712 136 880 stone
712 136 881 stone
712 136 882 stone
712 136 883 stone
712 136 884 stone
712 136 885 stone
712 136 886 stone
712 136 887 stone
712 136 888 stone
712 136 889 stone
712 136 890 stone
712 136 891 stone
712 136 892 stone
712 136 893 stone
712 136 894 stone
712 136 895 stone
713 136 768 stone
713 136 769 stone
713 136 770 stone
713 136 771 stone
713 136 772 stone
713 136 773 stone
713 136 774 stone
713 136 775 stone
713 136 776 stone
713 136 777 stone
713 136 778 stone
713 136 779 grass_block[snowy=false]
713 136 820 stone
713 136 821 stone
713 136 822 stone
713 136 823 stone
713 136 824 stone
713 136 825 stone
713 136 826 stone
713 136 827 stone
713 136 828 stone
713 136 829 stone
713 136 830 stone
713 136 832 stone
713 136 833 stone
713 136 834 stone
713 136 835 stone
713 136 836 stone
713 136 837 stone
713 136 838 stone
713 136 839 stone
713 136 840 stone
713 136 841 stone
713 136 842 stone
713 136 843 stone
713 136 844 stone
713 136 845 stone
713 136 846 stone
713 136 847 stone
713 136 848 stone
713 136 849 stone
713 136 850 stone
713 136 851 stone
713 136 852 stone
713 136 853 stone
713 136 854 coal_ore
713 136 855 coal_ore
713 136 856 stone
713 136 857 stone
713 136 858 stone
713 136 859 stone
713 136 860 stone
713 136 861 stone
713 136 862 stone
713 136 863 stone
713 136 864 stone
713 136 865 stone
713 136 866 stone
713 136 867 copper_ore
713 136 868 copper_ore
713 136 869 stone
713 136 870 stone
713 136 871 stone
713 136 872 stone
713 136 873 stone
713 136 874 stone
713 136 875 stone
713 136 876 stone
713 136 877 stone
713 136 878 stone
713 136 879 stone
713 136 880 stone
713 136 881 stone
713 136 882 stone
713 136 883 stone
713 136 884 stone
713 136 885 stone
713 136 886 stone
713 136 887 stone
713 136 888 stone
713 136 889 stone
713 136 890 stone
713 136 891 stone
713 136 892 stone
713 136 893 stone
713 136 894 stone
713 136 895 stone
714 136 768 stone
714 136 769 stone
714 136 770 stone
714 136 771 stone
714 136 772 stone
714 136 773 stone
714 136 774 stone
714 136 775 stone
714 136 776 stone
714 136 777 stone
714 136 778 dirt
714 136 819 dirt
714 136 820 stone
714 136 821 stone
714 136 822 stone
714 136 823 stone
714 136 824 stone
714 136 825 stone
714 136 826 stone
714 136 827 stone
714 136 828 stone
714 136 829 stone
714 136 832 stone
714 136 833 stone
714 136 834 stone
714 136 835 stone
714 136 836 stone
714 136 837 stone
714 136 838 stone
714 136 839 stone
714 136 840 stone
714 136 841 stone
714 136 842 stone
714 136 843 stone
714 136 844 stone
714 136 845 stone
714 136 846 stone
714 136 847 stone
714 136 848 stone
714 136 849 stone
714 136 850 stone
714 136 851 stone
714 136 852 stone
714 136 853 stone
714 136 854 coal_ore
714 136 855 coal_ore
714 136 856 stone
714 136 857 stone
714 136 858 stone
714 136 859 stone
714 136 860 stone
714 136 861 stone
714 136 862 stone
714 136 863 stone
714 136 864 stone
714 136 865 stone
714 136 866 stone
714 136 867 stone
714 136 868 stone
714 136 869 stone
714 136 870 stone
714 136 871 stone
714 136 872 stone
714 136 873 stone
714 136 874 stone
714 136 875 stone
714 136 876 stone
714 136 877 stone
714 136 878 stone
714 136 879 stone
714 136 880 stone
714 136 881 stone
714 136 882 stone
714 136 883 stone
714 136 884 stone
714 136 885 stone
714 136 886 stone
714 136 887 stone
714 136 888 stone
714 136 889 stone
714 136 890 stone
714 136 891 stone
714 136 892 stone
714 136 893 stone
714 136 894 stone
714 136 895 stone
715 136 768 stone
715 136 769 stone
715 136 770 stone
715 136 771 stone
715 136 772 stone
715 136 773 stone
715 136 774 stone
715 136 775 stone
715 136 776 stone
715 136 777 stone
715 136 778 grass_block[snowy=false]
715 136 818 dirt
715 136 819 stone
715 136 820 stone
715 136 821 stone
715 136 822 stone
715 136 823 stone
715 136 824 stone
715 136 825 stone
715 136 826 stone
715 136 827 stone
715 136 828 stone
715 136 829 stone
715 136 832 stone
715 136 833 stone
715 136 834 stone
715 136 835 stone
715 136 836 stone
715 136 837 stone
715 136 838 stone
715 136 839 stone
715 136 840 stone
715 136 841 stone
715 136 842 stone
715 136 843 stone
715 136 844 stone
715 136 845 stone
715 136 846 stone
715 136 847 stone
715 136 848 stone
715 136 849 stone
715 136 850 stone
715 136 851 stone
715 136 852 stone
715 136 853 stone
715 136 854 stone
715 136 855 stone
715 136 856 stone
715 136 857 stone
715 136 858 stone
715 136 859 stone
715 136 860 stone
715 136 861 stone
715 136 862 stone
715 136 863 stone
715 136 864 stone
715 136 865 stone
715 136 866 stone
715 136 867 stone
715 136 868 stone
715 136 869 stone
715 136 870 stone
715 136 871 stone
715 136 872 stone
715 136 873 stone
715 136 874 stone
715 136 875 stone
715 136 876 stone
715 136 877 stone
715 136 878 stone
715 136 879 stone
715 136 880 stone
715 136 881 stone
715 136 882 stone
715 136 883 stone
715 136 884 stone
715 136 885 stone
715 136 886 stone
715 136 887 stone
715 136 888 stone
715 136 889 stone
715 136 890 stone
715 136 891 stone
715 136 892 stone
715 136 893 stone
715 136 894 stone
715 136 895 stone
716 136 768 stone
716 136 769 stone
716 136 770 stone
716 136 771 stone
716 136 772 stone
716 136 773 stone
716 136 774 stone
716 136 775 stone
716 136 776 stone
716 136 777 dirt
716 136 817 dirt
716 136 818 stone
716 136 819 stone
716 136 820 stone
716 136 821 stone
716 136 822 stone
716 136 823 stone
716 136 824 stone
716 136 825 stone
716 136 826 stone
716 136 827 stone
716 136 828 stone
716 136 832 stone
716 136 833 stone
716 136 834 stone
716 136 835 stone
716 136 836 stone
716 136 837 stone
716 136 838 stone
716 136 839 stone
716 136 840 stone
716 136 841 stone
716 136 842 stone
716 136 843 stone
716 136 844 stone
716 136 845 stone
716 136 846 stone
716 136 847 stone
716 136 848 stone
716 136 849 stone
716 136 850 stone
716 136 851 stone
716 136 852 stone
716 136 853 stone
716 136 854 stone
716 136 855 stone
716 136 856 stone
716 136 857 stone
716 136 858 stone
716 136 859 stone
716 136 860 stone
716 136 861 stone
716 136 862 stone
716 136 863 stone
716 136 864 stone
716 136 865 stone
716 136 866 stone
716 136 867 stone
716 136 868 stone
716 136 869 stone
716 136 870 stone
716 136 871 stone
716 136 872 stone
716 136 873 stone
716 136 874 stone
716 136 875 stone
716 136 876 stone
716 136 877 stone
716 136 878 stone
716 136 879 stone
716 136 880 stone
716 136 881 stone
716 136 882 stone
716 136 883 stone
716 136 884 stone
716 136 885 stone
716 136 886 stone
716 136 887 stone
716 136 888 stone
716 136 889 stone
716 136 890 stone
716 136 891 stone
716 136 892 stone
716 136 893 stone
716 136 894 stone
716 136 895 stone
717 136 768 stone
717 136 769 stone
717 136 770 stone
717 136 771 stone
717 136 772 stone
717 136 773 stone
717 136 774 stone
717 136 775 stone
717 136 776 grass_block[snowy=false]
717 136 817 stone
717 136 818 stone
717 136 819 stone
717 136 820 stone
717 136 821 stone
717 136 822 stone
717 136 823 stone
717 136 824 stone
717 136 825 stone
717 136 826 stone
717 136 827 stone
717 136 832 stone
717 136 833 stone
717 136 834 stone
717 136 835 stone
717 136 836 stone
717 136 837 stone
717 136 838 stone
717 136 839 stone
717 136 840 stone
717 136 841 stone
717 136 842 stone
717 136 843 stone
717 136 844 stone
717 136 845 stone
717 136 846 stone
717 136 847 stone
717 136 848 stone
717 136 849 stone
717 136 850 stone
717 136 851 stone
717 136 852 stone
717 136 853 stone
717 136 854 stone
717 136 855 stone
717 136 856 stone
717 136 857 stone
717 136 858 stone
717 136 859 stone
717 136 860 stone
717 136 861 stone
717 136 862 stone
717 136 863 stone
717 136 864 stone
717 136 865 stone
717 136 866 stone
717 136 867 stone
717 136 868 stone
717 136 869 stone
717 136 870 stone
717 136 871 stone
717 136 872 stone
717 136 873 stone
717 136 874 stone
717 136 875 stone
717 136 876 stone
717 136 877 stone
717 136 878 stone
717 136 879 stone
717 136 880 stone
717 136 881 stone
717 136 882 stone
717 136 883 stone
717 136 884 stone
717 136 885 stone
717 136 886 stone
717 136 887 stone
717 136 888 stone
717 136 889 stone
717 136 890 stone
717 136 891 stone
717 136 892 stone
717 136 893 stone
717 136 894 stone
717 136 895 stone
718 136 768 stone
718 136 769 stone
718 136 770 stone
718 136 771 stone
718 136 772 stone
718 136 773 stone
718 136 774 dirt
718 136 775 grass_block[snowy=false]
718 136 817 stone
718 136 818 stone
718 136 819 stone
718 136 820 stone
718 136 821 stone
718 136 822 stone
718 136 823 stone
718 136 824 stone
718 136 825 stone
718 136 826 stone
718 136 827 stone
718 136 831 stone
718 136 832 stone
718 136 833 stone
718 136 834 stone
718 136 835 stone
718 136 836 stone
718 136 837 stone
718 136 838 stone
718 136 839 stone
718 136 840 stone
718 136 841 stone
718 136 842 stone
718 136 843 stone
718 136 844 stone
718 136 845 stone
718 136 846 stone
718 136 847 stone
718 136 848 stone
718 136 849 stone
718 136 850 stone
718 136 851 stone
718 136 852 stone
718 136 853 stone
718 136 854 stone
718 136 855 stone
718 136 856 stone
718 136 857 stone
718 136 858 stone
718 136 859 stone
718 136 860 stone
718 136 861 stone
718 136 862 stone
718 136 863 stone
718 136 864 stone
718 136 865 stone
718 136 866 stone
718 136 867 stone
718 136 868 stone
718 136 869 stone
718 136 870 stone
718 136 871 stone
718 136 872 stone
718 136 873 stone
718 136 874 stone
718 136 875 stone
718 136 876 stone
718 136 877 stone
718 136 878 stone
718 136 879 stone
718 136 880 stone
718 136 881 stone
718 136 882 stone
718 136 883 stone
718 136 884 stone
718 136 885 stone
718 136 886 stone
718 136 887 stone
718 136 888 stone
718 136 889 stone
718 136 890 stone
718 136 891 stone
718 136 892 stone
718 136 893 stone
718 136 894 stone
718 136 895 stone
719 136 768 stone
719 136 769 stone
719 136 770 stone
719 136 771 stone
719 136 772 stone
719 136 773 dirt
719 136 774 grass_block[snowy=false]
719 136 816 dirt
719 136 817 stone
719 136 818 stone
719 136 819 stone
719 136 820 stone
719 136 821 stone
719 136 822 stone
719 136 823 stone
719 136 824 stone
719 136 825 stone
719 136 826 stone
719 136 831 stone
719 136 832 stone
719 136 833 stone
719 136 834 stone
719 136 835 stone
719 136 836 stone
719 136 837 stone
719 136 838 stone
719 136 839 stone
719 136 840 stone
719 136 841 stone
719 136 842 stone
719 136 843 stone
719 136 844 stone
719 136 845 stone
719 136 846 stone
719 136 847 stone
719 136 848 stone
719 136 849 stone
719 136 850 stone
719 136 851 stone
719 136 852 stone
719 136 853 stone
719 136 854 stone
719 136 855 stone
719 136 856 stone
719 136 857 stone
719 136 858 stone
719 136 859 stone
719 136 860 stone
719 136 861 stone
719 136 862 stone
719 136 863 stone
719 136 864 stone
719 136 865 stone
719 136 866 gravel
719 136 867 gravel
719 136 868 stone
719 136 869 stone
719 136 870 stone
719 136 871 stone
719 136 872 stone
719 136 873 stone
719 136 874 stone
719 136 875 stone
719 136 876 stone
719 136 877 stone
719 136 878 stone
719 136 879 stone
719 136 880 stone
719 136 881 stone
719 136 882 stone
719 136 883 stone
719 136 884 stone
719 136 885 stone
719 136 886 stone
719 136 887 stone
719 136 888 stone
719 136 889 stone
719 136 890 stone
719 136 891 stone
719 136 892 stone
719 136 893 stone
719 136 894 stone
719 136 895 stone
720 136 768 stone
720 136 769 stone
720 136 770 stone
720 136 771 dirt
720 136 772 dirt
720 136 773 grass_block[snowy=false]
720 136 816 dirt
720 136 817 stone
720 136 818 stone
720 136 819 stone
720 136 820 stone
720 136 821 stone
720 136 822 stone
720 136 823 stone
720 136 824 stone
720 136 825 stone
720 136 826 stone
720 136 830 stone
720 136 831 stone
720 136 832 stone
720 136 833 stone
720 136 834 stone
720 136 835 stone
720 136 836 stone
720 136 837 stone
720 136 838 stone
720 136 839 stone
720 136 840 stone
720 136 841 stone
720 136 842 stone
720 136 843 stone
720 136 844 stone
720 136 845 stone
720 136 846 stone
720 136 847 stone
720 136 848 stone
720 136 849 stone
720 136 850 stone
720 136 851 stone
720 136 852 stone
720 136 853 stone
720 136 854 stone
720 136 855 stone
720 136 856 stone
720 136 857 stone
720 136 858 stone
720 136 859 stone
720 136 860 stone
720 136 861 stone
720 136 862 stone
720 136 863 stone
720 136 864 stone
720 136 865 stone
720 136 866 gravel
720 136 867 gravel
720 136 868 gravel
720 136 869 stone
720 136 870 stone
720 136 871 stone
720 136 872 stone
720 136 873 stone
720 136 874 stone
720 136 875 stone
720 136 876 stone
720 136 877 stone
720 136 878 stone
720 136 879 stone
720 136 880 stone
720 136 881 stone
720 136 882 stone
720 136 883 stone
720 136 884 stone
720 136 885 stone
720 136 886 stone
720 136 887 stone
720 136 888 stone
720 136 889 stone
720 136 890 stone
720 136 892 stone
720 136 893 stone
720 136 894 stone
720 136 895 stone
721 136 768 grass_block[snowy=false]
721 136 769 grass_block[snowy=false]
721 136 770 grass_block[snowy=false]
721 136 771 grass_block[snowy=false]
721 136 816 dirt
721 136 817 stone
721 136 818 stone
721 136 819 stone
721 136 820 stone
721 136 821 stone
721 136 822 stone
721 136 823 stone
721 136 824 stone
721 136 825 stone
721 136 826 stone
721 136 830 stone
721 136 831 coal_ore
721 136 832 coal_ore
721 136 833 coal_ore
721 136 834 coal_ore
721 136 835 coal_ore
721 136 836 stone
721 136 837 stone
721 136 838 stone
721 136 839 stone
721 136 840 stone
721 136 841 stone
721 136 842 stone
721 136 843 stone
721 136 844 stone
721 136 845 stone
721 136 846 stone
721 136 847 stone
721 136 848 stone
721 136 849 stone
721 136 850 stone
721 136 851 stone
721 136 852 stone
721 136 853 stone
721 136 854 stone
721 136 855 stone
721 136 856 stone
721 136 857 stone
721 136 858 stone
721 136 859 stone
721 136 860 stone
721 136 861 stone
721 136 862 stone
721 136 863 stone
721 136 864 stone
721 136 865 stone
721 136 866 gravel
721 136 867 gravel
721 136 868 gravel
721 136 869 gravel
721 136 870 stone
721 136 871 stone
721 136 872 stone
721 136 873 stone
721 136 874 stone
721 136 875 stone
721 136 876 stone
721 136 877 stone
721 136 878 stone
721 136 879 stone
721 136 880 stone
721 136 881 stone
721 136 882 stone
721 136 883 stone
721 136 884 stone
721 136 885 stone
721 136 886 stone
721 136 887 stone
721 136 888 stone
721 136 889 stone
721 136 890 stone
721 136 892 stone
721 136 893 stone
721 136 894 stone
721 136 895 stone
722 136 816 dirt
722 136 817 stone
722 136 818 stone
722 136 819 stone
722 136 820 stone
722 136 821 stone
722 136 822 stone
722 136 823 stone
722 136 824 stone
722 136 825 stone
722 136 829 stone
722 136 830 stone
722 136 831 stone
722 136 832 coal_ore
722 136 833 coal_ore
722 136 834 coal_ore
722 136 835 coal_ore
722 136 836 coal_ore
722 136 837 stone
722 136 838 stone
722 136 839 stone
722 136 840 stone
722 136 841 stone
722 136 842 stone
722 136 843 stone
722 136 844 stone
722 136 845 stone
722 136 846 stone
722 136 847 stone
722 136 848 stone
722 136 849 stone
722 136 850 stone
722 136 851 stone
722 136 852 stone
722 136 853 stone
722 136 854 stone
722 136 855 stone
722 136 856 stone
722 136 857 stone
722 136 858 stone
722 136 859 stone
722 136 860 stone
722 136 861 stone
722 136 862 stone
722 136 863 stone
722 136 864 stone
722 136 865 stone
722 136 866 gravel
722 136 867 gravel
722 136 868 gravel
722 136 869 gravel
722 136 870 stone
722 136 871 stone
722 136 872 stone
722 136 873 stone
722 136 874 stone
722 136 875 stone
722 136 876 stone
722 136 877 stone
722 136 878 stone
722 136 879 stone
722 136 880 stone
722 136 881 stone
722 136 882 stone
722 136 883 stone
722 136 884 stone
722 136 885 stone
722 136 886 stone
722 136 887 stone
722 136 888 stone
722 136 889 stone
722 136 890 stone
722 136 893 stone
722 136 894 stone
722 136 895 stone
723 136 814 dirt
723 136 815 dirt
723 136 816 dirt
723 136 817 stone
723 136 818 stone
723 136 819 stone
723 136 820 stone
723 136 821 stone
723 136 822 stone
723 136 823 stone
723 136 824 stone
723 136 825 stone
723 136 829 stone
723 136 830 stone
723 136 831 stone
723 136 832 stone
723 136 833 stone
723 136 834 stone
723 136 835 stone
723 136 836 stone
723 136 837 stone
723 136 838 stone
723 136 839 stone
723 136 840 stone
723 136 841 stone
723 136 842 stone
723 136 843 stone
723 136 844 stone
723 136 845 stone
723 136 846 stone
723 136 847 stone
723 136 848 stone
723 136 849 stone
723 136 850 stone
723 136 851 stone
723 136 852 stone
723 136 853 stone
723 136 854 stone
723 136 855 stone
723 136 856 stone
723 136 857 stone
723 136 858 stone
723 136 859 stone
723 136 860 stone
723 136 861 stone
723 136 862 stone
723 136 863 stone
723 136 864 stone
723 136 865 stone
723 136 866 gravel
723 136 867 gravel
723 136 868 gravel
723 136 869 gravel
723 136 870 stone
723 136 871 stone
723 136 872 stone
723 136 873 stone
723 136 874 stone
723 136 875 stone
723 136 876 stone
723 136 877 stone
723 136 878 stone
723 136 879 stone
723 136 880 stone
723 136 881 stone
723 136 882 stone
723 136 883 stone
723 136 884 stone
723 136 885 stone
723 136 886 stone
723 136 887 stone
723 136 888 stone
723 136 889 stone
723 136 890 stone
723 136 893 stone
723 136 894 stone
723 136 895 stone
724 136 811 dirt
724 136 812 dirt
724 136 813 dirt
724 136 814 dirt
724 136 815 stone
724 136 816 stone
724 136 817 stone
724 136 818 gravel
724 136 819 gravel
724 136 820 stone
724 136 821 stone
724 136 822 stone
724 136 823 stone
724 136 824 stone
724 136 825 stone
724 136 828 stone
724 136 829 stone
724 136 830 stone
724 136 831 stone
724 136 832 stone
724 136 833 stone
724 136 834 stone
724 136 835 stone
724 136 836 stone
724 136 837 stone
724 136 838 stone
724 136 839 stone
724 136 840 stone
724 136 841 stone
724 136 842 stone
724 136 843 stone
724 136 844 stone
724 136 845 stone
724 136 846 gravel
