742 152 814 grass_block[snowy=false]
742 152 815 dirt
742 152 816 dirt
742 152 817 dirt
742 152 818 grass_block[snowy=false]
742 152 819 short_grass
742 152 820 stone
742 152 821 stone
742 152 822 stone
742 152 823 stone
742 152 824 stone
742 152 825 stone
742 152 826 stone
742 152 827 stone
742 152 828 stone
742 152 829 stone
742 152 830 stone
742 152 831 stone
742 152 832 stone
742 152 833 stone
742 152 834 stone
742 152 835 stone
742 152 836 stone
742 152 837 stone
742 152 838 stone
742 152 839 stone
742 152 840 stone
742 152 841 stone
742 152 842 stone
742 152 843 stone
742 152 844 stone
742 152 845 stone
742 152 846 stone
742 152 847 stone
742 152 848 stone
742 152 849 stone
742 152 850 stone
742 152 851 stone
742 152 852 stone
742 152 853 stone
742 152 854 stone
742 152 855 stone
742 152 856 stone
742 152 857 stone
742 152 858 stone
742 152 859 stone
742 152 860 stone
742 152 861 stone
742 152 862 stone
742 152 863 stone
742 152 864 stone
742 152 865 stone
742 152 866 stone
742 152 867 stone
742 152 868 stone
742 152 869 stone
742 152 870 stone
742 152 871 stone
742 152 872 stone
742 152 873 stone
742 152 874 stone
742 152 875 stone
742 152 876 stone
742 152 877 stone
742 152 878 stone
742 152 879 stone
742 152 880 stone
742 152 881 stone
742 152 882 stone
742 152 883 stone
742 152 884 stone
742 152 885 stone
742 152 886 stone
742 152 887 stone
742 152 888 stone
742 152 889 stone
742 152 890 stone
742 152 891 stone
742 152 892 stone
742 152 893 stone
742 152 894 stone
742 152 895 stone
743 152 812 grass_block[snowy=false]
743 152 813 dirt
743 152 814 dirt
743 152 815 dirt
743 152 816 stone
743 152 817 dirt
743 152 818 dirt
743 152 819 stone
743 152 820 stone
743 152 821 stone
743 152 822 stone
743 152 823 stone
743 152 824 stone
743 152 825 stone
743 152 826 stone
743 152 827 stone
743 152 828 stone
743 152 829 stone
743 152 830 stone
743 152 831 stone
743 152 832 stone
743 152 833 stone
743 152 834 stone
743 152 835 stone
743 152 836 stone
743 152 837 stone
743 152 838 stone
743 152 839 stone
743 152 840 stone
743 152 841 stone
743 152 842 stone
743 152 843 stone
743 152 844 stone
743 152 845 stone
743 152 846 stone
743 152 847 stone
743 152 848 stone
743 152 849 stone
743 152 850 stone
743 152 851 stone
743 152 852 stone
743 152 853 stone
743 152 854 stone
743 152 855 stone
743 152 856 stone
743 152 857 stone
743 152 858 stone
743 152 859 stone
743 152 860 stone
743 152 861 stone
743 152 862 coal_ore
743 152 863 coal_ore
743 152 864 stone
743 152 865 stone
743 152 866 stone
743 152 867 stone
743 152 868 stone
743 152 869 stone
743 152 870 stone
743 152 871 stone
743 152 872 stone
743 152 873 stone
743 152 874 stone
743 152 875 stone
743 152 876 stone
743 152 877 stone
743 152 878 stone
743 152 879 stone
743 152 880 stone
743 152 881 stone
743 152 882 stone
743 152 883 stone
743 152 884 stone
743 152 885 stone
743 152 886 stone
743 152 887 stone
743 152 888 stone
743 152 889 stone
743 152 890 stone
743 152 891 stone
743 152 892 stone
743 152 893 stone
743 152 894 stone
743 152 895 stone
744 152 812 grass_block[snowy=false]
744 152 813 dirt
744 152 814 stone
744 152 815 stone
744 152 816 stone
744 152 817 stone
744 152 818 stone
744 152 819 stone
744 152 820 stone
744 152 821 stone
744 152 822 stone
744 152 823 stone
744 152 824 stone
744 152 825 stone
744 152 826 stone
744 152 827 stone
744 152 828 stone
744 152 829 stone
744 152 830 stone
744 152 831 stone
744 152 832 stone
744 152 833 stone
744 152 834 stone
744 152 835 stone
744 152 836 stone
744 152 837 copper_ore
744 152 838 stone
744 152 839 stone
744 152 840 stone
744 152 841 stone
744 152 842 stone
744 152 843 stone
744 152 844 stone
744 152 845 stone
744 152 846 stone
744 152 847 stone
744 152 848 stone
744 152 849 stone
744 152 850 stone
744 152 851 stone
744 152 852 stone
744 152 853 stone
744 152 854 stone
744 152 855 stone
744 152 856 stone
744 152 857 stone
744 152 858 stone
744 152 859 stone
744 152 860 stone
744 152 861 coal_ore
744 152 862 coal_ore
744 152 863 coal_ore
744 152 864 stone
744 152 865 stone
744 152 866 stone
744 152 867 stone
744 152 868 stone
744 152 869 stone
744 152 870 stone
744 152 871 stone
744 152 872 stone
744 152 873 stone
744 152 874 stone
744 152 875 stone
744 152 876 stone
744 152 877 stone
744 152 878 stone
744 152 879 stone
744 152 880 stone
744 152 881 stone
744 152 882 stone
744 152 883 stone
744 152 884 stone
744 152 885 stone
744 152 886 stone
744 152 887 stone
744 152 888 stone
744 152 889 stone
744 152 890 stone
744 152 891 stone
744 152 892 stone
744 152 893 stone
744 152 894 stone
744 152 895 stone
745 152 804 oak_fence[east=false,north=false,south=false,waterlogged=false,west=false]
745 152 805 torch
745 152 806 oak_fence[east=false,north=false,south=false,waterlogged=false,west=false]
745 152 811 short_grass
745 152 812 dirt
745 152 813 dirt
745 152 814 stone
745 152 815 stone
745 152 816 stone
745 152 817 stone
745 152 818 stone
745 152 819 stone
745 152 820 stone
745 152 821 stone
745 152 822 stone
745 152 823 stone
745 152 824 stone
745 152 825 stone
745 152 826 stone
745 152 827 stone
745 152 828 stone
745 152 829 stone
745 152 830 stone
745 152 831 stone
745 152 832 stone
745 152 833 stone
745 152 834 stone
745 152 835 stone
745 152 836 copper_ore
745 152 837 copper_ore
745 152 838 stone
745 152 839 stone
745 152 840 stone
745 152 841 stone
745 152 842 stone
745 152 843 stone
745 152 844 stone
745 152 845 stone
745 152 846 stone
745 152 847 stone
745 152 848 stone
745 152 849 stone
745 152 850 stone
745 152 851 stone
745 152 852 stone
745 152 853 stone
745 152 854 stone
745 152 855 stone
745 152 856 stone
745 152 857 stone
745 152 858 stone
745 152 859 stone
745 152 860 coal_ore
745 152 861 coal_ore
745 152 862 coal_ore
745 152 863 stone
745 152 864 stone
745 152 865 stone
745 152 866 stone
745 152 867 stone
745 152 868 stone
745 152 869 stone
745 152 870 stone
745 152 871 stone
745 152 872 stone
745 152 873 stone
745 152 874 stone
745 152 875 stone
745 152 876 stone
745 152 877 stone
745 152 878 stone
745 152 879 stone
745 152 880 stone
745 152 881 stone
745 152 882 stone
745 152 883 stone
745 152 884 stone
745 152 885 stone
745 152 886 stone
745 152 887 stone
745 152 888 stone
745 152 889 stone
745 152 890 stone
745 152 891 stone
745 152 892 stone
745 152 893 stone
745 152 894 stone
745 152 895 stone
746 152 812 dirt
746 152 813 stone
746 152 814 stone
746 152 815 stone
746 152 816 stone
746 152 817 stone
746 152 818 stone
746 152 819 stone
746 152 820 stone
746 152 821 stone
746 152 822 stone
746 152 823 stone
746 152 824 stone
746 152 825 stone
746 152 826 stone
746 152 827 stone
746 152 828 stone
746 152 829 stone
746 152 830 stone
746 152 831 stone
746 152 832 stone
746 152 833 stone
746 152 834 stone
746 152 835 stone
746 152 836 stone
746 152 837 stone
746 152 838 stone
746 152 839 stone
746 152 840 stone
746 152 841 stone
746 152 842 stone
746 152 843 stone
746 152 844 stone
746 152 845 stone
746 152 846 stone
746 152 847 stone
746 152 848 stone
746 152 849 stone
746 152 850 stone
746 152 851 stone
746 152 852 stone
746 152 853 stone
746 152 854 stone
746 152 855 stone
746 152 856 stone
746 152 857 stone
746 152 858 stone
746 152 859 stone
746 152 860 coal_ore
746 152 861 coal_ore
746 152 862 coal_ore
746 152 863 stone
746 152 864 stone
746 152 865 stone
746 152 866 stone
746 152 867 stone
746 152 868 stone
746 152 869 gravel
746 152 870 stone
746 152 871 stone
746 152 872 stone
746 152 873 stone
746 152 874 stone
746 152 875 stone
746 152 876 stone
746 152 877 stone
746 152 878 coal_ore
746 152 879 coal_ore
746 152 880 stone
746 152 881 stone
746 152 882 stone
746 152 883 stone
746 152 884 stone
746 152 885 stone
746 152 886 stone
746 152 887 stone
746 152 888 stone
746 152 889 stone
746 152 890 stone
746 152 891 stone
746 152 892 stone
746 152 893 stone
746 152 894 stone
746 152 895 stone
747 152 811 dirt
747 152 812 dirt
747 152 813 stone
747 152 814 stone
747 152 815 stone
747 152 816 stone
747 152 817 stone
747 152 818 stone
747 152 819 stone
747 152 820 stone
747 152 821 stone
747 152 822 stone
747 152 823 stone
747 152 824 stone
747 152 825 stone
747 152 826 stone
747 152 827 stone
747 152 828 stone
747 152 829 stone
747 152 830 stone
747 152 831 stone
747 152 832 stone
747 152 833 stone
747 152 834 stone
747 152 835 stone
747 152 836 stone
747 152 837 stone
747 152 838 stone
747 152 839 stone
747 152 840 stone
747 152 841 stone
747 152 842 stone
747 152 843 stone
747 152 844 stone
747 152 845 stone
747 152 846 stone
747 152 847 stone
747 152 848 stone
747 152 849 stone
747 152 850 stone
747 152 851 stone
747 152 852 stone
747 152 853 stone
747 152 854 stone
747 152 855 stone
747 152 856 stone
747 152 857 stone
747 152 858 stone
747 152 859 stone
747 152 860 stone
747 152 861 stone
747 152 862 stone
747 152 863 stone
747 152 864 stone
747 152 865 stone
747 152 866 stone
747 152 867 stone
747 152 868 gravel
747 152 869 gravel
747 152 870 gravel
747 152 871 stone
747 152 872 stone
747 152 873 stone
747 152 874 stone
747 152 875 stone
747 152 876 stone
747 152 877 stone
747 152 878 coal_ore
747 152 879 coal_ore
747 152 880 coal_ore
747 152 881 stone
747 152 882 stone
747 152 883 stone
747 152 884 stone
747 152 885 stone
747 152 886 stone
747 152 887 stone
747 152 888 stone
747 152 889 stone
747 152 890 stone
747 152 891 stone
747 152 892 stone
747 152 893 stone
747 152 894 stone
747 152 895 stone
748 152 800 oak_fence[east=false,north=false,south=false,waterlogged=false,west=false]
748 152 803 oak_fence[east=false,north=false,south=false,waterlogged=false,west=false]
748 152 811 dirt
748 152 812 dirt
748 152 813 dirt
748 152 814 stone
748 152 815 stone
748 152 816 stone
748 152 817 stone
748 152 818 stone
748 152 819 stone
748 152 820 stone
748 152 821 stone
748 152 822 stone
748 152 823 stone
748 152 824 stone
748 152 825 stone
748 152 826 stone
748 152 827 stone
748 152 828 stone
748 152 829 stone
748 152 830 stone
748 152 831 stone
748 152 832 stone
748 152 833 stone
748 152 834 stone
748 152 835 stone
748 152 836 stone
748 152 837 stone
748 152 838 stone
748 152 839 stone
748 152 840 stone
748 152 841 stone
748 152 842 stone
748 152 843 stone
748 152 844 stone
748 152 845 stone
748 152 846 stone
748 152 847 stone
748 152 848 stone
748 152 849 stone
748 152 850 stone
748 152 851 stone
748 152 852 stone
748 152 853 stone
748 152 854 stone
748 152 855 stone
748 152 856 stone
748 152 857 stone
748 152 858 stone
748 152 859 stone
748 152 860 stone
748 152 861 stone
748 152 862 stone
748 152 863 stone
748 152 864 stone
748 152 865 stone
748 152 866 gravel
748 152 867 gravel
748 152 868 gravel
748 152 869 gravel
748 152 870 gravel
748 152 871 stone
748 152 872 stone
748 152 873 stone
748 152 874 stone
748 152 875 stone
748 152 876 stone
748 152 877 stone
748 152 878 stone
748 152 879 coal_ore
748 152 880 coal_ore
748 152 881 stone
748 152 882 stone
748 152 883 stone
748 152 884 stone
748 152 885 stone
748 152 886 stone
748 152 887 stone
748 152 888 stone
748 152 889 stone
748 152 890 stone
748 152 891 stone
748 152 892 stone
748 152 893 stone
748 152 894 stone
748 152 895 stone
749 152 800 torch
749 152 803 torch
749 152 811 dirt
749 152 812 dirt
749 152 813 dirt
749 152 814 stone
749 152 815 stone
749 152 816 stone
749 152 817 stone
749 152 818 stone
749 152 819 stone
749 152 820 stone
749 152 821 stone
749 152 822 stone
749 152 823 stone
749 152 824 stone
749 152 825 stone
749 152 826 stone
749 152 827 stone
749 152 828 stone
749 152 829 stone
749 152 830 stone
749 152 831 stone
749 152 832 stone
749 152 833 stone
749 152 834 stone
749 152 835 stone
749 152 836 stone
749 152 837 stone
749 152 838 stone
749 152 839 stone
749 152 840 stone
749 152 841 stone
749 152 842 stone
749 152 843 stone
749 152 844 stone
749 152 845 stone
749 152 846 stone
749 152 847 stone
749 152 848 stone
749 152 849 stone
749 152 850 stone
749 152 851 stone
749 152 852 stone
749 152 853 stone
749 152 854 stone
749 152 855 stone
749 152 856 stone
749 152 857 stone
749 152 858 stone
749 152 859 stone
749 152 860 stone
749 152 861 stone
749 152 862 stone
749 152 863 stone
749 152 864 stone
749 152 865 gravel
749 152 866 gravel
749 152 867 gravel
749 152 868 gravel
749 152 869 gravel
749 152 870 stone
749 152 871 stone
749 152 872 stone
749 152 873 stone
749 152 874 stone
749 152 875 stone
749 152 876 stone
749 152 877 stone
749 152 878 stone
749 152 879 stone
749 152 880 stone
749 152 881 stone
749 152 882 stone
749 152 883 stone
749 152 884 stone
749 152 885 stone
749 152 886 stone
749 152 887 stone
749 152 888 stone
749 152 889 stone
749 152 890 stone
749 152 891 stone
749 152 892 stone
749 152 893 stone
749 152 894 stone
749 152 895 stone
750 152 800 oak_fence[east=false,north=false,south=false,waterlogged=false,west=false]
750 152 803 oak_fence[east=false,north=false,south=false,waterlogged=false,west=false]
750 152 809 short_grass
750 152 810 dirt
750 152 811 dirt
750 152 812 dirt
750 152 813 stone
750 152 814 stone
750 152 815 stone
750 152 816 stone
750 152 817 stone
750 152 818 stone
750 152 819 stone
750 152 820 stone
750 152 821 stone
750 152 822 stone
750 152 823 stone
750 152 824 stone
750 152 825 stone
750 152 826 stone
750 152 827 stone
750 152 828 stone
750 152 829 stone
750 152 830 stone
750 152 831 stone
750 152 832 stone
750 152 833 stone
750 152 834 stone
750 152 835 stone
750 152 836 stone
750 152 837 stone
750 152 838 stone
750 152 839 stone
750 152 840 stone
750 152 841 stone
750 152 842 stone
750 152 843 stone
750 152 844 stone
750 152 845 stone
750 152 846 stone
750 152 847 stone
750 152 848 stone
750 152 849 stone
750 152 850 stone
750 152 851 stone
750 152 852 stone
750 152 853 stone
750 152 854 stone
750 152 855 stone
750 152 856 stone
750 152 857 stone
750 152 858 stone
750 152 859 stone
750 152 860 stone
750 152 861 stone
750 152 862 stone
750 152 863 stone
750 152 864 stone
750 152 865 gravel
750 152 866 gravel
750 152 867 gravel
750 152 868 gravel
750 152 869 gravel
750 152 870 stone
750 152 871 stone
750 152 872 stone
750 152 873 stone
750 152 874 stone
750 152 875 stone
750 152 876 stone
750 152 877 stone
750 152 878 stone
750 152 879 stone
750 152 880 stone
750 152 881 stone
750 152 882 stone
750 152 883 stone
750 152 884 stone
750 152 885 stone
750 152 886 stone
750 152 887 stone
750 152 888 stone
750 152 889 stone
750 152 890 stone
750 152 891 stone
750 152 892 stone
750 152 893 stone
750 152 894 stone
750 152 895 stone
751 152 810 dirt
751 152 811 dirt
751 152 812 dirt
751 152 813 dirt
751 152 814 stone
751 152 815 stone
751 152 816 stone
751 152 817 stone
751 152 818 stone
751 152 819 stone
751 152 820 stone
751 152 821 stone
751 152 822 stone
751 152 823 stone
751 152 824 stone
751 152 825 stone
751 152 826 stone
751 152 827 stone
751 152 828 stone
751 152 829 stone
751 152 830 stone
751 152 831 stone
751 152 832 stone
751 152 833 stone
751 152 834 stone
751 152 835 stone
751 152 836 stone
751 152 837 stone
751 152 838 stone
751 152 839 stone
751 152 840 stone
751 152 841 stone
751 152 842 stone
751 152 843 stone
751 152 844 stone
751 152 845 stone
751 152 846 stone
751 152 847 stone
751 152 848 stone
751 152 849 stone
751 152 850 stone
751 152 851 stone
751 152 852 stone
751 152 853 stone
751 152 854 stone
751 152 855 stone
751 152 856 stone
751 152 857 stone
751 152 858 stone
751 152 859 stone
751 152 860 stone
751 152 861 stone
751 152 862 stone
751 152 863 stone
751 152 864 stone
751 152 865 gravel
751 152 866 gravel
751 152 867 gravel
751 152 868 gravel
751 152 869 gravel
751 152 870 stone
751 152 871 stone
751 152 872 stone
751 152 873 stone
751 152 874 stone
751 152 875 stone
751 152 876 stone
751 152 877 stone
751 152 878 stone
751 152 879 stone
751 152 880 stone
751 152 881 stone
751 152 882 stone
751 152 883 stone
751 152 884 stone
751 152 885 stone
751 152 886 stone
751 152 887 stone
751 152 888 stone
751 152 889 stone
751 152 890 stone
751 152 891 stone
751 152 892 stone
751 152 893 stone
751 152 894 stone
751 152 895 stone
752 152 809 dirt
752 152 810 dirt
752 152 811 dirt
752 152 812 dirt
752 152 813 dirt
752 152 814 stone
752 152 815 stone
752 152 816 stone
752 152 817 stone
752 152 818 stone
752 152 819 stone
752 152 820 stone
752 152 821 stone
752 152 822 stone
752 152 823 stone
752 152 824 stone
752 152 825 stone
752 152 826 stone
752 152 827 stone
752 152 828 stone
752 152 829 stone
752 152 830 stone
752 152 831 stone
752 152 832 stone
752 152 833 stone
752 152 834 stone
752 152 835 stone
752 152 836 stone
752 152 837 stone
752 152 838 stone
752 152 839 stone
752 152 840 stone
752 152 841 stone
752 152 842 stone
752 152 843 stone
752 152 844 stone
752 152 845 stone
752 152 846 stone
752 152 847 stone
752 152 848 stone
752 152 849 stone
752 152 850 stone
752 152 851 stone
752 152 852 stone
752 152 853 stone
752 152 854 stone
752 152 855 stone
752 152 856 stone
752 152 857 stone
752 152 858 stone
752 152 859 stone
752 152 860 stone
752 152 861 stone
752 152 862 stone
752 152 863 stone
752 152 864 stone
752 152 865 gravel
752 152 866 gravel
752 152 867 gravel
752 152 868 gravel
752 152 869 stone
752 152 870 stone
752 152 871 stone
752 152 872 stone
752 152 873 stone
752 152 874 stone
752 152 875 stone
752 152 876 stone
752 152 877 stone
752 152 878 stone
752 152 879 stone
752 152 880 stone
752 152 881 stone
752 152 882 stone
752 152 883 stone
752 152 884 stone
752 152 885 stone
752 152 886 stone
752 152 887 stone
752 152 888 stone
752 152 889 stone
752 152 890 stone
752 152 891 stone
752 152 892 stone
752 152 893 stone
752 152 894 stone
752 152 895 stone
753 152 808 dirt
753 152 809 dirt
753 152 810 dirt
753 152 811 dirt
753 152 812 dirt
753 152 813 stone
753 152 814 stone
753 152 815 stone
753 152 816 stone
753 152 817 stone
753 152 818 stone
753 152 819 stone
753 152 820 stone
753 152 821 stone
753 152 822 stone
753 152 823 stone
753 152 824 stone
753 152 825 stone
753 152 826 stone
753 152 827 stone
753 152 828 stone
753 152 829 stone
753 152 830 stone
753 152 831 stone
753 152 832 stone
753 152 833 stone
753 152 834 stone
753 152 835 stone
753 152 836 stone
753 152 837 stone
753 152 838 stone
753 152 839 stone
753 152 840 stone
753 152 841 stone
753 152 842 stone
753 152 843 stone
753 152 844 stone
753 152 845 stone
753 152 846 stone
753 152 847 stone
753 152 848 stone
753 152 849 stone
753 152 850 stone
753 152 851 stone
753 152 852 stone
753 152 853 stone
753 152 854 stone
753 152 855 stone
753 152 856 stone
753 152 857 stone
753 152 858 stone
753 152 859 stone
753 152 860 stone
753 152 861 stone
753 152 862 stone
753 152 863 stone
753 152 864 stone
753 152 865 gravel
753 152 866 gravel
753 152 867 gravel
753 152 868 stone
753 152 869 stone
753 152 870 stone
753 152 871 stone
753 152 872 stone
753 152 873 stone
753 152 874 stone
753 152 875 stone
753 152 876 stone
753 152 877 stone
753 152 878 stone
753 152 879 stone
753 152 880 stone
753 152 881 stone
753 152 882 stone
753 152 883 stone
753 152 884 stone
753 152 885 stone
753 152 886 stone
753 152 887 stone
753 152 888 stone
753 152 889 stone
753 152 890 stone
753 152 891 stone
753 152 892 stone
753 152 893 stone
753 152 894 stone
753 152 895 stone
754 152 801 short_grass
754 152 804 grass_block[snowy=false]
754 152 805 grass_block[snowy=false]
754 152 806 dirt_path
754 152 807 dirt
754 152 808 dirt
754 152 809 dirt
754 152 810 dirt
754 152 811 dirt
754 152 812 dirt
754 152 813 stone
754 152 814 stone
754 152 815 stone
754 152 816 stone
754 152 817 stone
754 152 818 stone
754 152 819 stone
754 152 820 stone
754 152 821 stone
754 152 822 stone
754 152 823 stone
754 152 824 stone
754 152 825 stone
754 152 826 stone
754 152 827 stone
754 152 828 stone
754 152 829 stone
754 152 830 stone
754 152 831 stone
754 152 832 stone
754 152 833 stone
754 152 834 stone
754 152 835 stone
754 152 836 stone
754 152 837 stone
754 152 838 stone
754 152 839 stone
754 152 840 stone
754 152 841 stone
754 152 842 stone
754 152 843 stone
754 152 844 stone
754 152 845 stone
754 152 846 stone
754 152 847 stone
754 152 848 stone
754 152 849 stone
754 152 850 stone
754 152 851 stone
754 152 852 stone
754 152 853 stone
754 152 854 stone
754 152 855 stone
754 152 856 stone
754 152 857 stone
754 152 858 stone
754 152 859 stone
754 152 860 stone
754 152 861 stone
754 152 862 stone
754 152 863 stone
754 152 864 stone
754 152 865 gravel
754 152 866 gravel
754 152 867 stone
754 152 868 stone
754 152 869 stone
754 152 870 stone
754 152 871 stone
754 152 872 stone
754 152 873 stone
754 152 874 stone
