947 147 961 grass_block[snowy=false]
947 147 1014 grass_block[snowy=false]
947 147 1015 dirt
947 147 1016 dirt
fill 947 147 1017 947 147 1022 stone
947 147 1023 dirt
fill 948 147 896 948 147 959 stone
948 147 960 dirt
948 147 1016 grass_block[snowy=false]
948 147 1017 dirt
948 147 1018 dirt
fill 948 147 1019 948 147 1023 stone
fill 949 147 896 949 147 959 stone
949 147 960 dirt
fill 949 147 1021 949 147 1023 stone
fill 950 147 896 950 147 958 stone
950 147 959 dirt
950 147 960 grass_block[snowy=false]
950 147 1022 dirt
950 147 1023 stone
fill 951 147 896 951 147 958 stone
951 147 959 dirt
951 147 1022 grass_block[snowy=false]
951 147 1023 dirt
fill 952 147 896 952 147 958 stone
952 147 959 dirt
fill 953 147 896 953 147 906 stone
fill 953 147 907 953 147 909 coal_ore
fill 953 147 910 953 147 958 stone
fill 954 147 896 954 147 907 stone
954 147 908 coal_ore
954 147 909 coal_ore
fill 954 147 910 954 147 918 stone
fill 954 147 919 954 147 922 coal_ore
fill 954 147 923 954 147 958 stone
fill 955 147 896 955 147 906 stone
fill 955 147 909 955 147 919 stone
fill 955 147 920 955 147 922 coal_ore
fill 955 147 923 955 147 958 stone
955 147 959 dirt
955 147 960 grass_block[snowy=false]
fill 956 147 896 956 147 905 stone
fill 956 147 910 956 147 920 stone
956 147 921 coal_ore
956 147 922 coal_ore
fill 956 147 923 956 147 958 stone
fill 956 147 959 956 147 961 dirt
fill 957 147 896 957 147 904 stone
fill 957 147 911 957 147 925 stone
957 147 926 coal_ore
957 147 927 coal_ore
fill 957 147 928 957 147 958 stone
fill 957 147 959 957 147 962 dirt
fill 958 147 896 958 147 904 stone
fill 958 147 913 958 147 925 stone
fill 958 147 926 958 147 929 coal_ore
fill 958 147 930 958 147 959 stone
fill 958 147 960 958 147 963 dirt
fill 959 147 896 959 147 905 stone
fill 959 147 913 959 147 926 stone
fill 959 147 927 959 147 929 coal_ore
fill 959 147 930 959 147 951 stone
959 147 952 dirt
fill 959 147 953 959 147 960 stone
fill 959 147 961 959 147 963 dirt
fill 960 147 896 960 147 906 stone
fill 960 147 913 960 147 927 stone
960 147 928 coal_ore
960 147 929 coal_ore
fill 960 147 930 960 147 960 stone
960 147 961 dirt
960 147 962 dirt
960 147 963 grass_block[snowy=false]
fill 961 147 896 961 147 906 stone
fill 961 147 914 961 147 960 stone
961 147 961 dirt
961 147 962 dirt
fill 962 147 896 962 147 905 stone
962 147 906 stone
fill 962 147 915 962 147 960 stone
962 147 961 dirt
962 147 962 grass_block[snowy=false]
fill 963 147 896 963 147 908 stone
fill 963 147 915 963 147 960 stone
963 147 961 dirt
963 147 962 grass_block[snowy=false]
fill 964 147 896 964 147 910 stone
fill 964 147 914 964 147 959 stone
fill 964 147 960 964 147 962 dirt
fill 965 147 896 965 147 911 stone
fill 965 147 913 965 147 957 stone
965 147 958 coal_ore
fill 965 147 959 965 147 962 dirt
fill 966 147 896 966 147 957 stone
966 147 958 coal_ore
fill 966 147 959 966 147 962 dirt
fill 967 147 896 967 147 958 stone
967 147 959 coal_ore
967 147 960 coal_ore
967 147 961 dirt
967 147 962 dirt
fill 968 147 896 968 147 960 stone
968 147 961 dirt
968 147 962 dirt
fill 969 147 896 969 147 961 stone
969 147 962 dirt
fill 970 147 896 970 147 961 stone
970 147 962 dirt
fill 971 147 896 971 147 902 stone
971 147 903 granite
971 147 904 stone
971 147 905 stone
971 147 906 granite
971 147 907 granite
fill 971 147 908 971 147 953 stone
971 147 954 coal_ore
fill 971 147 955 971 147 962 stone
971 147 963 dirt
971 147 964 grass_block[snowy=false]
fill 972 147 897 972 147 900 stone
fill 972 147 901 972 147 910 granite
fill 972 147 911 972 147 953 stone
972 147 954 coal_ore
fill 972 147 955 972 147 960 stone
972 147 961 andesite
972 147 962 andesite
972 147 963 dirt
972 147 964 dirt
972 147 965 grass_block[snowy=false]
fill 973 147 897 973 147 899 stone
fill 973 147 900 973 147 912 granite
fill 973 147 913 973 147 952 stone
973 147 953 coal_ore
973 147 954 coal_ore
fill 973 147 955 973 147 959 stone
fill 973 147 960 973 147 963 andesite
973 147 964 dirt
973 147 965 dirt
973 147 966 grass_block[snowy=false]
974 147 898 stone
fill 974 147 899 974 147 912 granite
fill 974 147 913 974 147 952 stone
974 147 953 coal_ore
974 147 954 coal_ore
fill 974 147 955 974 147 958 stone
fill 974 147 959 974 147 963 andesite
fill 974 147 964 974 147 966 dirt
975 147 899 stone
fill 975 147 900 975 147 915 granite
fill 975 147 916 975 147 952 stone
975 147 953 coal_ore
975 147 954 coal_ore
fill 975 147 955 975 147 957 stone
fill 975 147 958 975 147 963 andesite
975 147 964 granite
975 147 965 granite
975 147 966 dirt
975 147 967 grass_block[snowy=false]
976 147 899 stone
fill 976 147 900 976 147 916 granite
fill 976 147 917 976 147 922 stone
976 147 923 dirt
fill 976 147 924 976 147 951 stone
976 147 952 dirt
976 147 953 dirt
fill 976 147 954 976 147 957 stone
fill 976 147 958 976 147 963 andesite
fill 976 147 964 976 147 966 granite
976 147 967 dirt
977 147 900 stone
fill 977 147 901 977 147 916 granite
fill 977 147 917 977 147 950 stone
fill 977 147 951 977 147 953 dirt
fill 977 147 954 977 147 956 stone
fill 977 147 957 977 147 963 andesite
fill 977 147 964 977 147 966 granite
977 147 967 dirt
977 147 968 grass_block[snowy=false]
978 147 901 stone
978 147 902 stone
fill 978 147 903 978 147 916 granite
fill 978 147 917 978 147 949 stone
fill 978 147 950 978 147 952 dirt
978 147 953 stone
978 147 954 stone
978 147 955 stone
978 147 956 andesite
978 147 957 dirt
978 147 958 dirt
978 147 959 andesite
978 147 960 dirt
fill 978 147 961 978 147 963 andesite
fill 978 147 964 978 147 967 granite
978 147 968 dirt
fill 979 147 902 979 147 904 stone
fill 979 147 905 979 147 915 granite
fill 979 147 916 979 147 945 stone
979 147 946 gravel
fill 979 147 947 979 147 949 stone
979 147 950 dirt
979 147 951 dirt
fill 979 147 952 979 147 955 stone
fill 979 147 956 979 147 961 dirt
979 147 962 andesite
fill 979 147 963 979 147 967 granite
979 147 968 dirt
fill 980 147 902 980 147 945 stone
980 147 946 gravel
fill 980 147 947 980 147 954 stone
980 147 955 andesite
fill 980 147 956 980 147 963 dirt
fill 980 147 964 980 147 967 granite
980 147 968 grass_block[snowy=false]
fill 981 147 903 981 147 944 stone
fill 981 147 945 981 147 947 gravel
fill 981 147 948 981 147 954 stone
fill 981 147 955 981 147 957 andesite
fill 981 147 958 981 147 965 dirt
981 147 966 granite
981 147 967 granite
981 147 968 grass_block[snowy=false]
fill 982 147 904 982 147 944 stone
fill 982 147 945 982 147 948 gravel
fill 982 147 949 982 147 955 stone
fill 982 147 956 982 147 958 andesite
fill 982 147 959 982 147 965 dirt
982 147 966 granite
982 147 967 dirt
fill 983 147 904 983 147 943 stone
fill 983 147 944 983 147 947 gravel
fill 983 147 948 983 147 956 stone
fill 983 147 957 983 147 960 andesite
983 147 961 stone
983 147 962 stone
983 147 963 dirt
983 147 964 dirt
983 147 965 granite
983 147 966 granite
983 147 967 dirt
983 147 968 grass_block[snowy=false]
fill 984 147 905 984 147 945 stone
984 147 946 gravel
984 147 947 gravel
fill 984 147 948 984 147 954 stone
984 147 955 dirt
984 147 956 dirt
984 147 957 andesite
fill 984 147 958 984 147 966 stone
984 147 967 dirt
984 147 968 dirt
985 147 896 stone
fill 985 147 905 985 147 945 stone
985 147 946 gravel
985 147 947 gravel
fill 985 147 948 985 147 953 stone
fill 985 147 954 985 147 957 dirt
fill 985 147 958 985 147 966 stone
985 147 967 dirt
985 147 968 dirt
986 147 896 stone
fill 986 147 906 986 147 940 stone
986 147 941 coal_ore
fill 986 147 942 986 147 946 stone
986 147 947 gravel
986 147 948 gravel
fill 986 147 949 986 147 953 stone
fill 986 147 954 986 147 956 dirt
fill 986 147 957 986 147 966 stone
986 147 967 dirt
986 147 968 dirt
986 147 969 grass_block[snowy=false]
987 147 896 stone
987 147 897 stone
fill 987 147 906 987 147 912 stone
987 147 913 dirt
fill 987 147 914 987 147 939 stone
987 147 940 coal_ore
fill 987 147 941 987 147 952 stone
fill 987 147 953 987 147 955 dirt
fill 987 147 956 987 147 966 stone
987 147 967 dirt
987 147 968 dirt
987 147 969 grass_block[snowy=false]
fill 988 147 896 988 147 898 stone
fill 988 147 907 988 147 909 stone
fill 988 147 910 988 147 916 dirt
fill 988 147 917 988 147 952 stone
988 147 953 dirt
988 147 954 dirt
fill 988 147 955 988 147 966 stone
fill 988 147 967 988 147 969 dirt
fill 989 147 896 989 147 899 stone
fill 989 147 907 989 147 909 stone
fill 989 147 910 989 147 918 dirt
fill 989 147 919 989 147 966 stone
fill 989 147 967 989 147 969 dirt
fill 990 147 896 990 147 899 stone
fill 990 147 907 990 147 909 stone
fill 990 147 910 990 147 918 dirt
fill 990 147 919 990 147 957 stone
990 147 958 copper_ore
990 147 959 copper_ore
fill 990 147 960 990 147 966 stone
fill 990 147 967 990 147 969 dirt
fill 991 147 896 991 147 900 stone
fill 991 147 908 991 147 910 stone
fill 991 147 911 991 147 918 dirt
fill 991 147 919 991 147 957 stone
991 147 958 copper_ore
fill 991 147 959 991 147 966 stone
fill 991 147 967 991 147 969 dirt
fill 992 147 896 992 147 901 stone
fill 992 147 908 992 147 965 stone
fill 992 147 966 992 147 968 dirt
992 147 969 grass_block[snowy=false]
fill 993 147 896 993 147 902 stone
fill 993 147 909 993 147 914 stone
993 147 915 coal_ore
fill 993 147 916 993 147 964 stone
fill 993 147 965 993 147 968 dirt
993 147 969 grass_block[snowy=false]
fill 994 147 896 994 147 902 stone
fill 994 147 910 994 147 914 stone
994 147 915 coal_ore
fill 994 147 916 994 147 964 stone
fill 994 147 965 994 147 968 dirt
fill 995 147 896 995 147 903 stone
fill 995 147 910 995 147 957 stone
fill 995 147 958 995 147 964 stone
fill 995 147 965 995 147 968 dirt
995 147 969 grass_block[snowy=false]
fill 996 147 896 996 147 904 stone
fill 996 147 911 996 147 949 stone
fill 996 147 950 996 147 954 dirt
fill 996 147 955 996 147 964 stone
fill 996 147 965 996 147 969 dirt
fill 997 147 896 997 147 905 stone
fill 997 147 912 997 147 948 stone
fill 997 147 949 997 147 955 dirt
fill 997 147 956 997 147 964 stone
fill 997 147 965 997 147 969 dirt
997 147 970 grass_block[snowy=false]
fill 998 147 896 998 147 905 stone
fill 998 147 912 998 147 947 stone
fill 998 147 948 998 147 954 dirt
fill 998 147 955 998 147 966 stone
998 147 967 dirt
998 147 968 stone
998 147 969 dirt
998 147 970 grass_block[snowy=false]
fill 999 147 896 999 147 906 stone
fill 999 147 913 999 147 948 stone
fill 999 147 949 999 147 953 dirt
fill 999 147 954 999 147 968 stone
999 147 969 dirt
999 147 970 dirt
999 147 971 grass_block[snowy=false]
fill 1000 147 896 1000 147 907 stone
fill 1000 147 914 1000 147 945 stone
fill 1000 147 946 1000 147 949 coal_ore
fill 1000 147 950 1000 147 969 stone
1000 147 970 dirt
1000 147 971 dirt
fill 1001 147 896 1001 147 907 stone
fill 1001 147 914 1001 147 924 stone
1001 147 925 copper_ore
fill 1001 147 926 1001 147 945 stone
fill 1001 147 946 1001 147 949 coal_ore
fill 1001 147 950 1001 147 969 stone
1001 147 970 dirt
1001 147 971 dirt
fill 1001 147 972 1001 147 976 grass_block[snowy=false]
fill 1002 147 896 1002 147 907 stone
fill 1002 147 915 1002 147 970 stone
fill 1002 147 971 1002 147 976 dirt
1002 147 977 grass_block[snowy=false]
fill 1003 147 896 1003 147 908 stone
fill 1003 147 915 1003 147 920 stone
1003 147 921 coal_ore
1003 147 922 coal_ore
fill 1003 147 923 1003 147 970 stone
fill 1003 147 971 1003 147 975 dirt
1003 147 976 grass_block[snowy=false]
1003 147 977 short_grass
fill 1004 147 896 1004 147 909 stone
fill 1004 147 916 1004 147 920 stone
1004 147 921 coal_ore
1004 147 922 coal_ore
fill 1004 147 923 1004 147 971 stone
fill 1004 147 972 1004 147 974 dirt
1004 147 975 grass_block[snowy=false]
fill 1005 147 896 1005 147 909 stone
fill 1005 147 916 1005 147 920 stone
1005 147 921 coal_ore
1005 147 922 coal_ore
fill 1005 147 923 1005 147 972 stone
1005 147 973 dirt
1005 147 974 dirt
1005 147 975 grass_block[snowy=false]
fill 1006 147 896 1006 147 910 stone
fill 1006 147 917 1006 147 963 stone
fill 1006 147 964 1006 147 966 coal_ore
fill 1006 147 967 1006 147 973 stone
1006 147 974 dirt
1006 147 975 grass_block[snowy=false]
fill 1007 147 896 1007 147 910 stone
1007 147 917 stone
1007 147 918 coal_ore
1007 147 919 coal_ore
fill 1007 147 920 1007 147 961 stone
fill 1007 147 962 1007 147 965 coal_ore
fill 1007 147 966 1007 147 973 stone
1007 147 974 dirt
1007 147 975 grass_block[snowy=false]
fill 1008 147 896 1008 147 900 stone
1008 147 901 coal_ore
fill 1008 147 902 1008 147 911 stone
1008 147 918 stone
1008 147 919 coal_ore
fill 1008 147 920 1008 147 962 stone
1008 147 963 coal_ore
fill 1008 147 964 1008 147 973 stone
1008 147 974 dirt
1008 147 975 grass_block[snowy=false]
fill 1009 147 896 1009 147 898 stone
fill 1009 147 899 1009 147 901 coal_ore
fill 1009 147 902 1009 147 911 stone
1009 147 918 stone
1009 147 919 coal_ore
fill 1009 147 920 1009 147 973 stone
1009 147 974 dirt
1009 147 975 grass_block[snowy=false]
fill 1010 147 896 1010 147 898 stone
1010 147 899 coal_ore
1010 147 900 coal_ore
fill 1010 147 901 1010 147 912 stone
1010 147 919 coal_ore
fill 1010 147 920 1010 147 946 stone
fill 1010 147 947 1010 147 973 stone
1010 147 974 dirt
1010 147 975 grass_block[snowy=false]
fill 1011 147 896 1011 147 912 stone
1011 147 913 gravel
fill 1011 147 920 1011 147 973 stone
1011 147 974 dirt
fill 1012 147 896 1012 147 911 stone
fill 1012 147 912 1012 147 914 gravel
fill 1012 147 921 1012 147 973 stone
1012 147 974 dirt
fill 1013 147 896 1013 147 911 stone
fill 1013 147 912 1013 147 914 gravel
fill 1013 147 921 1013 147 965 stone
1013 147 966 copper_ore
1013 147 967 copper_ore
fill 1013 147 968 1013 147 973 stone
1013 147 974 dirt
fill 1014 147 896 1014 147 911 stone
fill 1014 147 912 1014 147 914 gravel
fill 1014 147 922 1014 147 965 stone
1014 147 966 copper_ore
1014 147 967 copper_ore
fill 1014 147 968 1014 147 973 stone
1014 147 974 dirt
fill 1015 147 896 1015 147 915 stone
fill 1015 147 922 1015 147 960 stone
1015 147 961 dirt
fill 1015 147 962 1015 147 972 stone
1015 147 973 dirt
1015 147 974 grass_block[snowy=false]
fill 1016 147 896 1016 147 915 stone
fill 1016 147 922 1016 147 960 stone
fill 1016 147 961 1016 147 963 dirt
fill 1016 147 964 1016 147 973 stone
1016 147 974 grass_block[snowy=false]
fill 1017 147 896 1017 147 916 stone
fill 1017 147 922 1017 147 961 stone
1017 147 962 dirt
1017 147 963 dirt
fill 1017 147 964 1017 147 972 stone
1017 147 973 dirt
fill 1018 147 896 1018 147 917 stone
fill 1018 147 923 1018 147 971 stone
1018 147 972 dirt
1018 147 973 dirt
fill 1019 147 896 1019 147 918 stone
fill 1019 147 922 1019 147 971 stone
1019 147 972 dirt
1019 147 973 grass_block[snowy=false]
fill 1020 147 896 1020 147 919 stone
fill 1020 147 921 1020 147 971 stone
1020 147 972 dirt
1020 147 973 grass_block[snowy=false]
fill 1021 147 896 1021 147 970 stone
1021 147 971 dirt
1021 147 972 dirt
fill 1022 147 896 1022 147 908 stone
1022 147 909 gravel
1022 147 910 gravel
fill 1022 147 911 1022 147 970 stone
1022 147 971 dirt
1022 147 972 grass_block[snowy=false]
fill 1023 147 896 1023 147 908 stone
fill 1023 147 909 1023 147 912 gravel
fill 1023 147 913 1023 147 970 stone
1023 147 971 dirt
fill 896 148 896 896 148 916 stone
896 148 917 coal_ore
896 148 918 coal_ore
fill 896 148 919 896 148 942 stone
896 148 943 coal_ore
fill 896 148 944 896 148 950 stone
896 148 951 grass_block[snowy=false]
896 148 977 dirt
fill 896 148 978 896 148 999 stone
fill 896 148 1000 896 148 1007 stone
fill 896 148 1008 896 148 1011 dirt
fill 896 148 1012 896 148 1016 stone
fill 896 148 1017 896 148 1023 granite
fill 897 148 896 897 148 927 stone
fill 897 148 928 897 148 931 coal_ore
fill 897 148 932 897 148 950 stone
897 148 951 dirt
897 148 952 dirt
897 148 977 dirt
fill 897 148 978 897 148 1007 stone
fill 897 148 1008 897 148 1010 dirt
fill 897 148 1011 897 148 1014 stone
fill 897 148 1015 897 148 1023 granite
fill 898 148 896 898 148 926 stone
fill 898 148 927 898 148 930 coal_ore
fill 898 148 931 898 148 952 stone
898 148 978 dirt
fill 898 148 979 898 148 1007 stone
898 148 1008 dirt
898 148 1009 dirt
fill 898 148 1010 898 148 1014 stone
fill 898 148 1015 898 148 1023 granite
fill 899 148 896 899 148 952 stone
899 148 978 grass_block[snowy=false]
fill 899 148 979 899 148 1013 stone
fill 899 148 1014 899 148 1023 granite
fill 900 148 896 900 148 941 stone
900 148 942 diorite
900 148 943 diorite
fill 900 148 944 900 148 952 stone
900 148 979 grass_block[snowy=false]
fill 900 148 980 900 148 1012 stone
fill 900 148 1013 900 148 1023 granite
fill 901 148 896 901 148 938 stone
fill 901 148 939 901 148 945 diorite
901 148 946 stone
901 148 947 diorite
fill 901 148 948 901 148 952 stone
901 148 980 grass_block[snowy=false]
fill 901 148 981 901 148 1011 stone
fill 901 148 1012 901 148 1022 granite
901 148 1023 stone
fill 902 148 896 902 148 936 stone
fill 902 148 937 902 148 948 diorite
fill 902 148 949 902 148 952 stone
902 148 981 grass_block[snowy=false]
fill 902 148 982 902 148 1011 stone
fill 902 148 1012 902 148 1021 granite
902 148 1022 stone
902 148 1023 stone
fill 903 148 896 903 148 935 stone
fill 903 148 936 903 148 949 diorite
903 148 950 stone
fill 903 148 982 903 148 1010 stone
fill 903 148 1011 903 148 1020 granite
fill 903 148 1021 903 148 1023 stone
fill 904 148 896 904 148 934 stone
fill 904 148 935 904 148 946 diorite
904 148 947 stone
fill 904 148 948 904 148 951 diorite
904 148 952 stone
904 148 982 dirt
fill 904 148 983 904 148 1010 stone
fill 904 148 1011 904 148 1019 granite
fill 904 148 1020 904 148 1023 stone
fill 905 148 896 905 148 915 stone
905 148 916 gravel
fill 905 148 917 905 148 934 stone
fill 905 148 935 905 148 945 diorite
fill 905 148 946 905 148 948 stone
fill 905 148 949 905 148 952 diorite
905 148 982 grass_block[snowy=false]
fill 905 148 983 905 148 1010 stone
fill 905 148 1011 905 148 1016 granite
fill 905 148 1017 905 148 1023 stone
fill 906 148 896 906 148 914 stone
906 148 915 gravel
906 148 916 gravel
fill 906 148 917 906 148 936 stone
fill 906 148 937 906 148 944 diorite
fill 906 148 945 906 148 948 stone
fill 906 148 949 906 148 952 diorite
906 148 983 dirt
fill 906 148 984 906 148 1011 stone
fill 906 148 1012 906 148 1014 granite
fill 906 148 1015 906 148 1023 stone
fill 907 148 896 907 148 926 stone
907 148 927 coal_ore
fill 907 148 928 907 148 948 stone
fill 907 148 949 907 148 952 diorite
907 148 983 grass_block[snowy=false]
fill 907 148 984 907 148 991 stone
fill 907 148 992 907 148 1023 stone
fill 908 148 896 908 148 914 stone
908 148 915 gravel
908 148 916 gravel
fill 908 148 917 908 148 925 stone
908 148 926 coal_ore
908 148 927 coal_ore
fill 908 148 928 908 148 948 stone
fill 908 148 949 908 148 952 diorite
fill 908 148 985 908 148 1023 stone
fill 909 148 896 909 148 914 stone
909 148 915 gravel
909 148 916 gravel
fill 909 148 917 909 148 949 stone
fill 909 148 950 909 148 952 diorite
909 148 953 grass_block[snowy=false]
909 148 983 grass_block[snowy=false]
fill 909 148 987 909 148 997 stone
909 148 998 gravel
fill 909 148 999 909 148 1023 stone
fill 910 148 896 910 148 906 stone
910 148 907 coal_ore
fill 910 148 908 910 148 949 stone
fill 910 148 950 910 148 952 diorite
910 148 953 dirt
910 148 954 grass_block[snowy=false]
910 148 955 grass_block[snowy=false]
910 148 983 dirt
fill 910 148 988 910 148 996 stone
fill 910 148 997 910 148 999 gravel
fill 910 148 1000 910 148 1023 stone
fill 911 148 896 911 148 906 stone
911 148 907 coal_ore
fill 911 148 908 911 148 950 stone
911 148 951 diorite
911 148 952 diorite
fill 911 148 953 911 148 956 dirt
911 148 983 dirt
911 148 984 stone
fill 911 148 989 911 148 995 stone
fill 911 148 996 911 148 999 gravel
fill 911 148 1000 911 148 1023 stone
fill 912 148 896 912 148 906 stone
912 148 907 coal_ore
fill 912 148 908 912 148 951 stone
912 148 952 diorite
fill 912 148 953 912 148 956 dirt
912 148 983 dirt
912 148 984 stone
912 148 985 stone
fill 912 148 990 912 148 994 stone
fill 912 148 995 912 148 999 gravel
fill 912 148 1000 912 148 1022 stone
fill 913 148 896 913 148 922 stone
fill 913 148 923 913 148 931 diorite
fill 913 148 932 913 148 956 stone
913 148 983 dirt
913 148 984 dirt
fill 913 148 985 913 148 987 stone
fill 913 148 991 913 148 994 stone
fill 913 148 995 913 148 999 gravel
fill 913 148 1000 913 148 1020 stone
fill 914 148 896 914 148 920 stone
fill 914 148 921 914 148 931 diorite
fill 914 148 932 914 148 956 stone
fill 914 148 983 914 148 985 dirt
fill 914 148 986 914 148 989 stone
914 148 992 stone
914 148 993 stone
fill 914 148 994 914 148 998 gravel
fill 914 148 999 914 148 1020 stone
fill 915 148 896 915 148 919 stone
fill 915 148 920 915 148 930 diorite
fill 915 148 931 915 148 956 stone
915 148 984 grass_block[snowy=false]