795 133 467 grass_block[snowy=false]
796 133 384 stone
796 133 385 stone
796 133 386 stone
796 133 387 stone
796 133 388 stone
796 133 389 stone
796 133 390 stone
796 133 391 stone
796 133 392 stone
796 133 393 stone
796 133 394 stone
796 133 395 stone
796 133 396 stone
796 133 397 stone
796 133 398 stone
796 133 399 stone
796 133 400 stone
796 133 401 stone
796 133 402 stone
796 133 403 stone
796 133 404 stone
796 133 416 grass_block[snowy=false]
796 133 417 dirt
796 133 418 stone
796 133 419 stone
796 133 420 stone
796 133 421 stone
796 133 422 stone
796 133 423 stone
796 133 424 stone
796 133 425 stone
796 133 426 stone
796 133 427 stone
796 133 428 stone
796 133 429 stone
796 133 430 stone
796 133 431 stone
796 133 432 stone
796 133 433 stone
796 133 434 stone
796 133 435 stone
796 133 436 stone
796 133 437 stone
796 133 438 stone
796 133 439 stone
796 133 440 stone
796 133 441 stone
796 133 442 stone
796 133 443 dirt
796 133 444 dirt
796 133 445 dirt
796 133 446 dirt
796 133 447 iron_ore
796 133 448 stone
796 133 449 stone
796 133 450 stone
796 133 451 stone
796 133 452 stone
796 133 453 coal_ore
796 133 454 coal_ore
796 133 455 coal_ore
796 133 456 stone
796 133 457 stone
796 133 458 stone
796 133 459 stone
796 133 460 stone
796 133 461 stone
796 133 462 andesite
796 133 463 andesite
796 133 464 dirt
796 133 465 grass_block[snowy=false]
797 133 384 stone
797 133 385 stone
797 133 386 stone
797 133 387 stone
797 133 388 stone
797 133 389 stone
797 133 390 stone
797 133 391 stone
797 133 392 stone
797 133 393 stone
797 133 394 stone
797 133 395 stone
797 133 396 stone
797 133 397 stone
797 133 398 stone
797 133 399 stone
797 133 400 stone
797 133 401 stone
797 133 402 stone
797 133 415 grass_block[snowy=false]
797 133 416 dirt
797 133 417 stone
797 133 418 stone
797 133 419 stone
797 133 420 stone
797 133 421 stone
797 133 422 stone
797 133 423 stone
797 133 424 stone
797 133 425 stone
797 133 426 stone
797 133 427 stone
797 133 428 stone
797 133 429 stone
797 133 430 stone
797 133 431 stone
797 133 432 stone
797 133 433 stone
797 133 434 stone
797 133 435 stone
797 133 436 stone
797 133 437 stone
797 133 438 stone
797 133 439 stone
797 133 440 stone
797 133 441 stone
797 133 442 stone
797 133 443 dirt
797 133 444 dirt
797 133 445 dirt
797 133 446 dirt
797 133 447 stone
797 133 448 stone
797 133 449 stone
797 133 450 stone
797 133 451 stone
797 133 452 stone
797 133 453 coal_ore
797 133 454 coal_ore
797 133 455 stone
797 133 456 stone
797 133 457 stone
797 133 458 stone
797 133 459 dirt
797 133 460 dirt
797 133 461 stone
797 133 462 stone
797 133 463 dirt
798 133 384 stone
798 133 385 stone
798 133 386 stone
798 133 387 stone
798 133 388 stone
798 133 389 stone
798 133 390 stone
798 133 391 stone
798 133 392 stone
798 133 393 stone
798 133 394 stone
798 133 395 stone
798 133 396 stone
798 133 397 stone
798 133 398 stone
798 133 399 stone
798 133 400 stone
798 133 401 stone
798 133 414 tall_grass[half=lower]
798 133 415 dirt
798 133 416 dirt
798 133 417 stone
798 133 418 stone
798 133 419 stone
798 133 420 stone
798 133 421 stone
798 133 422 stone
798 133 423 stone
798 133 424 stone
798 133 425 stone
798 133 426 stone
798 133 427 stone
798 133 428 stone
798 133 429 stone
798 133 430 stone
798 133 431 stone
798 133 432 stone
798 133 433 stone
798 133 434 stone
798 133 435 stone
798 133 436 stone
798 133 437 stone
798 133 438 stone
798 133 439 stone
798 133 440 stone
798 133 441 stone
798 133 442 stone
798 133 443 dirt
798 133 444 dirt
798 133 445 dirt
798 133 446 dirt
798 133 447 stone
798 133 448 stone
798 133 449 stone
798 133 450 stone
798 133 451 stone
798 133 452 stone
798 133 453 stone
798 133 454 stone
798 133 455 stone
798 133 456 stone
798 133 457 stone
798 133 458 dirt
798 133 459 dirt
798 133 460 dirt
798 133 461 dirt
798 133 462 dirt
799 133 384 stone
799 133 385 stone
799 133 386 stone
799 133 387 stone
799 133 388 stone
799 133 389 stone
799 133 390 stone
799 133 391 stone
799 133 392 stone
799 133 393 stone
799 133 394 stone
799 133 395 stone
799 133 396 stone
799 133 397 stone
799 133 398 stone
799 133 399 stone
799 133 400 stone
799 133 411 dirt
799 133 412 stone
799 133 413 stone
799 133 414 stone
799 133 415 stone
799 133 416 stone
799 133 417 stone
799 133 418 stone
799 133 419 stone
799 133 420 stone
799 133 421 stone
799 133 422 stone
799 133 423 stone
799 133 424 stone
799 133 425 stone
799 133 426 stone
799 133 427 stone
799 133 428 stone
799 133 429 stone
799 133 430 stone
799 133 431 stone
799 133 432 stone
799 133 433 stone
799 133 434 stone
799 133 435 stone
799 133 436 stone
799 133 437 stone
799 133 438 stone
799 133 439 stone
799 133 440 stone
799 133 441 stone
799 133 442 stone
799 133 443 stone
799 133 444 dirt
799 133 445 dirt
799 133 446 stone
799 133 447 stone
799 133 448 stone
799 133 449 stone
799 133 450 stone
799 133 451 stone
799 133 452 stone
799 133 453 stone
799 133 454 stone
799 133 455 stone
799 133 456 stone
799 133 457 dirt
799 133 458 dirt
799 133 459 dirt
799 133 460 dirt
799 133 461 dirt
800 133 384 stone
800 133 385 stone
800 133 386 stone
800 133 387 stone
800 133 388 stone
800 133 389 stone
800 133 390 stone
800 133 391 stone
800 133 392 stone
800 133 393 stone
800 133 394 stone
800 133 395 stone
800 133 396 stone
800 133 397 stone
800 133 410 stone
800 133 411 stone
800 133 412 stone
800 133 413 stone
800 133 414 stone
800 133 415 stone
800 133 416 stone
800 133 417 stone
800 133 418 stone
800 133 419 stone
800 133 420 stone
800 133 421 stone
800 133 422 stone
800 133 423 stone
800 133 424 stone
800 133 425 stone
800 133 426 stone
800 133 427 stone
800 133 428 stone
800 133 429 stone
800 133 430 stone
800 133 431 coal_ore
800 133 432 coal_ore
800 133 433 coal_ore
800 133 434 coal_ore
800 133 435 stone
800 133 436 stone
800 133 437 stone
800 133 438 stone
800 133 439 stone
800 133 440 stone
800 133 441 stone
800 133 442 stone
800 133 443 stone
800 133 444 dirt
800 133 445 dirt
800 133 446 stone
800 133 447 stone
800 133 448 stone
800 133 449 stone
800 133 450 stone
800 133 451 stone
800 133 452 stone
800 133 453 stone
800 133 454 stone
800 133 455 stone
800 133 456 dirt
800 133 457 dirt
800 133 458 dirt
800 133 459 dirt
800 133 460 dirt
800 133 511 tall_grass[half=upper]
801 133 384 stone
801 133 385 stone
801 133 386 stone
801 133 387 stone
801 133 388 stone
801 133 389 stone
801 133 390 stone
801 133 391 stone
801 133 392 stone
801 133 393 stone
801 133 394 stone
801 133 395 stone
801 133 409 stone
801 133 410 stone
801 133 411 stone
801 133 412 stone
801 133 413 stone
801 133 414 stone
801 133 415 stone
801 133 416 stone
801 133 417 stone
801 133 418 stone
801 133 419 stone
801 133 420 stone
801 133 421 stone
801 133 422 stone
801 133 423 stone
801 133 424 stone
801 133 425 stone
801 133 426 stone
801 133 427 stone
801 133 428 stone
801 133 429 stone
801 133 430 stone
801 133 431 coal_ore
801 133 432 coal_ore
801 133 433 coal_ore
801 133 434 coal_ore
801 133 435 coal_ore
801 133 436 stone
801 133 437 stone
801 133 438 stone
801 133 439 stone
801 133 440 stone
801 133 441 stone
801 133 442 stone
801 133 443 stone
801 133 444 stone
801 133 445 stone
801 133 446 stone
801 133 447 stone
801 133 448 stone
801 133 449 stone
801 133 450 stone
801 133 451 stone
801 133 452 stone
801 133 453 stone
801 133 454 stone
801 133 455 stone
801 133 456 dirt
801 133 457 dirt
801 133 458 dirt
801 133 459 grass_block[snowy=false]
802 133 384 stone
802 133 385 stone
802 133 386 stone
802 133 387 stone
802 133 388 stone
802 133 389 stone
802 133 390 stone
802 133 391 stone
802 133 409 stone
802 133 410 stone
802 133 411 stone
802 133 412 stone
802 133 413 stone
802 133 414 stone
802 133 415 stone
802 133 416 stone
802 133 417 stone
802 133 418 stone
802 133 419 stone
802 133 420 stone
802 133 421 stone
802 133 422 stone
802 133 423 stone
802 133 424 stone
802 133 425 stone
802 133 426 stone
802 133 427 stone
802 133 428 stone
802 133 429 stone
802 133 430 stone
802 133 431 stone
802 133 432 stone
802 133 433 stone
802 133 434 stone
802 133 435 stone
802 133 436 stone
802 133 437 stone
802 133 438 stone
802 133 439 stone
802 133 440 stone
802 133 441 stone
802 133 442 stone
802 133 443 stone
802 133 444 stone
802 133 445 stone
802 133 446 stone
802 133 447 stone
802 133 448 stone
802 133 449 stone
802 133 450 stone
802 133 451 stone
802 133 452 stone
802 133 453 stone
802 133 454 stone
802 133 455 stone
802 133 456 dirt
802 133 457 dirt
802 133 458 grass_block[snowy=false]
803 133 384 stone
803 133 385 stone
803 133 386 stone
803 133 387 stone
803 133 388 stone
803 133 389 stone
803 133 409 stone
803 133 410 stone
803 133 411 stone
803 133 412 stone
803 133 413 stone
803 133 414 stone
803 133 415 stone
803 133 416 stone
803 133 417 stone
803 133 418 stone
803 133 419 stone
803 133 420 stone
803 133 421 stone
803 133 422 stone
803 133 423 stone
803 133 424 stone
803 133 425 stone
803 133 426 stone
803 133 427 stone
803 133 428 stone
803 133 429 stone
803 133 430 stone
803 133 431 stone
803 133 432 stone
803 133 433 stone
803 133 434 stone
803 133 435 stone
803 133 436 stone
803 133 437 stone
803 133 438 stone
803 133 439 stone
803 133 440 stone
803 133 441 stone
803 133 442 stone
803 133 443 stone
803 133 444 stone
803 133 445 stone
803 133 449 stone
803 133 450 stone
803 133 451 stone
803 133 452 stone
803 133 453 stone
803 133 454 stone
803 133 455 stone
803 133 456 dirt
803 133 457 grass_block[snowy=false]
804 133 384 stone
804 133 385 stone
804 133 386 stone
804 133 408 stone
804 133 409 stone
804 133 410 stone
804 133 411 stone
804 133 412 stone
804 133 413 stone
804 133 414 stone
804 133 415 stone
804 133 416 stone
804 133 417 stone
804 133 418 stone
804 133 419 stone
804 133 420 stone
804 133 421 stone
804 133 422 stone
804 133 423 stone
804 133 424 stone
804 133 425 stone
804 133 426 stone
804 133 427 stone
804 133 428 stone
804 133 429 stone
804 133 430 stone
804 133 431 stone
804 133 432 stone
804 133 433 stone
804 133 434 stone
804 133 435 stone
804 133 436 stone
804 133 437 stone
804 133 438 stone
804 133 439 stone
804 133 440 stone
804 133 441 stone
804 133 442 stone
804 133 443 stone
804 133 444 stone
804 133 445 stone
804 133 449 stone
804 133 450 stone
804 133 451 stone
804 133 452 stone
804 133 453 stone
804 133 454 stone
804 133 455 dirt
804 133 456 grass_block[snowy=false]
804 133 510 tall_grass[half=lower]
805 133 406 stone
805 133 407 stone
805 133 408 stone
805 133 409 stone
805 133 410 stone
805 133 411 stone
805 133 412 stone
805 133 413 stone
805 133 414 stone
805 133 415 stone
805 133 416 stone
805 133 417 stone
805 133 418 stone
805 133 419 stone
805 133 420 stone
805 133 421 stone
805 133 422 stone
805 133 423 stone
805 133 424 stone
805 133 425 stone
805 133 426 stone
805 133 427 stone
805 133 428 stone
805 133 429 stone
805 133 430 stone
805 133 431 stone
805 133 432 stone
805 133 433 stone
805 133 434 stone
805 133 435 stone
805 133 436 stone
805 133 437 stone
805 133 438 stone
805 133 439 stone
805 133 440 stone
805 133 441 stone
805 133 442 stone
805 133 443 stone
805 133 444 stone
805 133 445 stone
805 133 449 stone
805 133 450 stone
805 133 451 stone
805 133 452 stone
805 133 453 stone
805 133 454 dirt
805 133 455 grass_block[snowy=false]
805 133 510 grass_block[snowy=false]
805 133 511 grass_block[snowy=false]
806 133 405 stone
806 133 406 stone
806 133 407 stone
806 133 408 stone
806 133 409 stone
806 133 410 stone
806 133 411 stone
806 133 412 stone
806 133 413 stone
806 133 414 stone
806 133 415 stone
806 133 416 stone
806 133 417 stone
806 133 418 stone
806 133 419 coal_ore
806 133 420 coal_ore
806 133 421 stone
806 133 422 stone
806 133 423 stone
806 133 424 stone
806 133 425 stone
806 133 426 stone
806 133 427 stone
806 133 428 stone
806 133 429 stone
806 133 430 stone
806 133 431 stone
806 133 432 stone
806 133 433 stone
806 133 434 stone
806 133 435 stone
806 133 436 stone
806 133 437 stone
806 133 438 stone
806 133 439 stone
806 133 440 stone
806 133 441 stone
806 133 442 stone
806 133 443 stone
806 133 444 stone
806 133 445 stone
806 133 449 stone
806 133 450 stone
806 133 451 stone
806 133 452 dirt
806 133 453 dirt
806 133 454 grass_block[snowy=false]
806 133 508 grass_block[snowy=false]
806 133 509 grass_block[snowy=false]
806 133 510 dirt
806 133 511 dirt
807 133 402 stone
807 133 403 stone
807 133 404 stone
807 133 405 stone
807 133 406 stone
807 133 407 stone
807 133 408 stone
807 133 409 stone
807 133 410 stone
807 133 411 stone
807 133 412 stone
807 133 413 stone
807 133 414 stone
807 133 415 stone
807 133 416 stone
807 133 417 stone
807 133 418 stone
807 133 419 stone
807 133 420 coal_ore
807 133 421 stone
807 133 422 stone
807 133 423 stone
807 133 424 stone
807 133 425 stone
807 133 426 stone
807 133 427 stone
807 133 428 stone
807 133 429 stone
807 133 430 stone
807 133 431 stone
807 133 432 stone
807 133 433 stone
807 133 434 stone
807 133 435 stone
807 133 436 stone
807 133 437 stone
807 133 438 stone
807 133 439 stone
807 133 440 stone
807 133 441 stone
807 133 442 stone
807 133 443 stone
807 133 444 stone
807 133 445 stone
807 133 446 stone
807 133 447 stone
807 133 448 stone
807 133 449 stone
807 133 450 stone
807 133 451 stone
807 133 452 dirt
807 133 453 dirt
807 133 454 grass_block[snowy=false]
807 133 511 dirt
808 133 399 stone
808 133 400 stone
808 133 401 stone
808 133 402 stone
808 133 403 stone
808 133 404 stone
808 133 405 stone
808 133 406 stone
808 133 407 stone
808 133 408 stone
808 133 409 stone
808 133 410 stone
808 133 411 stone
808 133 412 stone
808 133 413 stone
808 133 414 stone
808 133 415 stone
808 133 416 stone
808 133 417 stone
808 133 418 stone
808 133 419 stone
808 133 420 stone
808 133 421 stone
808 133 422 stone
808 133 423 stone
808 133 424 stone
808 133 425 stone
808 133 426 stone
808 133 427 stone
808 133 428 stone
808 133 429 stone
808 133 430 stone
808 133 431 stone
808 133 432 stone
808 133 433 stone
808 133 434 stone
808 133 435 stone
808 133 436 stone
808 133 437 stone
808 133 438 stone
808 133 439 stone
808 133 440 stone
808 133 441 stone
808 133 442 stone
808 133 443 stone
808 133 444 stone
808 133 445 stone
808 133 446 stone
808 133 447 stone
808 133 448 stone
808 133 449 stone
808 133 450 stone
808 133 451 stone
808 133 452 dirt
808 133 453 dirt
808 133 506 short_grass
808 133 507 grass_block[snowy=false]
809 133 397 stone
809 133 398 stone
809 133 399 stone
809 133 400 stone
809 133 401 stone
809 133 402 stone
809 133 403 stone
809 133 404 stone
809 133 405 stone
809 133 406 stone
809 133 407 stone
809 133 408 stone
809 133 409 stone
809 133 410 stone
809 133 411 stone
809 133 412 stone
809 133 413 stone
809 133 414 stone
809 133 415 stone
809 133 416 stone
809 133 417 stone
809 133 418 stone
809 133 419 stone
809 133 420 stone
809 133 421 stone
809 133 422 stone
809 133 423 stone
809 133 424 stone
809 133 425 stone
809 133 426 stone
809 133 427 stone
809 133 428 stone
809 133 429 stone
809 133 430 stone
809 133 431 stone
809 133 432 stone
809 133 433 stone
809 133 434 stone
809 133 435 stone
809 133 436 stone
809 133 437 stone
809 133 438 stone
809 133 439 stone
809 133 440 stone
809 133 441 stone
809 133 442 stone
809 133 443 stone
809 133 444 stone
809 133 445 stone
809 133 446 stone
809 133 447 stone
809 133 448 stone
809 133 449 stone
809 133 450 stone
809 133 451 dirt
809 133 452 dirt
809 133 453 grass_block[snowy=false]
809 133 504 grass_block[snowy=false]
809 133 505 grass_block[snowy=false]
809 133 506 grass_block[snowy=false]
809 133 507 dirt
809 133 508 dirt
809 133 509 short_grass
810 133 395 stone
810 133 396 stone
810 133 397 stone
810 133 398 stone
810 133 399 stone
810 133 400 stone
810 133 401 stone
810 133 402 stone
810 133 403 stone
810 133 404 stone
810 133 405 stone
810 133 406 stone
810 133 407 stone
810 133 408 stone
810 133 409 stone
810 133 410 stone
810 133 411 stone
810 133 412 stone
810 133 413 stone
810 133 414 stone
810 133 415 stone
810 133 416 stone
810 133 417 stone
810 133 418 stone
810 133 419 stone
810 133 420 stone
810 133 421 stone
810 133 422 stone
810 133 423 stone
810 133 424 stone
810 133 425 stone
810 133 426 stone
810 133 427 stone
810 133 428 stone
810 133 429 stone
810 133 430 stone
810 133 431 stone
810 133 432 stone
810 133 433 stone
810 133 434 stone
810 133 435 stone
810 133 436 stone
810 133 437 stone
810 133 441 stone
810 133 442 stone
810 133 443 stone
810 133 444 stone
810 133 445 stone
810 133 446 stone
810 133 447 stone
810 133 448 stone
810 133 449 stone
810 133 450 stone
810 133 451 dirt
810 133 452 dirt
810 133 503 grass_block[snowy=false]
810 133 504 dirt
810 133 505 dirt
810 133 506 dirt
810 133 507 dirt
810 133 508 dirt
810 133 509 andesite
810 133 510 grass_block[snowy=false]
810 133 511 grass_block[snowy=false]
811 133 393 stone
811 133 394 stone
811 133 395 stone
811 133 396 stone
811 133 397 stone
811 133 398 stone
811 133 399 stone
811 133 400 stone
811 133 401 stone
811 133 402 stone
811 133 403 stone
811 133 404 stone
811 133 405 stone
811 133 406 stone
811 133 407 stone
811 133 408 stone
811 133 409 stone
811 133 410 stone
811 133 411 stone
811 133 412 stone
811 133 413 stone
811 133 414 stone
811 133 415 stone
811 133 416 stone
811 133 417 stone
811 133 418 stone
811 133 419 stone
811 133 420 stone
811 133 421 stone
811 133 422 stone
811 133 423 stone
811 133 424 stone
811 133 425 stone
811 133 426 stone
811 133 427 stone
811 133 428 stone
811 133 429 stone
811 133 430 stone
811 133 431 stone
811 133 432 stone
811 133 433 stone
811 133 434 stone
811 133 435 stone
811 133 436 stone
811 133 441 stone
811 133 442 stone
811 133 443 stone
811 133 444 stone
811 133 445 stone
811 133 446 stone
811 133 447 copper_ore
811 133 448 stone
811 133 449 stone
811 133 450 dirt
811 133 451 dirt
811 133 452 dirt
811 133 453 grass_block[snowy=false]
811 133 503 grass_block[snowy=false]
811 133 504 dirt
811 133 505 dirt
811 133 506 dirt
811 133 507 andesite
811 133 508 andesite
811 133 509 andesite
811 133 510 dirt
811 133 511 dirt
812 133 392 stone
812 133 393 stone
812 133 394 stone
812 133 395 stone
812 133 396 stone
812 133 397 stone
812 133 398 stone
812 133 399 stone
812 133 400 stone
812 133 401 stone
812 133 402 stone
812 133 403 stone
812 133 404 stone
812 133 405 stone
812 133 406 stone
812 133 407 stone
812 133 408 stone
812 133 409 stone
812 133 410 stone
812 133 411 stone
812 133 412 stone
812 133 413 stone
812 133 414 stone
812 133 415 stone
812 133 416 stone
812 133 417 stone
812 133 418 stone
812 133 419 stone
812 133 420 stone
812 133 421 stone
812 133 422 stone
812 133 423 stone
812 133 424 stone
812 133 425 stone
812 133 426 stone
812 133 427 stone
812 133 428 stone
812 133 429 stone
812 133 430 stone
812 133 431 stone
812 133 432 stone
812 133 433 stone
812 133 434 stone
812 133 435 stone
812 133 442 stone
812 133 443 stone
812 133 444 stone
812 133 445 stone
812 133 446 stone
812 133 447 copper_ore
812 133 448 stone
812 133 449 stone
812 133 450 dirt
812 133 451 dirt
812 133 452 dirt
812 133 453 grass_block[snowy=false]
812 133 502 grass_block[snowy=false]
812 133 503 dirt
812 133 504 dirt
812 133 505 dirt
812 133 506 stone
812 133 507 andesite
812 133 508 andesite
812 133 509 andesite
812 133 510 andesite
812 133 511 dirt
813 133 389 stone
813 133 390 stone
813 133 391 stone
813 133 392 stone
813 133 393 stone
813 133 394 stone
813 133 395 dirt
813 133 396 dirt
813 133 397 stone
813 133 398 stone
813 133 399 stone
813 133 400 stone
813 133 401 stone
813 133 402 stone
813 133 403 stone
813 133 404 stone
813 133 405 stone
813 133 406 stone
813 133 407 stone
813 133 408 stone
813 133 409 stone
813 133 410 stone
813 133 411 stone
813 133 412 stone
813 133 413 stone
813 133 414 stone
813 133 415 stone
813 133 416 stone
813 133 417 stone
813 133 418 stone
813 133 419 stone
813 133 420 stone
813 133 421 stone
813 133 422 stone
813 133 423 stone
813 133 424 stone
813 133 425 stone
813 133 426 stone
813 133 427 stone
813 133 428 stone
813 133 429 stone
813 133 430 stone
813 133 431 stone
813 133 432 stone
813 133 433 stone
813 133 434 stone
813 133 435 stone
813 133 442 stone
813 133 443 stone
813 133 444 dirt
813 133 445 dirt
813 133 446 dirt
813 133 447 dirt
813 133 448 dirt
813 133 449 dirt
813 133 450 dirt
813 133 451 dirt
813 133 452 dirt
813 133 453 grass_block[snowy=false]
813 133 500 grass_block[snowy=false]
813 133 501 grass_block[snowy=false]
813 133 502 dirt
813 133 503 dirt
813 133 504 stone
813 133 505 stone
813 133 506 stone
813 133 507 stone
813 133 508 stone
