870 104 432 andesite
870 104 433 andesite
870 104 434 stone
870 104 435 stone
870 104 436 stone
870 104 437 stone
870 104 438 stone
870 104 439 stone
870 104 440 stone
870 104 441 stone
870 104 442 stone
870 104 443 stone
870 104 444 stone
870 104 445 stone
870 104 446 stone
870 104 447 stone
870 104 448 stone
870 104 449 stone
870 104 450 stone
870 104 451 stone
870 104 452 stone
870 104 453 stone
870 104 454 stone
870 104 455 stone
870 104 456 stone
870 104 457 stone
870 104 458 gravel
870 104 459 water[level=0]
870 104 460 water[level=0]
870 104 461 water[level=0]
870 104 462 stone
870 104 463 stone
870 104 464 stone
870 104 465 stone
870 104 466 stone
870 104 467 stone
870 104 468 stone
870 104 469 stone
870 104 470 stone
870 104 471 stone
870 104 472 stone
870 104 473 stone
870 104 474 stone
870 104 475 stone
870 104 476 stone
870 104 477 stone
870 104 478 stone
870 104 479 stone
870 104 480 stone
870 104 481 stone
870 104 482 stone
870 104 483 stone
870 104 484 stone
870 104 485 stone
870 104 486 stone
870 104 487 stone
870 104 488 stone
870 104 489 stone
870 104 490 stone
870 104 491 stone
870 104 492 stone
870 104 493 stone
870 104 494 stone
870 104 495 stone
870 104 496 stone
870 104 497 stone
870 104 498 stone
870 104 499 stone
870 104 500 stone
870 104 501 stone
870 104 502 stone
870 104 503 stone
870 104 504 stone
870 104 505 stone
870 104 506 stone
870 104 507 stone
870 104 508 stone
870 104 509 stone
870 104 510 stone
870 104 511 stone
871 104 384 granite
871 104 385 granite
871 104 386 granite
871 104 387 stone
871 104 388 stone
871 104 389 stone
871 104 390 stone
871 104 391 stone
871 104 392 stone
871 104 393 stone
871 104 394 stone
871 104 395 stone
871 104 396 stone
871 104 397 stone
871 104 398 granite
871 104 399 granite
871 104 400 granite
871 104 401 granite
871 104 402 granite
871 104 403 granite
871 104 404 stone
871 104 405 stone
871 104 406 stone
871 104 407 stone
871 104 408 stone
871 104 409 stone
871 104 410 stone
871 104 411 stone
871 104 412 stone
871 104 413 stone
871 104 414 stone
871 104 415 stone
871 104 416 stone
871 104 417 stone
871 104 418 stone
871 104 419 stone
871 104 420 stone
871 104 421 stone
871 104 422 stone
871 104 423 stone
871 104 424 stone
871 104 425 stone
871 104 426 stone
871 104 427 stone
871 104 428 andesite
871 104 429 andesite
871 104 430 andesite
871 104 431 andesite
871 104 432 andesite
871 104 433 andesite
871 104 434 stone
871 104 435 stone
871 104 436 stone
871 104 437 stone
871 104 438 stone
871 104 439 stone
871 104 440 stone
871 104 441 stone
871 104 442 stone
871 104 443 stone
871 104 444 stone
871 104 445 stone
871 104 446 stone
871 104 447 stone
871 104 448 stone
871 104 449 stone
871 104 450 stone
871 104 451 stone
871 104 452 stone
871 104 453 stone
871 104 454 stone
871 104 455 stone
871 104 456 stone
871 104 457 stone
871 104 458 gravel
871 104 459 water[level=0]
871 104 460 water[level=0]
871 104 461 water[level=0]
871 104 462 stone
871 104 463 stone
871 104 464 stone
871 104 465 stone
871 104 466 stone
871 104 467 stone
871 104 468 stone
871 104 469 stone
871 104 470 stone
871 104 471 stone
871 104 472 stone
871 104 473 stone
871 104 474 stone
871 104 475 stone
871 104 476 stone
871 104 477 stone
871 104 478 stone
871 104 479 stone
871 104 480 stone
871 104 481 stone
871 104 482 stone
871 104 483 stone
871 104 484 stone
871 104 485 stone
871 104 486 stone
871 104 487 stone
871 104 488 stone
871 104 489 stone
871 104 490 stone
871 104 491 stone
871 104 492 stone
871 104 493 stone
871 104 494 stone
871 104 495 stone
871 104 496 stone
871 104 497 stone
871 104 498 stone
871 104 499 stone
871 104 500 stone
871 104 501 stone
871 104 502 stone
871 104 503 stone
871 104 504 stone
871 104 505 stone
871 104 506 stone
871 104 507 stone
871 104 508 stone
871 104 509 dirt
871 104 510 dirt
871 104 511 dirt
872 104 384 granite
872 104 385 granite
872 104 386 granite
872 104 387 stone
872 104 388 stone
872 104 389 stone
872 104 390 stone
872 104 391 stone
872 104 392 stone
872 104 393 stone
872 104 394 stone
872 104 395 stone
872 104 396 stone
872 104 397 stone
872 104 398 stone
872 104 399 stone
872 104 400 granite
872 104 401 granite
872 104 402 granite
872 104 403 granite
872 104 404 granite
872 104 405 stone
872 104 406 stone
872 104 407 stone
872 104 408 stone
872 104 409 stone
872 104 410 stone
872 104 411 stone
872 104 412 stone
872 104 413 stone
872 104 414 stone
872 104 415 stone
872 104 416 stone
872 104 417 stone
872 104 418 stone
872 104 419 stone
872 104 420 stone
872 104 421 stone
872 104 422 stone
872 104 423 stone
872 104 424 stone
872 104 425 stone
872 104 426 stone
872 104 427 stone
872 104 428 stone
872 104 429 stone
872 104 430 andesite
872 104 431 andesite
872 104 432 andesite
872 104 433 stone
872 104 434 stone
872 104 435 stone
872 104 436 stone
872 104 437 stone
872 104 438 stone
872 104 439 stone
872 104 440 stone
872 104 441 stone
872 104 442 stone
872 104 443 stone
872 104 444 stone
872 104 445 stone
872 104 446 stone
872 104 447 stone
872 104 448 stone
872 104 449 stone
872 104 450 stone
872 104 451 stone
872 104 452 stone
872 104 453 stone
872 104 454 stone
872 104 455 stone
872 104 456 stone
872 104 457 stone
872 104 458 gravel
872 104 459 water[level=0]
872 104 460 water[level=0]
872 104 461 water[level=0]
872 104 462 stone
872 104 463 stone
872 104 464 stone
872 104 465 stone
872 104 466 stone
872 104 467 stone
872 104 468 stone
872 104 469 stone
872 104 470 stone
872 104 471 stone
872 104 472 stone
872 104 473 stone
872 104 474 stone
872 104 475 stone
872 104 476 stone
872 104 477 stone
872 104 478 stone
872 104 479 stone
872 104 480 stone
872 104 481 stone
872 104 482 stone
872 104 483 stone
872 104 484 stone
872 104 485 stone
872 104 486 stone
872 104 487 stone
872 104 488 stone
872 104 489 stone
872 104 490 stone
872 104 491 stone
872 104 492 stone
872 104 493 stone
872 104 494 stone
872 104 495 stone
872 104 496 stone
872 104 497 stone
872 104 498 stone
872 104 499 stone
872 104 500 stone
872 104 501 stone
872 104 502 stone
872 104 503 stone
872 104 504 stone
872 104 505 stone
872 104 506 stone
872 104 507 stone
872 104 508 dirt
872 104 509 dirt
872 104 510 dirt
872 104 511 dirt
873 104 384 stone
873 104 385 stone
873 104 386 stone
873 104 387 stone
873 104 388 stone
873 104 389 stone
873 104 390 stone
873 104 391 stone
873 104 392 stone
873 104 393 stone
873 104 394 stone
873 104 395 stone
873 104 396 stone
873 104 397 stone
873 104 398 stone
873 104 399 stone
873 104 400 stone
873 104 401 stone
873 104 402 stone
873 104 403 granite
873 104 404 stone
873 104 405 stone
873 104 406 stone
873 104 407 stone
873 104 408 stone
873 104 409 stone
873 104 410 stone
873 104 411 stone
873 104 412 stone
873 104 413 stone
873 104 414 stone
873 104 415 stone
873 104 416 stone
873 104 417 stone
873 104 418 stone
873 104 419 stone
873 104 420 stone
873 104 421 stone
873 104 422 stone
873 104 423 stone
873 104 424 stone
873 104 425 stone
873 104 426 stone
873 104 427 stone
873 104 428 stone
873 104 429 stone
873 104 430 stone
873 104 431 stone
873 104 432 andesite
873 104 433 andesite
873 104 434 stone
873 104 435 stone
873 104 436 stone
873 104 437 stone
873 104 438 stone
873 104 439 stone
873 104 440 stone
873 104 441 stone
873 104 442 stone
873 104 443 stone
873 104 444 stone
873 104 445 stone
873 104 446 stone
873 104 447 stone
873 104 448 stone
873 104 449 stone
873 104 450 stone
873 104 451 stone
873 104 452 stone
873 104 453 stone
873 104 454 stone
873 104 455 stone
873 104 456 stone
873 104 457 stone
873 104 458 gravel
873 104 459 water[level=0]
873 104 460 water[level=0]
873 104 461 water[level=0]
873 104 462 stone
873 104 463 stone
873 104 464 stone
873 104 465 stone
873 104 466 stone
873 104 467 stone
873 104 468 stone
873 104 469 stone
873 104 470 stone
873 104 471 stone
873 104 472 stone
873 104 473 stone
873 104 474 stone
873 104 475 stone
873 104 476 stone
873 104 477 stone
873 104 478 stone
873 104 479 stone
873 104 480 stone
873 104 481 stone
873 104 482 stone
873 104 483 stone
873 104 484 stone
873 104 485 stone
873 104 486 stone
873 104 487 stone
873 104 488 stone
873 104 489 stone
873 104 490 stone
873 104 491 stone
873 104 492 stone
873 104 493 stone
873 104 494 stone
873 104 495 stone
873 104 496 stone
873 104 497 stone
873 104 498 stone
873 104 499 stone
873 104 500 stone
873 104 501 stone
873 104 502 stone
873 104 503 stone
873 104 504 stone
873 104 505 stone
873 104 506 stone
873 104 507 stone
873 104 508 dirt
873 104 509 dirt
873 104 510 dirt
873 104 511 dirt
874 104 384 stone
874 104 385 stone
874 104 386 stone
874 104 387 stone
874 104 388 stone
874 104 389 stone
874 104 390 stone
874 104 391 stone
874 104 392 dirt
874 104 393 dirt
874 104 394 dirt
874 104 395 stone
874 104 396 stone
874 104 397 stone
874 104 398 stone
874 104 399 stone
874 104 400 stone
874 104 401 stone
874 104 402 stone
874 104 403 stone
874 104 404 stone
874 104 405 stone
874 104 406 stone
874 104 407 stone
874 104 408 stone
874 104 409 stone
874 104 410 stone
874 104 411 stone
874 104 412 stone
874 104 413 stone
874 104 414 stone
874 104 415 stone
874 104 416 stone
874 104 417 stone
874 104 418 stone
874 104 419 stone
874 104 420 stone
874 104 421 stone
874 104 422 stone
874 104 423 stone
874 104 424 stone
874 104 425 stone
874 104 426 stone
874 104 427 stone
874 104 428 stone
874 104 429 stone
874 104 430 stone
874 104 431 stone
874 104 432 stone
874 104 433 stone
874 104 434 stone
874 104 435 stone
874 104 436 stone
874 104 437 stone
874 104 438 stone
874 104 439 stone
874 104 440 stone
874 104 441 stone
874 104 442 stone
874 104 443 stone
874 104 444 stone
874 104 445 stone
874 104 446 stone
874 104 447 stone
874 104 448 stone
874 104 449 stone
874 104 450 stone
874 104 451 stone
874 104 452 stone
874 104 453 stone
874 104 454 stone
874 104 455 stone
874 104 456 stone
874 104 457 stone
874 104 458 gravel
874 104 459 water[level=0]
874 104 460 water[level=0]
874 104 461 water[level=0]
874 104 462 gravel
874 104 463 stone
874 104 464 stone
874 104 465 stone
874 104 466 stone
874 104 467 stone
874 104 468 stone
874 104 469 stone
874 104 470 stone
874 104 471 stone
874 104 472 stone
874 104 473 stone
874 104 474 stone
874 104 475 stone
874 104 476 stone
874 104 477 stone
874 104 478 stone
874 104 479 stone
874 104 480 stone
874 104 481 stone
874 104 482 stone
874 104 483 stone
874 104 484 stone
874 104 485 stone
874 104 486 stone
874 104 487 stone
874 104 488 stone
874 104 489 stone
874 104 490 stone
874 104 491 stone
874 104 492 stone
874 104 493 stone
874 104 494 stone
874 104 495 stone
874 104 496 stone
874 104 497 stone
874 104 498 stone
874 104 499 stone
874 104 500 stone
874 104 501 stone
874 104 502 stone
874 104 503 stone
874 104 504 stone
874 104 505 stone
874 104 506 stone
874 104 507 dirt
874 104 508 dirt
874 104 509 dirt
874 104 510 dirt
874 104 511 dirt
875 104 384 stone
875 104 385 stone
875 104 386 stone
875 104 387 stone
875 104 388 stone
875 104 389 stone
875 104 390 stone
875 104 391 stone
875 104 392 dirt
875 104 393 dirt
875 104 394 dirt
875 104 395 dirt
875 104 396 stone
875 104 397 stone
875 104 398 stone
875 104 399 stone
875 104 400 stone
875 104 401 stone
875 104 402 stone
875 104 403 stone
875 104 404 stone
875 104 405 stone
875 104 406 stone
875 104 407 stone
875 104 408 stone
875 104 409 stone
875 104 410 stone
875 104 411 stone
875 104 412 stone
875 104 413 stone
875 104 414 stone
875 104 415 stone
875 104 416 stone
875 104 417 stone
875 104 418 stone
875 104 419 stone
875 104 420 stone
875 104 421 stone
875 104 422 stone
875 104 423 stone
875 104 424 stone
875 104 425 stone
875 104 426 stone
875 104 427 stone
875 104 428 stone
875 104 429 stone
875 104 430 stone
875 104 431 stone
875 104 432 stone
875 104 433 stone
875 104 434 stone
875 104 435 stone
875 104 436 stone
875 104 437 stone
875 104 438 stone
875 104 439 stone
875 104 440 stone
875 104 441 stone
875 104 442 stone
875 104 443 stone
875 104 444 stone
875 104 445 stone
875 104 446 stone
875 104 447 stone
875 104 448 stone
875 104 449 stone
875 104 450 stone
875 104 451 stone
875 104 452 stone
875 104 453 stone
875 104 454 stone
875 104 455 stone
875 104 456 stone
875 104 457 stone
875 104 458 stone
875 104 459 stone
875 104 460 water[level=0]
875 104 461 water[level=0]
875 104 462 gravel
875 104 463 stone
875 104 464 stone
875 104 465 stone
875 104 466 stone
875 104 467 stone
875 104 468 stone
875 104 469 stone
875 104 470 stone
875 104 471 stone
875 104 472 stone
875 104 473 stone
875 104 474 stone
875 104 475 stone
875 104 476 stone
875 104 477 stone
875 104 478 stone
875 104 479 stone
875 104 480 stone
875 104 481 stone
875 104 482 stone
875 104 483 stone
875 104 484 stone
875 104 485 stone
875 104 486 stone
875 104 487 stone
875 104 488 stone
875 104 489 stone
875 104 490 stone
875 104 491 stone
875 104 492 stone
875 104 493 stone
875 104 494 stone
875 104 495 stone
875 104 496 stone
875 104 497 stone
875 104 498 stone
875 104 499 stone
875 104 500 stone
875 104 501 stone
875 104 502 stone
875 104 503 stone
875 104 504 stone
875 104 505 stone
875 104 506 stone
875 104 507 stone
875 104 508 dirt
875 104 509 dirt
875 104 510 dirt
875 104 511 stone
876 104 384 stone
876 104 385 stone
876 104 386 stone
876 104 387 stone
876 104 388 stone
876 104 389 stone
876 104 390 stone
876 104 391 stone
876 104 392 dirt
876 104 393 dirt
876 104 394 dirt
876 104 395 dirt
876 104 396 stone
876 104 397 stone
876 104 398 stone
876 104 399 stone
876 104 400 stone
876 104 401 stone
876 104 402 stone
876 104 403 stone
876 104 404 stone
876 104 405 stone
876 104 406 stone
876 104 407 stone
876 104 408 stone
876 104 409 stone
876 104 410 stone
876 104 411 stone
876 104 412 stone
876 104 413 stone
876 104 414 stone
876 104 415 stone
876 104 416 stone
876 104 417 stone
876 104 418 stone
876 104 419 stone
876 104 420 stone
876 104 421 stone
876 104 422 stone
876 104 423 stone
876 104 424 stone
876 104 425 stone
876 104 426 stone
876 104 427 stone
876 104 428 stone
876 104 429 stone
876 104 430 stone
876 104 431 stone
876 104 432 stone
876 104 433 stone
876 104 434 stone
876 104 435 stone
876 104 436 stone
876 104 437 stone
876 104 438 stone
876 104 439 stone
876 104 440 stone
876 104 441 stone
876 104 442 stone
876 104 443 stone
876 104 444 stone
876 104 445 stone
876 104 446 stone
876 104 447 stone
876 104 448 stone
876 104 449 stone
876 104 450 stone
876 104 451 stone
876 104 452 stone
876 104 453 stone
876 104 454 stone
876 104 455 stone
876 104 456 stone
876 104 457 stone
876 104 458 stone
876 104 459 stone
876 104 460 water[level=0]
876 104 461 water[level=0]
876 104 462 gravel
876 104 463 gravel
876 104 464 stone
876 104 465 stone
876 104 466 stone
876 104 467 stone
876 104 468 stone
876 104 469 stone
876 104 470 stone
876 104 471 stone
876 104 472 stone
876 104 473 stone
876 104 474 stone
876 104 475 stone
876 104 476 stone
876 104 477 stone
876 104 478 stone
876 104 479 stone
876 104 480 stone
876 104 481 stone
876 104 482 stone
876 104 483 stone
876 104 484 stone
876 104 485 stone
876 104 486 stone
876 104 487 stone
876 104 488 stone
876 104 489 stone
876 104 490 stone
876 104 491 stone
876 104 492 stone
876 104 493 stone
876 104 494 stone
876 104 495 stone
876 104 496 stone
876 104 497 stone
876 104 498 stone
876 104 499 stone
876 104 500 stone
876 104 501 stone
876 104 502 stone
876 104 503 stone
876 104 504 stone
876 104 505 stone
876 104 506 stone
876 104 507 dirt
876 104 508 dirt
876 104 509 stone
876 104 510 stone
876 104 511 stone
877 104 384 diorite
877 104 385 diorite
877 104 386 diorite
877 104 387 stone
877 104 388 stone
877 104 389 stone
877 104 390 stone
877 104 391 stone
877 104 392 dirt
877 104 393 dirt
877 104 394 dirt
877 104 395 dirt
877 104 396 stone
877 104 397 stone
877 104 398 stone
877 104 399 stone
877 104 400 stone
877 104 401 stone
877 104 402 stone
877 104 403 stone
877 104 404 stone
877 104 405 stone
877 104 406 stone
877 104 407 stone
877 104 408 stone
877 104 409 stone
877 104 410 stone
877 104 411 stone
877 104 412 stone
877 104 413 stone
877 104 414 stone
877 104 415 stone
877 104 416 stone
877 104 417 stone
877 104 418 stone
877 104 419 stone
877 104 420 stone
877 104 421 stone
877 104 422 stone
877 104 423 stone
877 104 424 stone
877 104 425 stone
877 104 426 stone
877 104 427 stone
877 104 428 stone
877 104 429 stone
877 104 430 stone
877 104 431 stone
877 104 432 stone
877 104 433 stone
877 104 434 stone
877 104 435 stone
877 104 436 stone
877 104 437 stone
877 104 438 stone
877 104 439 stone
877 104 440 stone
877 104 441 stone
877 104 442 stone
877 104 443 stone
877 104 444 stone
877 104 445 stone
877 104 446 stone
877 104 447 stone
877 104 448 stone
877 104 449 stone
877 104 450 stone
877 104 451 stone
877 104 452 stone
877 104 453 stone
877 104 454 stone
877 104 455 stone
877 104 456 stone
877 104 457 stone
877 104 458 stone
877 104 459 stone
877 104 460 water[level=0]
877 104 461 water[level=0]
877 104 462 gravel
877 104 463 gravel
877 104 464 gravel
877 104 465 stone
877 104 466 stone
877 104 467 stone
877 104 468 stone
877 104 469 stone
877 104 470 stone
877 104 471 stone
877 104 472 stone
877 104 473 stone
877 104 474 stone
877 104 475 stone
877 104 476 stone
877 104 477 stone
877 104 478 stone
877 104 479 stone
877 104 480 stone
877 104 481 stone
877 104 482 stone
877 104 483 stone
877 104 484 stone
877 104 485 stone
877 104 486 stone
877 104 487 stone
877 104 488 stone
877 104 489 stone
877 104 490 stone
877 104 491 stone
877 104 492 stone
877 104 493 stone
877 104 494 stone
877 104 495 stone
877 104 496 stone
877 104 497 stone
877 104 498 stone
877 104 499 stone
877 104 500 stone
877 104 501 stone
877 104 502 stone
877 104 503 stone
877 104 504 stone
877 104 505 stone
877 104 506 stone
877 104 507 stone
877 104 508 stone
877 104 509 stone
877 104 510 stone
877 104 511 stone
878 104 384 diorite
878 104 385 diorite
878 104 386 diorite
878 104 387 diorite
878 104 388 diorite
878 104 389 stone
878 104 390 stone
878 104 391 stone
878 104 392 dirt
878 104 393 dirt
878 104 394 dirt
878 104 395 dirt
878 104 396 stone
878 104 397 stone
878 104 398 stone
878 104 399 stone
878 104 400 stone
878 104 401 stone
878 104 402 stone
878 104 403 stone
878 104 404 stone
878 104 405 stone
878 104 406 stone
878 104 407 stone
878 104 408 stone
878 104 409 stone
878 104 410 stone
878 104 411 stone
878 104 412 stone
878 104 413 stone
878 104 414 stone
878 104 415 stone
878 104 416 stone
878 104 417 stone
878 104 418 stone
878 104 419 stone
878 104 420 stone
878 104 421 stone
878 104 422 stone
878 104 423 stone
878 104 424 stone
878 104 425 stone
878 104 426 stone
878 104 427 stone
878 104 428 stone
878 104 429 stone
878 104 430 stone
878 104 431 stone
878 104 432 stone
878 104 433 stone
878 104 434 stone
878 104 435 stone
878 104 436 stone
878 104 437 stone
878 104 438 stone
878 104 439 stone
878 104 440 stone
878 104 441 stone
878 104 442 stone
878 104 443 stone
878 104 444 stone
878 104 445 stone
878 104 446 stone
878 104 447 stone
878 104 448 stone
878 104 449 stone
878 104 450 stone
878 104 451 stone
878 104 452 stone
878 104 453 stone
878 104 454 stone
878 104 455 stone
878 104 456 stone
878 104 457 stone
878 104 458 stone
878 104 459 stone
878 104 460 gravel
878 104 461 gravel
878 104 462 water[level=0]
878 104 463 water[level=0]
878 104 464 water[level=0]
878 104 465 stone
878 104 466 stone
878 104 467 stone
878 104 468 stone
878 104 469 stone
878 104 470 stone
878 104 471 stone
878 104 472 stone
878 104 473 stone
878 104 474 stone
878 104 475 stone
878 104 476 stone
878 104 477 stone
878 104 478 stone
878 104 479 stone
878 104 480 stone
878 104 481 stone
878 104 482 stone
878 104 483 stone
878 104 484 stone
878 104 485 stone
878 104 486 stone
878 104 487 stone
878 104 488 stone
878 104 489 copper_ore
878 104 490 copper_ore
878 104 491 stone
878 104 492 stone
878 104 493 stone
878 104 494 stone
878 104 495 stone
878 104 496 stone
878 104 497 stone
878 104 498 stone
878 104 499 stone
878 104 500 stone
878 104 501 stone
878 104 502 stone
878 104 503 stone
878 104 504 stone
878 104 505 stone
878 104 506 stone
878 104 507 stone
878 104 508 stone
878 104 509 stone
878 104 510 stone
878 104 511 gravel
879 104 384 diorite
879 104 385 diorite
879 104 386 diorite
879 104 387 diorite
879 104 388 diorite
879 104 389 diorite
879 104 390 stone
879 104 391 stone
879 104 392 stone
879 104 393 dirt
879 104 394 dirt
879 104 395 dirt
879 104 396 stone
879 104 397 stone
879 104 398 stone
879 104 399 stone
879 104 400 stone
