606 113 452 granite
606 113 453 granite
606 113 454 granite
606 113 455 granite
606 113 456 granite
606 113 457 granite
606 113 458 granite
606 113 459 granite
606 113 460 granite
606 113 461 dirt
606 113 462 dirt
606 113 463 dirt
606 113 464 dirt
606 113 465 dirt
606 113 466 stone
606 113 467 stone
606 113 468 stone
606 113 469 stone
606 113 470 diorite
606 113 471 diorite
606 113 472 stone
606 113 473 stone
606 113 474 stone
606 113 475 stone
606 113 476 stone
606 113 477 granite
606 113 478 granite
606 113 479 granite
606 113 480 granite
606 113 481 granite
606 113 482 dirt
606 113 483 granite
606 113 484 granite
606 113 485 stone
606 113 486 stone
606 113 487 stone
606 113 488 stone
606 113 489 stone
606 113 490 stone
606 113 491 stone
606 113 492 stone
606 113 493 water[level=3]
606 113 494 water[level=4]
606 113 495 water[level=5]
606 113 496 water[level=4]
606 113 500 stone
606 113 501 stone
606 113 502 stone
606 113 503 stone
606 113 504 stone
606 113 505 stone
606 113 506 stone
606 113 507 stone
606 113 508 stone
606 113 509 stone
606 113 510 andesite
606 113 511 andesite
607 113 384 stone
607 113 385 stone
607 113 386 stone
607 113 387 stone
607 113 388 stone
607 113 389 stone
607 113 390 stone
607 113 391 stone
607 113 392 stone
607 113 393 stone
607 113 394 stone
607 113 395 stone
607 113 396 stone
607 113 397 stone
607 113 398 stone
607 113 399 stone
607 113 400 stone
607 113 401 stone
607 113 402 stone
607 113 403 stone
607 113 404 stone
607 113 405 stone
607 113 406 stone
607 113 407 stone
607 113 408 stone
607 113 409 stone
607 113 410 stone
607 113 411 stone
607 113 412 stone
607 113 413 stone
607 113 414 stone
607 113 415 stone
607 113 416 stone
607 113 417 stone
607 113 418 stone
607 113 419 stone
607 113 420 stone
607 113 421 gravel
607 113 422 gravel
607 113 423 gravel
607 113 424 gravel
607 113 425 stone
607 113 426 gravel
607 113 427 gravel
607 113 428 stone
607 113 429 stone
607 113 430 stone
607 113 431 stone
607 113 432 stone
607 113 433 stone
607 113 434 stone
607 113 435 stone
607 113 436 stone
607 113 437 stone
607 113 438 stone
607 113 439 stone
607 113 440 stone
607 113 441 stone
607 113 442 stone
607 113 443 granite
607 113 444 granite
607 113 445 granite
607 113 446 granite
607 113 447 granite
607 113 448 granite
607 113 449 granite
607 113 450 granite
607 113 451 granite
607 113 452 granite
607 113 453 granite
607 113 454 granite
607 113 455 granite
607 113 456 granite
607 113 457 granite
607 113 458 granite
607 113 459 granite
607 113 460 stone
607 113 461 dirt
607 113 462 dirt
607 113 463 dirt
607 113 464 dirt
607 113 465 stone
607 113 466 stone
607 113 467 stone
607 113 468 stone
607 113 469 stone
607 113 470 stone
607 113 471 stone
607 113 472 stone
607 113 473 stone
607 113 474 stone
607 113 475 stone
607 113 476 stone
607 113 477 granite
607 113 478 granite
607 113 479 granite
607 113 480 granite
607 113 481 granite
607 113 482 granite
607 113 483 granite
607 113 484 granite
607 113 485 granite
607 113 486 stone
607 113 487 stone
607 113 488 stone
607 113 489 stone
607 113 490 stone
607 113 491 stone
607 113 493 water[level=4]
607 113 494 water[level=5]
607 113 495 water[level=4]
607 113 496 water[level=3]
607 113 499 andesite
607 113 500 andesite
607 113 501 stone
607 113 502 stone
607 113 503 stone
607 113 504 stone
607 113 505 stone
607 113 506 stone
607 113 507 stone
607 113 508 stone
607 113 509 stone
607 113 510 andesite
607 113 511 andesite
608 113 384 stone
608 113 385 stone
608 113 386 stone
608 113 387 stone
608 113 388 stone
608 113 389 stone
608 113 390 stone
608 113 391 stone
608 113 392 stone
608 113 393 stone
608 113 394 stone
608 113 395 stone
608 113 396 stone
608 113 397 stone
608 113 398 stone
608 113 399 stone
608 113 400 stone
608 113 401 stone
608 113 402 stone
608 113 403 stone
608 113 404 stone
608 113 405 stone
608 113 406 stone
608 113 407 stone
608 113 408 stone
608 113 409 stone
608 113 410 stone
608 113 411 stone
608 113 412 stone
608 113 413 stone
608 113 414 stone
608 113 415 stone
608 113 416 stone
608 113 417 stone
608 113 418 stone
608 113 419 stone
608 113 420 gravel
608 113 421 gravel
608 113 422 gravel
608 113 423 gravel
608 113 424 gravel
608 113 425 gravel
608 113 426 gravel
608 113 427 gravel
608 113 428 gravel
608 113 429 stone
608 113 430 stone
608 113 431 stone
608 113 432 stone
608 113 433 stone
608 113 434 stone
608 113 435 stone
608 113 436 stone
608 113 437 stone
608 113 438 stone
608 113 439 stone
608 113 440 stone
608 113 441 stone
608 113 442 stone
608 113 443 stone
608 113 444 stone
608 113 445 granite
608 113 446 granite
608 113 447 granite
608 113 448 granite
608 113 449 granite
608 113 450 granite
608 113 451 granite
608 113 452 granite
608 113 453 granite
608 113 454 granite
608 113 455 granite
608 113 456 granite
608 113 457 granite
608 113 458 stone
608 113 459 stone
608 113 460 stone
608 113 461 stone
608 113 462 dirt
608 113 463 dirt
608 113 464 dirt
608 113 465 stone
608 113 466 stone
608 113 467 stone
608 113 468 stone
608 113 469 stone
608 113 470 stone
608 113 471 stone
608 113 472 stone
608 113 473 stone
608 113 474 stone
608 113 475 stone
608 113 476 stone
608 113 477 stone
608 113 478 granite
608 113 479 granite
608 113 480 granite
608 113 481 granite
608 113 482 granite
608 113 483 granite
608 113 484 granite
608 113 485 granite
608 113 486 stone
608 113 487 stone
608 113 488 stone
608 113 489 stone
608 113 490 stone
608 113 491 stone
608 113 496 water[level=2]
608 113 497 water[level=1]
608 113 498 water[level=8]
608 113 499 andesite
608 113 500 andesite
608 113 501 stone
608 113 502 stone
608 113 503 stone
608 113 504 stone
608 113 505 stone
608 113 506 stone
608 113 507 stone
608 113 508 andesite
608 113 509 andesite
608 113 510 andesite
608 113 511 andesite
609 113 384 stone
609 113 385 stone
609 113 386 stone
609 113 387 stone
609 113 388 stone
609 113 389 stone
609 113 390 stone
609 113 391 stone
609 113 392 stone
609 113 393 stone
609 113 394 stone
609 113 395 stone
609 113 396 stone
609 113 397 stone
609 113 398 stone
609 113 399 stone
609 113 400 stone
609 113 401 stone
609 113 402 stone
609 113 403 stone
609 113 404 stone
609 113 405 stone
609 113 406 stone
609 113 407 stone
609 113 408 stone
609 113 409 stone
609 113 410 stone
609 113 411 stone
609 113 412 stone
609 113 413 stone
609 113 414 stone
609 113 415 stone
609 113 416 stone
609 113 417 stone
609 113 418 stone
609 113 419 stone
609 113 420 gravel
609 113 421 gravel
609 113 422 gravel
609 113 423 gravel
609 113 424 gravel
609 113 425 gravel
609 113 426 gravel
609 113 427 gravel
609 113 428 gravel
609 113 429 stone
609 113 430 stone
609 113 431 stone
609 113 432 stone
609 113 433 stone
609 113 434 stone
609 113 435 stone
609 113 436 stone
609 113 437 stone
609 113 438 stone
609 113 439 stone
609 113 440 stone
609 113 441 stone
609 113 442 stone
609 113 443 stone
609 113 444 stone
609 113 445 stone
609 113 446 stone
609 113 447 stone
609 113 448 stone
609 113 449 stone
609 113 450 granite
609 113 451 granite
609 113 452 granite
609 113 453 granite
609 113 454 granite
609 113 455 granite
609 113 456 stone
609 113 457 stone
609 113 458 stone
609 113 459 stone
609 113 460 copper_ore
609 113 461 copper_ore
609 113 462 stone
609 113 463 dirt
609 113 464 stone
609 113 465 stone
609 113 466 stone
609 113 467 stone
609 113 468 stone
609 113 469 stone
609 113 470 stone
609 113 471 stone
609 113 472 stone
609 113 473 stone
609 113 474 stone
609 113 475 stone
609 113 476 stone
609 113 477 stone
609 113 478 stone
609 113 479 granite
609 113 480 granite
609 113 481 granite
609 113 482 granite
609 113 483 granite
609 113 484 granite
609 113 485 granite
609 113 486 stone
609 113 487 stone
609 113 488 stone
609 113 489 stone
609 113 490 stone
609 113 496 water[level=2]
609 113 497 water[level=1]
609 113 498 water[level=8]
609 113 499 andesite
609 113 500 andesite
609 113 501 stone
609 113 502 stone
609 113 503 stone
609 113 504 stone
609 113 505 stone
609 113 506 stone
609 113 507 andesite
609 113 508 andesite
609 113 509 andesite
609 113 510 andesite
609 113 511 andesite
610 113 384 stone
610 113 385 stone
610 113 386 stone
610 113 387 stone
610 113 388 stone
610 113 389 stone
610 113 390 stone
610 113 391 stone
610 113 392 stone
610 113 393 stone
610 113 394 stone
610 113 395 stone
610 113 396 stone
610 113 397 stone
610 113 398 stone
610 113 399 stone
610 113 400 stone
610 113 401 stone
610 113 402 stone
610 113 403 stone
610 113 404 stone
610 113 405 stone
610 113 406 stone
610 113 407 stone
610 113 408 stone
610 113 409 stone
610 113 410 stone
610 113 411 stone
610 113 412 stone
610 113 413 stone
610 113 414 stone
610 113 415 stone
610 113 416 stone
610 113 417 stone
610 113 418 stone
610 113 419 stone
610 113 420 stone
610 113 421 gravel
610 113 422 gravel
610 113 423 gravel
610 113 424 gravel
610 113 425 stone
610 113 426 gravel
610 113 427 stone
610 113 428 stone
610 113 429 stone
610 113 430 stone
610 113 431 stone
610 113 432 stone
610 113 433 stone
610 113 434 stone
610 113 435 stone
610 113 436 stone
610 113 437 stone
610 113 438 stone
610 113 439 stone
610 113 440 stone
610 113 441 stone
610 113 442 stone
610 113 443 stone
610 113 444 stone
610 113 445 stone
610 113 446 stone
610 113 447 stone
610 113 448 stone
610 113 449 stone
610 113 450 stone
610 113 451 stone
610 113 452 stone
610 113 453 stone
610 113 454 stone
610 113 455 stone
610 113 456 stone
610 113 457 stone
610 113 458 stone
610 113 459 stone
610 113 460 copper_ore
610 113 461 copper_ore
610 113 462 stone
610 113 463 stone
610 113 464 stone
610 113 465 stone
610 113 466 stone
610 113 467 stone
610 113 468 stone
610 113 469 stone
610 113 470 stone
610 113 471 stone
610 113 472 stone
610 113 473 stone
610 113 474 stone
610 113 475 stone
610 113 476 stone
610 113 477 stone
610 113 478 stone
610 113 479 stone
610 113 480 granite
610 113 481 granite
610 113 482 granite
610 113 483 granite
610 113 484 granite
610 113 485 granite
610 113 486 stone
610 113 487 stone
610 113 488 stone
610 113 489 stone
610 113 490 stone
610 113 496 water[level=1]
610 113 497 water[level=8]
610 113 498 andesite
610 113 499 andesite
610 113 500 andesite
610 113 501 andesite
610 113 502 stone
610 113 503 stone
610 113 504 stone
610 113 505 stone
610 113 506 stone
610 113 507 stone
610 113 508 andesite
610 113 509 andesite
610 113 510 andesite
610 113 511 stone
611 113 384 stone
611 113 385 stone
611 113 386 stone
611 113 387 stone
611 113 388 stone
611 113 389 stone
611 113 390 stone
611 113 391 stone
611 113 392 stone
611 113 393 stone
611 113 394 stone
611 113 395 stone
611 113 396 stone
611 113 397 stone
611 113 398 stone
611 113 399 stone
611 113 400 stone
611 113 401 stone
611 113 402 stone
611 113 403 stone
611 113 404 stone
611 113 405 stone
611 113 406 stone
611 113 407 stone
611 113 408 stone
611 113 409 stone
611 113 410 dirt
611 113 411 dirt
611 113 412 stone
611 113 413 stone
611 113 414 stone
611 113 415 stone
611 113 416 stone
611 113 417 stone
611 113 418 stone
611 113 419 stone
611 113 420 stone
611 113 421 stone
611 113 422 stone
611 113 423 stone
611 113 424 stone
611 113 425 stone
611 113 426 stone
611 113 427 stone
611 113 428 stone
611 113 429 stone
611 113 430 stone
611 113 431 stone
611 113 432 stone
611 113 433 stone
611 113 434 stone
611 113 435 stone
611 113 436 stone
611 113 437 stone
611 113 438 stone
611 113 439 stone
611 113 440 stone
611 113 441 stone
611 113 442 stone
611 113 443 stone
611 113 444 stone
611 113 445 stone
611 113 446 stone
611 113 447 stone
611 113 448 stone
611 113 449 stone
611 113 450 stone
611 113 451 stone
611 113 452 stone
611 113 453 stone
611 113 454 stone
611 113 455 stone
611 113 456 stone
611 113 457 stone
611 113 458 stone
611 113 459 stone
611 113 460 stone
611 113 461 stone
611 113 462 stone
611 113 463 stone
611 113 464 stone
611 113 465 stone
611 113 466 stone
611 113 467 stone
611 113 468 stone
611 113 469 stone
611 113 470 stone
611 113 471 stone
611 113 472 stone
611 113 473 stone
611 113 474 stone
611 113 475 stone
611 113 476 stone
611 113 477 stone
611 113 478 stone
611 113 479 stone
611 113 480 stone
611 113 481 stone
611 113 482 granite
611 113 483 granite
611 113 484 granite
611 113 485 granite
611 113 486 stone
611 113 487 stone
611 113 488 stone
611 113 489 stone
611 113 490 stone
611 113 491 stone
611 113 496 water[level=1]
611 113 497 water[level=8]
611 113 498 andesite
611 113 499 andesite
611 113 500 andesite
611 113 501 andesite
611 113 502 stone
611 113 503 stone
611 113 504 stone
611 113 505 stone
611 113 506 stone
611 113 507 stone
611 113 508 stone
611 113 509 stone
611 113 510 stone
611 113 511 stone
612 113 384 stone
612 113 385 stone
612 113 386 stone
612 113 387 stone
612 113 388 stone
612 113 389 andesite
612 113 390 andesite
612 113 391 andesite
612 113 392 andesite
612 113 393 andesite
612 113 394 andesite
612 113 395 stone
612 113 396 stone
612 113 397 stone
612 113 398 stone
612 113 399 stone
612 113 400 stone
612 113 401 stone
612 113 402 stone
612 113 403 stone
612 113 404 stone
612 113 405 stone
612 113 406 stone
612 113 407 stone
612 113 408 stone
612 113 409 dirt
612 113 410 dirt
612 113 411 dirt
612 113 412 stone
612 113 413 stone
612 113 414 stone
612 113 415 stone
612 113 416 stone
612 113 417 stone
612 113 418 stone
612 113 419 stone
612 113 420 stone
612 113 421 stone
612 113 422 stone
612 113 423 stone
612 113 424 stone
612 113 425 stone
612 113 426 stone
612 113 427 stone
612 113 428 stone
612 113 429 stone
612 113 430 stone
612 113 431 stone
612 113 432 stone
612 113 433 stone
612 113 434 stone
612 113 435 stone
612 113 436 stone
612 113 437 stone
612 113 438 stone
612 113 439 stone
612 113 440 stone
612 113 441 stone
612 113 442 stone
612 113 443 stone
612 113 444 stone
612 113 445 stone
612 113 446 stone
612 113 447 stone
612 113 448 stone
612 113 449 stone
612 113 450 stone
612 113 451 stone
612 113 452 stone
612 113 453 stone
612 113 454 stone
612 113 455 stone
612 113 456 stone
612 113 457 stone
612 113 458 stone
612 113 459 stone
612 113 460 stone
612 113 461 stone
612 113 462 stone
612 113 463 stone
612 113 464 stone
612 113 465 stone
612 113 466 stone
612 113 467 stone
612 113 468 stone
612 113 469 stone
612 113 470 stone
612 113 471 stone
612 113 472 stone
612 113 473 stone
612 113 474 stone
612 113 475 stone
612 113 476 stone
612 113 477 stone
612 113 478 gravel
612 113 479 gravel
612 113 480 gravel
612 113 481 stone
612 113 482 stone
612 113 483 stone
612 113 484 granite
612 113 485 granite
612 113 486 stone
612 113 487 stone
612 113 488 stone
612 113 489 stone
612 113 490 stone
612 113 491 stone
612 113 497 water[level=1]
612 113 498 water[level=8]
612 113 499 andesite
612 113 500 andesite
612 113 501 andesite
612 113 502 stone
612 113 503 stone
612 113 504 stone
612 113 505 stone
612 113 506 stone
612 113 507 stone
612 113 508 stone
612 113 509 stone
612 113 510 stone
612 113 511 stone
613 113 384 stone
613 113 385 stone
613 113 386 stone
613 113 387 andesite
613 113 388 andesite
613 113 389 andesite
613 113 390 andesite
613 113 391 andesite
613 113 392 andesite
613 113 393 andesite
613 113 394 andesite
613 113 395 stone
613 113 396 stone
613 113 397 stone
613 113 398 stone
613 113 399 stone
613 113 400 stone
613 113 401 stone
613 113 402 stone
613 113 403 stone
613 113 404 stone
613 113 405 stone
613 113 406 stone
613 113 407 stone
613 113 408 stone
613 113 409 dirt
613 113 410 dirt
613 113 411 dirt
613 113 412 stone
613 113 413 stone
613 113 414 stone
613 113 415 stone
613 113 416 stone
613 113 417 stone
613 113 418 stone
613 113 419 stone
613 113 420 stone
613 113 421 stone
613 113 422 stone
613 113 423 stone
613 113 424 stone
613 113 425 stone
613 113 426 stone
613 113 427 stone
613 113 428 stone
613 113 429 stone
613 113 430 stone
613 113 431 stone
613 113 432 stone
613 113 433 stone
613 113 434 stone
613 113 435 stone
613 113 436 stone
613 113 437 stone
613 113 438 stone
613 113 439 stone
613 113 440 stone
613 113 441 stone
613 113 442 stone
613 113 443 stone
613 113 444 stone
613 113 445 stone
613 113 446 stone
613 113 447 stone
613 113 448 stone
613 113 449 stone
613 113 450 stone
613 113 451 stone
613 113 452 stone
613 113 453 stone
613 113 454 stone
613 113 455 stone
613 113 456 stone
613 113 457 stone
613 113 458 stone
613 113 459 stone
613 113 460 stone
613 113 461 stone
613 113 462 stone
613 113 463 stone
613 113 464 stone
613 113 465 stone
613 113 466 stone
613 113 467 stone
613 113 468 stone
613 113 469 stone
613 113 470 stone
613 113 471 stone
613 113 472 stone
613 113 473 stone
613 113 474 stone
613 113 475 stone
613 113 476 stone
613 113 477 stone
613 113 478 gravel
613 113 479 gravel
613 113 480 gravel
613 113 481 copper_ore
613 113 482 stone
613 113 483 stone
613 113 484 stone
613 113 485 stone
613 113 486 stone
613 113 487 stone
613 113 488 stone
613 113 489 stone
613 113 490 stone
613 113 491 stone
613 113 492 stone
613 113 493 stone
613 113 499 andesite
613 113 500 andesite
613 113 501 andesite
613 113 502 stone
613 113 503 stone
613 113 504 stone
613 113 505 stone
613 113 506 stone
613 113 507 stone
613 113 508 stone
613 113 509 stone
613 113 510 stone
613 113 511 stone
614 113 384 stone
614 113 385 stone
614 113 386 stone
614 113 387 andesite
614 113 388 andesite
614 113 389 andesite
614 113 390 andesite
614 113 391 andesite
614 113 392 andesite
614 113 393 andesite
614 113 394 andesite
614 113 395 stone
614 113 396 stone
614 113 397 stone
614 113 398 stone
614 113 399 stone
614 113 400 stone
614 113 401 stone
614 113 402 stone
614 113 403 stone
614 113 404 stone
614 113 405 stone
614 113 406 stone
614 113 407 stone
614 113 408 stone
614 113 409 dirt
614 113 410 dirt
614 113 411 stone
614 113 412 stone
614 113 413 stone
614 113 414 stone
614 113 415 stone
614 113 416 stone
614 113 417 stone
614 113 418 stone
614 113 419 stone
614 113 420 stone
614 113 421 stone
614 113 422 stone
614 113 423 stone
614 113 424 stone
614 113 425 stone
614 113 426 stone
614 113 427 stone
614 113 428 stone
614 113 429 stone
614 113 430 stone
614 113 431 stone
614 113 432 stone
614 113 433 stone
614 113 434 stone
614 113 435 stone
614 113 436 stone
614 113 437 stone
614 113 438 stone
614 113 439 stone
614 113 440 stone
614 113 441 stone
614 113 442 stone
614 113 443 stone
614 113 444 stone
614 113 445 stone
614 113 446 stone
614 113 447 stone
614 113 448 stone
614 113 449 stone
614 113 450 stone
614 113 451 stone
614 113 452 stone
614 113 453 copper_ore
614 113 454 stone
614 113 455 stone
614 113 456 stone
614 113 457 stone
614 113 458 stone
614 113 459 stone
614 113 460 stone
614 113 461 stone
614 113 462 stone
614 113 463 stone
614 113 464 stone
614 113 465 stone
614 113 466 stone
614 113 467 stone
614 113 468 stone
614 113 469 stone
614 113 470 stone
614 113 471 stone
614 113 472 stone
614 113 473 stone
614 113 474 stone
614 113 475 stone
614 113 476 stone
614 113 477 gravel
614 113 478 gravel
614 113 479 gravel
614 113 480 gravel
614 113 481 stone
614 113 482 stone
614 113 483 stone
614 113 484 stone
614 113 485 stone
614 113 486 stone
614 113 487 stone
614 113 488 stone
614 113 489 stone
614 113 490 stone
614 113 491 stone
614 113 492 stone
614 113 493 stone
614 113 499 andesite
614 113 500 andesite
614 113 501 andesite
614 113 502 stone
614 113 503 stone
614 113 504 stone
614 113 505 stone
614 113 506 stone
614 113 507 stone
614 113 508 stone
614 113 509 stone
614 113 510 stone
614 113 511 stone
615 113 384 stone
615 113 385 stone
615 113 386 stone
615 113 387 andesite
615 113 388 andesite
615 113 389 andesite
615 113 390 andesite
615 113 391 andesite
615 113 392 andesite
615 113 393 andesite
615 113 394 andesite
615 113 395 stone
615 113 396 stone
615 113 397 stone
615 113 398 stone
615 113 399 stone
615 113 400 stone
615 113 401 stone
615 113 402 stone
615 113 403 stone
615 113 404 stone
615 113 405 stone
615 113 406 stone
615 113 407 stone
615 113 408 dirt
615 113 409 dirt
615 113 410 dirt
615 113 411 stone
615 113 412 stone
615 113 413 stone
615 113 414 stone
615 113 415 stone
615 113 416 stone
615 113 417 stone
615 113 418 stone
615 113 419 stone
615 113 420 stone
615 113 421 stone
615 113 422 stone
615 113 423 stone
615 113 424 stone
615 113 425 stone
615 113 426 stone
615 113 427 stone
615 113 428 stone
615 113 429 stone
615 113 430 stone
615 113 431 stone
615 113 432 stone
615 113 433 stone
615 113 434 stone
615 113 435 stone
615 113 436 stone
615 113 437 stone
615 113 438 stone
615 113 439 stone
615 113 440 stone
615 113 441 stone
