700 100 472 stone
700 100 473 stone
700 100 474 stone
700 100 475 stone
700 100 476 stone
700 100 477 stone
700 100 478 stone
700 100 479 stone
700 100 484 stone
700 100 485 stone
700 100 486 stone
700 100 487 stone
700 100 488 stone
700 100 489 stone
700 100 490 stone
700 100 491 stone
700 100 492 stone
700 100 493 stone
700 100 494 stone
700 100 495 stone
700 100 496 stone
700 100 497 stone
700 100 498 andesite
700 100 499 andesite
700 100 500 andesite
700 100 501 andesite
700 100 502 andesite
700 100 503 andesite
700 100 504 andesite
700 100 505 stone
700 100 506 stone
700 100 507 stone
700 100 508 stone
700 100 509 stone
700 100 510 stone
700 100 511 stone
700 100 512 stone
700 100 513 stone
700 100 514 stone
700 100 515 stone
700 100 516 stone
700 100 517 diorite
700 100 518 diorite
700 100 519 diorite
700 100 520 diorite
700 100 521 diorite
700 100 522 diorite
700 100 523 diorite
700 100 524 diorite
700 100 525 diorite
700 100 526 diorite
700 100 527 diorite
700 100 528 diorite
700 100 529 stone
700 100 530 stone
700 100 531 andesite
700 100 532 andesite
700 100 533 andesite
700 100 534 andesite
700 100 535 andesite
700 100 536 andesite
700 100 537 stone
700 100 538 stone
700 100 539 stone
700 100 540 stone
700 100 541 stone
700 100 542 stone
700 100 543 stone
700 100 544 stone
700 100 545 stone
700 100 546 stone
700 100 547 stone
700 100 548 stone
700 100 549 stone
700 100 550 stone
700 100 551 stone
700 100 552 stone
700 100 553 stone
700 100 554 stone
700 100 555 stone
700 100 556 stone
700 100 557 stone
700 100 558 stone
700 100 559 stone
700 100 560 stone
700 100 561 stone
700 100 562 stone
700 100 563 stone
700 100 564 stone
700 100 565 stone
700 100 566 granite
700 100 567 granite
700 100 568 stone
700 100 569 stone
700 100 570 stone
700 100 571 stone
700 100 572 stone
700 100 573 stone
700 100 574 stone
700 100 575 stone
700 100 576 stone
700 100 577 stone
700 100 578 stone
700 100 579 stone
700 100 580 stone
700 100 581 stone
700 100 582 stone
700 100 583 stone
700 100 584 stone
700 100 585 stone
700 100 586 stone
700 100 587 stone
700 100 588 stone
700 100 589 stone
700 100 590 stone
700 100 591 stone
700 100 592 stone
700 100 593 stone
700 100 594 stone
700 100 595 stone
700 100 596 stone
700 100 597 stone
700 100 598 stone
700 100 599 stone
700 100 600 stone
700 100 601 stone
700 100 602 stone
700 100 603 stone
700 100 604 stone
700 100 605 stone
700 100 606 stone
700 100 607 stone
700 100 608 stone
700 100 609 stone
700 100 610 stone
700 100 611 stone
700 100 612 stone
700 100 613 stone
700 100 614 stone
700 100 615 stone
700 100 616 stone
700 100 617 stone
700 100 618 stone
700 100 619 stone
700 100 620 stone
700 100 621 stone
700 100 622 stone
700 100 623 stone
700 100 624 stone
700 100 625 stone
700 100 626 stone
700 100 627 stone
700 100 628 stone
700 100 629 stone
700 100 630 stone
700 100 631 stone
700 100 632 stone
700 100 633 dirt
700 100 634 dirt
700 100 635 dirt
700 100 636 stone
700 100 637 stone
700 100 638 stone
700 100 639 stone
700 100 640 stone
700 100 641 stone
700 100 642 stone
700 100 643 stone
700 100 644 stone
700 100 645 stone
700 100 646 stone
700 100 647 stone
700 100 648 stone
700 100 649 stone
700 100 650 stone
700 100 651 stone
700 100 652 stone
700 100 653 stone
700 100 654 andesite
700 100 655 andesite
700 100 666 granite
700 100 667 stone
700 100 668 stone
700 100 669 stone
700 100 670 stone
700 100 671 stone
700 100 672 stone
700 100 673 stone
700 100 674 stone
700 100 675 stone
700 100 676 stone
700 100 677 stone
700 100 678 andesite
700 100 679 andesite
700 100 680 stone
700 100 681 stone
700 100 682 stone
700 100 683 stone
700 100 684 stone
700 100 685 stone
700 100 686 stone
700 100 687 stone
700 100 688 stone
700 100 689 stone
700 100 690 stone
700 100 691 dirt
700 100 692 dirt
700 100 693 stone
700 100 694 stone
700 100 695 stone
700 100 696 stone
700 100 697 stone
700 100 698 stone
700 100 699 stone
700 100 700 granite
700 100 701 granite
700 100 702 granite
700 100 703 stone
700 100 704 stone
700 100 705 stone
700 100 706 stone
700 100 707 stone
700 100 708 stone
700 100 709 stone
700 100 710 stone
700 100 711 stone
700 100 712 stone
700 100 713 stone
700 100 714 stone
700 100 715 stone
700 100 716 stone
700 100 717 stone
700 100 718 stone
700 100 719 stone
700 100 720 stone
700 100 721 stone
700 100 722 stone
700 100 723 stone
700 100 724 stone
700 100 725 dirt
700 100 726 dirt
700 100 727 dirt
700 100 728 dirt
700 100 729 dirt
700 100 730 dirt
700 100 731 coal_ore
700 100 732 stone
700 100 733 stone
700 100 734 andesite
700 100 735 andesite
700 100 736 stone
700 100 737 stone
700 100 738 stone
700 100 739 coal_ore
700 100 740 coal_ore
700 100 741 coal_ore
700 100 742 stone
700 100 743 stone
700 100 744 stone
700 100 745 stone
700 100 746 stone
700 100 747 stone
700 100 748 stone
700 100 749 stone
700 100 750 stone
700 100 751 stone
700 100 752 stone
700 100 753 stone
700 100 754 stone
700 100 755 stone
700 100 756 stone
700 100 757 stone
700 100 758 stone
700 100 759 stone
700 100 760 stone
700 100 761 stone
700 100 762 stone
700 100 763 andesite
700 100 764 andesite
700 100 765 andesite
700 100 766 andesite
700 100 767 andesite
700 100 768 stone
700 100 769 stone
700 100 770 stone
700 100 771 stone
700 100 772 stone
700 100 773 stone
700 100 774 stone
700 100 775 stone
700 100 776 stone
700 100 777 stone
700 100 778 stone
700 100 779 stone
700 100 780 stone
700 100 781 stone
700 100 782 stone
700 100 783 stone
700 100 784 stone
700 100 785 stone
700 100 786 stone
700 100 787 stone
700 100 788 stone
700 100 789 andesite
700 100 790 andesite
700 100 791 andesite
700 100 792 dirt
700 100 793 dirt
700 100 794 dirt
700 100 795 dirt
700 100 796 dirt
700 100 797 andesite
700 100 798 andesite
700 100 799 stone
700 100 800 stone
700 100 801 stone
700 100 802 stone
700 100 803 stone
700 100 804 stone
700 100 805 stone
700 100 806 stone
700 100 807 stone
700 100 808 stone
700 100 809 stone
700 100 810 stone
700 100 811 stone
700 100 812 stone
700 100 813 andesite
700 100 814 andesite
700 100 815 andesite
700 100 816 andesite
700 100 817 andesite
700 100 818 andesite
700 100 819 coal_ore
700 100 820 coal_ore
700 100 821 coal_ore
700 100 822 stone
700 100 823 stone
700 100 824 stone
700 100 825 stone
700 100 826 stone
700 100 827 stone
700 100 828 stone
700 100 829 stone
700 100 830 stone
700 100 831 stone
700 100 832 stone
700 100 833 stone
700 100 834 stone
700 100 835 diorite
700 100 836 diorite
700 100 837 diorite
700 100 838 diorite
700 100 839 diorite
700 100 840 diorite
700 100 841 diorite
700 100 842 stone
700 100 843 copper_ore
700 100 844 copper_ore
700 100 845 stone
700 100 846 stone
700 100 847 stone
700 100 848 stone
700 100 849 stone
700 100 850 stone
700 100 851 stone
700 100 852 diorite
700 100 853 diorite
700 100 854 diorite
700 100 855 diorite
700 100 856 diorite
700 100 857 diorite
700 100 858 diorite
700 100 859 diorite
700 100 860 copper_ore
700 100 861 copper_ore
700 100 862 copper_ore
700 100 863 copper_ore
700 100 864 copper_ore
700 100 865 copper_ore
700 100 866 copper_ore
700 100 867 copper_ore
700 100 868 stone
700 100 869 stone
700 100 870 stone
700 100 871 stone
700 100 875 stone
700 100 876 stone
700 100 877 stone
700 100 878 stone
700 100 879 stone
700 100 880 stone
700 100 881 granite
700 100 882 granite
700 100 883 granite
700 100 884 granite
700 100 885 diorite
700 100 886 diorite
700 100 887 stone
700 100 888 stone
700 100 889 stone
700 100 890 stone
700 100 891 stone
700 100 892 stone
700 100 893 stone
700 100 894 stone
700 100 895 stone
700 100 896 stone
700 100 897 stone
700 100 898 stone
700 100 899 stone
700 100 900 stone
700 100 901 stone
700 100 902 stone
700 100 903 stone
700 100 904 stone
700 100 905 stone
700 100 906 stone
700 100 907 stone
700 100 908 diorite
700 100 909 diorite
700 100 910 diorite
700 100 911 diorite
700 100 912 diorite
700 100 913 diorite
700 100 914 diorite
700 100 915 diorite
700 100 916 diorite
700 100 917 diorite
700 100 918 granite
700 100 919 diorite
700 100 920 diorite
700 100 921 stone
700 100 922 stone
700 100 923 stone
700 100 924 stone
700 100 925 gravel
700 100 926 gravel
700 100 927 gravel
700 100 928 gravel
700 100 929 gravel
700 100 930 stone
700 100 931 stone
700 100 932 stone
700 100 933 dripstone_block
700 100 934 dripstone_block
700 100 935 dripstone_block
700 100 936 stone
700 100 937 stone
700 100 938 stone
700 100 939 stone
700 100 940 stone
700 100 941 stone
700 100 942 stone
700 100 943 stone
700 100 944 stone
700 100 945 stone
700 100 946 stone
700 100 947 stone
700 100 948 stone
700 100 949 diorite
700 100 950 diorite
700 100 971 dripstone_block
700 100 972 dripstone_block
700 100 973 stone
700 100 974 stone
700 100 975 stone
700 100 982 stone
700 100 983 stone
700 100 984 stone
700 100 985 stone
700 100 986 granite
700 100 987 granite
700 100 988 granite
700 100 989 granite
700 100 990 granite
700 100 991 granite
700 100 992 granite
700 100 993 diorite
700 100 994 copper_ore
700 100 995 diorite
700 100 996 diorite
700 100 997 diorite
700 100 998 stone
700 100 999 andesite
700 100 1000 andesite
700 100 1001 andesite
700 100 1002 andesite
700 100 1003 andesite
700 100 1004 andesite
700 100 1005 andesite
700 100 1006 andesite
700 100 1007 andesite
700 100 1008 andesite
700 100 1009 stone
700 100 1010 stone
700 100 1011 stone
700 100 1012 stone
700 100 1013 stone
700 100 1014 stone
700 100 1015 stone
700 100 1016 stone
700 100 1017 stone
700 100 1018 stone
700 100 1019 stone
700 100 1020 stone
700 100 1021 coal_ore
700 100 1022 coal_ore
700 100 1023 coal_ore
700 101 0 copper_ore
700 101 1 copper_ore
700 101 2 stone
700 101 3 stone
700 101 4 stone
700 101 5 stone
700 101 6 stone
700 101 7 stone
700 101 8 stone
700 101 9 stone
700 101 10 stone
700 101 11 stone
700 101 12 stone
700 101 13 stone
700 101 14 stone
700 101 15 stone
700 101 16 stone
700 101 17 stone
700 101 18 stone
700 101 19 stone
700 101 20 stone
700 101 21 iron_ore
700 101 22 iron_ore
700 101 23 stone
700 101 24 stone
700 101 25 stone
700 101 26 stone
700 101 27 stone
700 101 28 stone
700 101 29 stone
700 101 30 stone
700 101 31 stone
700 101 32 stone
700 101 33 stone
700 101 34 stone
700 101 35 stone
700 101 36 stone
700 101 37 stone
700 101 38 stone
700 101 39 stone
700 101 40 stone
700 101 41 stone
700 101 42 stone
700 101 43 stone
700 101 44 diorite
700 101 45 diorite
700 101 46 diorite
700 101 47 diorite
700 101 48 diorite
700 101 49 diorite
700 101 50 stone
700 101 51 stone
700 101 52 stone
700 101 53 stone
700 101 54 stone
700 101 55 stone
700 101 56 stone
700 101 57 stone
700 101 58 stone
700 101 59 stone
700 101 60 stone
700 101 61 stone
700 101 62 stone
700 101 63 stone
700 101 64 stone
700 101 65 stone
700 101 66 stone
700 101 67 stone
700 101 68 water[level=0]
700 101 69 water[level=0]
700 101 70 water[level=0]
700 101 71 water[level=0]
700 101 72 water[level=0]
700 101 73 water[level=0]
700 101 74 water[level=0]
700 101 75 water[level=0]
700 101 76 water[level=0]
700 101 77 water[level=0]
700 101 78 water[level=0]
700 101 79 water[level=0]
700 101 80 water[level=0]
700 101 81 water[level=0]
700 101 82 stone
700 101 83 stone
700 101 84 stone
700 101 85 stone
700 101 86 stone
700 101 87 stone
700 101 88 stone
700 101 89 stone
700 101 90 stone
700 101 91 stone
700 101 92 stone
700 101 93 stone
700 101 94 stone
700 101 95 stone
700 101 96 stone
700 101 97 copper_ore
700 101 98 copper_ore
700 101 99 stone
700 101 100 granite
700 101 101 granite
700 101 102 granite
700 101 103 granite
700 101 104 granite
700 101 105 granite
700 101 106 granite
700 101 107 stone
700 101 108 stone
700 101 109 stone
700 101 110 stone
700 101 111 stone
700 101 112 stone
700 101 113 stone
700 101 114 stone
700 101 115 stone
700 101 116 stone
700 101 117 stone
700 101 118 stone
700 101 119 stone
700 101 120 stone
700 101 121 stone
700 101 122 andesite
700 101 123 andesite
700 101 124 andesite
700 101 125 andesite
700 101 126 andesite
700 101 127 andesite
700 101 128 andesite
700 101 129 andesite
700 101 130 andesite
700 101 131 andesite
700 101 132 andesite
700 101 133 andesite
700 101 134 andesite
700 101 135 andesite
700 101 136 andesite
700 101 137 andesite
700 101 138 andesite
700 101 139 andesite
700 101 140 andesite
700 101 141 stone
700 101 142 stone
700 101 143 stone
700 101 144 stone
700 101 145 stone
700 101 146 stone
700 101 147 stone
700 101 148 stone
700 101 149 stone
700 101 150 stone
700 101 151 stone
700 101 152 stone
700 101 153 stone
700 101 154 stone
700 101 155 stone
700 101 156 stone
700 101 157 stone
700 101 158 stone
700 101 159 stone
700 101 160 stone
700 101 161 stone
700 101 162 stone
700 101 163 stone
700 101 164 stone
700 101 165 stone
700 101 166 stone
700 101 167 stone
700 101 168 stone
700 101 169 stone
700 101 170 stone
700 101 171 stone
700 101 172 stone
700 101 173 stone
700 101 174 stone
700 101 175 stone
700 101 176 stone
700 101 177 stone
700 101 178 stone
700 101 179 stone
700 101 180 stone
700 101 181 stone
700 101 182 stone
700 101 183 stone
700 101 184 stone
700 101 185 stone
700 101 186 stone
700 101 187 stone
700 101 188 stone
700 101 189 stone
700 101 190 stone
700 101 191 stone
700 101 192 stone
700 101 193 stone
700 101 194 stone
700 101 195 stone
700 101 196 stone
700 101 197 stone
700 101 198 stone
700 101 199 stone
700 101 200 stone
700 101 201 stone
700 101 202 stone
700 101 203 stone
700 101 204 stone
700 101 205 stone
700 101 206 stone
700 101 207 stone
700 101 208 stone
700 101 209 stone
700 101 210 stone
700 101 211 stone
700 101 212 stone
700 101 213 stone
700 101 214 stone
700 101 215 stone
700 101 216 stone
700 101 217 stone
700 101 218 stone
700 101 219 stone
700 101 220 stone
700 101 221 andesite
700 101 222 andesite
700 101 223 andesite
700 101 224 andesite
700 101 225 andesite
700 101 226 andesite
700 101 227 andesite
700 101 228 stone
700 101 229 stone
700 101 230 stone
700 101 231 stone
700 101 232 stone
700 101 233 stone
700 101 234 stone
700 101 235 stone
700 101 236 stone
700 101 237 stone
700 101 238 stone
700 101 239 stone
700 101 240 stone
700 101 241 stone
700 101 242 stone
700 101 243 stone
700 101 244 stone
700 101 245 stone
700 101 246 stone
700 101 247 stone
700 101 248 stone
700 101 249 stone
700 101 250 stone
700 101 251 stone
700 101 252 stone
700 101 253 stone
700 101 254 stone
700 101 255 stone
700 101 256 stone
700 101 257 stone
700 101 258 stone
700 101 259 stone
700 101 260 stone
700 101 261 stone
700 101 262 stone
700 101 263 stone
700 101 264 stone
700 101 265 stone
700 101 266 stone
700 101 267 stone
700 101 268 stone
700 101 269 stone
700 101 270 stone
700 101 271 stone
700 101 272 stone
700 101 273 stone
700 101 274 stone
700 101 275 stone
700 101 276 stone
700 101 277 stone
700 101 278 stone
700 101 279 stone
700 101 280 stone
700 101 281 stone
700 101 282 diorite
700 101 283 diorite
700 101 284 diorite
700 101 285 diorite
700 101 286 stone
700 101 287 stone
700 101 288 stone
700 101 289 stone
700 101 290 stone
700 101 291 stone
700 101 292 granite
700 101 293 granite
700 101 294 granite
700 101 295 granite
700 101 296 granite
700 101 297 granite
700 101 298 granite
700 101 299 granite
700 101 300 granite
700 101 301 granite
700 101 302 granite
700 101 303 stone
700 101 304 stone
700 101 305 stone
700 101 306 iron_ore
700 101 307 iron_ore
700 101 308 stone
700 101 309 stone
700 101 310 andesite
700 101 311 andesite
700 101 312 andesite
700 101 313 andesite
700 101 314 andesite
700 101 315 andesite
700 101 316 andesite
700 101 317 andesite
700 101 318 andesite
700 101 319 stone
700 101 320 stone
700 101 321 stone
700 101 322 stone
700 101 323 stone
700 101 324 stone
700 101 325 stone
700 101 326 stone
700 101 327 stone
700 101 328 stone
700 101 329 stone
700 101 330 stone
700 101 331 stone
700 101 332 stone
700 101 333 stone
700 101 334 stone
700 101 335 stone
700 101 336 coal_ore
700 101 337 coal_ore
700 101 338 copper_ore
700 101 339 stone
700 101 340 stone
700 101 341 stone
700 101 342 stone
700 101 343 stone
700 101 344 stone
700 101 345 stone
700 101 346 stone
700 101 347 stone
700 101 348 stone
700 101 349 stone
700 101 350 stone
700 101 351 stone
700 101 352 stone
700 101 353 stone
700 101 354 stone
700 101 355 stone
700 101 356 stone
700 101 357 stone
700 101 358 stone
700 101 359 stone
700 101 360 stone
700 101 361 stone
700 101 362 stone
700 101 363 stone
700 101 364 stone
700 101 365 stone
700 101 366 stone
700 101 367 stone
700 101 368 stone
700 101 369 stone
700 101 370 stone
700 101 371 stone
700 101 372 stone
700 101 373 stone
700 101 374 stone
700 101 375 stone
700 101 376 stone
700 101 377 stone
700 101 378 stone
700 101 379 stone
700 101 380 stone
700 101 381 stone
700 101 382 andesite
700 101 383 andesite
700 101 384 stone
700 101 385 stone
700 101 386 stone
700 101 387 stone
700 101 388 stone
700 101 389 stone
700 101 390 smooth_basalt
700 101 391 calcite
700 101 392 calcite
700 101 393 amethyst_block
700 101 394 amethyst_block
700 101 395 budding_amethyst
700 101 396 small_amethyst_bud[facing=south,waterlogged=false]
700 101 405 amethyst_block
700 101 406 amethyst_block
700 101 407 calcite
700 101 408 smooth_basalt
700 101 409 stone
700 101 410 stone
700 101 411 stone
700 101 412 stone
700 101 413 stone
700 101 414 stone
700 101 415 stone
700 101 416 stone
700 101 417 stone
700 101 418 stone
700 101 419 stone
700 101 420 stone
700 101 421 stone
700 101 422 stone
700 101 423 granite
700 101 424 granite
700 101 425 granite
700 101 426 copper_ore
700 101 427 copper_ore
700 101 428 copper_ore
700 101 429 stone
700 101 430 stone
700 101 431 stone
700 101 432 stone
700 101 433 stone
700 101 434 stone
700 101 435 stone
700 101 436 stone
700 101 437 stone
700 101 438 stone
700 101 439 stone
700 101 440 stone
700 101 441 stone
700 101 442 stone
700 101 443 stone
700 101 444 stone
700 101 445 stone
700 101 446 stone
700 101 447 stone
700 101 448 stone
700 101 449 stone
700 101 450 stone
700 101 451 stone
700 101 452 stone
700 101 453 stone
700 101 454 stone
700 101 455 stone
700 101 456 stone
700 101 457 stone
700 101 458 stone
700 101 459 stone
700 101 460 stone
700 101 461 stone
700 101 462 stone
700 101 463 gravel
700 101 464 gravel
700 101 465 stone
700 101 466 stone
700 101 467 stone
700 101 468 stone
700 101 469 stone
700 101 470 stone
700 101 471 stone
700 101 472 stone
700 101 473 stone
700 101 474 stone
700 101 475 stone
700 101 476 stone
700 101 477 stone
700 101 478 stone
700 101 479 stone
700 101 484 stone
700 101 485 stone
700 101 486 stone
700 101 487 stone
700 101 488 stone
700 101 489 stone
700 101 490 stone
700 101 491 stone
700 101 492 stone
700 101 493 stone
700 101 494 stone
700 101 495 stone
700 101 496 stone
700 101 497 stone
700 101 498 andesite
700 101 499 andesite
700 101 500 andesite
700 101 501 andesite
700 101 502 andesite
700 101 503 andesite
700 101 504 andesite
700 101 505 stone
700 101 506 stone
700 101 507 stone
700 101 508 stone
700 101 509 stone
700 101 510 stone
700 101 511 stone
700 101 512 stone
700 101 513 stone
700 101 514 stone
700 101 515 stone
700 101 516 stone
700 101 517 stone
700 101 518 stone
700 101 519 granite
700 101 520 diorite
700 101 521 diorite
700 101 522 diorite
700 101 523 diorite
700 101 524 diorite
700 101 525 diorite
700 101 526 stone
700 101 527 stone
700 101 528 stone
700 101 529 stone
700 101 530 stone
700 101 531 stone
700 101 532 stone
700 101 533 andesite
700 101 534 andesite
700 101 535 stone
700 101 536 stone
700 101 537 stone
700 101 538 stone
700 101 539 stone
700 101 540 stone
700 101 541 copper_ore
700 101 542 stone
700 101 543 stone
700 101 544 stone
700 101 545 stone
700 101 546 stone
700 101 547 stone
700 101 548 stone
700 101 549 stone
700 101 550 stone
700 101 551 stone
700 101 552 stone
700 101 553 stone
700 101 554 stone
700 101 555 stone
700 101 556 stone
700 101 557 stone
700 101 558 stone
700 101 559 stone
700 101 560 stone
700 101 561 stone
700 101 562 stone
700 101 563 stone
700 101 564 stone
700 101 565 stone
700 101 566 stone
700 101 567 stone
700 101 568 stone
700 101 569 stone
700 101 570 stone
700 101 571 stone
700 101 572 stone
700 101 573 stone
700 101 574 stone
700 101 575 stone
700 101 576 stone
700 101 577 stone
700 101 578 stone
700 101 579 stone
700 101 580 stone
700 101 581 stone
700 101 582 stone
700 101 583 stone
700 101 584 stone
700 101 585 stone
700 101 586 stone
700 101 587 stone
700 101 588 stone
700 101 589 stone
700 101 590 stone
700 101 591 stone
700 101 592 stone
700 101 593 stone
700 101 594 stone
