629 125 401 stone
629 125 402 stone
629 125 403 stone
629 125 404 stone
629 125 405 stone
629 125 406 stone
629 125 407 stone
629 125 408 stone
629 125 409 stone
629 125 410 stone
629 125 411 stone
629 125 412 stone
629 125 413 stone
629 125 414 stone
629 125 415 stone
629 125 416 stone
629 125 417 gravel
629 125 418 gravel
629 125 419 stone
629 125 420 stone
629 125 421 stone
629 125 422 stone
629 125 423 stone
629 125 424 stone
629 125 425 stone
629 125 426 stone
629 125 427 stone
629 125 428 stone
629 125 429 stone
629 125 430 stone
629 125 431 stone
629 125 432 stone
629 125 433 dirt
629 125 434 dirt
629 125 435 dirt
629 125 436 stone
629 125 437 stone
629 125 438 stone
629 125 439 stone
629 125 440 stone
629 125 441 stone
629 125 442 stone
629 125 443 stone
629 125 444 stone
629 125 445 stone
629 125 446 stone
629 125 447 stone
629 125 448 stone
629 125 449 stone
629 125 450 stone
629 125 451 stone
629 125 452 stone
629 125 453 stone
629 125 454 stone
629 125 455 stone
629 125 456 stone
629 125 457 stone
629 125 458 stone
629 125 459 stone
629 125 460 stone
629 125 461 stone
629 125 462 stone
629 125 463 stone
629 125 464 stone
629 125 465 stone
629 125 466 stone
629 125 467 stone
629 125 468 stone
629 125 469 stone
629 125 470 stone
629 125 471 stone
629 125 472 stone
629 125 473 stone
629 125 474 stone
629 125 475 stone
629 125 476 dirt
629 125 477 dirt
629 125 478 dirt
629 125 479 dirt
629 125 480 dirt
629 125 481 dirt
629 125 482 dirt
629 125 483 dirt
629 125 484 dirt
629 125 485 dirt
629 125 486 dirt
629 125 487 dirt
629 125 488 dirt
629 125 489 dirt
629 125 490 dirt
629 125 491 dirt
629 125 492 dirt
629 125 493 dirt
629 125 494 dirt
629 125 495 grass_block[snowy=false]
629 125 496 grass_block[snowy=false]
629 125 497 grass_block[snowy=false]
629 125 498 grass_block[snowy=false]
629 125 499 short_grass
629 125 501 grass_block[snowy=false]
629 125 502 grass_block[snowy=false]
629 125 503 grass_block[snowy=false]
629 125 504 grass_block[snowy=false]
629 125 505 grass_block[snowy=false]
629 125 506 dirt
629 125 507 dirt
629 125 508 dirt
629 125 509 dirt
629 125 510 dirt
629 125 511 dirt
630 125 384 stone
630 125 385 stone
630 125 386 stone
630 125 387 stone
630 125 388 stone
630 125 389 stone
630 125 390 stone
630 125 391 stone
630 125 392 stone
630 125 393 stone
630 125 394 stone
630 125 395 stone
630 125 396 stone
630 125 397 stone
630 125 398 stone
630 125 399 stone
630 125 400 stone
630 125 401 stone
630 125 402 stone
630 125 403 stone
630 125 404 stone
630 125 405 stone
630 125 406 stone
630 125 407 stone
630 125 408 stone
630 125 409 stone
630 125 410 stone
630 125 411 stone
630 125 412 stone
630 125 413 stone
630 125 414 stone
630 125 415 stone
630 125 416 gravel
630 125 417 gravel
630 125 418 gravel
630 125 419 stone
630 125 420 stone
630 125 421 stone
630 125 422 stone
630 125 423 stone
630 125 424 stone
630 125 425 stone
630 125 426 stone
630 125 427 stone
630 125 428 stone
630 125 429 stone
630 125 430 stone
630 125 431 stone
630 125 432 stone
630 125 433 dirt
630 125 434 dirt
630 125 435 dirt
630 125 436 stone
630 125 437 stone
630 125 438 stone
630 125 439 stone
630 125 440 stone
630 125 441 stone
630 125 442 stone
630 125 443 stone
630 125 444 stone
630 125 445 stone
630 125 446 stone
630 125 447 stone
630 125 448 stone
630 125 449 stone
630 125 450 stone
630 125 451 stone
630 125 452 stone
630 125 453 stone
630 125 454 stone
630 125 455 stone
630 125 456 stone
630 125 457 stone
630 125 458 stone
630 125 459 stone
630 125 460 stone
630 125 461 stone
630 125 462 stone
630 125 463 stone
630 125 464 stone
630 125 465 stone
630 125 466 stone
630 125 467 stone
630 125 468 stone
630 125 469 stone
630 125 470 stone
630 125 471 stone
630 125 472 stone
630 125 473 stone
630 125 474 stone
630 125 475 stone
630 125 476 stone
630 125 477 dirt
630 125 478 dirt
630 125 479 dirt
630 125 480 dirt
630 125 481 dirt
630 125 482 dirt
630 125 483 dirt
630 125 484 dirt
630 125 485 dirt
630 125 486 dirt
630 125 487 dirt
630 125 488 dirt
630 125 489 dirt
630 125 490 dirt
630 125 491 dirt
630 125 492 dirt
630 125 493 dirt
630 125 494 dirt
630 125 495 grass_block[snowy=false]
630 125 496 grass_block[snowy=false]
630 125 497 grass_block[snowy=false]
630 125 498 grass_block[snowy=false]
630 125 499 grass_block[snowy=false]
630 125 500 grass_block[snowy=false]
630 125 501 grass_block[snowy=false]
630 125 502 grass_block[snowy=false]
630 125 503 grass_block[snowy=false]
630 125 504 grass_block[snowy=false]
630 125 505 dirt
630 125 506 dirt
630 125 507 dirt
630 125 508 dirt
630 125 509 dirt
630 125 510 dirt
630 125 511 dirt
631 125 384 stone
631 125 385 stone
631 125 386 stone
631 125 387 stone
631 125 388 stone
631 125 389 stone
631 125 390 stone
631 125 391 stone
631 125 392 stone
631 125 393 stone
631 125 394 stone
631 125 395 stone
631 125 396 stone
631 125 397 stone
631 125 398 stone
631 125 399 stone
631 125 400 stone
631 125 401 stone
631 125 402 stone
631 125 403 stone
631 125 404 stone
631 125 405 stone
631 125 406 stone
631 125 407 stone
631 125 408 stone
631 125 409 stone
631 125 410 stone
631 125 411 stone
631 125 412 stone
631 125 413 stone
631 125 414 stone
631 125 415 gravel
631 125 416 gravel
631 125 417 gravel
631 125 418 gravel
631 125 419 stone
631 125 420 stone
631 125 421 stone
631 125 422 stone
631 125 423 stone
631 125 424 stone
631 125 425 stone
631 125 426 stone
631 125 427 stone
631 125 428 stone
631 125 429 stone
631 125 430 stone
631 125 431 stone
631 125 432 dirt
631 125 433 dirt
631 125 434 dirt
631 125 435 dirt
631 125 436 stone
631 125 437 stone
631 125 438 stone
631 125 439 stone
631 125 440 stone
631 125 441 stone
631 125 442 stone
631 125 443 stone
631 125 444 stone
631 125 445 stone
631 125 446 stone
631 125 447 stone
631 125 448 stone
631 125 449 stone
631 125 450 stone
631 125 451 stone
631 125 452 stone
631 125 453 stone
631 125 454 stone
631 125 455 stone
631 125 456 stone
631 125 457 stone
631 125 458 stone
631 125 459 stone
631 125 460 stone
631 125 461 copper_ore
631 125 462 copper_ore
631 125 463 stone
631 125 464 stone
631 125 465 stone
631 125 466 stone
631 125 467 stone
631 125 468 stone
631 125 469 stone
631 125 470 stone
631 125 471 stone
631 125 472 stone
631 125 473 stone
631 125 474 stone
631 125 475 stone
631 125 476 stone
631 125 477 dirt
631 125 478 dirt
631 125 479 dirt
631 125 480 dirt
631 125 481 dirt
631 125 482 dirt
631 125 483 dirt
631 125 484 dirt
631 125 485 dirt
631 125 486 dirt
631 125 487 dirt
631 125 488 dirt
631 125 489 dirt
631 125 490 dirt
631 125 491 dirt
631 125 492 dirt
631 125 493 dirt
631 125 494 dirt
631 125 495 grass_block[snowy=false]
631 125 496 grass_block[snowy=false]
631 125 497 grass_block[snowy=false]
631 125 498 grass_block[snowy=false]
631 125 499 grass_block[snowy=false]
631 125 500 grass_block[snowy=false]
631 125 501 grass_block[snowy=false]
631 125 502 grass_block[snowy=false]
631 125 503 grass_block[snowy=false]
631 125 504 grass_block[snowy=false]
631 125 505 dirt
631 125 506 dirt
631 125 507 dirt
631 125 508 dirt
631 125 509 dirt
631 125 510 dirt
631 125 511 dirt
632 125 384 stone
632 125 385 stone
632 125 386 stone
632 125 387 stone
632 125 388 stone
632 125 389 stone
632 125 390 stone
632 125 391 stone
632 125 392 stone
632 125 393 stone
632 125 394 stone
632 125 395 stone
632 125 396 stone
632 125 397 stone
632 125 398 stone
632 125 399 stone
632 125 400 stone
632 125 401 stone
632 125 402 stone
632 125 403 stone
632 125 404 stone
632 125 405 stone
632 125 406 stone
632 125 407 stone
632 125 408 stone
632 125 409 stone
632 125 410 stone
632 125 411 stone
632 125 412 stone
632 125 413 stone
632 125 414 stone
632 125 415 gravel
632 125 416 gravel
632 125 417 gravel
632 125 418 gravel
632 125 419 stone
632 125 420 stone
632 125 421 stone
632 125 422 stone
632 125 423 stone
632 125 424 stone
632 125 425 stone
632 125 426 stone
632 125 427 stone
632 125 428 stone
632 125 429 stone
632 125 430 stone
632 125 431 stone
632 125 432 dirt
632 125 433 dirt
632 125 434 dirt
632 125 435 dirt
632 125 436 stone
632 125 437 stone
632 125 438 stone
632 125 439 stone
632 125 440 stone
632 125 441 stone
632 125 442 stone
632 125 443 stone
632 125 444 stone
632 125 445 stone
632 125 446 stone
632 125 447 stone
632 125 448 stone
632 125 449 stone
632 125 450 stone
632 125 451 stone
632 125 452 stone
632 125 453 stone
632 125 454 stone
632 125 455 stone
632 125 456 stone
632 125 457 stone
632 125 458 stone
632 125 459 stone
632 125 460 stone
632 125 461 stone
632 125 462 stone
632 125 463 stone
632 125 464 stone
632 125 465 stone
632 125 466 stone
632 125 467 stone
632 125 468 stone
632 125 469 stone
632 125 470 stone
632 125 471 stone
632 125 472 stone
632 125 473 stone
632 125 474 stone
632 125 475 stone
632 125 476 dirt
632 125 477 dirt
632 125 478 dirt
632 125 479 dirt
632 125 480 dirt
632 125 481 dirt
632 125 482 dirt
632 125 483 dirt
632 125 484 dirt
632 125 485 dirt
632 125 486 dirt
632 125 487 dirt
632 125 488 dirt
632 125 489 dirt
632 125 490 dirt
632 125 491 dirt
632 125 492 dirt
632 125 493 dirt
632 125 494 dirt
632 125 495 dirt
632 125 496 grass_block[snowy=false]
632 125 497 grass_block[snowy=false]
632 125 498 grass_block[snowy=false]
632 125 499 grass_block[snowy=false]
632 125 500 grass_block[snowy=false]
632 125 501 grass_block[snowy=false]
632 125 502 grass_block[snowy=false]
632 125 503 grass_block[snowy=false]
632 125 504 grass_block[snowy=false]
632 125 505 dirt
632 125 506 dirt
632 125 507 dirt
632 125 508 dirt
632 125 509 dirt
632 125 510 dirt
632 125 511 dirt
633 125 384 stone
633 125 385 stone
633 125 386 stone
633 125 387 stone
633 125 388 stone
633 125 389 stone
633 125 390 stone
633 125 391 stone
633 125 392 stone
633 125 393 stone
633 125 394 stone
633 125 395 stone
633 125 396 stone
633 125 397 stone
633 125 398 stone
633 125 399 stone
633 125 400 stone
633 125 401 stone
633 125 402 stone
633 125 403 stone
633 125 404 stone
633 125 405 stone
633 125 406 stone
633 125 407 stone
633 125 408 stone
633 125 409 stone
633 125 410 stone
633 125 411 stone
633 125 412 stone
633 125 413 stone
633 125 414 stone
633 125 415 gravel
633 125 416 gravel
633 125 417 gravel
633 125 418 gravel
633 125 419 stone
633 125 420 stone
633 125 421 stone
633 125 422 stone
633 125 423 stone
633 125 424 stone
633 125 425 stone
633 125 426 stone
633 125 427 stone
633 125 428 stone
633 125 429 stone
633 125 430 stone
633 125 431 stone
633 125 432 dirt
633 125 433 dirt
633 125 434 dirt
633 125 435 dirt
633 125 436 stone
633 125 437 stone
633 125 438 stone
633 125 439 stone
633 125 440 stone
633 125 441 stone
633 125 442 stone
633 125 443 stone
633 125 444 stone
633 125 445 stone
633 125 446 stone
633 125 447 stone
633 125 448 stone
633 125 449 stone
633 125 450 stone
633 125 451 stone
633 125 452 stone
633 125 453 stone
633 125 454 granite
633 125 455 granite
633 125 456 stone
633 125 457 stone
633 125 458 stone
633 125 459 stone
633 125 460 stone
633 125 461 stone
633 125 462 stone
633 125 463 stone
633 125 464 stone
633 125 465 stone
633 125 466 stone
633 125 467 stone
633 125 468 stone
633 125 469 stone
633 125 470 stone
633 125 471 stone
633 125 472 stone
633 125 473 stone
633 125 474 stone
633 125 475 stone
633 125 476 dirt
633 125 477 dirt
633 125 478 dirt
633 125 479 dirt
633 125 480 dirt
633 125 481 dirt
633 125 482 dirt
633 125 483 dirt
633 125 484 dirt
633 125 485 dirt
633 125 486 dirt
633 125 487 dirt
633 125 488 dirt
633 125 489 dirt
633 125 490 dirt
633 125 491 dirt
633 125 492 dirt
633 125 493 dirt
633 125 494 dirt
633 125 495 dirt
633 125 496 grass_block[snowy=false]
633 125 497 grass_block[snowy=false]
633 125 498 grass_block[snowy=false]
633 125 499 grass_block[snowy=false]
633 125 500 grass_block[snowy=false]
633 125 501 grass_block[snowy=false]
633 125 502 grass_block[snowy=false]
633 125 503 grass_block[snowy=false]
633 125 504 dirt
633 125 505 dirt
633 125 506 dirt
633 125 507 dirt
633 125 508 dirt
633 125 509 dirt
633 125 510 dirt
633 125 511 dirt
634 125 384 stone
634 125 385 stone
634 125 386 stone
634 125 387 stone
634 125 388 stone
634 125 389 stone
634 125 390 stone
634 125 391 stone
634 125 392 stone
634 125 393 stone
634 125 394 stone
634 125 395 stone
634 125 396 stone
634 125 397 stone
634 125 398 stone
634 125 399 stone
634 125 400 stone
634 125 401 stone
634 125 402 stone
634 125 403 stone
634 125 404 stone
634 125 405 stone
634 125 406 stone
634 125 407 stone
634 125 408 stone
634 125 409 stone
634 125 410 stone
634 125 411 stone
634 125 412 stone
634 125 413 stone
634 125 414 stone
634 125 415 gravel
634 125 416 gravel
634 125 417 gravel
634 125 418 gravel
634 125 419 stone
634 125 420 stone
634 125 421 stone
634 125 422 stone
634 125 423 stone
634 125 424 stone
634 125 425 stone
634 125 426 stone
634 125 427 stone
634 125 428 stone
634 125 429 stone
634 125 430 stone
634 125 431 dirt
634 125 432 dirt
634 125 433 dirt
634 125 434 dirt
634 125 435 dirt
634 125 436 stone
634 125 437 stone
634 125 438 stone
634 125 439 stone
634 125 440 stone
634 125 441 stone
634 125 442 stone
634 125 443 stone
634 125 444 stone
634 125 445 stone
634 125 446 stone
634 125 447 stone
634 125 448 stone
634 125 449 stone
634 125 450 stone
634 125 451 stone
634 125 452 stone
634 125 453 stone
634 125 454 granite
634 125 455 stone
634 125 456 stone
634 125 457 stone
634 125 458 stone
634 125 459 stone
634 125 460 stone
634 125 461 stone
634 125 462 stone
634 125 463 stone
634 125 464 stone
634 125 465 stone
634 125 466 stone
634 125 467 stone
634 125 468 stone
634 125 469 stone
634 125 470 stone
634 125 471 stone
634 125 472 stone
634 125 473 stone
634 125 474 stone
634 125 475 stone
634 125 476 stone
634 125 477 dirt
634 125 478 dirt
634 125 479 dirt
634 125 480 dirt
634 125 481 dirt
634 125 482 dirt
634 125 483 dirt
634 125 484 dirt
634 125 485 dirt
634 125 486 dirt
634 125 487 dirt
634 125 488 dirt
634 125 489 dirt
634 125 490 dirt
634 125 491 dirt
634 125 492 dirt
634 125 493 dirt
634 125 494 dirt
634 125 495 dirt
634 125 496 grass_block[snowy=false]
634 125 497 grass_block[snowy=false]
634 125 498 grass_block[snowy=false]
634 125 499 grass_block[snowy=false]
634 125 500 grass_block[snowy=false]
634 125 501 grass_block[snowy=false]
634 125 502 grass_block[snowy=false]
634 125 503 grass_block[snowy=false]
634 125 504 dirt
634 125 505 dirt
634 125 506 dirt
634 125 507 dirt
634 125 508 dirt
634 125 509 dirt
634 125 510 dirt
634 125 511 dirt
635 125 384 coal_ore
635 125 385 coal_ore
635 125 386 stone
635 125 387 stone
635 125 388 stone
635 125 389 stone
635 125 390 stone
635 125 391 stone
635 125 392 stone
635 125 393 stone
635 125 394 stone
635 125 395 stone
635 125 396 stone
635 125 397 stone
635 125 398 stone
635 125 399 stone
635 125 400 stone
635 125 401 stone
635 125 402 stone
635 125 403 stone
635 125 404 stone
635 125 405 stone
635 125 406 stone
635 125 407 stone
635 125 408 stone
635 125 409 stone
635 125 410 stone
635 125 411 stone
635 125 412 stone
635 125 413 stone
635 125 414 gravel
635 125 415 gravel
635 125 416 gravel
635 125 417 gravel
635 125 418 gravel
635 125 419 stone
635 125 420 stone
635 125 421 stone
635 125 422 stone
635 125 423 stone
635 125 424 stone
635 125 425 stone
635 125 426 stone
635 125 427 stone
635 125 428 stone
635 125 429 stone
635 125 430 stone
635 125 431 dirt
635 125 432 dirt
635 125 433 dirt
635 125 434 dirt
635 125 435 dirt
635 125 436 stone
635 125 437 stone
635 125 438 stone
635 125 439 stone
635 125 440 stone
635 125 441 stone
635 125 442 stone
635 125 443 stone
635 125 444 stone
635 125 445 stone
635 125 446 stone
635 125 447 stone
635 125 448 stone
635 125 449 stone
635 125 450 stone
635 125 451 stone
635 125 452 stone
635 125 453 stone
635 125 454 stone
635 125 455 stone
635 125 456 stone
635 125 457 stone
635 125 458 stone
635 125 459 stone
635 125 460 stone
635 125 461 stone
635 125 462 stone
635 125 463 stone
635 125 464 stone
635 125 465 stone
635 125 466 stone
635 125 467 stone
635 125 468 stone
635 125 469 stone
635 125 470 stone
635 125 471 stone
635 125 472 stone
635 125 473 stone
635 125 474 stone
635 125 475 stone
635 125 476 stone
635 125 477 dirt
635 125 478 dirt
635 125 479 dirt
635 125 480 dirt
635 125 481 dirt
635 125 482 dirt
635 125 483 dirt
635 125 484 dirt
635 125 485 dirt
635 125 486 dirt
635 125 487 dirt
635 125 488 dirt
635 125 489 dirt
635 125 490 dirt
635 125 491 dirt
635 125 492 dirt
635 125 493 dirt
635 125 494 dirt
635 125 495 dirt
635 125 496 dirt
635 125 497 dirt
635 125 498 grass_block[snowy=false]
635 125 499 grass_block[snowy=false]
635 125 500 grass_block[snowy=false]
635 125 501 grass_block[snowy=false]
635 125 502 grass_block[snowy=false]
635 125 503 dirt
635 125 504 dirt
635 125 505 dirt
635 125 506 dirt
635 125 507 dirt
635 125 508 dirt
635 125 509 dirt
635 125 510 dirt
635 125 511 dirt
636 125 384 coal_ore
636 125 385 coal_ore
636 125 386 stone
636 125 387 stone
636 125 388 stone
636 125 389 stone
636 125 390 stone
636 125 391 stone
636 125 392 copper_ore
636 125 393 copper_ore
636 125 394 copper_ore
636 125 395 stone
636 125 396 stone
636 125 397 stone
636 125 398 stone
636 125 399 stone
636 125 400 stone
636 125 401 stone
636 125 402 stone
636 125 403 stone
636 125 404 stone
636 125 405 stone
636 125 406 stone
636 125 407 stone
636 125 408 stone
636 125 409 stone
636 125 410 stone
636 125 411 stone
636 125 412 stone
636 125 413 stone
636 125 414 stone
636 125 415 gravel
636 125 416 gravel
636 125 417 gravel
636 125 418 gravel
636 125 419 stone
636 125 420 stone
636 125 421 stone
636 125 422 stone
636 125 423 stone
636 125 424 stone
636 125 425 stone
636 125 426 stone
636 125 427 stone
636 125 428 stone
636 125 429 stone
636 125 430 stone
636 125 431 stone
636 125 432 dirt
636 125 433 dirt
636 125 434 dirt
636 125 435 stone
636 125 436 stone
636 125 437 stone
636 125 438 stone
636 125 439 stone
636 125 440 stone
636 125 441 stone
636 125 442 stone
636 125 443 stone
636 125 444 stone
636 125 445 stone
636 125 446 stone
636 125 447 coal_ore
636 125 448 stone
636 125 449 stone
636 125 450 stone
636 125 451 stone
636 125 452 stone
636 125 453 stone
636 125 454 stone
636 125 455 stone
636 125 456 stone
636 125 457 stone
636 125 458 stone
636 125 459 stone
636 125 460 stone
636 125 461 stone
636 125 462 stone
636 125 463 stone
636 125 464 stone
636 125 465 stone
636 125 466 stone
636 125 467 stone
636 125 468 stone
636 125 469 stone
636 125 470 stone
636 125 471 stone
636 125 472 stone
636 125 473 stone
636 125 474 stone
636 125 475 stone
636 125 476 stone
636 125 477 dirt
636 125 478 dirt
636 125 479 dirt
636 125 480 dirt
636 125 481 dirt
636 125 482 dirt
636 125 483 dirt
636 125 484 dirt
636 125 485 dirt
636 125 486 dirt
636 125 487 dirt
636 125 488 dirt
636 125 489 dirt
636 125 490 dirt
636 125 491 dirt
636 125 492 dirt
636 125 493 dirt
636 125 494 dirt
636 125 495 dirt
636 125 496 dirt
636 125 497 dirt
636 125 498 dirt
636 125 499 grass_block[snowy=false]
636 125 500 grass_block[snowy=false]
636 125 501 grass_block[snowy=false]
636 125 502 dirt
636 125 503 dirt
636 125 504 dirt
636 125 505 dirt
636 125 506 dirt
636 125 507 dirt
636 125 508 dirt
636 125 509 dirt
636 125 510 dirt
636 125 511 dirt
637 125 384 stone
637 125 385 stone
637 125 386 stone
637 125 387 stone
637 125 388 stone
637 125 389 stone
637 125 390 stone
637 125 391 stone
637 125 392 copper_ore
637 125 393 copper_ore
637 125 394 stone
637 125 395 stone
637 125 396 stone
637 125 397 stone
637 125 398 stone
637 125 399 stone
637 125 400 stone
637 125 401 stone
637 125 402 stone
637 125 403 stone
637 125 404 stone
637 125 405 stone
637 125 406 stone
637 125 407 stone
637 125 408 stone
637 125 409 stone
637 125 410 stone
637 125 411 stone
637 125 412 stone
637 125 413 stone
637 125 414 stone
637 125 415 gravel
637 125 416 gravel
637 125 417 gravel
637 125 418 stone
637 125 419 stone
637 125 420 stone
637 125 421 stone
637 125 422 stone
637 125 423 stone
637 125 424 stone
637 125 425 stone
637 125 426 stone
637 125 427 stone
637 125 428 stone
637 125 429 stone
637 125 430 stone
637 125 431 stone
637 125 432 dirt
637 125 433 dirt
637 125 434 stone
637 125 435 stone
637 125 436 stone
637 125 437 stone
637 125 438 stone
637 125 439 stone
637 125 440 stone
637 125 441 stone
637 125 442 stone
637 125 443 stone
637 125 444 stone
637 125 445 stone
637 125 446 coal_ore
637 125 447 coal_ore
637 125 448 stone
637 125 449 stone
637 125 450 stone
637 125 451 stone
637 125 452 stone
637 125 453 stone
637 125 454 stone
637 125 455 stone
637 125 456 stone
637 125 457 stone
