612 104 451 stone
612 104 452 stone
612 104 453 stone
612 104 454 stone
612 104 455 stone
612 104 456 stone
612 104 457 dirt
612 104 458 dirt
612 104 459 dirt
612 104 460 dirt
612 104 461 stone
612 104 462 stone
612 104 463 stone
612 104 464 stone
612 104 465 stone
612 104 466 stone
612 104 467 stone
612 104 468 stone
612 104 469 stone
612 104 470 stone
612 104 471 stone
612 104 472 stone
612 104 473 stone
612 104 474 stone
612 104 475 stone
612 104 476 stone
612 104 477 stone
612 104 478 stone
612 104 479 stone
612 104 480 stone
612 104 481 stone
612 104 482 stone
612 104 483 stone
612 104 484 stone
612 104 485 stone
612 104 486 stone
612 104 487 stone
612 104 488 stone
612 104 489 stone
612 104 490 stone
612 104 491 stone
612 104 492 stone
612 104 493 stone
612 104 494 stone
612 104 495 stone
612 104 496 stone
612 104 497 stone
612 104 498 stone
612 104 499 stone
612 104 500 stone
612 104 501 stone
612 104 502 stone
612 104 503 granite
612 104 504 granite
612 104 505 granite
612 104 506 granite
612 104 507 granite
612 104 508 granite
612 104 509 granite
612 104 510 granite
612 104 511 stone
613 104 384 stone
613 104 385 stone
613 104 386 stone
613 104 387 stone
613 104 388 stone
613 104 389 stone
613 104 390 stone
613 104 391 stone
613 104 392 stone
613 104 393 stone
613 104 394 stone
613 104 395 stone
613 104 396 stone
613 104 397 stone
613 104 398 stone
613 104 399 stone
613 104 400 stone
613 104 401 andesite
613 104 402 andesite
613 104 403 andesite
613 104 404 andesite
613 104 405 andesite
613 104 406 andesite
613 104 407 diorite
613 104 408 diorite
613 104 409 diorite
613 104 410 stone
613 104 411 stone
613 104 412 stone
613 104 413 stone
613 104 414 stone
613 104 415 stone
613 104 416 stone
613 104 417 stone
613 104 418 stone
613 104 419 stone
613 104 420 stone
613 104 421 stone
613 104 422 stone
613 104 423 stone
613 104 424 stone
613 104 425 stone
613 104 426 stone
613 104 427 stone
613 104 428 stone
613 104 429 stone
613 104 430 stone
613 104 431 stone
613 104 432 stone
613 104 433 stone
613 104 440 andesite
613 104 441 andesite
613 104 442 andesite
613 104 443 andesite
613 104 444 andesite
613 104 445 andesite
613 104 446 andesite
613 104 447 andesite
613 104 448 andesite
613 104 449 andesite
613 104 450 andesite
613 104 451 stone
613 104 452 stone
613 104 453 stone
613 104 454 stone
613 104 455 stone
613 104 456 stone
613 104 457 dirt
613 104 458 dirt
613 104 459 dirt
613 104 460 dirt
613 104 461 stone
613 104 462 stone
613 104 463 stone
613 104 464 stone
613 104 465 stone
613 104 466 stone
613 104 467 stone
613 104 468 stone
613 104 469 stone
613 104 470 stone
613 104 471 stone
613 104 472 stone
613 104 473 stone
613 104 474 stone
613 104 475 stone
613 104 476 stone
613 104 477 stone
613 104 478 stone
613 104 479 stone
613 104 480 stone
613 104 481 stone
613 104 482 stone
613 104 483 stone
613 104 484 stone
613 104 485 stone
613 104 486 stone
613 104 487 stone
613 104 488 stone
613 104 489 stone
613 104 490 stone
613 104 491 stone
613 104 492 stone
613 104 493 stone
613 104 494 stone
613 104 495 stone
613 104 496 stone
613 104 497 stone
613 104 498 stone
613 104 499 stone
613 104 500 stone
613 104 501 stone
613 104 502 stone
613 104 503 granite
613 104 504 granite
613 104 505 granite
613 104 506 granite
613 104 507 granite
613 104 508 granite
613 104 509 granite
613 104 510 stone
613 104 511 stone
614 104 384 stone
614 104 385 stone
614 104 386 stone
614 104 387 stone
614 104 388 stone
614 104 389 stone
614 104 390 stone
614 104 391 stone
614 104 392 stone
614 104 393 stone
614 104 394 stone
614 104 395 stone
614 104 396 stone
614 104 397 stone
614 104 398 stone
614 104 399 stone
614 104 400 stone
614 104 401 andesite
614 104 402 andesite
614 104 403 andesite
614 104 404 andesite
614 104 405 andesite
614 104 406 andesite
614 104 407 diorite
614 104 408 diorite
614 104 409 stone
614 104 410 stone
614 104 411 stone
614 104 412 stone
614 104 413 stone
614 104 414 stone
614 104 415 stone
614 104 416 stone
614 104 417 stone
614 104 418 stone
614 104 419 stone
614 104 420 stone
614 104 421 granite
614 104 422 stone
614 104 423 stone
614 104 424 stone
614 104 425 stone
614 104 426 stone
614 104 427 stone
614 104 428 stone
614 104 429 stone
614 104 430 stone
614 104 431 stone
614 104 432 stone
614 104 433 stone
614 104 434 stone
614 104 440 stone
614 104 441 andesite
614 104 442 andesite
614 104 443 andesite
614 104 444 andesite
614 104 445 andesite
614 104 446 andesite
614 104 447 andesite
614 104 448 andesite
614 104 449 andesite
614 104 450 andesite
614 104 451 andesite
614 104 452 stone
614 104 453 stone
614 104 454 stone
614 104 455 stone
614 104 456 dirt
614 104 457 dirt
614 104 458 dirt
614 104 459 dirt
614 104 460 stone
614 104 461 stone
614 104 462 stone
614 104 463 stone
614 104 464 stone
614 104 465 stone
614 104 466 stone
614 104 467 stone
614 104 468 stone
614 104 469 stone
614 104 470 granite
614 104 471 stone
614 104 472 stone
614 104 473 stone
614 104 474 stone
614 104 475 stone
614 104 476 stone
614 104 477 stone
614 104 478 stone
614 104 479 stone
614 104 480 stone
614 104 481 stone
614 104 482 stone
614 104 483 stone
614 104 484 stone
614 104 485 stone
614 104 486 stone
614 104 487 stone
614 104 488 stone
614 104 489 stone
614 104 490 stone
614 104 491 stone
614 104 492 stone
614 104 493 stone
614 104 494 stone
614 104 495 stone
614 104 496 stone
614 104 497 stone
614 104 498 stone
614 104 499 stone
614 104 500 stone
614 104 501 stone
614 104 502 stone
614 104 503 granite
614 104 504 granite
614 104 505 granite
614 104 506 granite
614 104 507 granite
614 104 508 granite
614 104 509 stone
614 104 510 stone
614 104 511 stone
615 104 384 stone
615 104 385 stone
615 104 386 stone
615 104 387 stone
615 104 388 stone
615 104 389 stone
615 104 390 stone
615 104 391 stone
615 104 392 stone
615 104 393 stone
615 104 394 stone
615 104 395 stone
615 104 396 stone
615 104 397 stone
615 104 398 stone
615 104 399 stone
615 104 400 stone
615 104 401 andesite
615 104 402 andesite
615 104 403 andesite
615 104 404 andesite
615 104 405 andesite
615 104 406 andesite
615 104 407 diorite
615 104 408 stone
615 104 409 stone
615 104 410 stone
615 104 411 stone
615 104 412 stone
615 104 413 stone
615 104 414 stone
615 104 415 stone
615 104 416 stone
615 104 417 stone
615 104 418 granite
615 104 419 granite
615 104 420 granite
615 104 421 granite
615 104 422 granite
615 104 423 granite
615 104 424 granite
615 104 425 granite
615 104 426 granite
615 104 427 stone
615 104 428 stone
615 104 429 stone
615 104 430 stone
615 104 431 stone
615 104 432 stone
615 104 433 stone
615 104 434 stone
615 104 440 stone
615 104 441 stone
615 104 442 andesite
615 104 443 andesite
615 104 444 andesite
615 104 445 andesite
615 104 446 andesite
615 104 447 andesite
615 104 448 andesite
615 104 449 andesite
615 104 450 andesite
615 104 451 andesite
615 104 452 andesite
615 104 453 stone
615 104 454 stone
615 104 455 dirt
615 104 456 dirt
615 104 457 dirt
615 104 458 dirt
615 104 459 dirt
615 104 460 stone
615 104 461 stone
615 104 462 stone
615 104 463 stone
615 104 464 stone
615 104 465 stone
615 104 466 stone
615 104 467 stone
615 104 468 granite
615 104 469 granite
615 104 470 granite
615 104 471 stone
615 104 472 stone
615 104 473 stone
615 104 474 stone
615 104 475 stone
615 104 476 stone
615 104 477 stone
615 104 478 stone
615 104 479 stone
615 104 480 stone
615 104 481 stone
615 104 482 stone
615 104 483 stone
615 104 484 stone
615 104 485 stone
615 104 486 stone
615 104 487 stone
615 104 488 stone
615 104 489 stone
615 104 490 stone
615 104 491 stone
615 104 492 stone
615 104 493 stone
615 104 494 stone
615 104 495 stone
615 104 496 stone
615 104 497 stone
615 104 498 stone
615 104 499 stone
615 104 500 stone
615 104 501 stone
615 104 502 stone
615 104 503 stone
615 104 504 granite
615 104 505 granite
615 104 506 granite
615 104 507 granite
615 104 508 stone
615 104 509 stone
615 104 510 stone
615 104 511 stone
616 104 384 stone
616 104 385 stone
616 104 386 stone
616 104 387 stone
616 104 388 stone
616 104 389 stone
616 104 390 stone
616 104 391 stone
616 104 392 stone
616 104 393 stone
616 104 394 stone
616 104 395 stone
616 104 396 stone
616 104 397 stone
616 104 398 stone
616 104 399 stone
616 104 400 stone
616 104 401 andesite
616 104 402 andesite
616 104 403 andesite
616 104 404 andesite
616 104 405 andesite
616 104 406 andesite
616 104 407 stone
616 104 408 stone
616 104 409 stone
616 104 410 stone
616 104 411 stone
616 104 412 stone
616 104 413 stone
616 104 414 stone
616 104 415 stone
616 104 416 stone
616 104 417 stone
616 104 418 granite
616 104 419 granite
616 104 420 granite
616 104 421 granite
616 104 422 granite
616 104 423 granite
616 104 424 granite
616 104 425 granite
616 104 426 granite
616 104 427 granite
616 104 428 granite
616 104 429 stone
616 104 430 stone
616 104 431 stone
616 104 432 stone
616 104 433 stone
616 104 434 stone
616 104 441 stone
616 104 442 andesite
616 104 443 andesite
616 104 444 andesite
616 104 445 andesite
616 104 446 andesite
616 104 447 andesite
616 104 448 andesite
616 104 449 andesite
616 104 450 andesite
616 104 451 andesite
616 104 452 andesite
616 104 453 andesite
616 104 454 stone
616 104 455 stone
616 104 456 dirt
616 104 457 dirt
616 104 458 dirt
616 104 459 dirt
616 104 460 stone
616 104 461 stone
616 104 462 stone
616 104 463 stone
616 104 464 stone
616 104 465 stone
616 104 466 stone
616 104 467 stone
616 104 468 granite
616 104 469 granite
616 104 470 granite
616 104 471 granite
616 104 472 stone
616 104 473 stone
616 104 474 stone
616 104 475 stone
616 104 476 stone
616 104 477 stone
616 104 478 stone
616 104 479 stone
616 104 480 stone
616 104 481 stone
616 104 482 stone
616 104 483 stone
616 104 484 stone
616 104 485 stone
616 104 486 stone
616 104 487 stone
616 104 488 stone
616 104 489 stone
616 104 490 stone
616 104 491 stone
616 104 492 stone
616 104 493 stone
616 104 494 stone
616 104 495 stone
616 104 496 stone
616 104 497 stone
616 104 498 stone
616 104 499 stone
616 104 500 stone
616 104 501 stone
616 104 502 stone
616 104 503 stone
616 104 504 stone
616 104 505 stone
616 104 506 stone
616 104 507 stone
616 104 508 stone
616 104 509 stone
616 104 510 stone
616 104 511 stone
617 104 384 stone
617 104 385 stone
617 104 386 stone
617 104 387 stone
617 104 388 stone
617 104 389 stone
617 104 390 stone
617 104 391 stone
617 104 392 stone
617 104 393 stone
617 104 394 stone
617 104 395 stone
617 104 396 stone
617 104 397 stone
617 104 398 stone
617 104 399 stone
617 104 400 stone
617 104 401 andesite
617 104 402 andesite
617 104 403 andesite
617 104 404 andesite
617 104 405 andesite
617 104 406 andesite
617 104 407 stone
617 104 408 stone
617 104 409 stone
617 104 410 stone
617 104 411 stone
617 104 412 stone
617 104 413 stone
617 104 414 stone
617 104 415 stone
617 104 416 stone
617 104 417 stone
617 104 418 granite
617 104 419 granite
617 104 420 granite
617 104 421 granite
617 104 422 granite
617 104 423 granite
617 104 424 granite
617 104 425 granite
617 104 426 granite
617 104 427 granite
617 104 428 granite
617 104 429 granite
617 104 430 granite
617 104 431 stone
617 104 432 stone
617 104 433 stone
617 104 434 stone
617 104 444 andesite
617 104 445 andesite
617 104 446 andesite
617 104 447 andesite
617 104 448 andesite
617 104 449 andesite
617 104 450 andesite
617 104 451 andesite
617 104 452 andesite
617 104 453 andesite
617 104 454 stone
617 104 455 stone
617 104 456 dirt
617 104 457 dirt
617 104 458 dirt
617 104 459 stone
617 104 460 stone
617 104 461 stone
617 104 462 stone
617 104 463 stone
617 104 464 stone
617 104 465 stone
617 104 466 stone
617 104 467 granite
617 104 468 granite
617 104 469 granite
617 104 470 granite
617 104 471 stone
617 104 472 stone
617 104 473 stone
617 104 474 stone
617 104 475 stone
617 104 476 stone
617 104 477 stone
617 104 478 stone
617 104 479 stone
617 104 480 stone
617 104 481 stone
617 104 482 stone
617 104 483 stone
617 104 484 stone
617 104 485 stone
617 104 486 stone
617 104 487 stone
617 104 488 stone
617 104 489 stone
617 104 490 stone
617 104 491 stone
617 104 492 stone
617 104 493 stone
617 104 494 stone
617 104 495 stone
617 104 496 stone
617 104 497 stone
617 104 498 stone
617 104 499 stone
617 104 500 stone
617 104 501 stone
617 104 502 stone
617 104 503 stone
617 104 504 stone
617 104 505 stone
617 104 506 stone
617 104 507 stone
617 104 508 stone
617 104 509 stone
617 104 510 stone
617 104 511 stone
618 104 384 stone
618 104 385 stone
618 104 386 stone
618 104 387 stone
618 104 388 stone
618 104 389 stone
618 104 390 stone
618 104 391 stone
618 104 392 stone
618 104 393 stone
618 104 394 stone
618 104 395 stone
618 104 396 stone
618 104 397 stone
618 104 398 stone
618 104 399 stone
618 104 400 stone
618 104 401 stone
618 104 402 andesite
618 104 403 andesite
618 104 404 andesite
618 104 405 andesite
618 104 406 andesite
618 104 407 stone
618 104 408 stone
618 104 409 stone
618 104 410 stone
618 104 411 stone
618 104 412 stone
618 104 413 stone
618 104 414 stone
618 104 415 stone
618 104 416 stone
618 104 417 stone
618 104 418 granite
618 104 419 granite
618 104 420 granite
618 104 421 granite
618 104 422 granite
618 104 423 granite
618 104 424 granite
618 104 425 granite
618 104 426 granite
618 104 427 granite
618 104 428 granite
618 104 429 granite
618 104 430 granite
618 104 431 granite
618 104 432 stone
618 104 433 stone
618 104 434 stone
618 104 447 andesite
618 104 448 andesite
618 104 449 andesite
618 104 450 andesite
618 104 451 andesite
618 104 452 andesite
618 104 453 andesite
618 104 454 stone
618 104 455 stone
618 104 456 dirt
618 104 457 stone
618 104 458 stone
618 104 459 stone
618 104 460 stone
618 104 461 stone
618 104 462 stone
618 104 463 stone
618 104 464 stone
618 104 465 stone
618 104 466 granite
618 104 467 granite
618 104 468 granite
618 104 469 granite
618 104 470 granite
618 104 471 stone
618 104 472 stone
618 104 473 stone
618 104 474 stone
618 104 475 stone
618 104 476 stone
618 104 477 stone
618 104 478 stone
618 104 479 stone
618 104 480 stone
618 104 481 stone
618 104 482 stone
618 104 483 stone
618 104 484 stone
618 104 485 stone
618 104 486 stone
618 104 487 stone
618 104 488 stone
618 104 489 stone
618 104 490 andesite
618 104 491 andesite
618 104 492 andesite
618 104 493 andesite
618 104 494 andesite
618 104 495 stone
618 104 496 stone
618 104 497 stone
618 104 498 stone
618 104 499 stone
618 104 500 stone
618 104 501 stone
618 104 502 stone
618 104 503 stone
618 104 504 stone
618 104 505 stone
618 104 506 stone
618 104 507 stone
618 104 508 stone
618 104 509 stone
618 104 510 stone
618 104 511 stone
619 104 384 stone
619 104 385 stone
619 104 386 stone
619 104 387 stone
619 104 388 stone
619 104 389 stone
619 104 390 stone
619 104 391 stone
619 104 392 stone
619 104 393 stone
619 104 394 stone
619 104 395 stone
619 104 396 stone
619 104 397 stone
619 104 398 stone
619 104 399 stone
619 104 400 stone
619 104 401 stone
619 104 402 andesite
619 104 403 andesite
619 104 404 andesite
619 104 405 andesite
619 104 406 stone
619 104 407 stone
619 104 408 stone
619 104 409 stone
619 104 410 stone
619 104 411 stone
619 104 412 stone
619 104 413 stone
619 104 414 stone
619 104 415 stone
619 104 416 stone
619 104 417 stone
619 104 418 stone
619 104 419 granite
619 104 420 granite
619 104 421 granite
619 104 422 granite
619 104 423 granite
619 104 424 granite
619 104 425 granite
619 104 426 granite
619 104 427 granite
619 104 428 granite
619 104 429 granite
619 104 430 granite
619 104 431 granite
619 104 432 granite
619 104 433 stone
619 104 434 stone
619 104 435 stone
619 104 447 andesite
619 104 448 andesite
619 104 449 andesite
619 104 450 andesite
619 104 451 andesite
619 104 452 andesite
619 104 453 andesite
619 104 454 andesite
619 104 455 stone
619 104 456 stone
619 104 457 stone
619 104 458 stone
619 104 459 stone
619 104 460 stone
619 104 461 stone
619 104 462 stone
619 104 463 stone
619 104 464 stone
619 104 465 stone
619 104 466 granite
619 104 467 granite
619 104 468 granite
619 104 469 granite
619 104 470 granite
619 104 471 stone
619 104 472 stone
619 104 473 stone
619 104 474 stone
619 104 475 stone
619 104 476 stone
619 104 477 stone
619 104 478 stone
619 104 479 stone
619 104 480 stone
619 104 481 stone
619 104 482 stone
619 104 483 stone
619 104 484 stone
619 104 485 stone
619 104 486 andesite
619 104 487 andesite
619 104 488 andesite
619 104 489 andesite
619 104 490 andesite
619 104 491 andesite
619 104 492 andesite
619 104 493 andesite
619 104 494 andesite
619 104 495 andesite
619 104 496 stone
619 104 497 stone
619 104 498 stone
619 104 499 stone
619 104 500 stone
619 104 501 stone
619 104 502 stone
619 104 503 stone
619 104 504 stone
619 104 505 stone
619 104 506 stone
619 104 507 stone
619 104 508 stone
619 104 509 stone
619 104 510 stone
619 104 511 stone
620 104 384 stone
620 104 385 stone
620 104 386 stone
620 104 387 stone
620 104 388 stone
620 104 389 stone
620 104 390 stone
620 104 391 stone
620 104 392 stone
620 104 393 stone
620 104 394 stone
620 104 395 stone
620 104 396 stone
620 104 397 stone
620 104 398 stone
620 104 399 stone
620 104 400 andesite
620 104 401 andesite
620 104 402 stone
620 104 403 andesite
620 104 404 andesite
620 104 405 andesite
620 104 406 stone
620 104 407 stone
620 104 408 stone
620 104 409 stone
620 104 410 stone
620 104 411 stone
620 104 412 stone
620 104 413 stone
620 104 414 stone
620 104 415 stone
620 104 416 stone
620 104 417 stone
620 104 418 stone
620 104 419 stone
620 104 420 stone
620 104 421 granite
620 104 422 granite
620 104 423 granite
620 104 424 granite
620 104 425 granite
620 104 426 granite
620 104 427 granite
620 104 428 granite
620 104 429 granite
620 104 430 granite
620 104 431 granite
620 104 432 granite
620 104 433 granite
620 104 434 stone
620 104 435 stone
620 104 449 andesite
620 104 450 andesite
620 104 451 andesite
620 104 452 andesite
620 104 453 andesite
620 104 454 stone
620 104 455 stone
620 104 456 stone
620 104 457 stone
620 104 458 stone
620 104 459 stone
620 104 460 stone
620 104 461 stone
620 104 462 stone
620 104 463 stone
620 104 464 stone
620 104 465 stone
620 104 466 granite
620 104 467 granite
620 104 468 granite
620 104 469 granite
620 104 470 granite
620 104 471 stone
620 104 472 stone
620 104 473 stone
620 104 474 stone
620 104 475 stone
620 104 476 stone
620 104 477 stone
620 104 478 stone
620 104 479 stone
620 104 480 stone
620 104 481 stone
620 104 482 stone
620 104 483 stone
620 104 484 stone
620 104 485 andesite
620 104 486 andesite
620 104 487 andesite
620 104 488 andesite
620 104 489 andesite
620 104 490 andesite
620 104 491 andesite
620 104 492 andesite
620 104 493 andesite
620 104 494 andesite
620 104 495 andesite
620 104 496 andesite
620 104 497 stone
620 104 498 stone
620 104 499 stone
620 104 500 stone
620 104 501 stone
620 104 502 stone
620 104 503 stone
620 104 504 stone
620 104 505 stone
620 104 506 stone
620 104 507 stone
620 104 508 stone
620 104 509 stone
620 104 510 stone
620 104 511 stone
621 104 384 stone
621 104 385 stone
621 104 386 stone
621 104 387 stone
621 104 388 stone
621 104 389 stone
621 104 390 stone
621 104 391 stone
621 104 392 stone
621 104 393 stone
621 104 394 stone
621 104 395 stone
621 104 396 stone
621 104 397 stone
621 104 398 stone
621 104 399 andesite
621 104 400 andesite
621 104 401 andesite
621 104 402 andesite
621 104 403 andesite
621 104 404 stone
621 104 405 stone
621 104 406 stone
621 104 407 stone
621 104 408 stone
621 104 409 stone
621 104 410 stone
621 104 411 stone
621 104 412 stone
621 104 413 stone
621 104 414 stone
621 104 415 stone
621 104 416 stone
621 104 417 stone
621 104 418 stone
621 104 419 stone
621 104 420 stone
621 104 421 stone
621 104 422 granite
621 104 423 granite
621 104 424 granite
621 104 425 granite
621 104 426 granite
621 104 427 granite
621 104 428 granite
621 104 429 granite
621 104 430 granite
621 104 431 granite
621 104 432 granite
621 104 433 granite
621 104 434 granite
621 104 435 stone
621 104 436 stone
621 104 437 stone
621 104 450 stone
621 104 451 stone
621 104 452 stone
621 104 453 stone
621 104 454 stone
621 104 455 stone
621 104 456 stone
621 104 457 stone
621 104 458 stone
621 104 459 stone
621 104 460 stone
621 104 461 stone
621 104 462 stone
621 104 463 stone
621 104 464 stone
621 104 465 stone
621 104 466 andesite
621 104 467 granite
621 104 468 granite
621 104 469 granite
621 104 470 andesite
621 104 471 stone
621 104 472 stone
621 104 473 stone
621 104 474 stone
