618 111 465 stone
618 111 466 granite
618 111 467 granite
618 111 468 granite
618 111 469 granite
618 111 470 granite
618 111 471 stone
618 111 472 stone
618 111 473 stone
618 111 474 stone
618 111 475 stone
618 111 476 stone
618 111 477 stone
618 111 478 stone
618 111 479 stone
618 111 480 stone
618 111 481 stone
618 111 482 stone
618 111 483 stone
618 111 484 stone
618 111 485 stone
618 111 486 stone
618 111 487 stone
618 111 488 stone
618 111 489 stone
618 111 490 stone
618 111 491 stone
618 111 492 stone
618 111 493 stone
618 111 494 stone
618 111 495 stone
618 111 496 stone
618 111 497 stone
618 111 498 stone
618 111 499 stone
618 111 500 stone
618 111 501 stone
618 111 502 stone
618 111 503 stone
618 111 504 stone
618 111 505 stone
618 111 506 stone
618 111 507 stone
618 111 508 stone
618 111 509 stone
618 111 510 stone
618 111 511 stone
619 111 384 stone
619 111 385 stone
619 111 386 stone
619 111 387 stone
619 111 388 stone
619 111 389 stone
619 111 390 stone
619 111 391 stone
619 111 392 stone
619 111 393 stone
619 111 394 stone
619 111 395 stone
619 111 396 stone
619 111 397 stone
619 111 398 stone
619 111 399 stone
619 111 400 stone
619 111 401 stone
619 111 402 stone
619 111 403 stone
619 111 404 stone
619 111 405 stone
619 111 406 stone
619 111 407 stone
619 111 408 stone
619 111 409 stone
619 111 410 stone
619 111 411 stone
619 111 412 stone
619 111 413 stone
619 111 414 stone
619 111 415 stone
619 111 416 stone
619 111 417 stone
619 111 418 stone
619 111 419 stone
619 111 420 stone
619 111 421 stone
619 111 422 stone
619 111 423 stone
619 111 424 stone
619 111 425 stone
619 111 426 stone
619 111 427 stone
619 111 428 stone
619 111 429 stone
619 111 430 stone
619 111 431 stone
619 111 432 stone
619 111 433 stone
619 111 434 stone
619 111 435 stone
619 111 436 stone
619 111 437 stone
619 111 438 stone
619 111 439 stone
619 111 440 stone
619 111 441 stone
619 111 442 stone
619 111 443 stone
619 111 444 stone
619 111 445 stone
619 111 446 stone
619 111 447 stone
619 111 448 stone
619 111 449 stone
619 111 450 stone
619 111 451 stone
619 111 452 stone
619 111 453 stone
619 111 454 stone
619 111 455 stone
619 111 456 stone
619 111 457 stone
619 111 458 stone
619 111 459 stone
619 111 460 stone
619 111 461 stone
619 111 462 stone
619 111 463 stone
619 111 464 stone
619 111 465 stone
619 111 466 granite
619 111 467 granite
619 111 468 granite
619 111 469 granite
619 111 470 copper_ore
619 111 471 copper_ore
619 111 472 copper_ore
619 111 473 stone
619 111 474 stone
619 111 475 stone
619 111 476 stone
619 111 477 stone
619 111 478 stone
619 111 479 stone
619 111 480 stone
619 111 481 stone
619 111 482 stone
619 111 483 stone
619 111 484 stone
619 111 485 stone
619 111 486 stone
619 111 487 stone
619 111 488 stone
619 111 489 stone
619 111 490 stone
619 111 491 stone
619 111 492 stone
619 111 493 stone
619 111 494 stone
619 111 495 stone
619 111 496 stone
619 111 497 stone
619 111 498 stone
619 111 499 stone
619 111 500 stone
619 111 501 stone
619 111 502 stone
619 111 503 stone
619 111 504 stone
619 111 505 stone
619 111 506 stone
619 111 507 stone
619 111 508 stone
619 111 509 stone
619 111 510 stone
619 111 511 stone
620 111 384 stone
620 111 385 stone
620 111 386 stone
620 111 387 stone
620 111 388 stone
620 111 389 stone
620 111 390 stone
620 111 391 stone
620 111 392 stone
620 111 393 stone
620 111 394 stone
620 111 395 stone
620 111 396 stone
620 111 397 stone
620 111 398 stone
620 111 399 stone
620 111 400 stone
620 111 401 stone
620 111 402 stone
620 111 403 stone
620 111 404 stone
620 111 405 stone
620 111 406 stone
620 111 407 stone
620 111 408 stone
620 111 409 stone
620 111 410 stone
620 111 411 stone
620 111 412 stone
620 111 413 stone
620 111 414 stone
620 111 415 stone
620 111 416 stone
620 111 417 stone
620 111 418 stone
620 111 419 stone
620 111 420 stone
620 111 421 stone
620 111 422 stone
620 111 423 stone
620 111 424 stone
620 111 425 stone
620 111 426 stone
620 111 427 stone
620 111 428 stone
620 111 429 stone
620 111 430 stone
620 111 431 stone
620 111 432 stone
620 111 433 stone
620 111 434 stone
620 111 435 stone
620 111 436 stone
620 111 437 stone
620 111 438 stone
620 111 439 stone
620 111 440 stone
620 111 441 stone
620 111 442 stone
620 111 443 stone
620 111 444 stone
620 111 445 stone
620 111 446 stone
620 111 447 stone
620 111 448 stone
620 111 449 stone
620 111 450 stone
620 111 451 stone
620 111 452 stone
620 111 453 stone
620 111 454 stone
620 111 455 stone
620 111 456 stone
620 111 457 stone
620 111 458 stone
620 111 459 stone
620 111 460 stone
620 111 461 stone
620 111 462 stone
620 111 463 iron_ore
620 111 464 iron_ore
620 111 465 stone
620 111 466 granite
620 111 467 granite
620 111 468 granite
620 111 469 copper_ore
620 111 470 copper_ore
620 111 471 copper_ore
620 111 472 stone
620 111 473 stone
620 111 474 stone
620 111 475 stone
620 111 476 stone
620 111 477 stone
620 111 478 stone
620 111 479 stone
620 111 480 stone
620 111 481 stone
620 111 482 stone
620 111 483 stone
620 111 484 stone
620 111 485 stone
620 111 486 stone
620 111 487 stone
620 111 488 stone
620 111 489 stone
620 111 490 stone
620 111 491 stone
620 111 492 stone
620 111 493 stone
620 111 494 stone
620 111 495 stone
620 111 496 stone
620 111 497 stone
620 111 498 stone
620 111 499 stone
620 111 500 stone
620 111 501 stone
620 111 502 stone
620 111 503 stone
620 111 504 stone
620 111 505 stone
620 111 506 stone
620 111 507 stone
620 111 508 stone
620 111 509 stone
620 111 510 stone
620 111 511 stone
621 111 384 stone
621 111 385 stone
621 111 386 stone
621 111 387 stone
621 111 388 stone
621 111 389 stone
621 111 390 stone
621 111 391 stone
621 111 392 stone
621 111 393 stone
621 111 394 stone
621 111 395 stone
621 111 396 stone
621 111 397 stone
621 111 398 stone
621 111 399 stone
621 111 400 stone
621 111 401 stone
621 111 402 stone
621 111 403 stone
621 111 404 stone
621 111 405 stone
621 111 406 stone
621 111 407 stone
621 111 408 stone
621 111 409 stone
621 111 410 stone
621 111 411 stone
621 111 412 stone
621 111 413 stone
621 111 414 stone
621 111 415 stone
621 111 416 stone
621 111 417 stone
621 111 418 stone
621 111 419 stone
621 111 420 stone
621 111 421 stone
621 111 422 stone
621 111 423 stone
621 111 424 stone
621 111 425 stone
621 111 426 stone
621 111 427 stone
621 111 428 stone
621 111 429 stone
621 111 430 stone
621 111 431 stone
621 111 432 stone
621 111 433 stone
621 111 434 stone
621 111 435 stone
621 111 436 stone
621 111 437 stone
621 111 438 stone
621 111 439 stone
621 111 440 stone
621 111 441 stone
621 111 442 stone
621 111 443 stone
621 111 444 stone
621 111 445 stone
621 111 446 stone
621 111 447 stone
621 111 448 stone
621 111 449 stone
621 111 450 stone
621 111 451 stone
621 111 452 stone
621 111 453 stone
621 111 454 stone
621 111 455 stone
621 111 456 stone
621 111 457 stone
621 111 458 stone
621 111 459 stone
621 111 460 stone
621 111 461 stone
621 111 462 stone
621 111 463 iron_ore
621 111 464 iron_ore
621 111 465 stone
621 111 466 stone
621 111 467 granite
621 111 468 granite
621 111 469 granite
621 111 470 stone
621 111 471 stone
621 111 472 stone
621 111 473 stone
621 111 474 stone
621 111 475 stone
621 111 476 stone
621 111 477 stone
621 111 478 stone
621 111 479 stone
621 111 480 stone
621 111 481 stone
621 111 482 coal_ore
621 111 483 stone
621 111 484 stone
621 111 485 stone
621 111 486 stone
621 111 487 stone
621 111 488 stone
621 111 489 stone
621 111 490 stone
621 111 491 stone
621 111 492 stone
621 111 493 stone
621 111 494 stone
621 111 495 stone
621 111 496 stone
621 111 497 stone
621 111 498 stone
621 111 499 stone
621 111 500 stone
621 111 501 stone
621 111 502 stone
621 111 503 stone
621 111 504 stone
621 111 505 stone
621 111 506 stone
621 111 507 stone
621 111 508 stone
621 111 509 stone
621 111 510 stone
621 111 511 stone
622 111 384 stone
622 111 385 stone
622 111 386 stone
622 111 387 stone
622 111 388 stone
622 111 389 stone
622 111 390 stone
622 111 391 stone
622 111 392 stone
622 111 393 stone
622 111 394 stone
622 111 395 stone
622 111 396 stone
622 111 397 stone
622 111 398 stone
622 111 399 stone
622 111 400 stone
622 111 401 stone
622 111 402 stone
622 111 403 stone
622 111 404 stone
622 111 405 stone
622 111 406 stone
622 111 407 stone
622 111 408 stone
622 111 409 stone
622 111 410 stone
622 111 411 stone
622 111 412 stone
622 111 413 stone
622 111 414 stone
622 111 415 stone
622 111 416 stone
622 111 417 stone
622 111 418 stone
622 111 419 stone
622 111 420 stone
622 111 421 stone
622 111 422 stone
622 111 423 stone
622 111 424 stone
622 111 425 stone
622 111 426 stone
622 111 427 stone
622 111 428 stone
622 111 429 stone
622 111 430 stone
622 111 431 stone
622 111 432 stone
622 111 433 stone
622 111 434 stone
622 111 435 stone
622 111 436 stone
622 111 437 stone
622 111 438 stone
622 111 439 stone
622 111 440 stone
622 111 441 stone
622 111 442 stone
622 111 443 stone
622 111 444 stone
622 111 445 stone
622 111 446 stone
622 111 447 stone
622 111 448 stone
622 111 449 stone
622 111 450 stone
622 111 451 stone
622 111 452 stone
622 111 453 stone
622 111 454 stone
622 111 455 stone
622 111 456 stone
622 111 457 stone
622 111 458 stone
622 111 459 stone
622 111 460 stone
622 111 461 stone
622 111 462 stone
622 111 463 stone
622 111 464 stone
622 111 465 stone
622 111 466 stone
622 111 467 stone
622 111 468 granite
622 111 469 stone
622 111 470 stone
622 111 471 stone
622 111 472 stone
622 111 473 stone
622 111 474 stone
622 111 475 stone
622 111 476 stone
622 111 477 stone
622 111 478 stone
622 111 479 stone
622 111 480 stone
622 111 481 coal_ore
622 111 482 coal_ore
622 111 483 stone
622 111 484 stone
622 111 485 stone
622 111 486 stone
622 111 487 stone
622 111 488 stone
622 111 489 stone
622 111 490 stone
622 111 491 stone
622 111 492 stone
622 111 493 stone
622 111 494 stone
622 111 495 stone
622 111 496 stone
622 111 497 stone
622 111 498 stone
622 111 499 stone
622 111 500 stone
622 111 501 stone
622 111 502 stone
622 111 503 stone
622 111 504 stone
622 111 505 stone
622 111 506 stone
622 111 507 stone
622 111 508 stone
622 111 509 stone
622 111 510 stone
622 111 511 stone
623 111 384 stone
623 111 385 stone
623 111 386 stone
623 111 387 stone
623 111 388 stone
623 111 389 stone
623 111 390 stone
623 111 391 stone
623 111 392 stone
623 111 393 stone
623 111 394 stone
623 111 395 stone
623 111 396 stone
623 111 397 stone
623 111 398 stone
623 111 399 stone
623 111 400 stone
623 111 401 stone
623 111 402 stone
623 111 403 stone
623 111 404 stone
623 111 405 stone
623 111 406 stone
623 111 407 stone
623 111 408 stone
623 111 409 stone
623 111 410 stone
623 111 411 stone
623 111 412 stone
623 111 413 stone
623 111 414 stone
623 111 415 stone
623 111 416 stone
623 111 417 dirt
623 111 418 dirt
623 111 419 dirt
623 111 420 dirt
623 111 421 stone
623 111 422 stone
623 111 423 stone
623 111 424 stone
623 111 425 stone
623 111 426 stone
623 111 427 stone
623 111 428 stone
623 111 429 stone
623 111 430 stone
623 111 431 stone
623 111 432 stone
623 111 433 stone
623 111 434 stone
623 111 435 stone
623 111 436 stone
623 111 437 stone
623 111 438 stone
623 111 439 stone
623 111 440 stone
623 111 441 stone
623 111 442 stone
623 111 443 stone
623 111 444 stone
623 111 445 stone
623 111 446 stone
623 111 447 stone
623 111 448 stone
623 111 449 stone
623 111 450 stone
623 111 451 stone
623 111 452 stone
623 111 453 stone
623 111 454 stone
623 111 455 stone
623 111 456 stone
623 111 457 stone
623 111 458 stone
623 111 459 stone
623 111 460 stone
623 111 461 stone
623 111 462 stone
623 111 463 stone
623 111 464 stone
623 111 465 stone
623 111 466 stone
623 111 467 stone
623 111 468 stone
623 111 469 stone
623 111 470 stone
623 111 471 stone
623 111 472 stone
623 111 473 stone
623 111 474 stone
623 111 475 stone
623 111 476 stone
623 111 477 stone
623 111 478 stone
623 111 479 stone
623 111 480 coal_ore
623 111 481 coal_ore
623 111 482 stone
623 111 483 stone
623 111 484 stone
623 111 485 stone
623 111 486 stone
623 111 487 stone
623 111 488 stone
623 111 489 stone
623 111 490 stone
623 111 491 stone
623 111 492 stone
623 111 493 stone
623 111 494 stone
623 111 495 stone
623 111 496 stone
623 111 497 stone
623 111 498 stone
623 111 499 stone
623 111 500 stone
623 111 501 stone
623 111 502 stone
623 111 503 stone
623 111 504 stone
623 111 505 stone
623 111 506 stone
623 111 507 stone
623 111 508 diorite
623 111 509 diorite
623 111 510 diorite
623 111 511 diorite
624 111 384 stone
624 111 385 stone
624 111 386 stone
624 111 387 stone
624 111 388 stone
624 111 389 stone
624 111 390 stone
624 111 391 stone
624 111 392 stone
624 111 393 stone
624 111 394 stone
624 111 395 stone
624 111 396 stone
624 111 397 stone
624 111 398 stone
624 111 399 stone
624 111 400 stone
624 111 401 stone
624 111 402 stone
624 111 403 stone
624 111 404 stone
624 111 405 stone
624 111 406 stone
624 111 407 stone
624 111 408 stone
624 111 409 stone
624 111 410 stone
624 111 411 stone
624 111 412 stone
624 111 413 stone
624 111 414 stone
624 111 415 stone
624 111 416 dirt
624 111 417 dirt
624 111 418 dirt
624 111 419 dirt
624 111 420 dirt
624 111 421 dirt
624 111 422 dirt
624 111 423 dirt
624 111 424 stone
624 111 425 stone
624 111 426 stone
624 111 427 stone
624 111 428 stone
624 111 429 stone
624 111 430 stone
624 111 431 stone
624 111 432 stone
624 111 433 stone
624 111 434 stone
624 111 435 stone
624 111 436 stone
624 111 437 stone
624 111 438 stone
624 111 439 stone
624 111 440 stone
624 111 441 stone
624 111 442 stone
624 111 443 stone
624 111 444 stone
624 111 445 stone
624 111 446 stone
624 111 447 stone
624 111 448 stone
624 111 449 stone
624 111 450 stone
624 111 451 stone
624 111 452 stone
624 111 453 stone
624 111 454 stone
624 111 455 stone
624 111 456 stone
624 111 457 stone
624 111 458 stone
624 111 459 stone
624 111 460 stone
624 111 461 stone
624 111 462 stone
624 111 463 stone
624 111 464 stone
624 111 465 stone
624 111 466 stone
624 111 467 stone
624 111 468 stone
624 111 469 stone
624 111 470 stone
624 111 471 stone
624 111 472 stone
624 111 473 stone
624 111 474 stone
624 111 475 stone
624 111 476 stone
624 111 477 stone
624 111 478 stone
624 111 479 stone
624 111 480 stone
624 111 481 stone
624 111 482 stone
624 111 483 stone
624 111 484 stone
624 111 485 stone
624 111 486 stone
624 111 487 stone
624 111 488 stone
624 111 489 stone
624 111 490 stone
624 111 491 stone
624 111 492 stone
624 111 493 stone
624 111 494 stone
624 111 495 stone
624 111 496 stone
624 111 497 stone
624 111 498 stone
624 111 499 stone
624 111 500 stone
624 111 501 stone
624 111 502 stone
624 111 503 stone
624 111 504 stone
624 111 505 stone
624 111 506 stone
624 111 507 diorite
624 111 508 diorite
624 111 509 diorite
624 111 510 diorite
624 111 511 diorite
625 111 384 stone
625 111 385 stone
625 111 386 stone
625 111 387 stone
625 111 388 stone
625 111 389 stone
625 111 390 stone
625 111 391 stone
625 111 392 stone
625 111 393 stone
625 111 394 stone
625 111 395 stone
625 111 396 stone
625 111 397 stone
625 111 398 stone
625 111 399 stone
625 111 400 stone
625 111 401 stone
625 111 402 stone
625 111 403 stone
625 111 404 copper_ore
625 111 405 copper_ore
625 111 406 stone
625 111 407 stone
625 111 408 stone
625 111 409 stone
625 111 410 stone
625 111 411 stone
625 111 412 stone
625 111 413 stone
625 111 414 stone
625 111 415 stone
625 111 416 dirt
625 111 417 dirt
625 111 418 dirt
625 111 419 dirt
625 111 420 dirt
625 111 421 dirt
625 111 422 dirt
625 111 423 dirt
625 111 424 stone
625 111 425 stone
625 111 426 stone
625 111 427 stone
625 111 428 stone
625 111 429 stone
625 111 430 stone
625 111 431 stone
625 111 432 stone
625 111 433 stone
625 111 434 stone
625 111 435 stone
625 111 436 stone
625 111 437 stone
625 111 438 stone
625 111 439 stone
625 111 440 stone
625 111 441 stone
625 111 442 stone
625 111 443 stone
625 111 444 stone
625 111 445 stone
625 111 446 stone
625 111 447 stone
625 111 448 stone
625 111 449 stone
625 111 450 stone
625 111 451 stone
625 111 452 stone
625 111 453 stone
625 111 454 stone
625 111 455 stone
625 111 456 stone
625 111 457 stone
625 111 458 stone
625 111 459 stone
625 111 460 stone
625 111 461 stone
625 111 462 stone
625 111 463 stone
625 111 464 stone
625 111 465 stone
625 111 466 stone
625 111 467 stone
625 111 468 stone
625 111 469 stone
625 111 470 stone
625 111 471 stone
625 111 472 stone
625 111 473 stone
625 111 474 stone
625 111 475 stone
625 111 476 stone
625 111 477 stone
625 111 478 stone
625 111 479 stone
625 111 480 stone
625 111 481 stone
625 111 482 stone
625 111 483 stone
625 111 484 stone
625 111 485 stone
625 111 486 stone
625 111 487 stone
625 111 488 stone
625 111 489 stone
625 111 490 stone
625 111 491 stone
625 111 492 stone
625 111 493 stone
625 111 494 stone
625 111 495 stone
625 111 496 stone
625 111 497 stone
625 111 498 stone
625 111 499 stone
625 111 500 stone
625 111 501 stone
625 111 502 stone
625 111 503 stone
625 111 504 stone
625 111 505 stone
625 111 506 stone
625 111 507 diorite
625 111 508 diorite
625 111 509 diorite
625 111 510 diorite
625 111 511 diorite
626 111 384 stone
626 111 385 stone
626 111 386 stone
626 111 387 stone
626 111 388 stone
626 111 389 stone
626 111 390 stone
626 111 391 stone
626 111 392 stone
626 111 393 stone
626 111 394 stone
626 111 395 stone
626 111 396 stone
626 111 397 stone
626 111 398 stone
626 111 399 stone
626 111 400 stone
626 111 401 stone
626 111 402 stone
626 111 403 stone
626 111 404 copper_ore
626 111 405 copper_ore
626 111 406 stone
626 111 407 stone
626 111 408 stone
626 111 409 stone
626 111 410 stone
626 111 411 stone
626 111 412 stone
626 111 413 stone
626 111 414 stone
626 111 415 granite
626 111 416 granite
626 111 417 granite
626 111 418 stone
626 111 419 dirt
626 111 420 dirt
626 111 421 dirt
626 111 422 dirt
626 111 423 stone
626 111 424 stone
626 111 425 stone
626 111 426 stone
626 111 427 stone
626 111 428 stone
626 111 429 stone
626 111 430 stone
626 111 431 stone
626 111 432 stone
626 111 433 stone
626 111 434 stone
626 111 435 stone
626 111 436 stone
626 111 437 stone
626 111 438 andesite
626 111 439 andesite
626 111 440 andesite
626 111 441 andesite
626 111 442 stone
626 111 443 stone
626 111 444 stone
626 111 445 stone
626 111 446 stone
626 111 447 stone
626 111 448 stone
626 111 449 stone
626 111 450 stone
626 111 451 stone
626 111 452 stone
626 111 453 stone
626 111 454 stone
626 111 455 stone
626 111 456 stone
626 111 457 stone
626 111 458 stone
626 111 459 stone
626 111 460 stone
626 111 461 stone
626 111 462 stone
626 111 463 stone
626 111 464 stone
626 111 465 stone
626 111 466 stone
626 111 467 stone
626 111 468 stone
626 111 469 stone
626 111 470 stone
626 111 471 stone
626 111 472 stone
626 111 473 stone
626 111 474 stone
626 111 475 stone
626 111 476 stone
626 111 477 stone
626 111 478 stone
626 111 479 stone
626 111 480 stone
626 111 481 stone
626 111 482 stone
626 111 483 stone
626 111 484 stone
626 111 485 stone
626 111 486 stone
626 111 487 stone
626 111 488 stone
626 111 489 stone
626 111 490 stone
626 111 491 stone
626 111 492 stone
626 111 493 stone
626 111 494 stone
626 111 495 stone
626 111 496 stone
626 111 497 stone
626 111 498 stone
626 111 499 stone
626 111 500 stone
626 111 501 stone
626 111 502 stone
626 111 503 stone
626 111 504 stone
626 111 505 stone
626 111 506 stone
626 111 507 diorite
626 111 508 diorite
626 111 509 diorite
626 111 510 diorite
626 111 511 diorite
627 111 384 stone
627 111 385 stone
627 111 386 stone
627 111 387 stone
627 111 388 stone
627 111 389 stone
627 111 390 stone
627 111 391 stone
627 111 392 stone
627 111 393 stone
627 111 394 stone
627 111 395 stone
627 111 396 stone
627 111 397 stone
627 111 398 stone
627 111 399 stone
627 111 400 stone
627 111 401 stone
627 111 402 stone
627 111 403 stone
627 111 404 stone
627 111 405 stone
627 111 406 stone
627 111 407 stone
627 111 408 stone
627 111 409 stone
627 111 410 stone
627 111 411 stone
627 111 412 stone
627 111 413 stone
627 111 414 stone
627 111 415 granite
627 111 416 granite
627 111 417 granite
627 111 418 stone
627 111 419 stone
627 111 420 stone
627 111 421 stone
627 111 422 stone
627 111 423 stone
627 111 424 stone
627 111 425 stone
627 111 426 stone
627 111 427 stone
627 111 428 stone
627 111 429 stone
627 111 430 stone
627 111 431 stone
627 111 432 stone
627 111 433 stone
627 111 434 stone
627 111 435 stone
627 111 436 stone
627 111 437 andesite
627 111 438 andesite
627 111 439 andesite
627 111 440 andesite
