541 117 495 stone
541 117 496 stone
541 117 497 stone
541 117 498 water[level=0]
541 117 499 water[level=0]
541 117 500 water[level=0]
541 117 501 water[level=0]
541 117 502 water[level=0]
541 117 503 stone
541 117 504 stone
541 117 505 stone
541 117 506 stone
541 117 507 stone
541 117 508 stone
541 117 509 stone
541 117 510 stone
541 117 511 stone
542 117 384 diorite
542 117 385 diorite
542 117 386 diorite
542 117 387 diorite
542 117 388 stone
542 117 393 stone
542 117 394 stone
542 117 395 stone
542 117 396 stone
542 117 397 stone
542 117 398 stone
542 117 399 stone
542 117 400 stone
542 117 401 stone
542 117 402 stone
542 117 403 stone
542 117 404 stone
542 117 405 stone
542 117 406 stone
542 117 407 stone
542 117 408 stone
542 117 409 stone
542 117 410 stone
542 117 411 stone
542 117 412 stone
542 117 413 stone
542 117 414 stone
542 117 415 stone
542 117 416 stone
542 117 417 stone
542 117 418 stone
542 117 419 stone
542 117 420 stone
542 117 421 stone
542 117 422 stone
542 117 423 stone
542 117 424 diorite
542 117 425 diorite
542 117 426 diorite
542 117 427 diorite
542 117 428 diorite
542 117 429 diorite
542 117 430 diorite
542 117 431 diorite
542 117 432 diorite
542 117 433 diorite
542 117 434 diorite
542 117 435 diorite
542 117 436 diorite
542 117 437 andesite
542 117 438 andesite
542 117 439 andesite
542 117 440 andesite
542 117 441 stone
542 117 442 stone
542 117 443 stone
542 117 444 stone
542 117 445 stone
542 117 446 stone
542 117 447 stone
542 117 448 stone
542 117 449 stone
542 117 450 stone
542 117 451 stone
542 117 452 stone
542 117 453 stone
542 117 454 granite
542 117 455 granite
542 117 456 granite
542 117 457 granite
542 117 458 granite
542 117 459 granite
542 117 460 stone
542 117 461 stone
542 117 462 stone
542 117 463 stone
542 117 464 stone
542 117 465 stone
542 117 466 stone
542 117 467 stone
542 117 468 andesite
542 117 469 andesite
542 117 470 andesite
542 117 471 andesite
542 117 472 andesite
542 117 473 andesite
542 117 474 andesite
542 117 475 andesite
542 117 476 andesite
542 117 477 andesite
542 117 478 stone
542 117 479 andesite
542 117 480 andesite
542 117 481 andesite
542 117 482 water[level=0]
542 117 483 water[level=0]
542 117 484 water[level=0]
542 117 485 water[level=0]
542 117 486 andesite
542 117 487 andesite
542 117 488 andesite
542 117 489 stone
542 117 490 stone
542 117 491 stone
542 117 492 stone
542 117 493 stone
542 117 494 stone
542 117 495 stone
542 117 496 stone
542 117 497 stone
542 117 498 stone
542 117 499 stone
542 117 500 stone
542 117 501 stone
542 117 502 stone
542 117 503 stone
542 117 504 stone
542 117 505 stone
542 117 506 stone
542 117 507 stone
542 117 508 stone
542 117 509 stone
542 117 510 stone
542 117 511 coal_ore
543 117 384 diorite
543 117 385 diorite
543 117 386 diorite
543 117 387 diorite
543 117 388 stone
543 117 393 stone
543 117 394 stone
543 117 395 stone
543 117 396 stone
543 117 397 stone
543 117 398 stone
543 117 399 stone
543 117 400 stone
543 117 401 stone
543 117 402 stone
543 117 403 stone
543 117 404 stone
543 117 405 stone
543 117 406 stone
543 117 407 stone
543 117 408 stone
543 117 409 stone
543 117 410 stone
543 117 411 stone
543 117 412 stone
543 117 413 stone
543 117 414 stone
543 117 415 stone
543 117 416 stone
543 117 417 stone
543 117 418 stone
543 117 419 stone
543 117 420 stone
543 117 421 stone
543 117 422 stone
543 117 423 stone
543 117 424 stone
543 117 425 stone
543 117 426 stone
543 117 427 stone
543 117 428 diorite
543 117 429 diorite
543 117 430 diorite
543 117 431 diorite
543 117 432 diorite
543 117 433 diorite
543 117 434 granite
543 117 435 andesite
543 117 436 andesite
543 117 437 andesite
543 117 438 andesite
543 117 439 andesite
543 117 440 granite
543 117 441 stone
543 117 442 stone
543 117 443 stone
543 117 444 stone
543 117 445 stone
543 117 446 stone
543 117 447 stone
543 117 448 stone
543 117 449 stone
543 117 450 stone
543 117 451 stone
543 117 452 stone
543 117 453 stone
543 117 454 granite
543 117 455 granite
543 117 456 granite
543 117 457 granite
543 117 458 granite
543 117 459 granite
543 117 460 stone
543 117 461 stone
543 117 462 stone
543 117 463 stone
543 117 464 stone
543 117 465 stone
543 117 466 andesite
543 117 467 andesite
543 117 468 andesite
543 117 469 andesite
543 117 470 andesite
543 117 471 andesite
543 117 472 andesite
543 117 473 andesite
543 117 474 andesite
543 117 475 andesite
543 117 476 andesite
543 117 477 stone
543 117 478 stone
543 117 479 andesite
543 117 480 andesite
543 117 481 andesite
543 117 482 water[level=0]
543 117 483 water[level=0]
543 117 484 water[level=0]
543 117 485 water[level=0]
543 117 486 andesite
543 117 487 stone
543 117 488 stone
543 117 489 stone
543 117 490 stone
543 117 491 stone
543 117 492 stone
543 117 493 stone
543 117 494 stone
543 117 495 stone
543 117 496 stone
543 117 497 stone
543 117 498 stone
543 117 499 stone
543 117 500 stone
543 117 501 stone
543 117 502 stone
543 117 503 stone
543 117 504 stone
543 117 505 stone
543 117 506 stone
543 117 507 stone
543 117 508 stone
543 117 509 stone
543 117 510 coal_ore
543 117 511 coal_ore
544 117 384 diorite
544 117 385 diorite
544 117 386 diorite
544 117 387 stone
544 117 388 stone
544 117 392 stone
544 117 393 stone
544 117 394 stone
544 117 395 stone
544 117 396 stone
544 117 397 stone
544 117 398 stone
544 117 399 stone
544 117 400 stone
544 117 401 stone
544 117 402 stone
544 117 403 stone
544 117 404 stone
544 117 405 stone
544 117 406 stone
544 117 407 stone
544 117 408 stone
544 117 409 stone
544 117 410 stone
544 117 411 stone
544 117 412 stone
544 117 413 stone
544 117 414 stone
544 117 415 stone
544 117 416 stone
544 117 417 stone
544 117 418 stone
544 117 419 stone
544 117 420 stone
544 117 421 stone
544 117 422 stone
544 117 423 stone
544 117 424 stone
544 117 425 stone
544 117 426 stone
544 117 427 stone
544 117 428 stone
544 117 429 stone
544 117 430 stone
544 117 431 stone
544 117 432 granite
544 117 433 granite
544 117 434 granite
544 117 435 granite
544 117 436 granite
544 117 437 granite
544 117 438 granite
544 117 439 granite
544 117 440 granite
544 117 441 stone
544 117 442 stone
544 117 443 stone
544 117 444 stone
544 117 445 stone
544 117 446 stone
544 117 447 stone
544 117 448 stone
544 117 449 stone
544 117 450 stone
544 117 451 stone
544 117 452 stone
544 117 453 stone
544 117 454 granite
544 117 455 granite
544 117 456 granite
544 117 457 granite
544 117 458 granite
544 117 459 granite
544 117 460 stone
544 117 461 stone
544 117 462 stone
544 117 463 stone
544 117 464 stone
544 117 465 andesite
544 117 466 andesite
544 117 467 andesite
544 117 468 andesite
544 117 469 andesite
544 117 470 andesite
544 117 471 andesite
544 117 472 stone
544 117 473 andesite
544 117 474 andesite
544 117 475 andesite
544 117 476 andesite
544 117 477 stone
544 117 478 stone
544 117 479 andesite
544 117 480 andesite
544 117 481 andesite
544 117 482 andesite
544 117 483 water[level=0]
544 117 484 water[level=0]
544 117 485 water[level=0]
544 117 486 water[level=0]
544 117 487 stone
544 117 488 stone
544 117 489 stone
544 117 490 stone
544 117 491 stone
544 117 492 stone
544 117 493 stone
544 117 494 stone
544 117 495 stone
544 117 496 stone
544 117 497 stone
544 117 498 stone
544 117 499 stone
544 117 500 stone
544 117 501 stone
544 117 502 stone
544 117 503 stone
544 117 504 stone
544 117 505 stone
544 117 506 stone
544 117 507 stone
544 117 508 stone
544 117 509 coal_ore
544 117 510 coal_ore
544 117 511 stone
545 117 384 copper_ore
545 117 385 diorite
545 117 386 diorite
545 117 387 stone
545 117 388 stone
545 117 393 stone
545 117 394 stone
545 117 395 stone
545 117 396 stone
545 117 397 stone
545 117 398 stone
545 117 399 stone
545 117 400 andesite
545 117 401 stone
545 117 402 stone
545 117 403 stone
545 117 404 stone
545 117 405 stone
545 117 406 stone
545 117 407 stone
545 117 408 stone
545 117 409 stone
545 117 410 stone
545 117 411 stone
545 117 412 stone
545 117 413 stone
545 117 414 gravel
545 117 415 gravel
545 117 416 gravel
545 117 417 stone
545 117 418 stone
545 117 419 stone
545 117 420 stone
545 117 421 stone
545 117 422 stone
545 117 423 stone
545 117 424 stone
545 117 425 stone
545 117 426 stone
545 117 427 stone
545 117 428 stone
545 117 429 stone
545 117 430 stone
545 117 431 granite
545 117 432 granite
545 117 433 granite
545 117 434 granite
545 117 435 granite
545 117 436 granite
545 117 437 granite
545 117 438 granite
545 117 439 granite
545 117 440 stone
545 117 441 stone
545 117 442 stone
545 117 443 stone
545 117 444 stone
545 117 445 stone
545 117 446 stone
545 117 447 stone
545 117 448 stone
545 117 449 stone
545 117 450 stone
545 117 451 stone
545 117 452 stone
545 117 453 stone
545 117 454 stone
545 117 455 granite
545 117 456 granite
545 117 457 granite
545 117 458 granite
545 117 459 stone
545 117 460 stone
545 117 461 stone
545 117 462 stone
545 117 463 stone
545 117 464 stone
545 117 465 andesite
545 117 466 andesite
545 117 467 andesite
545 117 468 andesite
545 117 469 andesite
545 117 470 andesite
545 117 471 andesite
545 117 472 stone
545 117 473 andesite
545 117 474 andesite
545 117 475 andesite
545 117 476 stone
545 117 477 stone
545 117 478 stone
545 117 479 andesite
545 117 480 andesite
545 117 481 andesite
545 117 482 andesite
545 117 483 water[level=0]
545 117 484 water[level=0]
545 117 485 water[level=0]
545 117 486 water[level=0]
545 117 487 dirt
545 117 488 stone
545 117 489 stone
545 117 490 stone
545 117 491 stone
545 117 492 stone
545 117 493 stone
545 117 494 stone
545 117 495 stone
545 117 496 stone
545 117 497 stone
545 117 498 stone
545 117 499 stone
545 117 500 stone
545 117 501 stone
545 117 502 stone
545 117 503 stone
545 117 504 stone
545 117 505 stone
545 117 506 stone
545 117 507 stone
545 117 508 stone
545 117 509 stone
545 117 510 stone
545 117 511 stone
546 117 384 copper_ore
546 117 385 diorite
546 117 386 diorite
546 117 387 diorite
546 117 388 stone
546 117 389 granite
546 117 392 stone
546 117 393 stone
546 117 394 stone
546 117 395 stone
546 117 396 stone
546 117 397 stone
546 117 398 stone
546 117 399 andesite
546 117 400 andesite
546 117 401 andesite
546 117 402 stone
546 117 403 stone
546 117 404 stone
546 117 405 stone
546 117 406 stone
546 117 407 stone
546 117 408 stone
546 117 409 stone
546 117 410 stone
546 117 411 stone
546 117 412 stone
546 117 413 stone
546 117 414 gravel
546 117 415 gravel
546 117 416 gravel
546 117 417 stone
546 117 418 stone
546 117 419 stone
546 117 420 stone
546 117 421 stone
546 117 422 stone
546 117 423 stone
546 117 424 stone
546 117 425 stone
546 117 426 stone
546 117 427 stone
546 117 428 stone
546 117 429 stone
546 117 430 stone
546 117 431 granite
546 117 432 granite
546 117 433 granite
546 117 434 granite
546 117 435 granite
546 117 436 granite
546 117 437 granite
546 117 438 copper_ore
546 117 439 granite
546 117 440 stone
546 117 441 stone
546 117 442 stone
546 117 443 stone
546 117 444 stone
546 117 445 stone
546 117 446 stone
546 117 447 stone
546 117 448 stone
546 117 449 stone
546 117 450 stone
546 117 451 stone
546 117 452 stone
546 117 453 stone
546 117 454 stone
546 117 455 stone
546 117 456 granite
546 117 457 granite
546 117 458 stone
546 117 459 stone
546 117 460 stone
546 117 461 stone
546 117 462 stone
546 117 463 stone
546 117 464 andesite
546 117 465 andesite
546 117 466 andesite
546 117 467 andesite
546 117 468 andesite
546 117 469 andesite
546 117 470 andesite
546 117 471 andesite
546 117 472 stone
546 117 473 stone
546 117 474 stone
546 117 475 stone
546 117 476 stone
546 117 477 stone
546 117 478 stone
546 117 479 andesite
546 117 480 andesite
546 117 481 andesite
546 117 482 andesite
546 117 483 water[level=0]
546 117 484 water[level=0]
546 117 485 water[level=0]
546 117 486 water[level=0]
546 117 487 dirt
546 117 488 dirt
546 117 489 stone
546 117 490 stone
546 117 491 stone
546 117 492 stone
546 117 493 stone
546 117 494 stone
546 117 495 stone
546 117 496 stone
546 117 497 stone
546 117 498 stone
546 117 499 stone
546 117 500 stone
546 117 501 stone
546 117 502 stone
546 117 503 stone
546 117 504 stone
546 117 505 stone
546 117 506 stone
546 117 507 stone
546 117 508 stone
546 117 509 stone
546 117 510 stone
546 117 511 stone
547 117 384 diorite
547 117 385 diorite
547 117 386 diorite
547 117 387 stone
547 117 388 granite
547 117 389 granite
547 117 391 granite
547 117 392 stone
547 117 393 stone
547 117 394 stone
547 117 395 stone
547 117 396 stone
547 117 397 stone
547 117 398 andesite
547 117 399 andesite
547 117 400 andesite
547 117 401 andesite
547 117 402 stone
547 117 403 stone
547 117 404 stone
547 117 405 stone
547 117 406 stone
547 117 407 stone
547 117 408 stone
547 117 409 stone
547 117 410 stone
547 117 411 stone
547 117 412 stone
547 117 413 stone
547 117 414 stone
547 117 415 gravel
547 117 416 gravel
547 117 417 gravel
547 117 418 stone
547 117 419 stone
547 117 420 stone
547 117 421 stone
547 117 422 stone
547 117 423 stone
547 117 424 stone
547 117 425 stone
547 117 426 stone
547 117 427 stone
547 117 428 stone
547 117 429 coal_ore
547 117 430 coal_ore
547 117 431 granite
547 117 432 granite
547 117 433 granite
547 117 434 granite
547 117 435 granite
547 117 436 granite
547 117 437 granite
547 117 438 granite
547 117 439 granite
547 117 440 stone
547 117 441 stone
547 117 442 stone
547 117 443 stone
547 117 444 stone
547 117 445 stone
547 117 446 stone
547 117 447 stone
547 117 448 stone
547 117 449 stone
547 117 450 stone
547 117 451 stone
547 117 452 stone
547 117 453 stone
547 117 454 stone
547 117 455 stone
547 117 456 stone
547 117 457 stone
547 117 458 stone
547 117 459 stone
547 117 460 stone
547 117 461 stone
547 117 462 stone
547 117 463 stone
547 117 464 andesite
547 117 465 andesite
547 117 466 andesite
547 117 467 andesite
547 117 468 andesite
547 117 469 andesite
547 117 470 andesite
547 117 471 andesite
547 117 472 stone
547 117 473 stone
547 117 474 stone
547 117 475 stone
547 117 476 stone
547 117 477 stone
547 117 478 stone
547 117 479 andesite
547 117 480 andesite
547 117 481 andesite
547 117 482 stone
547 117 483 stone
547 117 484 water[level=0]
547 117 485 water[level=0]
547 117 486 water[level=0]
547 117 487 water[level=0]
547 117 488 dirt
547 117 489 stone
547 117 490 stone
547 117 491 stone
547 117 492 stone
547 117 493 stone
547 117 494 stone
547 117 495 stone
547 117 496 stone
547 117 497 stone
547 117 498 stone
547 117 499 stone
547 117 500 stone
547 117 501 stone
547 117 502 stone
547 117 503 stone
547 117 504 stone
547 117 505 stone
547 117 506 stone
547 117 507 stone
547 117 508 stone
547 117 509 stone
547 117 510 stone
547 117 511 stone
548 117 384 diorite
548 117 385 diorite
548 117 386 diorite
548 117 387 granite
548 117 388 granite
548 117 392 stone
548 117 393 stone
548 117 394 stone
548 117 395 stone
548 117 396 stone
548 117 397 andesite
548 117 398 andesite
548 117 399 andesite
548 117 400 andesite
548 117 401 andesite
548 117 402 andesite
548 117 403 stone
548 117 404 stone
548 117 405 stone
548 117 406 stone
548 117 407 stone
548 117 408 stone
548 117 409 stone
548 117 410 stone
548 117 411 stone
548 117 412 stone
548 117 413 stone
548 117 414 stone
548 117 415 gravel
548 117 416 gravel
548 117 417 gravel
548 117 418 stone
548 117 419 stone
548 117 420 stone
548 117 421 stone
548 117 422 stone
548 117 423 stone
548 117 424 stone
548 117 425 stone
548 117 426 stone
548 117 427 stone
548 117 428 stone
548 117 429 coal_ore
548 117 430 coal_ore
548 117 431 granite
548 117 432 granite
548 117 433 granite
548 117 434 granite
548 117 435 granite
548 117 436 granite
548 117 437 granite
548 117 438 granite
548 117 439 granite
548 117 440 stone
548 117 441 stone
548 117 442 stone
548 117 443 stone
548 117 444 stone
548 117 445 stone
548 117 446 stone
548 117 447 stone
548 117 448 stone
548 117 449 stone
548 117 450 stone
548 117 451 stone
548 117 452 stone
548 117 453 stone
548 117 454 stone
548 117 455 stone
548 117 456 stone
548 117 457 stone
548 117 458 gravel
548 117 459 gravel
548 117 460 stone
548 117 461 coal_ore
548 117 462 coal_ore
548 117 463 coal_ore
548 117 464 andesite
548 117 465 andesite
548 117 466 andesite
548 117 467 andesite
548 117 468 andesite
548 117 469 andesite
548 117 470 andesite
548 117 471 stone
548 117 472 stone
548 117 473 stone
548 117 474 stone
548 117 475 stone
548 117 476 stone
548 117 477 stone
548 117 478 stone
548 117 479 stone
548 117 480 stone
548 117 481 stone
548 117 482 stone
548 117 483 stone
548 117 484 water[level=0]
548 117 485 water[level=0]
548 117 486 water[level=0]
548 117 487 water[level=0]
548 117 488 dirt
548 117 489 dirt
548 117 490 stone
548 117 491 stone
548 117 492 stone
548 117 493 stone
548 117 494 stone
548 117 495 stone
548 117 496 stone
548 117 497 stone
548 117 498 stone
548 117 499 stone
548 117 500 stone
548 117 501 stone
548 117 502 stone
548 117 503 stone
548 117 504 stone
548 117 505 stone
548 117 506 stone
548 117 507 stone
548 117 508 stone
548 117 509 stone
548 117 510 stone
548 117 511 stone
549 117 384 diorite
549 117 385 diorite
549 117 386 stone
549 117 387 granite
549 117 388 granite
549 117 392 stone
549 117 393 stone
549 117 394 stone
549 117 395 stone
549 117 396 stone
549 117 397 andesite
549 117 398 andesite
549 117 399 andesite
549 117 400 andesite
549 117 401 andesite
549 117 402 andesite
549 117 403 stone
549 117 404 stone
549 117 405 stone
549 117 406 stone
549 117 407 stone
549 117 408 stone
549 117 409 stone
549 117 410 stone
549 117 411 stone
549 117 412 stone
549 117 413 stone
549 117 414 stone
549 117 415 gravel
549 117 416 gravel
549 117 417 gravel
549 117 418 gravel
549 117 419 stone
549 117 420 stone
549 117 421 stone
549 117 422 stone
549 117 423 stone
549 117 424 stone
549 117 425 stone
549 117 426 stone
549 117 427 stone
549 117 428 granite
549 117 429 granite
549 117 430 granite
549 117 431 coal_ore
549 117 432 granite
549 117 433 granite
549 117 434 granite
549 117 435 granite
549 117 436 granite
549 117 437 granite
549 117 438 granite
549 117 439 stone
549 117 440 stone
549 117 441 stone
549 117 442 stone
549 117 443 stone
549 117 444 stone
549 117 445 stone
549 117 446 stone
549 117 447 stone
549 117 448 stone
549 117 449 stone
549 117 450 stone
549 117 451 stone
549 117 452 stone
549 117 453 stone
549 117 454 stone
549 117 455 stone
549 117 456 stone
549 117 457 gravel
549 117 458 gravel
549 117 459 gravel
549 117 460 stone
549 117 461 coal_ore
549 117 462 coal_ore
549 117 463 coal_ore
549 117 464 coal_ore
549 117 465 coal_ore
549 117 466 andesite
549 117 467 andesite
549 117 468 andesite
549 117 469 andesite
549 117 470 stone
549 117 471 stone
549 117 472 stone
549 117 473 stone
549 117 474 stone
549 117 475 dirt
549 117 476 dirt
549 117 477 dirt
549 117 478 dirt
549 117 479 stone
549 117 480 stone
549 117 481 stone
549 117 482 stone
549 117 483 stone
549 117 484 stone
549 117 485 water[level=0]
549 117 486 water[level=0]
549 117 487 water[level=0]
549 117 488 dirt
549 117 489 dirt
549 117 490 stone
549 117 491 stone
549 117 492 stone
549 117 493 stone
549 117 494 copper_ore
549 117 495 copper_ore
549 117 496 stone
549 117 497 stone
549 117 498 stone
549 117 499 stone
549 117 500 stone
549 117 501 stone
549 117 502 stone
549 117 503 stone
549 117 504 stone
549 117 505 stone
549 117 506 stone
549 117 507 stone
549 117 508 stone
549 117 509 stone
549 117 510 stone
549 117 511 stone
550 117 384 stone
550 117 385 stone
550 117 386 stone
550 117 387 granite
550 117 388 granite
550 117 392 granite
550 117 393 stone
550 117 394 stone
550 117 395 stone
550 117 396 stone
550 117 397 andesite
550 117 398 andesite
550 117 399 andesite
550 117 400 andesite
550 117 401 andesite
550 117 402 andesite
550 117 403 stone
550 117 404 stone
550 117 405 stone
550 117 406 stone
550 117 407 stone
550 117 408 stone
550 117 409 stone
550 117 410 stone
550 117 411 stone
550 117 412 stone
550 117 413 stone
550 117 414 stone
550 117 415 gravel
550 117 416 gravel
550 117 417 gravel
550 117 418 gravel
550 117 419 stone
550 117 420 stone
550 117 421 stone
550 117 422 stone
550 117 423 stone
550 117 424 stone
550 117 425 stone
550 117 426 stone
550 117 427 granite
550 117 428 granite
550 117 429 granite
550 117 430 granite
550 117 431 granite
550 117 432 granite
550 117 433 granite
550 117 434 granite
550 117 435 granite
550 117 436 granite
550 117 437 granite
550 117 438 stone
550 117 439 stone
550 117 440 stone
550 117 441 stone
550 117 442 stone
550 117 443 stone
550 117 444 stone
550 117 445 stone
550 117 446 stone
