701 134 427 stone
701 134 428 stone
701 134 429 stone
701 134 430 stone
701 134 431 stone
701 134 432 stone
701 134 433 stone
701 134 434 stone
701 134 435 stone
701 134 436 stone
701 134 437 stone
701 134 438 stone
701 134 439 stone
701 134 440 stone
701 134 441 stone
701 134 442 stone
701 134 443 stone
701 134 444 stone
701 134 445 granite
701 134 446 granite
701 134 447 granite
701 134 448 granite
701 134 449 stone
701 134 450 stone
701 134 451 stone
701 134 452 stone
701 134 453 stone
701 134 454 stone
701 134 455 stone
701 134 456 stone
701 134 457 stone
701 134 458 stone
701 134 459 stone
701 134 460 stone
701 134 461 stone
701 134 462 stone
701 134 463 stone
701 134 464 stone
701 134 465 stone
701 134 466 stone
701 134 467 stone
701 134 468 dirt
701 134 469 dirt
701 134 470 dirt
701 134 471 grass_block[snowy=false]
701 134 472 grass_block[snowy=false]
701 134 473 grass_block[snowy=false]
701 134 474 grass_block[snowy=false]
701 134 475 grass_block[snowy=false]
701 134 627 short_grass
701 134 628 grass_block[snowy=false]
701 134 629 dirt
701 134 630 stone
701 134 631 stone
701 134 632 stone
701 134 633 stone
701 134 634 stone
701 134 635 stone
701 134 636 stone
701 134 637 stone
701 134 638 stone
701 134 639 stone
701 134 640 stone
701 134 641 stone
701 134 642 stone
701 134 643 stone
701 134 644 stone
701 134 645 stone
701 134 646 stone
701 134 647 stone
701 134 648 dirt
701 134 649 dirt
701 134 650 dirt
701 134 651 dirt
701 134 652 dirt
701 134 653 dirt
701 134 654 dirt
701 134 655 dirt
701 134 656 dirt
701 134 657 dirt
701 134 658 dirt
701 134 659 dirt
701 134 660 dirt
701 134 661 dirt
701 134 662 dirt
701 134 663 dirt
701 134 664 dirt
701 134 665 dirt
701 134 666 dirt
701 134 667 dirt
701 134 668 dirt
701 134 669 stone
701 134 670 stone
701 134 671 stone
701 134 672 stone
701 134 673 stone
701 134 674 stone
701 134 675 stone
701 134 676 stone
701 134 677 stone
701 134 678 stone
701 134 679 stone
701 134 680 stone
701 134 681 stone
701 134 682 stone
701 134 683 stone
701 134 684 stone
701 134 685 stone
701 134 686 stone
701 134 687 stone
701 134 688 stone
701 134 689 stone
701 134 690 stone
701 134 691 stone
701 134 692 stone
701 134 693 stone
701 134 694 stone
701 134 695 stone
701 134 696 stone
701 134 697 stone
701 134 698 stone
701 134 699 stone
701 134 700 stone
701 134 701 stone
701 134 702 stone
701 134 703 stone
701 134 704 stone
701 134 705 stone
701 134 706 stone
701 134 707 stone
701 134 708 stone
701 134 709 stone
701 134 710 dirt
701 134 711 dirt
701 134 712 dirt
701 134 713 dirt
701 134 714 dirt
701 134 715 dirt
701 134 716 dirt
701 134 717 dirt
701 134 718 dirt
701 134 719 stone
701 134 720 stone
701 134 721 stone
701 134 722 stone
701 134 723 stone
701 134 724 stone
701 134 725 stone
701 134 726 stone
701 134 727 stone
701 134 728 stone
701 134 729 stone
701 134 730 stone
701 134 731 stone
701 134 732 stone
701 134 733 stone
701 134 734 stone
701 134 735 stone
701 134 736 stone
701 134 737 stone
701 134 738 stone
701 134 739 stone
701 134 740 stone
701 134 741 stone
701 134 742 stone
701 134 743 stone
701 134 744 stone
701 134 745 stone
701 134 746 stone
701 134 747 coal_ore
701 134 748 stone
701 134 749 stone
701 134 750 stone
701 134 751 stone
701 134 752 stone
701 134 753 stone
701 134 754 stone
701 134 755 stone
701 134 756 stone
701 134 757 stone
701 134 758 stone
701 134 759 stone
701 134 760 stone
701 134 761 stone
701 134 762 stone
701 134 763 stone
701 134 764 stone
701 134 765 stone
701 134 766 stone
701 134 767 stone
701 134 768 stone
701 134 769 stone
701 134 770 stone
701 134 771 stone
701 134 772 stone
701 134 773 stone
701 134 774 stone
701 134 775 stone
701 134 776 stone
701 134 777 stone
701 134 778 stone
701 134 779 stone
701 134 780 stone
701 134 781 stone
701 134 782 stone
701 134 783 stone
701 134 784 stone
701 134 785 stone
701 134 786 stone
701 134 787 dirt
701 134 788 grass_block[snowy=false]
701 134 821 short_grass
701 134 822 dirt
701 134 823 stone
701 134 824 stone
701 134 825 stone
701 134 826 stone
701 134 827 stone
701 134 828 stone
701 134 829 stone
701 134 830 stone
701 134 831 stone
701 134 832 stone
701 134 833 copper_ore
701 134 834 copper_ore
701 134 835 stone
701 134 836 stone
701 134 837 stone
701 134 838 stone
701 134 839 stone
701 134 840 stone
701 134 841 stone
701 134 842 stone
701 134 843 stone
701 134 844 gravel
701 134 845 gravel
701 134 846 gravel
701 134 847 stone
701 134 848 stone
701 134 849 stone
701 134 850 stone
701 134 851 stone
701 134 852 stone
701 134 853 stone
701 134 854 stone
701 134 855 stone
701 134 856 stone
701 134 857 stone
701 134 858 stone
701 134 859 stone
701 134 860 stone
701 134 861 stone
701 134 862 stone
701 134 863 stone
701 134 864 stone
701 134 865 stone
701 134 866 stone
701 134 867 stone
701 134 868 stone
701 134 873 stone
701 134 874 stone
701 134 875 stone
701 134 876 stone
701 134 877 stone
701 134 878 stone
701 134 879 stone
701 134 880 stone
701 134 881 stone
701 134 882 stone
701 134 883 stone
701 134 884 stone
701 134 885 stone
701 134 886 stone
701 134 887 stone
701 134 888 stone
701 134 889 stone
701 134 890 stone
701 134 891 stone
701 134 892 stone
701 134 893 stone
701 134 894 stone
701 134 895 stone
701 134 896 stone
701 134 897 stone
701 134 898 stone
701 134 899 stone
701 134 900 stone
701 134 901 stone
701 134 902 stone
701 134 903 stone
701 134 904 stone
701 134 905 stone
701 134 906 stone
701 134 907 stone
701 134 908 stone
701 134 909 stone
701 134 910 stone
701 134 911 stone
701 134 912 stone
701 134 913 stone
701 134 914 stone
701 134 915 stone
701 134 916 stone
701 134 917 stone
701 134 918 stone
701 134 919 stone
701 134 920 stone
701 134 921 stone
701 134 922 stone
701 134 923 stone
701 134 924 stone
701 134 925 stone
701 134 926 stone
701 134 927 stone
701 134 928 stone
701 134 929 stone
701 134 930 stone
701 134 931 stone
701 134 932 stone
701 134 933 stone
701 134 934 stone
701 134 935 stone
701 134 936 stone
701 134 937 stone
701 134 938 stone
701 134 939 stone
701 134 940 stone
701 134 941 stone
701 134 942 stone
701 134 943 coal_ore
701 134 944 coal_ore
701 134 945 coal_ore
701 134 946 coal_ore
701 134 947 stone
701 134 948 stone
701 134 949 stone
701 134 950 stone
701 134 951 stone
701 134 952 stone
701 134 953 stone
701 134 954 stone
701 134 955 stone
701 134 956 stone
701 134 957 stone
701 134 958 stone
701 134 959 stone
701 134 960 stone
701 134 961 stone
701 134 962 stone
701 134 963 stone
701 134 964 stone
701 134 965 stone
701 134 966 stone
701 134 967 stone
701 134 968 stone
701 134 969 stone
701 134 970 stone
701 134 971 stone
701 134 972 stone
701 134 973 stone
701 134 974 stone
701 134 975 stone
701 134 976 stone
701 134 977 stone
701 134 978 stone
701 134 979 stone
701 134 980 stone
701 134 981 stone
701 134 982 stone
701 134 983 stone
701 134 984 stone
701 134 985 stone
701 134 986 stone
701 134 987 stone
701 134 988 stone
701 134 989 stone
701 134 990 stone
701 134 991 stone
701 134 992 stone
701 134 993 stone
701 134 994 stone
701 134 995 dirt
701 134 996 dirt
701 134 997 dirt
701 134 998 grass_block[snowy=false]
701 135 128 poppy
701 135 129 grass_block[snowy=false]
701 135 130 grass_block[snowy=false]
701 135 131 grass_block[snowy=false]
701 135 132 dirt
701 135 148 dirt
701 135 149 dirt
701 135 150 dirt
701 135 151 dirt
701 135 152 stone
701 135 153 stone
701 135 154 stone
701 135 155 stone
701 135 156 stone
701 135 157 stone
701 135 158 stone
701 135 159 stone
701 135 160 stone
701 135 161 stone
701 135 162 stone
701 135 163 stone
701 135 164 stone
701 135 165 stone
701 135 166 stone
701 135 167 stone
701 135 168 stone
701 135 169 stone
701 135 170 stone
701 135 171 stone
701 135 172 stone
701 135 173 stone
701 135 174 stone
701 135 175 stone
701 135 176 stone
701 135 177 stone
701 135 178 stone
701 135 179 stone
701 135 180 stone
701 135 181 stone
701 135 182 stone
701 135 183 stone
701 135 184 stone
701 135 185 stone
701 135 186 stone
701 135 187 stone
701 135 188 stone
701 135 189 stone
701 135 190 stone
701 135 191 stone
701 135 192 stone
701 135 193 stone
701 135 194 stone
701 135 195 stone
701 135 196 stone
701 135 197 stone
701 135 198 stone
701 135 199 stone
701 135 200 stone
701 135 201 stone
701 135 202 stone
701 135 203 stone
701 135 204 stone
701 135 205 stone
701 135 206 stone
701 135 207 stone
701 135 208 stone
701 135 209 stone
701 135 210 stone
701 135 211 stone
701 135 212 stone
701 135 213 stone
701 135 214 stone
701 135 215 stone
701 135 216 stone
701 135 217 stone
701 135 218 stone
701 135 219 stone
701 135 220 stone
701 135 221 stone
701 135 222 stone
701 135 223 stone
701 135 224 stone
701 135 225 stone
701 135 226 stone
701 135 227 stone
701 135 228 stone
701 135 229 stone
701 135 230 stone
701 135 231 stone
701 135 232 stone
701 135 233 stone
701 135 234 stone
701 135 235 stone
701 135 236 stone
701 135 237 stone
701 135 238 stone
701 135 239 stone
701 135 240 stone
701 135 241 stone
701 135 242 stone
701 135 243 stone
701 135 244 stone
701 135 245 dirt
701 135 246 dirt
701 135 247 dirt
701 135 248 dirt
701 135 249 grass_block[snowy=false]
701 135 250 grass_block[snowy=false]
701 135 252 sunflower[half=lower]
701 135 272 short_grass
701 135 273 short_grass
701 135 274 short_grass
701 135 275 short_grass
701 135 337 sunflower[half=upper]
701 135 378 short_grass
701 135 381 grass_block[snowy=false]
701 135 382 dirt
701 135 383 dirt
701 135 384 dirt
701 135 385 dirt
701 135 386 dirt
701 135 387 stone
701 135 388 stone
701 135 389 stone
701 135 390 stone
701 135 391 stone
701 135 392 stone
701 135 393 stone
701 135 394 coal_ore
701 135 395 coal_ore
701 135 396 stone
701 135 397 stone
701 135 398 stone
701 135 399 stone
701 135 400 stone
701 135 401 stone
701 135 402 stone
701 135 403 stone
701 135 404 stone
701 135 405 stone
701 135 406 stone
701 135 407 stone
701 135 408 stone
701 135 409 stone
701 135 410 stone
701 135 411 stone
701 135 412 stone
701 135 413 stone
701 135 414 stone
701 135 415 stone
701 135 416 stone
701 135 417 stone
701 135 418 stone
701 135 419 stone
701 135 420 stone
701 135 421 stone
701 135 422 stone
701 135 423 stone
701 135 424 stone
701 135 425 stone
701 135 426 stone
701 135 427 stone
701 135 428 stone
701 135 429 stone
701 135 430 stone
701 135 431 stone
701 135 432 stone
701 135 433 stone
701 135 434 stone
701 135 435 stone
701 135 436 stone
701 135 437 gravel
701 135 438 gravel
701 135 439 gravel
701 135 440 gravel
701 135 441 gravel
701 135 442 stone
701 135 443 stone
701 135 444 stone
701 135 445 stone
701 135 446 stone
701 135 447 stone
701 135 448 stone
701 135 449 stone
701 135 450 stone
701 135 451 stone
701 135 452 stone
701 135 453 stone
701 135 454 stone
701 135 455 stone
701 135 456 stone
701 135 457 stone
701 135 458 stone
701 135 459 stone
701 135 460 stone
701 135 461 stone
701 135 462 stone
701 135 463 stone
701 135 464 stone
701 135 465 stone
701 135 466 stone
701 135 467 dirt
701 135 468 grass_block[snowy=false]
701 135 469 grass_block[snowy=false]
701 135 470 grass_block[snowy=false]
701 135 472 short_grass
701 135 629 grass_block[snowy=false]
701 135 630 dirt
701 135 631 stone
701 135 632 stone
701 135 633 stone
701 135 634 stone
701 135 635 stone
701 135 636 stone
701 135 637 stone
701 135 638 stone
701 135 639 stone
701 135 640 dirt
701 135 641 stone
701 135 642 stone
701 135 643 stone
701 135 644 stone
701 135 645 stone
701 135 646 dirt
701 135 647 dirt
701 135 648 dirt
701 135 649 grass_block[snowy=false]
701 135 650 grass_block[snowy=false]
701 135 651 grass_block[snowy=false]
701 135 652 grass_block[snowy=false]
701 135 653 grass_block[snowy=false]
701 135 654 grass_block[snowy=false]
701 135 655 grass_block[snowy=false]
701 135 656 grass_block[snowy=false]
701 135 657 grass_block[snowy=false]
701 135 658 grass_block[snowy=false]
701 135 659 grass_block[snowy=false]
701 135 660 grass_block[snowy=false]
701 135 661 grass_block[snowy=false]
701 135 662 grass_block[snowy=false]
701 135 663 grass_block[snowy=false]
701 135 664 grass_block[snowy=false]
701 135 665 grass_block[snowy=false]
701 135 666 dirt
701 135 667 dirt
701 135 668 dirt
701 135 669 dirt
701 135 670 dirt
701 135 671 dirt
701 135 672 stone
701 135 673 dirt
701 135 674 stone
701 135 675 stone
701 135 676 dirt
701 135 677 stone
701 135 678 copper_ore
701 135 679 stone
701 135 680 stone
701 135 681 stone
701 135 682 stone
701 135 683 stone
701 135 684 stone
701 135 685 stone
701 135 686 stone
701 135 687 stone
701 135 688 stone
701 135 689 stone
701 135 690 stone
701 135 691 stone
701 135 692 stone
701 135 693 stone
701 135 694 stone
701 135 695 stone
701 135 696 stone
701 135 697 stone
701 135 698 stone
701 135 699 stone
701 135 700 stone
701 135 701 stone
701 135 702 stone
701 135 703 stone
701 135 704 stone
701 135 705 stone
701 135 706 stone
701 135 707 stone
701 135 708 stone
701 135 709 stone
701 135 710 stone
701 135 711 stone
701 135 712 stone
701 135 713 dirt
701 135 714 dirt
701 135 715 dirt
701 135 716 stone
701 135 717 stone
701 135 718 stone
701 135 719 stone
701 135 720 stone
701 135 721 stone
701 135 722 stone
701 135 723 stone
701 135 724 stone
701 135 725 stone
701 135 726 stone
701 135 727 stone
701 135 728 stone
701 135 729 stone
701 135 730 stone
701 135 731 stone
701 135 732 stone
701 135 733 stone
701 135 734 stone
701 135 735 stone
701 135 736 stone
701 135 737 stone
701 135 738 stone
701 135 739 stone
701 135 740 stone
701 135 741 stone
701 135 742 stone
701 135 743 stone
701 135 744 stone
701 135 745 stone
701 135 746 stone
701 135 747 stone
701 135 748 stone
701 135 749 stone
701 135 750 stone
701 135 751 stone
701 135 752 stone
701 135 753 stone
701 135 754 stone
701 135 755 stone
701 135 756 stone
701 135 757 stone
701 135 758 stone
701 135 759 stone
701 135 760 stone
701 135 761 stone
701 135 762 stone
701 135 763 stone
701 135 764 stone
701 135 765 stone
701 135 766 stone
701 135 767 stone
701 135 768 stone
701 135 769 stone
701 135 770 stone
701 135 771 stone
701 135 772 stone
701 135 773 stone
701 135 774 stone
701 135 775 stone
701 135 776 stone
701 135 777 stone
701 135 778 stone
701 135 779 stone
701 135 780 stone
701 135 781 stone
701 135 782 stone
701 135 783 stone
701 135 784 stone
701 135 785 stone
701 135 786 dirt
701 135 787 dirt
701 135 822 dirt
701 135 823 stone
701 135 824 stone
701 135 825 stone
701 135 826 stone
701 135 827 stone
701 135 828 stone
701 135 829 stone
701 135 830 stone
701 135 831 stone
701 135 832 stone
701 135 833 copper_ore
701 135 834 copper_ore
701 135 835 stone
701 135 836 stone
701 135 837 stone
701 135 838 stone
701 135 839 stone
701 135 840 stone
701 135 841 stone
701 135 842 stone
701 135 843 stone
701 135 844 stone
701 135 845 gravel
701 135 846 gravel
701 135 847 stone
701 135 848 stone
701 135 849 stone
701 135 850 stone
701 135 851 stone
701 135 852 stone
701 135 853 stone
701 135 854 stone
701 135 855 stone
701 135 856 stone
701 135 857 stone
701 135 858 stone
701 135 859 stone
701 135 860 stone
701 135 861 stone
701 135 862 stone
701 135 863 stone
701 135 864 stone
701 135 865 stone
701 135 866 stone
701 135 867 stone
701 135 868 stone
701 135 875 stone
701 135 876 stone
701 135 877 stone
701 135 878 stone
701 135 879 stone
701 135 880 stone
701 135 881 stone
701 135 882 stone
701 135 883 stone
701 135 884 stone
701 135 885 stone
701 135 886 stone
701 135 887 stone
701 135 888 stone
701 135 889 stone
701 135 890 stone
701 135 891 stone
701 135 892 stone
701 135 893 stone
701 135 894 stone
701 135 895 stone
701 135 896 stone
701 135 897 stone
701 135 898 stone
701 135 899 stone
701 135 900 stone
701 135 901 stone
701 135 902 stone
701 135 903 stone
701 135 904 stone
701 135 905 stone
701 135 906 stone
701 135 907 stone
701 135 908 stone
701 135 909 stone
701 135 910 stone
701 135 911 stone
701 135 912 stone
701 135 913 stone
701 135 914 stone
701 135 915 stone
701 135 916 stone
701 135 917 dirt
701 135 918 dirt
701 135 919 dirt
701 135 920 dirt
701 135 921 stone
701 135 922 stone
701 135 923 stone
701 135 924 stone
701 135 925 stone
701 135 926 stone
701 135 927 stone
701 135 928 stone
701 135 929 stone
701 135 930 stone
701 135 931 stone
701 135 932 stone
701 135 933 stone
701 135 934 stone
701 135 935 stone
701 135 936 stone
701 135 937 stone
701 135 938 stone
701 135 939 stone
701 135 940 stone
701 135 941 stone
701 135 942 stone
701 135 943 stone
701 135 944 stone
701 135 945 stone
701 135 946 stone
701 135 947 stone
701 135 948 stone
701 135 949 stone
701 135 950 stone
701 135 951 stone
701 135 952 stone
701 135 953 stone
701 135 954 stone
701 135 955 stone
701 135 956 stone
701 135 957 stone
701 135 958 stone
701 135 959 stone
701 135 960 stone
701 135 961 stone
701 135 962 stone
701 135 963 stone
701 135 964 stone
701 135 965 stone
701 135 966 stone
701 135 967 stone
701 135 968 stone
701 135 969 stone
701 135 970 stone
701 135 971 stone
701 135 972 stone
701 135 973 stone
701 135 974 stone
701 135 975 stone
701 135 976 stone
701 135 977 stone
701 135 978 stone
701 135 979 stone
701 135 980 stone
701 135 981 stone
701 135 982 stone
701 135 983 stone
701 135 984 stone
701 135 985 stone
701 135 986 stone
701 135 987 stone
701 135 988 stone
701 135 989 stone
701 135 990 stone
701 135 991 stone
701 135 992 stone
701 135 993 dirt
701 135 994 dirt
701 135 995 dirt
701 135 996 dirt
701 135 997 grass_block[snowy=false]
701 136 129 dandelion
701 136 130 short_grass
701 136 132 grass_block[snowy=false]
701 136 147 grass_block[snowy=false]
701 136 148 grass_block[snowy=false]
701 136 149 dirt
701 136 150 dirt
701 136 151 dirt
701 136 152 dirt
701 136 153 dirt
701 136 154 dirt
701 136 155 dirt
701 136 156 dirt
701 136 157 dirt
701 136 158 dirt
701 136 159 dirt
701 136 160 dirt
701 136 161 stone
701 136 162 stone
701 136 163 stone
701 136 164 stone
701 136 165 stone
701 136 166 stone
701 136 167 stone
701 136 168 stone
701 136 169 stone
701 136 170 stone
701 136 171 stone
701 136 172 stone
701 136 173 stone
701 136 174 stone
701 136 175 stone
701 136 176 stone
701 136 177 stone
701 136 178 stone
701 136 179 stone
701 136 180 stone
701 136 181 stone
701 136 182 stone
701 136 183 stone
701 136 184 stone
701 136 185 stone
701 136 186 stone
701 136 187 stone
701 136 188 stone
701 136 189 stone
701 136 190 stone
701 136 191 stone
701 136 192 dirt
701 136 193 dirt
701 136 194 dirt
701 136 195 dirt
701 136 196 dirt
701 136 197 dirt
701 136 198 dirt
701 136 199 dirt
701 136 200 dirt
701 136 201 dirt
701 136 202 stone
701 136 203 stone
701 136 204 stone
701 136 205 stone
701 136 206 stone
701 136 207 stone
701 136 208 stone
701 136 209 stone
701 136 210 stone
701 136 211 stone
701 136 212 stone
701 136 213 stone
701 136 214 stone
701 136 215 stone
701 136 216 stone
701 136 217 dirt
701 136 218 dirt
701 136 219 dirt
701 136 220 dirt
701 136 221 dirt
701 136 222 dirt
701 136 223 dirt
701 136 224 stone
701 136 225 stone
701 136 226 stone
701 136 227 stone
701 136 228 stone
701 136 229 dirt
701 136 230 dirt
701 136 231 stone
701 136 232 stone
701 136 233 stone
701 136 234 stone
701 136 235 stone
701 136 236 stone
701 136 237 stone
701 136 238 stone
701 136 239 stone
701 136 240 stone
701 136 241 stone
701 136 242 stone
701 136 243 dirt
701 136 244 dirt
701 136 245 dirt
701 136 246 dirt
701 136 247 dirt
701 136 248 grass_block[snowy=false]
701 136 252 sunflower[half=upper]
701 136 382 dirt
701 136 383 dirt
701 136 384 dirt
701 136 385 dirt
701 136 386 dirt
701 136 387 dirt
701 136 388 dirt
701 136 389 dirt
701 136 390 stone
701 136 391 stone
701 136 392 stone
701 136 393 coal_ore
701 136 394 coal_ore
701 136 395 coal_ore
701 136 396 stone
701 136 397 stone
701 136 398 stone
701 136 399 stone
701 136 400 stone
701 136 401 stone
701 136 402 stone
701 136 403 stone
701 136 404 stone
701 136 405 stone
701 136 406 stone
701 136 407 stone
701 136 408 stone
701 136 409 stone
701 136 410 stone
701 136 411 stone
701 136 412 stone
701 136 413 coal_ore
701 136 414 stone
701 136 415 stone
701 136 416 stone
701 136 417 stone
701 136 418 stone
701 136 419 stone
701 136 420 stone
701 136 421 stone
701 136 422 stone
701 136 423 stone
701 136 424 stone
701 136 425 stone
701 136 426 stone
701 136 427 stone
701 136 428 stone
701 136 429 stone
701 136 430 stone
701 136 431 stone
701 136 432 stone
701 136 433 stone
701 136 434 stone
701 136 435 gravel
701 136 436 gravel
701 136 437 gravel
701 136 438 gravel
701 136 439 gravel
701 136 440 gravel
701 136 441 gravel
701 136 442 gravel
701 136 443 gravel
701 136 444 stone
701 136 445 stone
701 136 446 stone
