795 137 210 stone
795 137 211 stone
795 137 212 stone
795 137 213 stone
795 137 214 stone
795 137 215 stone
795 137 216 stone
795 137 217 stone
795 137 218 stone
795 137 219 stone
795 137 220 stone
795 137 221 stone
795 137 222 stone
795 137 223 stone
795 137 224 stone
795 137 225 stone
795 137 226 stone
795 137 227 stone
795 137 228 stone
795 137 229 stone
795 137 230 stone
795 137 231 stone
795 137 232 stone
795 137 233 stone
795 137 234 stone
795 137 235 stone
795 137 236 stone
795 137 237 stone
795 137 238 stone
795 137 239 stone
795 137 240 stone
795 137 241 stone
795 137 242 stone
795 137 243 stone
795 137 244 stone
795 137 245 stone
795 137 246 stone
795 137 247 stone
795 137 248 stone
795 137 249 stone
795 137 250 stone
795 137 251 stone
795 137 252 stone
795 137 253 stone
795 137 254 stone
795 137 255 stone
795 137 256 stone
795 137 257 stone
795 137 258 stone
795 137 259 stone
795 137 260 diorite
795 137 261 diorite
795 137 262 diorite
795 137 263 diorite
795 137 264 diorite
795 137 265 diorite
795 137 266 diorite
795 137 267 diorite
795 137 268 diorite
795 137 269 stone
795 137 270 stone
795 137 271 stone
795 137 272 stone
795 137 273 stone
795 137 274 stone
795 137 275 stone
795 137 276 stone
795 137 277 stone
795 137 278 stone
795 137 279 stone
795 137 280 stone
795 137 281 stone
795 137 282 stone
795 137 283 stone
795 137 284 stone
795 137 285 stone
795 137 286 stone
795 137 287 stone
795 137 288 stone
795 137 289 stone
795 137 290 stone
795 137 291 stone
795 137 314 stone
795 137 315 stone
795 137 316 stone
795 137 317 stone
795 137 318 dirt
795 137 319 stone
795 137 320 stone
795 137 321 stone
795 137 322 dirt
795 137 323 dirt
795 137 324 dirt
795 137 325 stone
795 137 326 stone
795 137 327 stone
795 137 328 stone
795 137 329 stone
795 137 330 stone
795 137 331 stone
795 137 332 stone
795 137 333 stone
795 137 334 stone
795 137 335 stone
795 137 336 stone
795 137 337 stone
795 137 338 stone
795 137 339 stone
795 137 340 stone
795 137 341 stone
795 137 342 stone
795 137 343 stone
795 137 344 stone
795 137 345 stone
795 137 346 stone
795 137 347 stone
795 137 348 stone
795 137 349 stone
795 137 350 stone
795 137 351 stone
795 137 352 stone
795 137 353 stone
795 137 354 stone
795 137 355 stone
795 137 356 stone
795 137 357 stone
795 137 358 stone
795 137 359 stone
795 137 360 stone
795 137 361 stone
795 137 362 stone
795 137 363 stone
795 137 364 stone
795 137 365 stone
795 137 366 stone
795 137 367 stone
795 137 368 stone
795 137 369 stone
795 137 370 stone
795 137 371 stone
795 137 372 stone
795 137 373 stone
795 137 374 stone
795 137 375 stone
795 137 376 stone
795 137 377 stone
795 137 378 stone
795 137 379 stone
795 137 380 stone
795 137 381 stone
795 137 382 stone
795 137 383 stone
795 137 384 stone
795 137 385 stone
795 137 386 stone
795 137 387 stone
795 137 388 stone
795 137 389 stone
795 137 390 stone
795 137 391 stone
795 137 392 stone
795 137 393 stone
795 137 394 stone
795 137 395 stone
795 137 396 stone
795 137 397 stone
795 137 398 stone
795 137 399 stone
795 137 400 stone
795 137 401 dirt
795 137 402 dirt
795 137 403 pink_petals[facing=south,flower_amount=4]
795 137 417 stone
795 137 418 stone
795 137 419 stone
795 137 420 stone
795 137 421 stone
795 137 422 stone
795 137 423 stone
795 137 424 stone
795 137 425 stone
795 137 426 stone
795 137 427 stone
795 137 428 stone
795 137 429 stone
795 137 430 stone
795 137 431 stone
795 137 432 stone
795 137 433 stone
795 137 434 stone
795 137 435 stone
795 137 436 stone
795 137 437 stone
795 137 438 stone
795 137 439 stone
795 137 440 stone
795 137 441 stone
795 137 442 stone
795 137 443 stone
795 137 444 stone
795 137 445 coal_ore
795 137 446 coal_ore
795 137 447 coal_ore
795 137 448 coal_ore
795 137 449 stone
795 137 453 stone
795 137 454 stone
795 137 455 stone
795 137 456 stone
795 137 457 stone
795 137 458 stone
795 137 459 stone
795 137 518 grass_block[snowy=false]
795 137 519 grass_block[snowy=false]
795 137 520 dirt
795 137 521 dirt
795 137 522 dirt
795 137 523 dirt
795 137 524 dirt
795 137 525 dirt
795 137 526 dirt
795 137 527 dirt
795 137 528 dirt
795 137 529 stone
795 137 530 stone
795 137 531 stone
795 137 532 stone
795 137 533 stone
795 137 534 gravel
795 137 535 gravel
795 137 536 gravel
795 137 537 stone
795 137 538 stone
795 137 539 stone
795 137 540 copper_ore
795 137 541 copper_ore
795 137 542 stone
795 137 543 stone
795 137 544 stone
795 137 545 stone
795 137 546 stone
795 137 547 stone
795 137 548 stone
795 137 549 stone
795 137 550 stone
795 137 551 stone
795 137 552 stone
795 137 553 stone
795 137 554 stone
795 137 555 stone
795 137 556 stone
795 137 557 stone
795 137 558 stone
795 137 559 stone
795 137 560 stone
795 137 561 stone
795 137 562 stone
795 137 563 stone
795 137 564 stone
795 137 565 stone
795 137 566 stone
795 137 567 stone
795 137 568 stone
795 137 569 stone
795 137 570 stone
795 137 571 stone
795 137 572 stone
795 137 573 stone
795 137 574 dirt
795 137 575 dirt
795 137 576 dirt
795 137 577 stone
795 137 578 stone
795 137 579 stone
795 137 580 stone
795 137 581 stone
795 137 582 stone
795 137 583 stone
795 137 584 dirt
795 137 585 stone
795 137 586 stone
795 137 587 stone
795 137 588 stone
795 137 589 stone
795 137 590 stone
795 137 591 stone
795 137 592 stone
795 137 593 stone
795 137 594 stone
795 137 595 stone
795 137 596 stone
795 137 597 stone
795 137 598 stone
795 137 599 stone
795 137 600 stone
795 137 601 stone
795 137 602 stone
795 137 603 stone
795 137 604 stone
795 137 605 stone
795 137 606 stone
795 137 607 stone
795 137 608 stone
795 137 609 stone
795 137 610 stone
795 137 611 stone
795 137 612 stone
795 137 613 stone
795 137 614 stone
795 137 615 stone
795 137 616 stone
795 137 617 stone
795 137 618 stone
795 137 619 stone
795 137 620 stone
795 137 621 stone
795 137 622 stone
795 137 623 stone
795 137 624 stone
795 137 625 stone
795 137 626 stone
795 137 627 stone
795 137 628 stone
795 137 629 stone
795 137 630 stone
795 137 631 stone
795 137 632 stone
795 137 633 stone
795 137 634 stone
795 137 635 stone
795 137 636 stone
795 137 637 stone
795 137 638 stone
795 137 639 stone
795 137 640 stone
795 137 641 stone
795 137 642 stone
795 137 643 stone
795 137 644 stone
795 137 645 stone
795 137 646 stone
795 137 647 stone
795 137 648 stone
795 137 649 stone
795 137 650 stone
795 137 651 stone
795 137 652 stone
795 137 653 stone
795 137 654 stone
795 137 655 stone
795 137 656 stone
795 137 657 copper_ore
795 137 658 copper_ore
795 137 659 copper_ore
795 137 660 stone
795 137 661 stone
795 137 662 stone
795 137 663 stone
795 137 664 stone
795 137 665 stone
795 137 666 stone
795 137 667 stone
795 137 668 stone
795 137 669 stone
795 137 670 stone
795 137 671 stone
795 137 672 stone
795 137 673 stone
795 137 674 stone
795 137 675 stone
795 137 676 dirt
795 137 677 dirt
795 137 678 dirt
795 137 679 dirt
795 137 680 dirt
795 137 681 stone
795 137 682 stone
795 137 683 stone
795 137 684 stone
795 137 685 stone
795 137 686 copper_ore
795 137 687 stone
795 137 688 stone
795 137 689 stone
795 137 690 stone
795 137 691 stone
795 137 692 stone
795 137 693 stone
795 137 694 stone
795 137 695 stone
795 137 696 stone
795 137 697 stone
795 137 698 stone
795 137 699 stone
795 137 700 stone
795 137 701 stone
795 137 702 stone
795 137 703 stone
795 137 704 stone
795 137 705 stone
795 137 706 stone
795 137 707 stone
795 137 708 stone
795 137 709 stone
795 137 710 stone
795 137 711 stone
795 137 712 stone
795 137 713 stone
795 137 714 stone
795 137 715 stone
795 137 716 stone
795 137 717 stone
795 137 718 stone
795 137 719 stone
795 137 720 stone
795 137 721 stone
795 137 722 stone
795 137 723 stone
795 137 724 stone
795 137 725 coal_ore
795 137 726 coal_ore
795 137 727 stone
795 137 728 stone
795 137 729 stone
795 137 730 stone
795 137 731 stone
795 137 732 stone
795 137 733 stone
795 137 734 stone
795 137 735 stone
795 137 736 stone
795 137 737 stone
795 137 738 dirt
795 137 739 dirt
795 137 740 dirt
795 137 741 stone
795 137 742 stone
795 137 743 stone
795 137 744 stone
795 137 745 stone
795 137 746 stone
795 137 747 stone
795 137 748 stone
795 137 749 stone
795 137 750 stone
795 137 751 stone
795 137 752 stone
795 137 753 stone
795 137 754 stone
795 137 755 stone
795 137 756 stone
795 137 757 stone
795 137 758 stone
795 137 759 stone
795 137 760 stone
795 137 761 stone
795 137 762 stone
795 137 763 stone
795 137 764 stone
795 137 765 stone
795 137 766 stone
795 137 767 stone
795 137 768 stone
795 137 769 stone
795 137 770 stone
795 137 771 stone
795 137 772 stone
795 137 773 stone
795 137 774 stone
795 137 775 stone
795 137 776 stone
795 137 777 stone
795 137 778 stone
795 137 779 stone
795 137 780 stone
795 137 781 stone
795 137 782 stone
795 137 783 gravel
795 137 784 gravel
795 137 785 gravel
795 137 786 stone
795 137 787 stone
795 137 788 stone
795 137 789 stone
795 137 790 stone
795 137 791 stone
795 137 792 stone
795 137 793 stone
795 137 794 stone
795 137 795 stone
795 137 796 stone
795 137 797 stone
795 137 798 stone
795 137 799 stone
795 137 800 stone
795 137 801 stone
795 137 802 stone
795 137 803 stone
795 137 804 stone
795 137 805 stone
795 137 806 stone
795 137 807 stone
795 137 808 stone
795 137 809 stone
795 137 810 stone
795 137 811 stone
795 137 812 stone
795 137 813 stone
795 137 814 stone
795 137 815 stone
795 137 816 granite
795 137 817 granite
795 137 818 granite
795 137 819 granite
795 137 820 granite
795 137 821 granite
795 137 822 dirt
795 137 823 dirt
795 137 824 dirt
795 137 825 dirt
795 137 826 stone
795 137 827 stone
795 137 828 stone
795 137 829 stone
795 137 830 stone
795 137 831 stone
795 137 832 stone
795 137 833 stone
795 137 834 stone
795 137 835 stone
795 137 836 stone
795 137 837 stone
795 137 838 stone
795 137 839 stone
795 137 840 stone
795 137 841 stone
795 137 842 stone
795 137 843 stone
795 137 844 stone
795 137 845 stone
795 137 846 coal_ore
795 137 847 coal_ore
795 137 848 coal_ore
795 137 849 coal_ore
795 137 850 coal_ore
795 137 851 stone
795 137 852 stone
795 137 853 stone
795 137 854 stone
795 137 855 stone
795 137 856 stone
795 137 857 stone
795 137 858 stone
795 137 859 stone
795 137 860 stone
795 137 861 stone
795 137 862 stone
795 137 863 stone
795 137 864 gravel
795 137 865 gravel
795 137 866 gravel
795 137 867 gravel
795 137 868 gravel
795 137 869 stone
795 137 870 stone
795 137 871 stone
795 137 872 stone
795 137 873 stone
795 137 874 stone
795 137 875 stone
795 137 876 stone
795 137 877 stone
795 137 878 stone
795 137 879 stone
795 137 880 stone
795 137 881 stone
795 137 882 stone
795 137 883 stone
795 137 884 stone
795 137 885 stone
795 137 886 stone
795 137 887 stone
795 137 888 stone
795 137 889 stone
795 137 890 stone
795 137 891 stone
795 137 892 stone
795 137 893 stone
795 137 894 stone
795 137 895 stone
795 137 896 stone
795 137 897 stone
795 137 898 stone
795 137 899 stone
795 137 900 stone
795 137 901 stone
795 137 902 stone
795 137 903 stone
795 137 904 stone
795 137 905 stone
795 137 906 stone
795 137 907 stone
795 137 908 stone
795 137 909 stone
795 137 910 stone
795 137 911 stone
795 137 912 stone
795 137 913 stone
795 137 914 stone
795 137 915 stone
795 137 916 stone
795 137 917 stone
795 137 918 stone
795 137 919 stone
795 137 920 stone
795 137 921 stone
795 137 922 stone
795 137 923 stone
795 137 924 stone
795 137 925 stone
795 137 945 stone
795 137 946 stone
795 137 947 stone
795 137 948 stone
795 137 949 stone
795 137 950 stone
795 137 951 dirt
795 137 952 grass_block[snowy=false]
795 137 978 stone
795 137 979 stone
795 137 980 stone
795 137 981 stone
795 137 982 stone
795 137 983 stone
795 137 984 stone
795 137 985 stone
795 137 986 stone
795 137 987 stone
795 137 988 stone
795 137 989 stone
795 137 990 stone
795 137 991 stone
795 137 992 stone
795 137 993 stone
795 137 994 stone
795 137 995 stone
795 137 996 stone
795 137 997 stone
795 137 998 stone
795 137 999 stone
795 137 1000 stone
795 137 1001 stone
795 137 1002 stone
795 137 1003 stone
795 137 1004 stone
795 137 1005 stone
795 137 1006 stone
795 137 1007 stone
795 137 1008 stone
795 137 1009 stone
795 137 1010 stone
795 137 1011 stone
795 137 1012 stone
795 137 1013 stone
795 137 1014 stone
795 137 1015 stone
795 137 1016 stone
795 137 1017 stone
795 137 1018 stone
795 137 1019 stone
795 137 1020 stone
795 137 1021 stone
795 137 1022 stone
795 137 1023 stone
795 138 4 dirt
795 138 5 stone
795 138 6 stone
795 138 7 stone
795 138 8 stone
795 138 9 stone
795 138 10 stone
795 138 11 stone
795 138 12 stone
795 138 13 stone
795 138 14 stone
795 138 15 stone
795 138 16 stone
795 138 17 stone
795 138 18 stone
795 138 19 stone
795 138 20 stone
795 138 21 stone
795 138 22 stone
795 138 23 stone
795 138 24 stone
795 138 25 stone
795 138 26 andesite
795 138 27 andesite
795 138 28 andesite
795 138 29 andesite
795 138 30 andesite
795 138 31 andesite
795 138 32 andesite
795 138 33 stone
795 138 34 stone
795 138 35 stone
795 138 36 stone
795 138 37 stone
795 138 38 stone
795 138 39 stone
795 138 40 stone
795 138 41 stone
795 138 42 stone
795 138 43 stone
795 138 44 stone
795 138 45 stone
795 138 46 stone
795 138 47 stone
795 138 48 stone
795 138 49 stone
795 138 50 stone
795 138 51 stone
795 138 52 copper_ore
795 138 53 copper_ore
795 138 54 stone
795 138 55 stone
795 138 56 stone
795 138 57 stone
795 138 58 stone
795 138 59 stone
795 138 60 stone
795 138 61 stone
795 138 62 dirt
795 138 63 dirt
795 138 64 dirt
795 138 65 dirt
795 138 66 dirt
795 138 67 dirt
795 138 68 stone
795 138 69 stone
795 138 70 stone
795 138 71 stone
795 138 72 stone
795 138 73 stone
795 138 74 stone
795 138 75 stone
795 138 76 stone
795 138 77 stone
795 138 78 stone
795 138 79 stone
795 138 80 stone
795 138 81 stone
795 138 82 stone
795 138 83 stone
795 138 84 stone
795 138 85 stone
795 138 86 stone
795 138 87 stone
795 138 88 dirt
795 138 89 dirt
795 138 90 dirt
795 138 91 grass_block[snowy=false]
795 138 179 grass_block[snowy=false]
795 138 180 dirt
795 138 181 dirt
795 138 182 dirt
795 138 183 dirt
795 138 184 dirt
795 138 185 dirt
795 138 186 dirt
795 138 187 stone
795 138 188 stone
795 138 189 stone
795 138 190 stone
795 138 191 stone
795 138 192 stone
795 138 193 stone
795 138 194 stone
795 138 195 stone
795 138 196 stone
795 138 197 stone
795 138 198 stone
795 138 199 stone
795 138 200 stone
795 138 201 stone
795 138 202 stone
795 138 203 stone
795 138 204 stone
795 138 205 stone
795 138 206 stone
795 138 207 dirt
795 138 208 dirt
795 138 209 dirt
795 138 210 dirt
795 138 211 dirt
795 138 212 dirt
795 138 213 dirt
795 138 214 dirt
795 138 215 stone
795 138 216 stone
795 138 217 stone
795 138 218 stone
795 138 219 stone
795 138 220 stone
795 138 221 stone
795 138 222 stone
795 138 223 stone
795 138 224 stone
795 138 225 stone
795 138 226 stone
795 138 227 stone
795 138 228 stone
795 138 229 stone
795 138 230 stone
795 138 231 stone
795 138 232 stone
795 138 233 stone
795 138 234 stone
795 138 235 stone
795 138 236 stone
795 138 237 stone
795 138 238 stone
795 138 239 stone
795 138 240 stone
795 138 241 stone
795 138 242 stone
795 138 243 stone
795 138 244 stone
795 138 245 stone
795 138 246 stone
795 138 247 stone
795 138 248 stone
795 138 249 stone
795 138 250 stone
795 138 251 copper_ore
795 138 252 stone
795 138 253 stone
795 138 254 stone
795 138 255 stone
795 138 256 stone
795 138 257 stone
795 138 258 stone
795 138 259 stone
795 138 260 stone
795 138 261 diorite
795 138 262 diorite
795 138 263 diorite
795 138 264 diorite
795 138 265 diorite
795 138 266 diorite
795 138 267 diorite
795 138 268 stone
795 138 269 coal_ore
795 138 270 coal_ore
795 138 271 stone
795 138 272 stone
795 138 273 stone
795 138 274 stone
795 138 275 stone
795 138 276 stone
795 138 277 stone
795 138 278 stone
795 138 279 stone
795 138 280 stone
795 138 281 stone
795 138 282 stone
795 138 283 stone
795 138 284 stone
795 138 285 stone
795 138 286 stone
795 138 287 stone
795 138 288 stone
795 138 289 stone
795 138 290 stone
795 138 291 stone
795 138 292 stone
795 138 293 stone
795 138 294 stone
795 138 314 stone
795 138 315 stone
795 138 316 dirt
795 138 317 dirt
795 138 318 dirt
795 138 319 dirt
795 138 320 stone
795 138 321 stone
795 138 322 stone
795 138 323 stone
795 138 324 stone
795 138 325 stone
795 138 326 stone
795 138 327 stone
795 138 328 stone
795 138 329 stone
795 138 330 stone
795 138 331 stone
795 138 332 stone
795 138 333 stone
795 138 334 stone
795 138 335 stone
795 138 336 stone
795 138 337 stone
795 138 338 stone
795 138 339 stone
795 138 340 stone
795 138 341 stone
795 138 342 stone
795 138 343 stone
795 138 344 stone
795 138 345 stone
795 138 346 stone
795 138 347 stone
795 138 348 stone
795 138 349 stone
795 138 350 stone
795 138 351 stone
795 138 352 stone
795 138 353 stone
795 138 354 stone
795 138 355 stone
795 138 356 stone
795 138 357 stone
795 138 358 stone
795 138 359 stone
795 138 360 stone
795 138 361 stone
795 138 362 stone
795 138 363 stone
795 138 364 stone
795 138 365 stone
795 138 366 stone
795 138 367 stone
795 138 368 stone
795 138 369 stone
795 138 370 stone
795 138 371 stone
795 138 372 stone
795 138 373 stone
795 138 374 stone
795 138 375 stone
795 138 376 stone
795 138 377 stone
795 138 378 stone
795 138 379 stone
795 138 380 stone
795 138 381 stone
795 138 382 stone
795 138 383 stone
795 138 384 stone
795 138 385 stone
795 138 386 stone
795 138 387 stone
795 138 388 stone
795 138 389 stone
795 138 390 stone
795 138 391 stone
795 138 392 stone
795 138 393 stone
795 138 394 stone
795 138 395 stone
795 138 396 stone
795 138 397 stone
795 138 398 stone
795 138 399 stone
795 138 400 stone
795 138 401 dirt
795 138 402 grass_block[snowy=false]
795 138 417 stone
795 138 418 stone
795 138 419 stone
795 138 420 stone
795 138 421 stone
795 138 422 stone
795 138 423 stone
795 138 424 stone
795 138 425 stone
795 138 426 stone
795 138 427 stone
795 138 428 stone
795 138 429 stone
795 138 430 stone
795 138 431 stone
795 138 432 stone
795 138 433 stone
795 138 434 stone
795 138 435 stone
795 138 436 stone
795 138 437 gravel
795 138 438 gravel
795 138 439 gravel
795 138 440 gravel
795 138 441 stone
795 138 442 stone
795 138 443 stone
795 138 444 stone
795 138 445 stone
795 138 446 stone
795 138 447 stone
795 138 448 stone
795 138 454 stone
795 138 455 stone
795 138 456 stone
795 138 457 stone
795 138 458 stone
795 138 459 stone
795 138 460 stone
795 138 519 short_grass
795 138 520 grass_block[snowy=false]
795 138 521 grass_block[snowy=false]
795 138 522 dirt
795 138 523 dirt
795 138 524 dirt
795 138 525 dirt
795 138 526 dirt
795 138 527 dirt
795 138 528 dirt
795 138 529 dirt
795 138 530 dirt
795 138 531 dirt
795 138 532 dirt
795 138 533 dirt
795 138 534 stone
795 138 535 stone
795 138 536 stone
795 138 537 stone
795 138 538 stone
795 138 539 stone
795 138 540 copper_ore
795 138 541 copper_ore
795 138 542 stone
795 138 543 stone
795 138 544 stone
795 138 545 stone
795 138 546 stone
795 138 547 stone
795 138 548 stone
795 138 549 stone
795 138 550 stone
795 138 551 stone
795 138 552 stone
795 138 553 stone
795 138 554 stone
795 138 555 stone
795 138 556 stone
795 138 557 stone
795 138 558 stone
795 138 559 stone
795 138 560 stone
795 138 561 stone
795 138 562 stone
795 138 563 stone
795 138 564 stone
795 138 565 stone
795 138 566 stone
795 138 567 stone
795 138 568 stone
795 138 569 stone
795 138 570 stone
795 138 571 stone
795 138 572 stone
795 138 573 stone
795 138 574 stone
795 138 575 stone
795 138 576 stone
795 138 577 stone
795 138 578 stone
795 138 579 stone
795 138 580 stone
795 138 581 stone
795 138 582 stone
795 138 583 stone
795 138 584 dirt
795 138 585 stone
795 138 586 stone
795 138 587 stone
795 138 588 stone
795 138 589 stone
795 138 590 stone
795 138 591 stone
795 138 592 stone
795 138 593 stone
795 138 594 stone
795 138 595 stone
795 138 596 stone
795 138 597 stone
795 138 598 stone
795 138 599 stone
795 138 600 stone
795 138 601 stone
795 138 602 stone
795 138 603 stone
795 138 604 stone
795 138 605 stone
795 138 606 stone
795 138 607 stone
795 138 608 stone
795 138 609 stone
795 138 610 stone
795 138 611 stone
795 138 612 stone
795 138 613 stone
795 138 614 stone
795 138 615 stone
795 138 616 stone
795 138 617 stone
795 138 618 stone
795 138 619 stone
795 138 620 stone
795 138 621 stone
795 138 622 stone
795 138 623 stone
795 138 624 stone
795 138 625 stone
795 138 626 stone
795 138 627 stone
795 138 628 stone
795 138 629 stone
795 138 630 stone
795 138 631 stone
795 138 632 stone
795 138 633 stone
795 138 634 stone
795 138 635 stone
795 138 636 stone
795 138 637 stone
