609 133 959 grass_block[snowy=false]
609 133 966 short_grass
fill 609 133 968 609 133 974 grass_block[snowy=false]
609 133 975 dirt
609 133 976 dirt
fill 609 133 977 609 133 982 dirt
609 133 983 stone
fill 609 133 984 609 133 994 dirt
fill 609 133 995 609 133 997 stone
609 133 998 coal_ore
fill 609 133 999 609 133 1016 stone
fill 609 133 1017 609 133 1022 granite
609 133 1023 dirt
fill 610 133 896 610 133 910 stone
fill 610 133 911 610 133 915 gravel
fill 610 133 916 610 133 955 stone
610 133 956 grass_block[snowy=false]
610 133 957 grass_block[snowy=false]
610 133 968 short_grass
fill 610 133 971 610 133 974 grass_block[snowy=false]
fill 610 133 975 610 133 994 dirt
610 133 995 stone
610 133 996 stone
610 133 997 coal_ore
fill 610 133 998 610 133 1006 stone
fill 610 133 1007 610 133 1010 dirt
fill 610 133 1011 610 133 1015 stone
fill 610 133 1016 610 133 1023 granite
fill 611 133 896 611 133 910 stone
fill 611 133 911 611 133 914 gravel
fill 611 133 915 611 133 955 stone
611 133 956 dirt
611 133 957 grass_block[snowy=false]
611 133 958 short_grass
fill 611 133 965 611 133 967 short_grass
611 133 970 short_grass
fill 611 133 972 611 133 975 grass_block[snowy=false]
fill 611 133 976 611 133 993 dirt
fill 611 133 994 611 133 1004 stone
fill 611 133 1005 611 133 1010 dirt
fill 611 133 1011 611 133 1015 stone
fill 611 133 1016 611 133 1023 granite
fill 612 133 896 612 133 911 stone
612 133 912 gravel
612 133 913 gravel
fill 612 133 914 612 133 923 stone
612 133 924 copper_ore
fill 612 133 925 612 133 955 stone
612 133 956 dirt
612 133 957 grass_block[snowy=false]
612 133 970 short_grass
fill 612 133 973 612 133 975 grass_block[snowy=false]
fill 612 133 976 612 133 983 dirt
fill 612 133 984 612 133 986 stone
fill 612 133 987 612 133 992 dirt
fill 612 133 993 612 133 1003 stone
fill 612 133 1004 612 133 1010 dirt
fill 612 133 1011 612 133 1014 stone
fill 612 133 1015 612 133 1023 granite
fill 613 133 896 613 133 922 stone
613 133 923 copper_ore
613 133 924 copper_ore
fill 613 133 925 613 133 956 stone
613 133 957 grass_block[snowy=false]
fill 613 133 973 613 133 975 grass_block[snowy=false]
fill 613 133 976 613 133 984 dirt
613 133 985 stone
613 133 986 stone
613 133 987 dirt
613 133 988 dirt
613 133 989 stone
613 133 990 dirt
613 133 991 dirt
fill 613 133 992 613 133 1003 stone
fill 613 133 1004 613 133 1009 dirt
fill 613 133 1010 613 133 1014 stone
fill 613 133 1015 613 133 1023 granite
fill 614 133 896 614 133 922 stone
614 133 923 copper_ore
614 133 924 copper_ore
fill 614 133 925 614 133 956 stone
614 133 957 grass_block[snowy=false]
614 133 970 short_grass
614 133 972 short_grass
fill 614 133 973 614 133 975 grass_block[snowy=false]
fill 614 133 976 614 133 984 dirt
614 133 985 stone
614 133 986 dirt
614 133 987 stone
fill 614 133 988 614 133 990 dirt
fill 614 133 991 614 133 1003 stone
fill 614 133 1004 614 133 1008 dirt
fill 614 133 1009 614 133 1013 stone
fill 614 133 1014 614 133 1022 granite
614 133 1023 stone
fill 615 133 896 615 133 956 stone
fill 615 133 973 615 133 975 grass_block[snowy=false]
fill 615 133 976 615 133 984 dirt
615 133 985 stone
615 133 986 dirt
615 133 987 stone
615 133 988 dirt
615 133 989 dirt
fill 615 133 990 615 133 1002 stone
fill 615 133 1003 615 133 1006 dirt
fill 615 133 1007 615 133 1013 stone
fill 615 133 1014 615 133 1021 granite
615 133 1022 stone
615 133 1023 stone
fill 616 133 896 616 133 956 stone
616 133 972 short_grass
fill 616 133 973 616 133 976 grass_block[snowy=false]
fill 616 133 977 616 133 984 dirt
616 133 985 stone
616 133 986 stone
616 133 987 dirt
fill 616 133 988 616 133 1013 stone
fill 616 133 1014 616 133 1020 granite
fill 616 133 1021 616 133 1023 stone
fill 617 133 896 617 133 956 stone
617 133 972 short_grass
fill 617 133 974 617 133 977 grass_block[snowy=false]
fill 617 133 978 617 133 984 dirt
617 133 985 stone
617 133 986 stone
617 133 987 dirt
fill 617 133 988 617 133 1013 stone
fill 617 133 1014 617 133 1018 granite
fill 617 133 1019 617 133 1023 stone
fill 618 133 896 618 133 955 stone
fill 618 133 974 618 133 978 grass_block[snowy=false]
fill 618 133 979 618 133 984 dirt
618 133 985 stone
618 133 986 dirt
fill 618 133 987 618 133 1023 stone
fill 619 133 896 619 133 902 stone
fill 619 133 903 619 133 955 stone
619 133 971 short_grass
fill 619 133 974 619 133 978 grass_block[snowy=false]
fill 619 133 979 619 133 983 dirt
fill 619 133 984 619 133 1023 stone
fill 620 133 896 620 133 900 stone
fill 620 133 901 620 133 903 copper_ore
fill 620 133 904 620 133 954 stone
fill 620 133 974 620 133 978 grass_block[snowy=false]
fill 620 133 979 620 133 982 dirt
620 133 983 stone
620 133 984 stone
620 133 985 dirt
fill 620 133 986 620 133 1023 stone
fill 621 133 896 621 133 901 stone
621 133 902 copper_ore
621 133 903 copper_ore
fill 621 133 904 621 133 954 stone
fill 621 133 974 621 133 978 grass_block[snowy=false]
fill 621 133 979 621 133 981 dirt
fill 621 133 982 621 133 988 stone
fill 621 133 989 621 133 991 dirt
fill 621 133 992 621 133 1016 stone
621 133 1017 iron_ore
fill 621 133 1018 621 133 1023 stone
fill 622 133 896 622 133 953 stone
fill 622 133 974 622 133 978 grass_block[snowy=false]
fill 622 133 979 622 133 981 dirt
fill 622 133 982 622 133 989 stone
fill 622 133 990 622 133 994 dirt
fill 622 133 995 622 133 1015 stone
622 133 1016 iron_ore
fill 622 133 1017 622 133 1023 stone
fill 623 133 896 623 133 954 stone
fill 623 133 973 623 133 977 grass_block[snowy=false]
fill 623 133 978 623 133 980 dirt
fill 623 133 981 623 133 991 stone
fill 623 133 992 623 133 994 dirt
fill 623 133 995 623 133 1023 stone
fill 624 133 896 624 133 935 stone
624 133 936 coal_ore
624 133 937 coal_ore
fill 624 133 938 624 133 954 stone
fill 624 133 972 624 133 976 grass_block[snowy=false]
fill 624 133 977 624 133 979 dirt
fill 624 133 980 624 133 987 stone
624 133 988 iron_ore
fill 624 133 989 624 133 992 stone
624 133 993 dirt
fill 624 133 994 624 133 1023 stone
fill 625 133 896 625 133 935 stone
625 133 936 coal_ore
625 133 937 coal_ore
fill 625 133 938 625 133 955 stone
fill 625 133 971 625 133 973 grass_block[snowy=false]
625 133 975 short_grass
625 133 976 short_grass
fill 625 133 983 625 133 1023 stone
fill 626 133 896 626 133 935 stone
626 133 936 coal_ore
626 133 937 coal_ore
fill 626 133 938 626 133 955 stone
626 133 968 short_grass
626 133 970 grass_block[snowy=false]
fill 626 133 984 626 133 1023 stone
fill 627 133 896 627 133 935 stone
627 133 936 coal_ore
627 133 937 coal_ore
fill 627 133 938 627 133 956 stone
627 133 957 grass_block[snowy=false]
627 133 968 grass_block[snowy=false]
627 133 969 grass_block[snowy=false]
627 133 970 short_grass
fill 627 133 984 627 133 1017 stone
fill 627 133 1018 627 133 1020 dirt
fill 627 133 1021 627 133 1023 stone
fill 628 133 896 628 133 935 stone
628 133 936 coal_ore
628 133 937 coal_ore
fill 628 133 938 628 133 957 stone
628 133 958 dirt
628 133 959 grass_block[snowy=false]
628 133 966 grass_block[snowy=false]
628 133 967 grass_block[snowy=false]
628 133 968 dirt
628 133 969 grass_block[snowy=false]
fill 628 133 983 628 133 1018 stone
fill 628 133 1019 628 133 1022 dirt
628 133 1023 stone
fill 629 133 896 629 133 900 stone
fill 629 133 901 629 133 958 stone
629 133 959 dirt
629 133 960 dirt
fill 629 133 961 629 133 965 grass_block[snowy=false]
629 133 966 dirt
629 133 967 dirt
629 133 968 stone
fill 629 133 980 629 133 1018 stone
fill 629 133 1019 629 133 1022 dirt
629 133 1023 stone
fill 630 133 896 630 133 960 stone
fill 630 133 961 630 133 963 dirt
630 133 964 grass_block[snowy=false]
630 133 965 dirt
fill 630 133 966 630 133 968 stone
fill 630 133 973 630 133 975 stone
630 133 976 dirt
fill 630 133 977 630 133 1018 stone
fill 630 133 1019 630 133 1023 dirt
fill 631 133 896 631 133 968 stone
fill 631 133 973 631 133 995 stone
631 133 996 copper_ore
fill 631 133 997 631 133 1019 stone
fill 631 133 1020 631 133 1023 dirt
fill 632 133 896 632 133 942 stone
fill 632 133 946 632 133 968 stone
fill 632 133 973 632 133 994 stone
632 133 995 copper_ore
632 133 996 copper_ore
fill 632 133 997 632 133 1020 stone
632 133 1021 dirt
632 133 1022 dirt
632 133 1023 stone
fill 633 133 896 633 133 942 stone
633 133 946 dirt
fill 633 133 947 633 133 968 stone
fill 633 133 973 633 133 1023 stone
fill 634 133 896 634 133 940 stone
634 133 942 stone
634 133 943 stone
634 133 944 grass_block[snowy=false]
634 133 945 grass_block[snowy=false]
634 133 946 dirt
fill 634 133 947 634 133 968 stone
fill 634 133 974 634 133 1023 stone
fill 635 133 896 635 133 939 stone
635 133 943 stone
635 133 944 stone
635 133 945 dirt
635 133 946 stone
635 133 947 copper_ore
fill 635 133 948 635 133 968 stone
fill 635 133 975 635 133 1006 stone
fill 635 133 1007 635 133 1010 coal_ore
fill 635 133 1011 635 133 1023 stone
fill 636 133 896 636 133 939 stone
636 133 943 stone
636 133 944 stone
636 133 945 gravel
636 133 946 copper_ore
636 133 947 copper_ore
fill 636 133 948 636 133 968 stone
fill 636 133 975 636 133 1006 stone
fill 636 133 1007 636 133 1010 coal_ore
fill 636 133 1011 636 133 1023 stone
fill 637 133 896 637 133 939 stone
637 133 944 stone
637 133 945 stone
637 133 946 copper_ore
637 133 947 copper_ore
fill 637 133 948 637 133 969 stone
637 133 975 stone
637 133 976 stone
637 133 977 iron_ore
fill 637 133 978 637 133 1023 stone
fill 638 133 896 638 133 929 stone
fill 638 133 930 638 133 939 stone
638 133 944 stone
638 133 945 stone
638 133 946 copper_ore
fill 638 133 947 638 133 969 stone
fill 638 133 975 638 133 1023 stone
fill 639 133 896 639 133 900 stone
639 133 901 coal_ore
fill 639 133 902 639 133 940 stone
fill 639 133 945 639 133 969 stone
fill 639 133 975 639 133 1023 stone
fill 512 134 896 512 134 959 stone
fill 512 134 960 512 134 964 coal_ore
fill 512 134 965 512 134 969 stone
512 134 970 coal_ore
512 134 971 coal_ore
fill 512 134 972 512 134 1002 stone
fill 512 134 1003 512 134 1006 coal_ore
fill 512 134 1007 512 134 1023 stone
fill 513 134 896 513 134 961 stone
513 134 962 coal_ore
fill 513 134 963 513 134 1002 stone
fill 513 134 1003 513 134 1006 coal_ore
fill 513 134 1007 513 134 1023 stone
fill 514 134 896 514 134 1002 stone
514 134 1003 coal_ore
514 134 1004 coal_ore
fill 514 134 1005 514 134 1011 stone
fill 514 134 1012 514 134 1014 gravel
fill 514 134 1015 514 134 1023 stone
fill 515 134 896 515 134 928 stone
515 134 929 copper_ore
515 134 930 copper_ore
fill 515 134 931 515 134 1009 stone
fill 515 134 1010 515 134 1014 gravel
fill 515 134 1015 515 134 1023 stone
fill 516 134 896 516 134 917 stone
516 134 918 dirt
516 134 919 dirt
fill 516 134 920 516 134 928 stone
516 134 929 copper_ore
516 134 930 copper_ore
fill 516 134 931 516 134 979 stone
fill 516 134 981 516 134 1008 stone
fill 516 134 1009 516 134 1014 gravel
fill 516 134 1015 516 134 1023 stone
fill 517 134 896 517 134 917 stone
517 134 918 dirt
517 134 919 dirt
517 134 920 stone
517 134 921 dirt
fill 517 134 922 517 134 978 stone
fill 517 134 984 517 134 986 stone
517 134 987 copper_ore
517 134 988 copper_ore
fill 517 134 989 517 134 1008 stone
fill 517 134 1009 517 134 1013 gravel
fill 517 134 1014 517 134 1023 stone
fill 518 134 896 518 134 901 stone
518 134 902 dirt
518 134 903 dirt
fill 518 134 904 518 134 918 stone
fill 518 134 919 518 134 921 dirt
fill 518 134 922 518 134 978 stone
518 134 985 stone
518 134 986 stone
518 134 987 copper_ore
518 134 988 copper_ore
fill 518 134 989 518 134 1007 stone
fill 518 134 1008 518 134 1013 gravel
fill 518 134 1014 518 134 1023 stone
fill 519 134 896 519 134 900 stone
fill 519 134 901 519 134 903 dirt
fill 519 134 904 519 134 926 stone
fill 519 134 927 519 134 962 stone
fill 519 134 968 519 134 975 stone
519 134 976 copper_ore
519 134 977 copper_ore
fill 519 134 978 519 134 980 stone
fill 519 134 984 519 134 986 stone
519 134 987 copper_ore
fill 519 134 988 519 134 1007 stone
fill 519 134 1008 519 134 1012 gravel
fill 519 134 1013 519 134 1023 stone
fill 520 134 896 520 134 900 stone
520 134 901 dirt
520 134 902 dirt
fill 520 134 903 520 134 910 stone
fill 520 134 914 520 134 962 stone
fill 520 134 968 520 134 975 stone
520 134 976 copper_ore
520 134 977 copper_ore
fill 520 134 978 520 134 1006 stone
fill 520 134 1007 520 134 1011 gravel
fill 520 134 1012 520 134 1023 stone
fill 521 134 896 521 134 899 stone
521 134 900 dirt
fill 521 134 901 521 134 909 stone
521 134 915 stone
521 134 916 stone
fill 521 134 917 521 134 919 dirt
fill 521 134 920 521 134 941 stone
fill 521 134 942 521 134 944 gravel
fill 521 134 945 521 134 961 stone
fill 521 134 969 521 134 1006 stone
fill 521 134 1007 521 134 1009 gravel
fill 521 134 1010 521 134 1023 stone
fill 522 134 896 522 134 909 stone
522 134 916 stone
fill 522 134 917 522 134 921 dirt
fill 522 134 922 522 134 941 stone
fill 522 134 942 522 134 945 gravel
fill 522 134 946 522 134 961 stone
fill 522 134 969 522 134 1023 stone
fill 523 134 897 523 134 902 stone
fill 523 134 904 523 134 912 stone
523 134 916 stone
523 134 917 stone
fill 523 134 918 523 134 922 dirt
fill 523 134 923 523 134 941 stone
fill 523 134 942 523 134 945 gravel
fill 523 134 946 523 134 962 stone
fill 523 134 968 523 134 1023 stone
524 134 900 stone
524 134 901 stone
fill 524 134 904 524 134 913 stone
524 134 916 stone
524 134 917 stone
fill 524 134 918 524 134 923 dirt
fill 524 134 924 524 134 941 stone
fill 524 134 942 524 134 946 gravel
fill 524 134 947 524 134 962 stone
fill 524 134 968 524 134 977 stone
fill 524 134 978 524 134 980 coal_ore
fill 524 134 981 524 134 1023 stone
fill 525 134 904 525 134 917 stone
fill 525 134 918 525 134 923 dirt
fill 525 134 924 525 134 942 stone
fill 525 134 943 525 134 947 gravel
fill 525 134 948 525 134 978 stone
fill 525 134 979 525 134 981 coal_ore
fill 525 134 982 525 134 984 stone
525 134 985 copper_ore
525 134 986 copper_ore
fill 525 134 987 525 134 1023 stone
fill 526 134 907 526 134 918 stone
fill 526 134 919 526 134 924 dirt
fill 526 134 925 526 134 943 stone
fill 526 134 944 526 134 947 gravel
fill 526 134 948 526 134 984 stone
526 134 985 copper_ore
526 134 986 copper_ore
fill 526 134 987 526 134 1023 stone
fill 527 134 907 527 134 919 stone
fill 527 134 920 527 134 924 dirt
fill 527 134 925 527 134 943 stone
fill 527 134 944 527 134 947 gravel
fill 527 134 948 527 134 1023 stone
fill 528 134 907 528 134 921 stone
fill 528 134 922 528 134 924 dirt
fill 528 134 925 528 134 944 stone
528 134 945 gravel
528 134 946 gravel
fill 528 134 947 528 134 1001 stone
fill 528 134 1002 528 134 1023 stone
fill 529 134 907 529 134 987 stone
529 134 988 gravel
fill 529 134 989 529 134 1023 stone
fill 530 134 908 530 134 985 stone
fill 530 134 986 530 134 992 gravel
fill 530 134 993 530 134 1023 stone
fill 531 134 907 531 134 985 stone
fill 531 134 986 531 134 994 gravel
fill 531 134 995 531 134 1023 stone
fill 532 134 907 532 134 923 stone
532 134 924 dirt
532 134 925 dirt
fill 532 134 926 532 134 969 stone
fill 532 134 970 532 134 974 dirt
fill 532 134 975 532 134 986 stone
fill 532 134 987 532 134 995 gravel
fill 532 134 996 532 134 1023 stone
fill 533 134 907 533 134 923 stone
533 134 924 dirt
533 134 925 dirt
fill 533 134 926 533 134 968 stone
fill 533 134 969 533 134 974 dirt
fill 533 134 975 533 134 982 stone
533 134 983 copper_ore
fill 533 134 984 533 134 988 stone
fill 533 134 989 533 134 995 gravel
fill 533 134 996 533 134 1023 stone
fill 534 134 907 534 134 922 stone
fill 534 134 923 534 134 926 dirt
fill 534 134 927 534 134 943 stone
fill 534 134 944 534 134 948 gravel
fill 534 134 949 534 134 966 stone
fill 534 134 967 534 134 973 dirt
fill 534 134 974 534 134 1015 stone
534 134 1016 coal_ore
fill 534 134 1017 534 134 1023 stone
fill 535 134 906 535 134 922 stone
fill 535 134 923 535 134 926 dirt
fill 535 134 927 535 134 941 stone
fill 535 134 942 535 134 947 gravel
fill 535 134 948 535 134 966 stone
fill 535 134 967 535 134 972 dirt
fill 535 134 973 535 134 1015 stone
535 134 1016 coal_ore
fill 535 134 1017 535 134 1023 stone
fill 536 134 906 536 134 922 stone
fill 536 134 923 536 134 926 dirt
fill 536 134 927 536 134 938 stone
536 134 939 copper_ore
536 134 940 copper_ore
536 134 941 stone
fill 536 134 942 536 134 947 gravel
fill 536 134 948 536 134 1015 stone
536 134 1016 coal_ore
fill 536 134 1017 536 134 1023 stone
fill 537 134 905 537 134 923 stone
537 134 924 dirt
537 134 925 dirt
fill 537 134 926 537 134 938 stone
537 134 939 copper_ore
537 134 940 copper_ore
537 134 941 stone
fill 537 134 942 537 134 945 gravel
fill 537 134 946 537 134 1023 stone
fill 538 134 905 538 134 913 stone
538 134 914 coal_ore
fill 538 134 915 538 134 923 stone
538 134 924 dirt
538 134 925 dirt
fill 538 134 926 538 134 939 stone
538 134 940 copper_ore
fill 538 134 941 538 134 947 stone
fill 538 134 948 538 134 1023 stone
fill 539 134 900 539 134 911 stone
fill 539 134 912 539 134 914 coal_ore
fill 539 134 915 539 134 923 stone
539 134 924 dirt
539 134 925 dirt
fill 539 134 926 539 134 1023 stone
fill 540 134 896 540 134 898 diorite
fill 540 134 899 540 134 912 stone
540 134 913 coal_ore
fill 540 134 914 540 134 988 stone
fill 540 134 989 540 134 993 dirt
fill 540 134 994 540 134 1023 stone
fill 541 134 896 541 134 918 stone
541 134 919 copper_ore
541 134 920 copper_ore
fill 541 134 921 541 134 988 stone
fill 541 134 989 541 134 994 dirt
fill 541 134 995 541 134 1023 stone
fill 542 134 896 542 134 981 stone
542 134 982 coal_ore
542 134 983 coal_ore
fill 542 134 984 542 134 990 stone
fill 542 134 991 542 134 995 dirt
fill 542 134 996 542 134 1023 stone
fill 543 134 896 543 134 980 stone
fill 543 134 981 543 134 983 coal_ore
fill 543 134 984 543 134 991 stone
fill 543 134 992 543 134 996 dirt
fill 543 134 997 543 134 1023 stone
fill 544 134 896 544 134 979 stone
fill 544 134 980 544 134 982 coal_ore
fill 544 134 983 544 134 1023 stone
fill 545 134 896 545 134 920 stone
545 134 921 gravel
fill 545 134 922 545 134 979 stone
fill 545 134 980 545 134 982 coal_ore
fill 545 134 983 545 134 1023 stone
546 134 896 iron_ore
fill 546 134 897 546 134 915 stone
fill 546 134 916 546 134 923 gravel
fill 546 134 924 546 134 1023 stone
fill 547 134 896 547 134 914 stone
fill 547 134 915 547 134 921 gravel
547 134 922 gravel
547 134 923 gravel
fill 547 134 924 547 134 936 stone
fill 547 134 937 547 134 943 gravel
fill 547 134 944 547 134 1023 stone
fill 548 134 896 548 134 913 stone
fill 548 134 914 548 134 922 gravel
fill 548 134 923 548 134 935 stone
fill 548 134 936 548 134 944 gravel
fill 548 134 945 548 134 1023 stone
fill 549 134 896 549 134 913 stone
fill 549 134 914 549 134 920 gravel
fill 549 134 921 549 134 935 stone
fill 549 134 936 549 134 944 gravel
fill 549 134 945 549 134 1023 stone
fill 550 134 896 550 134 916 stone
550 134 917 gravel
550 134 918 gravel
fill 550 134 919 550 134 936 stone
fill 550 134 937 550 134 943 gravel
fill 550 134 944 550 134 1023 stone
fill 551 134 896 551 134 1023 stone
fill 552 134 896 552 134 1023 stone
fill 553 134 896 553 134 1023 stone
fill 554 134 896 554 134 1021 stone
554 134 1022 dirt
554 134 1023 dirt
fill 555 134 896 555 134 1005 stone
555 134 1006 copper_ore
fill 555 134 1007 555 134 1019 stone
555 134 1020 stone
fill 555 134 1021 555 134 1023 dirt
fill 556 134 897 556 134 1019 stone
fill 556 134 1020 556 134 1023 dirt
fill 557 134 898 557 134 957 stone
557 134 958 coal_ore
557 134 959 coal_ore
fill 557 134 960 557 134 1017 stone
fill 557 134 1018 557 134 1023 dirt
fill 558 134 899 558 134 951 stone
558 134 952 coal_ore
558 134 953 coal_ore
fill 558 134 954 558 134 957 stone
fill 558 134 958 558 134 960 coal_ore
fill 558 134 961 558 134 1002 stone
fill 558 134 1003 558 134 1007 coal_ore
fill 558 134 1008 558 134 1012 stone
558 134 1013 coal_ore
fill 558 134 1014 558 134 1017 stone
fill 558 134 1018 558 134 1023 dirt
fill 559 134 900 559 134 951 stone
559 134 952 coal_ore
fill 559 134 953 559 134 958 stone
fill 559 134 959 559 134 961 coal_ore
fill 559 134 962 559 134 1002 stone
fill 559 134 1003 559 134 1008 coal_ore
fill 559 134 1009 559 134 1012 stone
559 134 1013 coal_ore
559 134 1014 coal_ore
559 134 1015 stone
559 134 1016 stone
fill 559 134 1017 559 134 1023 dirt
fill 560 134 905 560 134 959 stone
560 134 960 coal_ore
fill 560 134 961 560 134 1015 stone
fill 560 134 1016 560 134 1020 dirt
560 134 1021 stone
560 134 1022 dirt
560 134 1023 dirt
561 134 896 stone
fill 561 134 906 561 134 932 stone
fill 561 134 933 561 134 935 coal_ore
fill 561 134 936 561 134 988 stone
fill 561 134 989 561 134 992 coal_ore
561 134 993 copper_ore
fill 561 134 994 561 134 1009 stone
561 134 1010 dirt
561 134 1011 stone
561 134 1012 stone