fill 534 104 768 534 104 771 stone
fill 534 104 772 534 104 774 copper_ore
534 104 775 stone
534 104 776 stone
fill 534 104 777 534 104 786 andesite
534 104 787 stone
534 104 788 stone
fill 534 104 790 534 104 818 stone
fill 534 104 819 534 104 823 dirt
fill 534 104 824 534 104 828 stone
fill 534 104 829 534 104 831 gravel
534 104 832 stone
fill 534 104 833 534 104 837 andesite
534 104 847 stone
fill 534 104 848 534 104 852 water[level=0]
fill 534 104 853 534 104 857 stone
534 104 858 diorite
534 104 859 diorite
534 104 860 water[level=0]
534 104 861 water[level=0]
534 104 862 diorite
534 104 874 andesite
534 104 875 andesite
fill 534 104 876 534 104 880 water[level=0]
fill 534 104 881 534 104 886 stone
534 104 887 andesite
534 104 888 copper_ore
534 104 889 andesite
fill 534 104 890 534 104 892 diorite
fill 535 104 768 535 104 777 stone
535 104 778 andesite
535 104 779 andesite
fill 535 104 780 535 104 819 stone
fill 535 104 820 535 104 823 dirt
fill 535 104 824 535 104 827 stone
fill 535 104 828 535 104 831 gravel
535 104 832 stone
fill 535 104 833 535 104 838 andesite
535 104 847 stone
fill 535 104 848 535 104 852 water[level=0]
fill 535 104 853 535 104 857 stone
535 104 858 diorite
535 104 859 diorite
535 104 860 water[level=0]
535 104 861 diorite
535 104 862 diorite
535 104 874 andesite
535 104 875 andesite
fill 535 104 876 535 104 887 water[level=0]
fill 535 104 888 535 104 890 diorite
fill 536 104 768 536 104 776 stone
536 104 777 iron_ore
536 104 778 iron_ore
fill 536 104 779 536 104 820 stone
fill 536 104 821 536 104 824 dirt
fill 536 104 825 536 104 827 stone
fill 536 104 828 536 104 830 gravel
fill 536 104 831 536 104 833 stone
fill 536 104 834 536 104 839 andesite
536 104 847 stone
536 104 848 stone
fill 536 104 849 536 104 852 water[level=0]
fill 536 104 853 536 104 857 stone
536 104 858 diorite
536 104 859 water[level=0]
536 104 860 water[level=0]
536 104 861 diorite
536 104 862 diorite
536 104 874 andesite
536 104 875 andesite
fill 536 104 876 536 104 888 water[level=0]
536 104 889 diorite
536 104 890 diorite
537 104 768 copper_ore
fill 537 104 769 537 104 776 stone
537 104 777 iron_ore
537 104 778 iron_ore
fill 537 104 779 537 104 796 stone
537 104 797 copper_ore
537 104 798 copper_ore
fill 537 104 799 537 104 822 stone
537 104 823 dirt
537 104 824 dirt
537 104 825 stone
537 104 826 stone
fill 537 104 827 537 104 829 gravel
fill 537 104 830 537 104 834 stone
fill 537 104 835 537 104 839 andesite
537 104 846 andesite
537 104 847 stone
fill 537 104 848 537 104 852 water[level=0]
fill 537 104 853 537 104 857 stone
fill 537 104 858 537 104 860 water[level=0]
537 104 861 diorite
537 104 862 diorite
537 104 874 andesite
537 104 875 andesite
fill 537 104 876 537 104 887 water[level=0]
fill 537 104 888 537 104 890 diorite
fill 538 104 770 538 104 796 stone
538 104 797 copper_ore
538 104 798 copper_ore
fill 538 104 799 538 104 819 stone
fill 538 104 820 538 104 824 gravel
538 104 825 stone
fill 538 104 826 538 104 829 gravel
fill 538 104 830 538 104 835 stone
538 104 836 andesite
538 104 837 andesite
538 104 846 andesite
fill 538 104 847 538 104 860 water[level=0]
538 104 861 diorite
538 104 862 diorite
538 104 874 andesite
538 104 875 andesite
fill 538 104 876 538 104 886 water[level=0]
538 104 887 diorite
538 104 888 diorite
fill 539 104 771 539 104 795 stone
539 104 796 copper_ore
fill 539 104 797 539 104 802 stone
539 104 803 coal_ore
fill 539 104 804 539 104 818 stone
fill 539 104 819 539 104 825 gravel
539 104 826 stone
539 104 827 gravel
539 104 828 gravel
fill 539 104 829 539 104 837 stone
539 104 845 andesite
539 104 846 andesite
fill 539 104 847 539 104 860 water[level=0]
539 104 861 stone
539 104 862 diorite
539 104 874 andesite
539 104 875 andesite
fill 539 104 876 539 104 879 water[level=0]
fill 539 104 880 539 104 884 water[level=0]
fill 539 104 885 539 104 887 diorite
fill 540 104 776 540 104 778 stone
fill 540 104 784 540 104 801 stone
540 104 802 coal_ore
540 104 803 coal_ore
fill 540 104 804 540 104 819 stone
fill 540 104 820 540 104 826 gravel
fill 540 104 827 540 104 837 stone
540 104 844 andesite
540 104 845 andesite
fill 540 104 846 540 104 861 water[level=0]
540 104 862 stone
540 104 874 stone
540 104 875 stone
fill 540 104 876 540 104 882 water[level=0]
fill 540 104 883 540 104 885 diorite
fill 541 104 786 541 104 801 stone
fill 541 104 802 541 104 804 coal_ore
fill 541 104 805 541 104 808 stone
fill 541 104 809 541 104 811 diorite
fill 541 104 812 541 104 822 stone
541 104 823 gravel
541 104 824 gravel
fill 541 104 825 541 104 837 stone
541 104 843 andesite
541 104 844 andesite
fill 541 104 845 541 104 861 water[level=0]
541 104 862 stone
541 104 863 stone
541 104 874 stone
541 104 875 stone
fill 541 104 876 541 104 881 water[level=0]
541 104 882 diorite
541 104 883 diorite
fill 542 104 787 542 104 801 stone
542 104 802 coal_ore
542 104 803 coal_ore
fill 542 104 804 542 104 814 diorite
fill 542 104 815 542 104 818 stone
fill 542 104 819 542 104 821 copper_ore
fill 542 104 822 542 104 837 stone
542 104 843 andesite
fill 542 104 844 542 104 860 water[level=0]
542 104 861 stone
542 104 862 stone
542 104 863 clay
542 104 874 stone
542 104 875 stone
fill 542 104 876 542 104 879 water[level=0]
fill 542 104 880 542 104 882 diorite
fill 543 104 788 543 104 801 stone
543 104 802 coal_ore
543 104 803 coal_ore
543 104 804 diorite
543 104 805 diorite
543 104 806 copper_ore
fill 543 104 807 543 104 815 diorite
fill 543 104 816 543 104 819 stone
543 104 820 copper_ore
543 104 821 copper_ore
fill 543 104 822 543 104 839 stone
543 104 842 stone
543 104 843 stone
fill 543 104 844 543 104 860 water[level=0]
543 104 861 stone
543 104 862 clay
543 104 874 stone
543 104 875 stone
543 104 876 water[level=0]
543 104 877 water[level=0]
fill 543 104 878 543 104 880 diorite
fill 544 104 788 544 104 801 stone
544 104 802 coal_ore
fill 544 104 803 544 104 816 diorite
fill 544 104 817 544 104 842 stone
fill 544 104 843 544 104 860 water[level=0]
544 104 861 clay
544 104 862 clay
544 104 876 stone
544 104 877 diorite
544 104 878 diorite
fill 545 104 788 545 104 800 stone
545 104 801 granite
545 104 802 granite
fill 545 104 803 545 104 812 diorite
545 104 813 copper_ore
545 104 814 copper_ore
fill 545 104 815 545 104 818 diorite
fill 545 104 819 545 104 837 stone
fill 545 104 838 545 104 840 water[level=0]
545 104 841 stone
545 104 842 stone
fill 545 104 843 545 104 859 water[level=0]
545 104 860 clay
545 104 861 dirt
545 104 877 stone
fill 546 104 768 546 104 771 stone
fill 546 104 789 546 104 799 stone
fill 546 104 800 546 104 803 granite
546 104 804 stone
fill 546 104 805 546 104 812 diorite
546 104 813 copper_ore
546 104 814 copper_ore
fill 546 104 815 546 104 818 diorite
fill 546 104 819 546 104 837 stone
fill 546 104 838 546 104 859 water[level=0]
546 104 860 gravel
546 104 861 dirt
fill 547 104 768 547 104 772 stone
547 104 773 coal_ore
547 104 774 coal_ore
547 104 780 granite
547 104 781 granite
fill 547 104 789 547 104 799 stone
fill 547 104 800 547 104 803 granite
fill 547 104 804 547 104 806 stone
fill 547 104 807 547 104 818 diorite
fill 547 104 819 547 104 837 stone
fill 547 104 838 547 104 859 water[level=0]
547 104 860 dirt
fill 548 104 768 548 104 776 stone
fill 548 104 777 548 104 782 granite
fill 548 104 789 548 104 798 stone
fill 548 104 799 548 104 802 granite
fill 548 104 803 548 104 808 stone
fill 548 104 809 548 104 814 diorite
fill 548 104 815 548 104 837 stone
fill 548 104 838 548 104 858 water[level=0]
548 104 859 gravel
548 104 860 dirt
fill 548 104 874 548 104 877 stone
fill 549 104 768 549 104 777 stone
fill 549 104 778 549 104 782 granite
fill 549 104 789 549 104 798 stone
549 104 799 granite
fill 549 104 800 549 104 836 stone
549 104 837 andesite
fill 549 104 838 549 104 858 water[level=0]
549 104 859 dirt
fill 549 104 873 549 104 878 stone
fill 550 104 768 550 104 777 stone
fill 550 104 778 550 104 782 granite
550 104 789 stone
550 104 790 stone
fill 550 104 793 550 104 835 stone
550 104 836 andesite
550 104 837 andesite
fill 550 104 838 550 104 857 water[level=0]
550 104 858 diorite
550 104 859 dirt
fill 550 104 873 550 104 879 stone
fill 551 104 768 551 104 778 stone
fill 551 104 779 551 104 783 granite
fill 551 104 794 551 104 834 stone
551 104 835 andesite
551 104 836 andesite
551 104 837 granite
fill 551 104 838 551 104 845 water[level=0]
fill 551 104 846 551 104 857 water[level=0]
551 104 858 diorite
551 104 859 dirt
fill 551 104 873 551 104 879 stone
551 104 880 glow_lichen[down=false,east=false,north=true,south=false,up=false,waterlogged=false,west=false]
551 104 886 stone
551 104 887 stone
fill 551 104 888 551 104 890 granite
fill 552 104 768 552 104 778 stone
fill 552 104 779 552 104 783 granite
fill 552 104 794 552 104 834 stone
552 104 835 andesite
552 104 836 granite
552 104 837 granite
fill 552 104 838 552 104 856 water[level=0]
552 104 857 diorite
552 104 858 diorite
fill 552 104 872 552 104 879 stone
fill 552 104 885 552 104 888 stone
fill 552 104 889 552 104 891 granite
fill 553 104 768 553 104 779 stone
fill 553 104 780 553 104 784 granite
fill 553 104 794 553 104 833 stone
553 104 834 andesite
fill 553 104 835 553 104 837 granite
fill 553 104 838 553 104 856 water[level=0]
553 104 857 diorite
553 104 858 diorite
fill 553 104 865 553 104 876 stone
fill 553 104 877 553 104 880 dirt
fill 553 104 885 553 104 891 stone
554 104 768 andesite
fill 554 104 769 554 104 780 stone
fill 554 104 781 554 104 784 granite
fill 554 104 793 554 104 833 stone
fill 554 104 834 554 104 837 granite
fill 554 104 838 554 104 850 water[level=0]
554 104 851 glow_lichen[down=false,east=false,north=false,south=true,up=false,waterlogged=true,west=false]
554 104 852 stone
554 104 853 stone
fill 554 104 854 554 104 861 diorite
fill 554 104 862 554 104 876 stone
fill 554 104 877 554 104 881 dirt
fill 554 104 885 554 104 891 stone
554 104 895 stone
fill 555 104 768 555 104 771 andesite
fill 555 104 772 555 104 780 stone
fill 555 104 781 555 104 785 granite
fill 555 104 792 555 104 801 stone
555 104 802 coal_ore
555 104 803 coal_ore
fill 555 104 804 555 104 832 stone
fill 555 104 833 555 104 837 granite
fill 555 104 838 555 104 849 water[level=0]
fill 555 104 850 555 104 853 stone
555 104 854 diorite
555 104 855 diorite
fill 555 104 858 555 104 861 diorite
fill 555 104 862 555 104 875 stone
fill 555 104 876 555 104 879 dirt
fill 555 104 885 555 104 895 stone
fill 556 104 768 556 104 772 andesite
fill 556 104 773 556 104 782 stone
fill 556 104 783 556 104 786 granite
fill 556 104 787 556 104 789 coal_ore
fill 556 104 790 556 104 801 stone
fill 556 104 802 556 104 804 coal_ore
fill 556 104 805 556 104 830 stone
fill 556 104 831 556 104 837 granite
fill 556 104 838 556 104 850 water[level=0]
fill 556 104 851 556 104 853 stone
556 104 854 diorite
fill 556 104 859 556 104 861 diorite
fill 556 104 862 556 104 868 stone
fill 556 104 869 556 104 872 water[level=0]
fill 556 104 873 556 104 876 stone
fill 556 104 877 556 104 879 dirt
fill 556 104 885 556 104 895 stone
fill 557 104 768 557 104 773 andesite
fill 557 104 774 557 104 783 stone
fill 557 104 784 557 104 787 granite
557 104 788 coal_ore
557 104 789 coal_ore
fill 557 104 790 557 104 802 stone
fill 557 104 803 557 104 805 coal_ore
fill 557 104 806 557 104 830 stone
557 104 831 granite
557 104 832 copper_ore
fill 557 104 833 557 104 836 granite
fill 557 104 837 557 104 850 water[level=0]
fill 557 104 851 557 104 853 stone
557 104 854 diorite
557 104 860 diorite
557 104 861 diorite
fill 557 104 862 557 104 872 water[level=0]
fill 557 104 873 557 104 879 stone
fill 557 104 885 557 104 895 stone
fill 558 104 768 558 104 774 andesite
fill 558 104 775 558 104 785 stone
fill 558 104 786 558 104 789 granite
fill 558 104 790 558 104 802 stone
fill 558 104 803 558 104 805 coal_ore
fill 558 104 806 558 104 827 stone
558 104 828 copper_ore
558 104 829 stone
558 104 830 granite
558 104 831 copper_ore
558 104 832 copper_ore
fill 558 104 833 558 104 836 granite
fill 558 104 837 558 104 841 water[level=0]
558 104 842 stone
558 104 843 stone
fill 558 104 844 558 104 849 water[level=0]
fill 558 104 850 558 104 852 stone
558 104 853 diorite
558 104 860 diorite
558 104 861 diorite
fill 558 104 862 558 104 872 water[level=0]
fill 558 104 873 558 104 878 stone
fill 558 104 889 558 104 895 stone
fill 559 104 768 559 104 775 andesite
fill 559 104 776 559 104 829 stone
559 104 830 granite
559 104 831 copper_ore
559 104 832 copper_ore
fill 559 104 833 559 104 837 granite
559 104 838 andesite
559 104 839 andesite
559 104 840 water[level=0]
559 104 841 water[level=0]
559 104 842 stone
559 104 843 stone
fill 559 104 844 559 104 849 water[level=0]
fill 559 104 850 559 104 853 dirt
559 104 861 diorite
559 104 862 stone
fill 559 104 863 559 104 871 water[level=0]
fill 559 104 872 559 104 878 stone
fill 559 104 889 559 104 895 stone
fill 560 104 768 560 104 776 andesite
fill 560 104 777 560 104 828 stone
fill 560 104 829 560 104 837 granite
560 104 838 andesite
560 104 839 andesite
560 104 840 water[level=0]
560 104 841 water[level=0]
560 104 842 stone
560 104 843 stone
fill 560 104 844 560 104 848 water[level=0]
fill 560 104 849 560 104 852 dirt
560 104 861 stone
560 104 862 stone
fill 560 104 863 560 104 871 water[level=0]
fill 560 104 872 560 104 876 stone
560 104 877 stone
560 104 878 stone
fill 560 104 890 560 104 895 stone
fill 561 104 768 561 104 777 andesite
fill 561 104 778 561 104 827 stone
fill 561 104 828 561 104 836 granite
fill 561 104 837 561 104 839 andesite
fill 561 104 840 561 104 844 stone
fill 561 104 845 561 104 848 water[level=0]
fill 561 104 849 561 104 852 dirt
561 104 862 stone
561 104 863 stone
fill 561 104 864 561 104 871 water[level=0]
fill 561 104 872 561 104 878 stone
fill 561 104 891 561 104 894 stone
562 104 768 stone
fill 562 104 769 562 104 777 andesite
fill 562 104 778 562 104 827 stone
fill 562 104 828 562 104 831 granite
562 104 832 water[level=0]
fill 562 104 833 562 104 835 granite
fill 562 104 836 562 104 839 andesite
562 104 840 water[level=0]
562 104 841 water[level=0]
fill 562 104 842 562 104 844 stone
fill 562 104 845 562 104 847 water[level=0]
fill 562 104 848 562 104 850 dirt
562 104 851 stone
562 104 862 stone
562 104 863 stone
fill 562 104 864 562 104 871 water[level=0]
fill 562 104 872 562 104 877 stone
563 104 768 stone
563 104 769 stone
fill 563 104 770 563 104 777 andesite
fill 563 104 778 563 104 828 stone
fill 563 104 829 563 104 831 granite
563 104 832 water[level=0]
fill 563 104 833 563 104 839 andesite
fill 563 104 840 563 104 842 water[level=0]
fill 563 104 843 563 104 845 stone
563 104 846 water[level=0]
563 104 847 water[level=0]
fill 563 104 848 563 104 851 stone
563 104 863 stone
563 104 864 stone
fill 563 104 865 563 104 870 water[level=0]
fill 563 104 871 563 104 877 stone
564 104 768 stone
564 104 769 stone
fill 564 104 770 564 104 778 andesite
fill 564 104 779 564 104 828 stone
fill 564 104 829 564 104 831 granite
564 104 832 water[level=0]
564 104 833 stone
fill 564 104 834 564 104 838 andesite
564 104 839 stone
fill 564 104 840 564 104 843 water[level=0]
564 104 844 stone
564 104 845 stone
564 104 846 water[level=0]
fill 564 104 847 564 104 850 stone
564 104 863 stone
564 104 864 stone
fill 564 104 865 564 104 870 water[level=0]
fill 564 104 871 564 104 876 stone
565 104 768 stone
565 104 769 stone
fill 565 104 770 565 104 778 andesite
fill 565 104 779 565 104 791 stone
565 104 792 diorite
565 104 793 diorite
fill 565 104 794 565 104 796 stone
565 104 797 granite
565 104 798 granite
fill 565 104 799 565 104 831 stone
565 104 832 water[level=0]
565 104 833 stone
fill 565 104 834 565 104 837 andesite
565 104 838 stone
565 104 839 stone
fill 565 104 840 565 104 844 water[level=0]
fill 565 104 845 565 104 850 stone
565 104 864 stone
565 104 865 stone
fill 565 104 866 565 104 870 water[level=0]
fill 565 104 871 565 104 876 stone
fill 566 104 768 566 104 770 stone
fill 566 104 771 566 104 779 andesite
fill 566 104 780 566 104 790 stone
fill 566 104 791 566 104 794 diorite
fill 566 104 795 566 104 800 granite
fill 566 104 801 566 104 831 stone
566 104 832 water[level=0]
566 104 833 stone
fill 566 104 834 566 104 837 andesite
566 104 838 stone
566 104 839 stone
fill 566 104 840 566 104 845 water[level=0]
fill 566 104 846 566 104 849 stone
566 104 864 stone
566 104 865 stone
fill 566 104 866 566 104 870 water[level=0]
fill 566 104 871 566 104 877 stone
fill 567 104 768 567 104 772 stone
fill 567 104 773 567 104 779 andesite
fill 567 104 780 567 104 790 stone
fill 567 104 791 567 104 794 diorite
fill 567 104 795 567 104 801 granite
fill 567 104 802 567 104 831 stone
567 104 832 water[level=0]
fill 567 104 833 567 104 843 stone
567 104 844 water[level=0]
567 104 845 water[level=0]
fill 567 104 846 567 104 849 stone
567 104 865 stone
567 104 866 stone
567 104 867 water[level=0]
567 104 868 water[level=0]
fill 567 104 869 567 104 877 stone
fill 568 104 768 568 104 773 stone
fill 568 104 774 568 104 779 andesite
fill 568 104 780 568 104 786 stone
568 104 787 iron_ore
fill 568 104 788 568 104 790 stone
fill 568 104 791 568 104 794 diorite
fill 568 104 795 568 104 800 granite
568 104 801 coal_ore
568 104 802 coal_ore
fill 568 104 803 568 104 831 stone
568 104 832 water[level=0]
fill 568 104 833 568 104 843 stone
568 104 844 water[level=0]
568 104 845 water[level=0]
fill 568 104 846 568 104 849 stone
fill 568 104 859 568 104 861 stone
fill 568 104 865 568 104 877 stone
fill 569 104 768 569 104 772 stone
569 104 773 copper_ore
569 104 774 stone
fill 569 104 775 569 104 778 andesite
fill 569 104 779 569 104 789 stone
fill 569 104 790 569 104 793 diorite
fill 569 104 794 569 104 799 granite
fill 569 104 800 569 104 802 coal_ore
fill 569 104 803 569 104 811 stone
569 104 812 water[level=0]
569 104 813 water[level=0]
fill 569 104 814 569 104 831 stone
569 104 832 water[level=0]
fill 569 104 833 569 104 843 stone
fill 569 104 844 569 104 846 water[level=0]
569 104 847 stone
569 104 848 water[level=0]
fill 569 104 849 569 104 851 stone
fill 569 104 858 569 104 862 stone
fill 569 104 864 569 104 874 stone
569 104 875 water[level=0]
569 104 876 stone
569 104 877 stone
570 104 768 copper_ore
fill 570 104 769 570 104 771 stone
570 104 772 copper_ore
fill 570 104 773 570 104 788 stone
fill 570 104 789 570 104 793 diorite
fill 570 104 794 570 104 797 stone
570 104 798 granite
570 104 799 stone
570 104 800 coal_ore
570 104 801 coal_ore
fill 570 104 802 570 104 807 stone
570 104 808 dirt
570 104 809 dirt
fill 570 104 810 570 104 813 water[level=0]
fill 570 104 814 570 104 831 stone
fill 570 104 832 570 104 836 water[level=0]
fill 570 104 837 570 104 843 stone
fill 570 104 844 570 104 849 water[level=0]
fill 570 104 850 570 104 852 stone
fill 570 104 858 570 104 868 stone
fill 570 104 872 570 104 877 stone
571 104 768 copper_ore
fill 571 104 769 571 104 771 stone
571 104 772 copper_ore
fill 571 104 773 571 104 788 stone
fill 571 104 789 571 104 793 diorite
fill 571 104 794 571 104 799 stone
571 104 800 coal_ore
fill 571 104 801 571 104 807 stone
571 104 808 dirt
571 104 809 dirt
fill 571 104 810 571 104 814 water[level=0]
571 104 815 stone
571 104 816 stone
fill 571 104 817 571 104 819 copper_ore
fill 571 104 820 571 104 822 stone
fill 571 104 823 571 104 831 stone
fill 571 104 832 571 104 836 water[level=0]
fill 571 104 837 571 104 847 stone
fill 571 104 848 571 104 850 water[level=0]
fill 571 104 851 571 104 870 stone
571 104 876 stone
fill 572 104 768 572 104 788 stone
fill 572 104 789 572 104 793 diorite
fill 572 104 794 572 104 807 stone
572 104 808 dirt
572 104 809 dirt
fill 572 104 810 572 104 816 water[level=0]
572 104 817 stone
fill 572 104 818 572 104 820 copper_ore
fill 572 104 821 572 104 834 stone
572 104 835 water[level=0]
572 104 836 water[level=0]
fill 572 104 837 572 104 847 stone
fill 572 104 848 572 104 858 water[level=0]
fill 572 104 859 572 104 871 stone
fill 573 104 768 573 104 788 stone
fill 573 104 789 573 104 792 diorite
fill 573 104 793 573 104 806 stone
573 104 807 copper_ore
573 104 808 copper_ore
573 104 809 dirt
fill 573 104 810 573 104 813 water[level=0]
573 104 814 dirt
fill 573 104 815 573 104 847 stone
fill 573 104 848 573 104 860 water[level=0]
fill 573 104 861 573 104 871 stone
fill 574 104 768 574 104 785 stone
574 104 786 granite
574 104 787 granite
fill 574 104 788 574 104 806 stone
574 104 807 copper_ore
574 104 808 copper_ore
574 104 809 stone
574 104 810 water[level=0]
574 104 811 water[level=0]
fill 574 104 812 574 104 815 dirt
fill 574 104 816 574 104 847 stone