fill 131 114 171 131 114 174 diorite
fill 131 114 175 131 114 181 stone
fill 131 114 182 131 114 184 granite
fill 131 114 185 131 114 193 stone
fill 131 114 194 131 114 196 diorite
fill 131 114 197 131 114 202 gravel
fill 131 114 203 131 114 213 sandstone
131 114 214 sand
fill 131 114 215 131 114 217 stone
131 114 218 gravel
fill 131 114 219 131 114 252 water[level=0]
131 114 253 kelp[age=21]
131 114 254 water[level=0]
131 114 255 water[level=0]
fill 132 114 128 132 114 161 stone
132 114 162 copper_ore
fill 132 114 163 132 114 167 stone
fill 132 114 168 132 114 173 diorite
fill 132 114 174 132 114 178 stone
fill 132 114 179 132 114 185 granite
fill 132 114 186 132 114 192 stone
fill 132 114 193 132 114 196 diorite
fill 132 114 197 132 114 202 gravel
fill 132 114 203 132 114 214 sandstone
132 114 215 sand
132 114 216 sand
132 114 217 stone
132 114 218 stone
132 114 219 gravel
fill 132 114 220 132 114 253 water[level=0]
132 114 254 kelp_plant
132 114 255 water[level=0]
fill 133 114 128 133 114 153 stone
133 114 154 copper_ore
133 114 155 copper_ore
fill 133 114 156 133 114 167 stone
fill 133 114 168 133 114 172 diorite
fill 133 114 173 133 114 177 stone
133 114 178 granite
133 114 179 water[level=0]
133 114 180 water[level=0]
fill 133 114 181 133 114 185 granite
fill 133 114 186 133 114 191 stone
fill 133 114 192 133 114 197 diorite
fill 133 114 198 133 114 202 gravel
fill 133 114 203 133 114 215 sandstone
133 114 216 sand
133 114 217 sand
133 114 218 stone
133 114 219 gravel
fill 133 114 220 133 114 255 water[level=0]
fill 134 114 128 134 114 153 stone
fill 134 114 154 134 114 156 copper_ore
fill 134 114 157 134 114 167 stone
fill 134 114 168 134 114 172 diorite
fill 134 114 173 134 114 176 stone
134 114 177 granite
134 114 178 granite
134 114 179 water[level=0]
134 114 180 water[level=0]
fill 134 114 181 134 114 184 granite
fill 134 114 185 134 114 191 stone
fill 134 114 192 134 114 197 diorite
134 114 198 stone
fill 134 114 199 134 114 202 gravel
fill 134 114 203 134 114 216 sandstone
134 114 217 sand
134 114 218 stone
134 114 219 stone
fill 134 114 220 134 114 242 water[level=0]
fill 134 114 243 134 114 254 water[level=0]
134 114 255 kelp_plant
fill 135 114 128 135 114 167 stone
fill 135 114 168 135 114 172 diorite
fill 135 114 173 135 114 175 stone
fill 135 114 176 135 114 178 granite
135 114 179 water[level=0]
135 114 180 water[level=0]
fill 135 114 181 135 114 183 granite
fill 135 114 184 135 114 192 stone
fill 135 114 193 135 114 196 diorite
fill 135 114 197 135 114 200 stone
135 114 201 gravel
135 114 202 gravel
fill 135 114 203 135 114 216 sandstone
135 114 217 sand
135 114 218 stone
135 114 219 gravel
fill 135 114 220 135 114 246 water[level=0]
135 114 247 kelp_plant
fill 135 114 248 135 114 255 water[level=0]
fill 136 114 128 136 114 167 stone
fill 136 114 168 136 114 171 diorite
fill 136 114 172 136 114 175 stone
fill 136 114 176 136 114 181 granite
136 114 182 dirt
136 114 183 stone
fill 136 114 184 136 114 186 dirt
fill 136 114 187 136 114 202 stone
fill 136 114 203 136 114 215 sandstone
136 114 216 sand
136 114 217 sand
136 114 218 stone
136 114 219 gravel
fill 136 114 220 136 114 250 water[level=0]
136 114 251 kelp_plant
fill 136 114 252 136 114 255 water[level=0]
137 114 128 dirt
fill 137 114 129 137 114 176 stone
fill 137 114 177 137 114 179 granite
fill 137 114 180 137 114 182 stone
fill 137 114 183 137 114 186 dirt
fill 137 114 187 137 114 203 stone
fill 137 114 204 137 114 214 sandstone
137 114 215 sand
137 114 216 sand
137 114 217 stone
137 114 218 stone
137 114 219 gravel
fill 137 114 220 137 114 255 water[level=0]
138 114 128 dirt
138 114 129 dirt
fill 138 114 130 138 114 182 stone
138 114 183 copper_ore
fill 138 114 184 138 114 186 dirt
fill 138 114 187 138 114 190 stone
fill 138 114 191 138 114 193 andesite
fill 138 114 194 138 114 203 stone
fill 138 114 204 138 114 214 sandstone
138 114 215 sand
138 114 216 stone
138 114 217 stone
138 114 218 gravel
fill 138 114 219 138 114 255 water[level=0]
fill 139 114 128 139 114 130 dirt
fill 139 114 131 139 114 134 stone
139 114 135 copper_ore
fill 139 114 136 139 114 167 stone
fill 139 114 168 139 114 171 andesite
fill 139 114 172 139 114 182 stone
139 114 183 copper_ore
139 114 184 copper_ore
139 114 185 stone
139 114 186 stone
139 114 187 sandstone
139 114 188 sandstone
139 114 189 stone
139 114 190 stone
fill 139 114 191 139 114 193 andesite
fill 139 114 194 139 114 205 stone
fill 139 114 206 139 114 214 sandstone
139 114 215 sand
fill 139 114 216 139 114 218 stone
139 114 219 gravel
fill 139 114 220 139 114 255 water[level=0]
fill 140 114 128 140 114 132 dirt
fill 140 114 133 140 114 160 stone
fill 140 114 161 140 114 165 granite
fill 140 114 166 140 114 172 andesite
fill 140 114 173 140 114 179 stone
fill 140 114 180 140 114 187 sandstone
140 114 188 sand
140 114 189 sandstone
140 114 190 stone
140 114 191 stone
140 114 192 andesite
140 114 193 andesite
fill 140 114 194 140 114 207 stone
140 114 208 granite
140 114 209 granite
fill 140 114 210 140 114 214 sandstone
140 114 215 sand
140 114 216 sand
140 114 217 stone
140 114 218 stone
140 114 219 gravel
fill 140 114 220 140 114 244 water[level=0]
140 114 245 kelp[age=21]
140 114 246 kelp_plant
fill 140 114 247 140 114 254 water[level=0]
140 114 255 kelp_plant
fill 141 114 128 141 114 135 dirt
fill 141 114 136 141 114 159 stone
fill 141 114 160 141 114 163 granite
fill 141 114 164 141 114 171 andesite
fill 141 114 172 141 114 179 sandstone
fill 141 114 180 141 114 182 stone
fill 141 114 183 141 114 185 sandstone
141 114 186 sand
141 114 187 sand
141 114 188 stone
141 114 189 sand
141 114 190 sandstone
fill 141 114 191 141 114 194 andesite
fill 141 114 195 141 114 206 stone
fill 141 114 207 141 114 211 granite
141 114 212 copper_ore
fill 141 114 213 141 114 215 sandstone
141 114 216 sand
fill 141 114 217 141 114 219 stone
fill 141 114 220 141 114 255 water[level=0]
fill 142 114 128 142 114 140 dirt
fill 142 114 141 142 114 159 stone
fill 142 114 160 142 114 162 granite
fill 142 114 163 142 114 170 andesite
fill 142 114 171 142 114 176 sandstone
fill 142 114 177 142 114 179 stone
fill 142 114 180 142 114 182 dirt
142 114 183 stone
142 114 184 stone
142 114 185 dirt
142 114 186 dirt
fill 142 114 187 142 114 190 stone
142 114 191 sand
142 114 192 sandstone
142 114 193 sandstone
142 114 194 andesite
fill 142 114 195 142 114 206 stone
fill 142 114 207 142 114 212 granite
fill 142 114 213 142 114 215 sandstone
142 114 216 sand
142 114 217 sand
142 114 218 stone
142 114 219 stone
fill 142 114 220 142 114 225 gravel
fill 142 114 226 142 114 255 water[level=0]
fill 143 114 128 143 114 141 dirt
fill 143 114 142 143 114 147 granite
143 114 148 stone
143 114 149 granite
143 114 150 granite
fill 143 114 151 143 114 159 stone
143 114 160 granite
fill 143 114 161 143 114 164 andesite
fill 143 114 165 143 114 170 dirt
143 114 171 andesite
143 114 172 stone
fill 143 114 173 143 114 175 sandstone
fill 143 114 176 143 114 178 stone
fill 143 114 179 143 114 187 dirt
143 114 188 stone
143 114 189 sand
143 114 190 stone
143 114 191 stone
143 114 192 sandstone
143 114 193 sandstone
fill 143 114 194 143 114 205 stone
fill 143 114 206 143 114 213 granite
fill 143 114 214 143 114 216 sandstone
143 114 217 sand
143 114 218 sand
143 114 219 stone
fill 143 114 220 143 114 226 gravel
fill 143 114 227 143 114 255 water[level=0]
fill 144 114 128 144 114 132 stone
fill 144 114 133 144 114 143 dirt
fill 144 114 144 144 114 151 granite
fill 144 114 152 144 114 160 stone
144 114 161 andesite
144 114 162 andesite
fill 144 114 163 144 114 166 dirt
fill 144 114 167 144 114 169 andesite
fill 144 114 170 144 114 173 dirt
fill 144 114 174 144 114 177 stone
144 114 178 dirt
144 114 179 dirt
fill 144 114 180 144 114 182 stone
144 114 183 dirt
144 114 184 stone
144 114 185 stone
144 114 186 dirt
fill 144 114 187 144 114 191 stone
fill 144 114 192 144 114 194 sandstone
fill 144 114 195 144 114 204 stone
fill 144 114 205 144 114 213 granite
fill 144 114 214 144 114 217 sandstone
144 114 218 sand
fill 144 114 219 144 114 223 stone
fill 144 114 224 144 114 228 gravel
fill 144 114 229 144 114 255 water[level=0]
fill 145 114 128 145 114 136 stone
fill 145 114 137 145 114 141 dirt
145 114 142 granite
145 114 143 dirt
fill 145 114 144 145 114 154 granite
fill 145 114 155 145 114 159 stone
145 114 160 andesite
fill 145 114 161 145 114 164 dirt
fill 145 114 165 145 114 170 andesite
145 114 171 granite
fill 145 114 172 145 114 175 dirt
145 114 176 stone
145 114 177 dirt
145 114 178 dirt
fill 145 114 179 145 114 190 stone
fill 145 114 191 145 114 195 sandstone
fill 145 114 196 145 114 204 stone
fill 145 114 205 145 114 213 granite
145 114 214 stone
fill 145 114 215 145 114 218 sandstone
145 114 219 sand
fill 145 114 220 145 114 225 stone
fill 145 114 226 145 114 228 gravel
fill 145 114 229 145 114 255 water[level=0]
fill 146 114 128 146 114 137 stone
fill 146 114 138 146 114 141 dirt
fill 146 114 142 146 114 145 granite
fill 146 114 146 146 114 150 dirt
fill 146 114 151 146 114 156 granite
146 114 157 stone
146 114 158 stone
fill 146 114 159 146 114 162 dirt
fill 146 114 163 146 114 167 andesite
146 114 168 gravel
146 114 169 andesite
fill 146 114 170 146 114 173 granite
146 114 174 dirt
146 114 175 dirt
146 114 176 stone
146 114 177 dirt
146 114 178 stone
146 114 179 stone
146 114 180 water[level=0]
146 114 181 gravel
fill 146 114 182 146 114 187 stone
fill 146 114 188 146 114 191 sandstone
146 114 192 stone
fill 146 114 193 146 114 196 sandstone
fill 146 114 197 146 114 204 stone
fill 146 114 205 146 114 213 granite
146 114 214 stone
146 114 215 stone
fill 146 114 216 146 114 218 sandstone
146 114 219 sand
fill 146 114 220 146 114 228 stone
146 114 229 gravel
fill 146 114 230 146 114 255 water[level=0]
fill 147 114 128 147 114 138 stone
fill 147 114 139 147 114 146 granite
fill 147 114 147 147 114 149 coal_ore
fill 147 114 150 147 114 157 granite
fill 147 114 158 147 114 160 andesite
fill 147 114 161 147 114 165 dirt
fill 147 114 166 147 114 169 andesite
fill 147 114 170 147 114 175 granite
fill 147 114 176 147 114 187 stone
147 114 188 sandstone
fill 147 114 189 147 114 195 stone
147 114 196 sandstone
147 114 197 sandstone
fill 147 114 198 147 114 203 stone
fill 147 114 204 147 114 213 granite
147 114 214 stone
fill 147 114 215 147 114 219 sandstone
fill 147 114 220 147 114 225 sand
fill 147 114 226 147 114 229 stone
147 114 230 gravel
147 114 231 gravel
fill 147 114 232 147 114 255 water[level=0]
fill 148 114 128 148 114 140 stone
fill 148 114 141 148 114 146 granite
fill 148 114 147 148 114 150 coal_ore
fill 148 114 151 148 114 156 granite
fill 148 114 157 148 114 164 andesite
148 114 165 dirt
148 114 166 dirt
148 114 167 andesite
148 114 168 andesite
148 114 169 granite
148 114 170 granite
148 114 171 dirt
fill 148 114 172 148 114 175 granite
fill 148 114 176 148 114 195 stone
fill 148 114 196 148 114 198 sandstone
fill 148 114 199 148 114 203 stone
fill 148 114 204 148 114 212 granite
148 114 213 stone
fill 148 114 214 148 114 219 sandstone
fill 148 114 220 148 114 222 sand
148 114 223 sandstone
148 114 224 sandstone
fill 148 114 225 148 114 228 sand
fill 148 114 229 148 114 231 stone
fill 148 114 232 148 114 234 gravel
fill 148 114 235 148 114 255 water[level=0]
fill 149 114 128 149 114 143 stone
fill 149 114 144 149 114 148 granite
fill 149 114 149 149 114 151 coal_ore
fill 149 114 152 149 114 156 granite
fill 149 114 157 149 114 166 andesite
149 114 167 dirt
149 114 168 granite
149 114 169 dirt
fill 149 114 170 149 114 174 granite
149 114 175 copper_ore
149 114 176 granite
fill 149 114 177 149 114 196 stone
149 114 197 sandstone
149 114 198 sandstone
fill 149 114 199 149 114 203 stone
fill 149 114 204 149 114 212 granite
fill 149 114 213 149 114 227 sandstone
fill 149 114 228 149 114 230 sand
fill 149 114 231 149 114 234 stone
fill 149 114 235 149 114 238 gravel
fill 149 114 239 149 114 255 water[level=0]
fill 150 114 128 150 114 146 stone
fill 150 114 147 150 114 156 granite
fill 150 114 157 150 114 160 andesite
fill 150 114 161 150 114 165 andesite
fill 150 114 166 150 114 168 stone
150 114 169 granite
150 114 170 granite
150 114 171 dirt
150 114 172 dirt
150 114 173 granite
150 114 174 granite
150 114 175 copper_ore
150 114 176 granite
fill 150 114 177 150 114 183 stone
150 114 184 gravel
fill 150 114 185 150 114 196 stone
fill 150 114 197 150 114 199 sandstone
fill 150 114 200 150 114 203 stone
fill 150 114 204 150 114 209 granite
fill 150 114 210 150 114 230 sandstone
150 114 231 sand
150 114 232 sand
fill 150 114 233 150 114 237 stone
fill 150 114 238 150 114 240 gravel
fill 150 114 241 150 114 255 water[level=0]
fill 151 114 128 151 114 156 stone
fill 151 114 157 151 114 163 andesite
fill 151 114 164 151 114 170 stone
151 114 171 granite
151 114 172 dirt
fill 151 114 173 151 114 176 granite
fill 151 114 177 151 114 197 stone
fill 151 114 198 151 114 233 sandstone
151 114 234 sand
fill 151 114 235 151 114 238 stone
151 114 239 gravel
151 114 240 gravel
fill 151 114 241 151 114 255 water[level=0]
fill 152 114 128 152 114 157 stone
fill 152 114 158 152 114 161 andesite
fill 152 114 162 152 114 173 stone
152 114 174 granite
fill 152 114 175 152 114 198 stone
fill 152 114 199 152 114 234 sandstone
152 114 235 sand
152 114 236 sand
fill 152 114 237 152 114 239 stone
152 114 240 gravel
fill 152 114 241 152 114 255 water[level=0]
fill 153 114 128 153 114 171 stone
153 114 172 dirt
fill 153 114 173 153 114 199 stone
fill 153 114 200 153 114 226 sandstone
153 114 227 stone
153 114 228 stone
fill 153 114 229 153 114 236 sandstone
153 114 237 sand
153 114 238 stone
153 114 239 stone
153 114 240 gravel
fill 153 114 241 153 114 255 water[level=0]
fill 154 114 128 154 114 158 stone
154 114 159 dirt
154 114 160 dirt
fill 154 114 161 154 114 171 stone
154 114 172 dirt
fill 154 114 173 154 114 191 stone
154 114 192 gravel
fill 154 114 193 154 114 199 stone
154 114 200 sand
154 114 201 stone
154 114 202 sand
fill 154 114 203 154 114 211 sandstone
fill 154 114 212 154 114 220 sand
fill 154 114 221 154 114 223 sandstone
fill 154 114 224 154 114 230 stone
fill 154 114 231 154 114 234 sandstone
154 114 235 stone
154 114 236 stone
154 114 237 sand
154 114 238 stone
154 114 239 stone
154 114 240 gravel
fill 154 114 241 154 114 255 water[level=0]
fill 155 114 128 155 114 132 stone
155 114 133 coal_ore
fill 155 114 134 155 114 158 stone
fill 155 114 159 155 114 162 dirt
fill 155 114 163 155 114 169 stone
155 114 170 copper_ore
fill 155 114 171 155 114 200 stone
fill 155 114 201 155 114 220 sand
155 114 221 sandstone
155 114 222 sandstone
155 114 223 granite
155 114 224 stone
155 114 225 stone
155 114 226 sandstone
155 114 227 stone
155 114 228 stone
fill 155 114 229 155 114 233 sandstone
fill 155 114 234 155 114 236 stone
155 114 237 sand
155 114 238 stone
155 114 239 stone
fill 155 114 240 155 114 255 water[level=0]
156 114 128 gravel
156 114 129 gravel
fill 156 114 130 156 114 132 stone
156 114 133 coal_ore
fill 156 114 134 156 114 143 stone
156 114 144 water[level=0]
fill 156 114 145 156 114 158 stone
fill 156 114 159 156 114 162 dirt
fill 156 114 163 156 114 176 stone
156 114 177 diorite
156 114 178 diorite
fill 156 114 179 156 114 199 stone
fill 156 114 200 156 114 220 sand
fill 156 114 221 156 114 224 granite
156 114 225 stone
fill 156 114 226 156 114 232 sandstone
156 114 233 stone
156 114 234 stone
156 114 235 sand
156 114 236 dirt
156 114 237 stone
156 114 238 stone
fill 156 114 239 156 114 255 water[level=0]
157 114 128 gravel
157 114 129 gravel
fill 157 114 130 157 114 143 stone
157 114 144 water[level=0]
fill 157 114 145 157 114 158 stone
fill 157 114 159 157 114 163 dirt
fill 157 114 164 157 114 173 stone
fill 157 114 174 157 114 180 diorite
fill 157 114 181 157 114 207 stone
fill 157 114 208 157 114 220 sand
157 114 221 dirt
fill 157 114 222 157 114 224 granite
157 114 225 stone
fill 157 114 226 157 114 231 sandstone
157 114 232 sand
157 114 233 sand
fill 157 114 234 157 114 236 stone
157 114 237 gravel
fill 157 114 238 157 114 255 water[level=0]
158 114 128 stone
158 114 129 gravel
158 114 130 stone
158 114 131 diorite
158 114 132 diorite
fill 158 114 133 158 114 142 stone
fill 158 114 143 158 114 148 water[level=0]
fill 158 114 149 158 114 159 stone
fill 158 114 160 158 114 164 dirt
158 114 165 stone
158 114 166 stone
fill 158 114 167 158 114 173 stone
fill 158 114 174 158 114 182 diorite
fill 158 114 183 158 114 211 stone
158 114 212 sand
fill 158 114 213 158 114 215 stone
158 114 216 copper_ore
158 114 217 copper_ore
158 114 218 stone
158 114 219 stone
158 114 220 granite
158 114 221 dirt
158 114 222 dirt
158 114 223 granite
158 114 224 granite
158 114 225 stone
158 114 226 sandstone
fill 158 114 227 158 114 229 stone
158 114 230 sand
158 114 231 stone
158 114 232 stone
fill 158 114 233 158 114 235 gravel
fill 158 114 236 158 114 255 water[level=0]
fill 159 114 128 159 114 143 stone
fill 159 114 144 159 114 147 water[level=0]
fill 159 114 148 159 114 160 stone
fill 159 114 161 159 114 164 dirt
fill 159 114 165 159 114 173 stone
fill 159 114 174 159 114 183 diorite
fill 159 114 184 159 114 193 stone
159 114 194 dirt
fill 159 114 195 159 114 202 stone
fill 159 114 203 159 114 205 gravel
fill 159 114 206 159 114 220 stone
159 114 221 granite
159 114 222 granite
159 114 223 dirt
159 114 224 dirt
fill 159 114 225 159 114 228 stone
159 114 229 dirt
159 114 230 dirt
159 114 231 stone
159 114 232 stone
fill 159 114 233 159 114 235 gravel
fill 159 114 236 159 114 255 water[level=0]
fill 160 114 128 160 114 145 stone
160 114 146 copper_ore
fill 160 114 147 160 114 160 stone
fill 160 114 161 160 114 165 dirt
fill 160 114 166 160 114 172 stone
160 114 173 granite
160 114 174 granite
fill 160 114 175 160 114 184 diorite
fill 160 114 185 160 114 193 stone
160 114 194 dirt
fill 160 114 195 160 114 200 stone
160 114 201 gravel
160 114 202 gravel
160 114 203 water[level=0]
160 114 204 water[level=0]
160 114 205 tall_seagrass[half=lower]
160 114 206 gravel
fill 160 114 207 160 114 221 stone
160 114 222 granite
160 114 223 granite
160 114 224 stone
fill 160 114 225 160 114 229 dirt
fill 160 114 230 160 114 232 stone
160 114 233 gravel
160 114 234 gravel
fill 160 114 235 160 114 255 water[level=0]
fill 161 114 128 161 114 130 stone
161 114 131 diorite
161 114 132 diorite
fill 161 114 133 161 114 162 stone
fill 161 114 163 161 114 165 dirt
fill 161 114 166 161 114 172 stone
161 114 173 granite
161 114 174 granite
fill 161 114 175 161 114 185 diorite
fill 161 114 186 161 114 192 stone
161 114 193 dirt
161 114 194 dirt
fill 161 114 195 161 114 199 stone
161 114 200 gravel
161 114 201 gravel
fill 161 114 202 161 114 205 water[level=0]
161 114 206 seagrass
fill 161 114 207 161 114 209 gravel
fill 161 114 210 161 114 212 stone
fill 161 114 213 161 114 222 gravel
fill 161 114 223 161 114 233 stone
161 114 234 gravel
161 114 235 tall_seagrass[half=lower]
fill 161 114 236 161 114 255 water[level=0]
fill 162 114 128 162 114 172 stone
fill 162 114 173 162 114 175 granite
fill 162 114 176 162 114 186 diorite
fill 162 114 187 162 114 192 stone
fill 162 114 193 162 114 195 dirt
fill 162 114 196 162 114 199 stone
162 114 200 gravel
162 114 201 tall_seagrass[half=lower]
fill 162 114 202 162 114 206 water[level=0]
162 114 207 tall_seagrass[half=lower]
fill 162 114 208 162 114 213 gravel
fill 162 114 214 162 114 222 water[level=0]
fill 162 114 223 162 114 226 gravel
fill 162 114 227 162 114 233 stone
162 114 234 gravel
fill 162 114 235 162 114 255 water[level=0]
fill 163 114 128 163 114 131 stone
fill 163 114 132 163 114 134 diorite
fill 163 114 135 163 114 171 stone
fill 163 114 172 163 114 176 granite
fill 163 114 177 163 114 187 diorite
fill 163 114 188 163 114 192 stone
163 114 193 sandstone
163 114 194 sand
163 114 195 stone
fill 163 114 196 163 114 198 andesite
fill 163 114 199 163 114 201 stone
163 114 202 gravel
fill 163 114 203 163 114 205 water[level=0]
163 114 206 tall_seagrass[half=upper]
163 114 207 water[level=0]
163 114 208 gravel
fill 163 114 209 163 114 211 stone
fill 163 114 212 163 114 214 diorite
fill 163 114 215 163 114 218 gravel
163 114 219 stone
fill 163 114 220 163 114 222 copper_ore
163 114 223 stone
163 114 224 stone
163 114 225 dirt
163 114 226 dirt
fill 163 114 227 163 114 233 stone
163 114 234 sand
163 114 235 stone
163 114 236 stone
fill 163 114 237 163 114 255 water[level=0]
fill 164 114 128 164 114 130 stone
fill 164 114 131 164 114 134 diorite
fill 164 114 135 164 114 154 stone
164 114 155 granite