220 117 368 water[level=0]
fill 220 117 369 220 117 383 stone
fill 221 117 256 221 117 258 water[level=0]
fill 221 117 259 221 117 265 stone
fill 221 117 266 221 117 275 diorite
fill 221 117 276 221 117 282 stone
221 117 283 granite
221 117 284 granite
fill 221 117 285 221 117 290 andesite
221 117 291 stone
221 117 292 stone
fill 221 117 293 221 117 295 sandstone
221 117 296 water[level=0]
221 117 297 water[level=0]
221 117 298 sandstone
fill 221 117 299 221 117 303 sand
fill 221 117 304 221 117 307 sandstone
221 117 308 sand
221 117 309 sand
221 117 310 sandstone
221 117 311 sand
221 117 312 sandstone
221 117 313 sand
fill 221 117 314 221 117 321 sandstone
fill 221 117 322 221 117 352 stone
fill 221 117 353 221 117 358 granite
fill 221 117 359 221 117 362 dirt
221 117 363 granite
fill 221 117 364 221 117 366 stone
221 117 367 water[level=0]
221 117 368 water[level=0]
221 117 369 stone
221 117 370 stone
221 117 371 copper_ore
221 117 372 copper_ore
fill 221 117 373 221 117 383 stone
222 117 256 water[level=0]
222 117 257 water[level=0]
fill 222 117 258 222 117 266 stone
fill 222 117 267 222 117 276 diorite
fill 222 117 277 222 117 280 stone
fill 222 117 281 222 117 286 granite
fill 222 117 287 222 117 293 stone
222 117 294 sandstone
222 117 295 sandstone
222 117 296 water[level=0]
222 117 297 water[level=0]
222 117 298 sandstone
222 117 299 sandstone
fill 222 117 300 222 117 302 sand
fill 222 117 303 222 117 311 sandstone
222 117 312 sand
fill 222 117 313 222 117 322 sandstone
fill 222 117 323 222 117 355 stone
222 117 356 granite
222 117 357 granite
222 117 358 stone
fill 222 117 359 222 117 362 dirt
fill 222 117 363 222 117 366 stone
222 117 367 water[level=0]
fill 222 117 368 222 117 370 stone
222 117 371 copper_ore
222 117 372 copper_ore
fill 222 117 373 222 117 379 stone
222 117 380 copper_ore
222 117 381 copper_ore
222 117 382 stone
222 117 383 stone
223 117 256 water[level=0]
fill 223 117 257 223 117 266 stone
fill 223 117 267 223 117 277 diorite
223 117 278 stone
223 117 279 stone
fill 223 117 280 223 117 286 granite
fill 223 117 287 223 117 294 stone
223 117 295 sandstone
223 117 296 water[level=0]
223 117 297 water[level=0]
fill 223 117 298 223 117 321 sandstone
fill 223 117 322 223 117 324 stone
223 117 325 sandstone
223 117 326 sandstone
223 117 327 stone
223 117 328 sandstone
223 117 329 sandstone
fill 223 117 330 223 117 341 stone
fill 223 117 342 223 117 344 diorite
fill 223 117 345 223 117 358 stone
fill 223 117 359 223 117 362 dirt
fill 223 117 363 223 117 365 stone
223 117 366 water[level=0]
223 117 367 stone
fill 223 117 368 223 117 370 diorite
fill 223 117 371 223 117 379 stone
223 117 380 copper_ore
fill 223 117 381 223 117 383 stone
224 117 256 granite
224 117 257 granite
fill 224 117 258 224 117 267 stone
fill 224 117 268 224 117 273 diorite
224 117 274 dirt
224 117 275 dirt
fill 224 117 276 224 117 278 diorite
fill 224 117 279 224 117 286 granite
fill 224 117 287 224 117 294 stone
224 117 295 granite
224 117 296 water[level=0]
224 117 297 water[level=0]
224 117 298 granite
224 117 299 granite
fill 224 117 300 224 117 311 sandstone
fill 224 117 312 224 117 315 sand
fill 224 117 316 224 117 321 sandstone
fill 224 117 322 224 117 324 stone
224 117 325 sandstone
fill 224 117 326 224 117 340 stone
fill 224 117 341 224 117 344 diorite
fill 224 117 345 224 117 351 stone
224 117 352 andesite
fill 224 117 353 224 117 359 stone
fill 224 117 360 224 117 362 dirt
fill 224 117 363 224 117 366 stone
fill 224 117 367 224 117 373 diorite
fill 224 117 374 224 117 383 stone
fill 225 117 256 225 117 259 granite
fill 225 117 260 225 117 268 stone
fill 225 117 269 225 117 272 diorite
fill 225 117 273 225 117 276 dirt
225 117 277 diorite
225 117 278 diorite
fill 225 117 279 225 117 285 granite
fill 225 117 286 225 117 294 stone
225 117 295 granite
fill 225 117 296 225 117 298 water[level=0]
fill 225 117 299 225 117 302 granite
fill 225 117 303 225 117 310 sandstone
225 117 311 sand
225 117 312 sand
fill 225 117 313 225 117 322 sandstone
fill 225 117 323 225 117 326 stone
225 117 327 sandstone
fill 225 117 328 225 117 340 stone
fill 225 117 341 225 117 345 diorite
fill 225 117 346 225 117 350 stone
fill 225 117 351 225 117 353 andesite
fill 225 117 354 225 117 359 stone
fill 225 117 360 225 117 362 dirt
fill 225 117 363 225 117 366 stone
fill 225 117 367 225 117 374 diorite
fill 225 117 375 225 117 383 stone
fill 226 117 256 226 117 259 granite
fill 226 117 260 226 117 269 stone
fill 226 117 270 226 117 272 diorite
fill 226 117 273 226 117 277 dirt
226 117 278 diorite
226 117 279 diorite
fill 226 117 280 226 117 285 granite
fill 226 117 286 226 117 294 stone
226 117 295 granite
fill 226 117 296 226 117 298 water[level=0]
fill 226 117 299 226 117 303 granite
fill 226 117 304 226 117 310 sandstone
fill 226 117 311 226 117 313 sand
fill 226 117 314 226 117 328 sandstone
fill 226 117 329 226 117 339 stone
fill 226 117 340 226 117 345 diorite
fill 226 117 346 226 117 350 stone
fill 226 117 351 226 117 355 andesite
fill 226 117 356 226 117 366 stone
fill 226 117 367 226 117 374 diorite
fill 226 117 375 226 117 383 stone
227 117 256 copper_ore
227 117 257 copper_ore
fill 227 117 258 227 117 260 granite
fill 227 117 261 227 117 270 stone
227 117 271 diorite
227 117 272 diorite
fill 227 117 273 227 117 277 dirt
227 117 278 diorite
227 117 279 diorite
fill 227 117 280 227 117 285 granite
fill 227 117 286 227 117 294 stone
227 117 295 granite
227 117 296 granite
227 117 297 water[level=0]
227 117 298 water[level=0]
227 117 299 granite
fill 227 117 300 227 117 305 stone
fill 227 117 306 227 117 311 sandstone
227 117 312 sand
227 117 313 sand
fill 227 117 314 227 117 329 sandstone
fill 227 117 330 227 117 339 stone
fill 227 117 340 227 117 346 diorite
fill 227 117 347 227 117 350 stone
fill 227 117 351 227 117 355 andesite
fill 227 117 356 227 117 367 stone
fill 227 117 368 227 117 376 diorite
fill 227 117 377 227 117 383 stone
228 117 256 copper_ore
228 117 257 copper_ore
228 117 258 granite
228 117 259 granite
fill 228 117 260 228 117 271 stone
228 117 272 diorite
fill 228 117 273 228 117 277 dirt
fill 228 117 278 228 117 280 diorite
fill 228 117 281 228 117 284 granite
fill 228 117 285 228 117 295 stone
228 117 296 granite
228 117 297 water[level=0]
228 117 298 water[level=0]
fill 228 117 299 228 117 301 stone
fill 228 117 302 228 117 306 stone
fill 228 117 307 228 117 311 sandstone
228 117 312 sand
fill 228 117 313 228 117 330 sandstone
fill 228 117 331 228 117 338 stone
fill 228 117 339 228 117 346 diorite
fill 228 117 347 228 117 349 stone
fill 228 117 350 228 117 356 andesite
fill 228 117 357 228 117 368 stone
fill 228 117 369 228 117 377 diorite
fill 228 117 378 228 117 383 stone
229 117 256 granite
229 117 257 granite
fill 229 117 258 229 117 272 stone
229 117 273 diorite
fill 229 117 274 229 117 278 dirt
229 117 279 diorite
229 117 280 diorite
fill 229 117 281 229 117 283 granite
fill 229 117 284 229 117 296 stone
229 117 297 water[level=0]
229 117 298 water[level=0]
fill 229 117 299 229 117 307 stone
fill 229 117 308 229 117 312 sandstone
fill 229 117 313 229 117 315 granite
229 117 316 sandstone
229 117 317 sandstone
229 117 318 sand
fill 229 117 319 229 117 330 sandstone
229 117 331 stone
229 117 332 stone
229 117 333 sandstone
229 117 334 stone
229 117 335 stone
fill 229 117 336 229 117 340 coal_ore
fill 229 117 341 229 117 346 diorite
fill 229 117 347 229 117 350 stone
fill 229 117 351 229 117 357 andesite
fill 229 117 358 229 117 369 stone
fill 229 117 370 229 117 377 diorite
fill 229 117 378 229 117 383 stone
fill 230 117 256 230 117 273 stone
fill 230 117 274 230 117 278 dirt
230 117 279 diorite
230 117 280 diorite
fill 230 117 281 230 117 283 granite
fill 230 117 284 230 117 289 stone
fill 230 117 290 230 117 294 dirt
fill 230 117 295 230 117 308 stone
fill 230 117 309 230 117 312 sandstone
fill 230 117 313 230 117 316 granite
230 117 317 sandstone
230 117 318 sand
fill 230 117 319 230 117 331 sandstone
230 117 332 stone
230 117 333 sandstone
230 117 334 sandstone
230 117 335 coal_ore
230 117 336 sandstone
fill 230 117 337 230 117 339 coal_ore
fill 230 117 340 230 117 346 diorite
fill 230 117 347 230 117 350 stone
fill 230 117 351 230 117 357 andesite
fill 230 117 358 230 117 371 stone
fill 230 117 372 230 117 377 diorite
fill 230 117 378 230 117 383 stone
fill 231 117 256 231 117 273 stone
fill 231 117 274 231 117 277 dirt
231 117 278 diorite
231 117 279 diorite
fill 231 117 280 231 117 282 granite
fill 231 117 283 231 117 289 stone
fill 231 117 290 231 117 295 dirt
fill 231 117 296 231 117 309 stone
fill 231 117 310 231 117 317 andesite
231 117 318 sand
231 117 319 sandstone
fill 231 117 320 231 117 322 sand
fill 231 117 323 231 117 328 sandstone
231 117 329 water[level=0]
231 117 330 water[level=0]
fill 231 117 331 231 117 336 sandstone
231 117 337 stone
231 117 338 stone
fill 231 117 339 231 117 346 diorite
fill 231 117 347 231 117 350 stone
fill 231 117 351 231 117 358 andesite
fill 231 117 359 231 117 372 stone
fill 231 117 373 231 117 377 diorite
fill 231 117 378 231 117 383 stone
fill 232 117 256 232 117 274 stone
fill 232 117 275 232 117 277 dirt
fill 232 117 278 232 117 281 granite
fill 232 117 282 232 117 290 stone
fill 232 117 291 232 117 296 dirt
232 117 297 gravel
232 117 298 gravel
fill 232 117 299 232 117 306 stone
fill 232 117 307 232 117 315 andesite
232 117 316 dirt
fill 232 117 317 232 117 319 sandstone
fill 232 117 320 232 117 327 sand
fill 232 117 328 232 117 331 water[level=0]
232 117 332 sand
232 117 333 sandstone
232 117 334 sand
232 117 335 sandstone
fill 232 117 336 232 117 338 stone
fill 232 117 339 232 117 346 diorite
fill 232 117 347 232 117 350 stone
fill 232 117 351 232 117 358 andesite
fill 232 117 359 232 117 383 stone
fill 233 117 256 233 117 259 stone
fill 233 117 260 233 117 265 andesite
fill 233 117 266 233 117 274 stone
233 117 275 granite
233 117 276 dirt
233 117 277 dirt
fill 233 117 278 233 117 280 granite
fill 233 117 281 233 117 291 stone
fill 233 117 292 233 117 297 dirt
233 117 298 gravel
233 117 299 gravel
fill 233 117 300 233 117 304 stone
fill 233 117 305 233 117 313 andesite
233 117 314 dirt
233 117 315 dirt
fill 233 117 316 233 117 327 sand
fill 233 117 328 233 117 331 water[level=0]
fill 233 117 332 233 117 335 sand
fill 233 117 336 233 117 338 stone
fill 233 117 339 233 117 346 diorite
fill 233 117 347 233 117 351 stone
fill 233 117 352 233 117 358 andesite
fill 233 117 359 233 117 378 stone
fill 233 117 379 233 117 381 diorite
233 117 382 stone
233 117 383 stone
fill 234 117 256 234 117 258 stone
fill 234 117 259 234 117 267 andesite
fill 234 117 268 234 117 274 stone
fill 234 117 275 234 117 279 granite
fill 234 117 280 234 117 292 stone
fill 234 117 293 234 117 298 dirt
234 117 299 gravel
234 117 300 gravel
fill 234 117 301 234 117 303 stone
fill 234 117 304 234 117 312 andesite
234 117 313 dirt
234 117 314 dirt
fill 234 117 315 234 117 320 sand
fill 234 117 321 234 117 323 gravel
fill 234 117 324 234 117 327 sand
fill 234 117 328 234 117 331 water[level=0]
234 117 332 dirt
234 117 333 sand
234 117 334 sand
234 117 335 sandstone
fill 234 117 336 234 117 338 stone
fill 234 117 339 234 117 346 diorite
fill 234 117 347 234 117 351 stone
fill 234 117 352 234 117 358 andesite
fill 234 117 359 234 117 377 stone
fill 234 117 378 234 117 382 diorite
234 117 383 stone
fill 235 117 256 235 117 258 stone
fill 235 117 259 235 117 269 andesite
fill 235 117 270 235 117 274 stone
fill 235 117 275 235 117 277 granite
fill 235 117 278 235 117 295 stone
fill 235 117 296 235 117 300 gravel
fill 235 117 301 235 117 303 stone
fill 235 117 304 235 117 312 andesite
fill 235 117 313 235 117 315 dirt
fill 235 117 316 235 117 320 sand
fill 235 117 321 235 117 324 gravel
235 117 325 sand
235 117 326 sand
235 117 327 dirt
fill 235 117 328 235 117 330 water[level=0]
235 117 331 dirt
235 117 332 dirt
235 117 333 sand
235 117 334 sand
235 117 335 sandstone
235 117 336 sandstone
235 117 337 stone
235 117 338 stone
fill 235 117 339 235 117 346 diorite
fill 235 117 347 235 117 352 stone
fill 235 117 353 235 117 358 andesite
fill 235 117 359 235 117 377 stone
fill 235 117 378 235 117 382 diorite
235 117 383 stone
fill 236 117 256 236 117 258 stone
fill 236 117 259 236 117 270 andesite
fill 236 117 271 236 117 296 stone
fill 236 117 297 236 117 300 gravel
fill 236 117 301 236 117 304 stone
fill 236 117 305 236 117 311 andesite
fill 236 117 312 236 117 319 dirt
fill 236 117 320 236 117 326 gravel
236 117 327 dirt
fill 236 117 328 236 117 330 water[level=0]
236 117 331 dirt
fill 236 117 332 236 117 335 sand
236 117 336 sandstone
236 117 337 sandstone
236 117 338 stone
236 117 339 stone
fill 236 117 340 236 117 345 diorite
236 117 346 stone
236 117 347 stone
fill 236 117 348 236 117 353 stone
fill 236 117 354 236 117 358 andesite
fill 236 117 359 236 117 377 stone
fill 236 117 378 236 117 383 diorite
fill 237 117 256 237 117 258 stone
fill 237 117 259 237 117 268 andesite
fill 237 117 269 237 117 271 copper_ore
fill 237 117 272 237 117 296 stone
fill 237 117 297 237 117 300 gravel
fill 237 117 301 237 117 306 stone
fill 237 117 307 237 117 311 andesite
fill 237 117 312 237 117 318 dirt
fill 237 117 319 237 117 327 gravel
fill 237 117 328 237 117 330 water[level=0]
237 117 331 dirt
fill 237 117 332 237 117 335 sand
237 117 336 sandstone
fill 237 117 337 237 117 339 stone
fill 237 117 340 237 117 345 diorite
fill 237 117 346 237 117 353 stone
fill 237 117 354 237 117 358 andesite
fill 237 117 359 237 117 377 stone
fill 237 117 378 237 117 383 diorite
fill 238 117 256 238 117 259 stone
fill 238 117 260 238 117 268 andesite
238 117 269 copper_ore
238 117 270 copper_ore
238 117 271 andesite
238 117 272 andesite
fill 238 117 273 238 117 296 stone
fill 238 117 297 238 117 300 gravel
fill 238 117 301 238 117 309 stone
238 117 310 andesite
238 117 311 andesite
fill 238 117 312 238 117 319 dirt
fill 238 117 320 238 117 326 gravel
fill 238 117 327 238 117 329 water[level=0]
fill 238 117 330 238 117 333 dirt
238 117 334 sand
238 117 335 sand
238 117 336 sandstone
fill 238 117 337 238 117 340 stone
fill 238 117 341 238 117 344 diorite
fill 238 117 345 238 117 355 stone
fill 238 117 356 238 117 358 andesite
fill 238 117 359 238 117 378 stone
fill 238 117 379 238 117 383 diorite
fill 239 117 256 239 117 260 stone
fill 239 117 261 239 117 273 andesite
fill 239 117 274 239 117 278 stone
239 117 279 water[level=0]
239 117 280 water[level=0]
fill 239 117 281 239 117 297 stone
fill 239 117 298 239 117 300 gravel
fill 239 117 301 239 117 306 stone
239 117 307 coal_ore
fill 239 117 308 239 117 311 stone
fill 239 117 312 239 117 319 dirt
fill 239 117 320 239 117 325 gravel
fill 239 117 326 239 117 332 water[level=0]
fill 239 117 333 239 117 336 dirt
239 117 337 sandstone
fill 239 117 338 239 117 340 stone
fill 239 117 341 239 117 344 diorite
fill 239 117 345 239 117 356 stone
239 117 357 andesite
fill 239 117 358 239 117 378 stone
fill 239 117 379 239 117 382 diorite
239 117 383 andesite
fill 240 117 256 240 117 261 stone
fill 240 117 262 240 117 273 andesite
fill 240 117 274 240 117 278 stone
240 117 279 water[level=0]
240 117 280 water[level=0]
fill 240 117 281 240 117 297 stone
fill 240 117 298 240 117 301 gravel
fill 240 117 302 240 117 310 stone
fill 240 117 311 240 117 319 dirt
fill 240 117 320 240 117 324 gravel
240 117 325 seagrass
fill 240 117 326 240 117 334 water[level=0]
240 117 335 dirt
240 117 336 dirt
240 117 337 sandstone
240 117 338 stone
240 117 339 andesite
240 117 340 andesite
fill 240 117 341 240 117 343 diorite
fill 240 117 344 240 117 358 stone
fill 240 117 359 240 117 362 granite
240 117 363 gravel
fill 240 117 364 240 117 366 granite
240 117 367 water[level=0]
240 117 368 water[level=0]
240 117 369 granite
fill 240 117 370 240 117 378 stone
fill 240 117 379 240 117 381 diorite
240 117 382 andesite
240 117 383 andesite
fill 241 117 256 241 117 262 stone
fill 241 117 263 241 117 274 andesite
fill 241 117 275 241 117 277 stone
241 117 278 water[level=0]
241 117 279 water[level=0]
fill 241 117 280 241 117 298 stone
241 117 299 gravel
241 117 300 gravel
fill 241 117 301 241 117 305 stone
fill 241 117 306 241 117 309 andesite
241 117 310 stone
fill 241 117 311 241 117 318 dirt
fill 241 117 319 241 117 323 gravel
241 117 324 seagrass
241 117 325 tall_seagrass[half=lower]
241 117 326 tall_seagrass[half=lower]
fill 241 117 327 241 117 335 water[level=0]
241 117 336 dirt
241 117 337 stone
241 117 338 sandstone
fill 241 117 339 241 117 344 andesite
fill 241 117 345 241 117 356 stone
241 117 357 lapis_ore
241 117 358 lapis_ore
fill 241 117 359 241 117 362 granite
241 117 363 gravel
fill 241 117 364 241 117 366 granite
241 117 367 water[level=0]
241 117 368 water[level=0]
241 117 369 granite
241 117 370 granite
fill 241 117 371 241 117 378 stone
241 117 379 diorite
241 117 380 diorite
fill 241 117 381 241 117 383 andesite
fill 242 117 256 242 117 264 stone
fill 242 117 265 242 117 275 andesite
242 117 276 stone
242 117 277 stone
242 117 278 water[level=0]
242 117 279 water[level=0]
fill 242 117 280 242 117 305 stone
fill 242 117 306 242 117 310 andesite
fill 242 117 311 242 117 313 dirt
242 117 314 sand
fill 242 117 315 242 117 317 dirt
fill 242 117 318 242 117 326 gravel
fill 242 117 327 242 117 336 water[level=0]
242 117 337 andesite
242 117 338 sandstone
fill 242 117 339 242 117 344 andesite
fill 242 117 345 242 117 354 stone
242 117 355 granite
242 117 356 granite
242 117 357 lapis_ore
fill 242 117 358 242 117 365 granite
fill 242 117 366 242 117 368 water[level=0]
242 117 369 granite
242 117 370 granite
fill 242 117 371 242 117 379 stone
fill 242 117 380 242 117 383 andesite
243 117 256 andesite
fill 243 117 257 243 117 265 stone
fill 243 117 266 243 117 275 andesite
243 117 276 stone
fill 243 117 277 243 117 279 water[level=0]
fill 243 117 280 243 117 305 stone
fill 243 117 306 243 117 309 andesite
243 117 310 dirt
243 117 311 dirt
fill 243 117 312 243 117 316 sand
fill 243 117 317 243 117 325 gravel
243 117 326 clay
fill 243 117 327 243 117 337 water[level=0]
243 117 338 sand
243 117 339 sand
243 117 340 sandstone
fill 243 117 341 243 117 344 andesite
fill 243 117 345 243 117 353 stone
fill 243 117 354 243 117 365 granite
fill 243 117 366 243 117 368 water[level=0]
243 117 369 granite
243 117 370 granite
fill 243 117 371 243 117 379 stone
fill 243 117 380 243 117 383 andesite
244 117 256 andesite
fill 244 117 257 244 117 268 stone
fill 244 117 269 244 117 274 andesite
244 117 275 stone
244 117 276 stone
244 117 277 water[level=0]
244 117 278 water[level=0]
fill 244 117 279 244 117 305 stone
fill 244 117 306 244 117 309 andesite
244 117 310 dirt
fill 244 117 311 244 117 316 sand
fill 244 117 317 244 117 325 gravel
244 117 326 clay
244 117 327 gravel
fill 244 117 328 244 117 336 water[level=0]
244 117 337 tall_seagrass[half=lower]
fill 244 117 338 244 117 340 dirt
fill 244 117 341 244 117 343 andesite
fill 244 117 344 244 117 352 stone
fill 244 117 353 244 117 365 granite
fill 244 117 366 244 117 368 water[level=0]
244 117 369 granite
244 117 370 granite
244 117 371 stone
244 117 372 stone
fill 244 117 373 244 117 378 stone
fill 244 117 379 244 117 383 andesite
fill 245 117 256 245 117 276 stone
245 117 277 water[level=0]
245 117 278 water[level=0]
fill 245 117 279 245 117 306 stone
fill 245 117 307 245 117 309 andesite
245 117 310 dirt
fill 245 117 311 245 117 315 sand
fill 245 117 316 245 117 326 gravel
245 117 327 clay
245 117 328 gravel
245 117 329 gravel
fill 245 117 330 245 117 337 water[level=0]
245 117 338 tall_seagrass[half=lower]
245 117 339 dirt
245 117 340 sand
245 117 341 sand
fill 245 117 342 245 117 351 stone
fill 245 117 352 245 117 364 granite
fill 245 117 365 245 117 368 water[level=0]
245 117 369 granite
fill 245 117 370 245 117 377 stone
fill 245 117 378 245 117 383 andesite
fill 246 117 256 246 117 275 stone
246 117 276 water[level=0]
246 117 277 water[level=0]
fill 246 117 278 246 117 306 stone
fill 246 117 307 246 117 309 andesite
fill 246 117 310 246 117 315 sand
fill 246 117 316 246 117 324 gravel
246 117 325 clay
246 117 326 clay
fill 246 117 327 246 117 329 gravel
246 117 330 dirt
fill 246 117 331 246 117 338 water[level=0]
246 117 339 dirt
246 117 340 sand
246 117 341 sand
246 117 342 sandstone
fill 246 117 343 246 117 351 stone
fill 246 117 352 246 117 362 granite
246 117 363 gravel
246 117 364 gravel
fill 246 117 365 246 117 367 water[level=0]
fill 246 117 368 246 117 374 andesite
fill 246 117 375 246 117 377 stone