726 136 745 dirt
726 136 746 stone
726 136 747 stone
726 136 748 stone
726 136 749 stone
726 136 750 stone
726 136 751 stone
726 136 752 stone
726 136 753 stone
726 136 754 stone
726 136 755 stone
726 136 809 dirt
726 136 810 dirt
726 136 811 stone
726 136 812 stone
726 136 813 stone
726 136 814 stone
726 136 815 stone
726 136 816 gravel
726 136 817 gravel
726 136 818 gravel
726 136 819 gravel
726 136 820 gravel
726 136 821 stone
726 136 822 stone
726 136 823 stone
726 136 824 stone
726 136 827 stone
726 136 828 stone
726 136 829 stone
726 136 830 stone
726 136 831 stone
726 136 832 stone
726 136 833 stone
726 136 834 stone
726 136 835 stone
726 136 836 stone
726 136 837 stone
726 136 838 stone
726 136 839 stone
726 136 840 stone
726 136 841 stone
726 136 842 gravel
726 136 843 gravel
726 136 844 gravel
726 136 845 gravel
726 136 846 gravel
726 136 847 gravel
726 136 848 gravel
726 136 849 stone
726 136 850 stone
726 136 851 stone
726 136 852 stone
726 136 853 stone
726 136 854 stone
726 136 855 stone
726 136 856 stone
726 136 857 stone
726 136 858 stone
726 136 859 stone
726 136 860 stone
726 136 861 stone
726 136 862 stone
726 136 863 stone
726 136 864 stone
726 136 865 stone
726 136 866 stone
726 136 867 gravel
726 136 868 gravel
726 136 869 gravel
726 136 870 stone
726 136 871 stone
726 136 872 stone
726 136 873 stone
726 136 874 stone
726 136 875 stone
726 136 876 stone
726 136 877 stone
726 136 878 stone
726 136 879 stone
726 136 880 stone
726 136 881 stone
726 136 882 stone
726 136 883 stone
726 136 884 stone
726 136 885 stone
726 136 886 stone
726 136 887 stone
726 136 888 stone
726 136 893 stone
726 136 894 stone
726 136 895 stone
726 136 896 stone
726 136 897 stone
726 136 898 stone
726 136 899 stone
726 136 900 stone
726 136 901 stone
726 136 902 stone
726 136 903 stone
726 136 904 stone
726 136 905 stone
726 136 906 stone
726 136 907 stone
726 136 908 stone
726 136 909 stone
726 136 910 stone
726 136 911 stone
726 136 912 stone
726 136 913 stone
726 136 914 stone
726 136 915 stone
726 136 916 stone
726 136 917 stone
726 136 918 stone
726 136 919 stone
726 136 920 stone
726 136 921 stone
726 136 922 stone
726 136 923 gravel
726 136 924 gravel
726 136 925 gravel
726 136 926 stone
726 136 927 stone
726 136 928 stone
726 136 929 stone
726 136 930 stone
726 136 931 stone
726 136 932 stone
726 136 933 stone
726 136 934 stone
726 136 935 stone
726 136 936 stone
726 136 937 stone
726 136 938 stone
726 136 939 stone
726 136 940 stone
726 136 941 stone
726 136 942 stone
726 136 943 stone
726 136 944 stone
726 136 945 stone
726 136 946 stone
726 136 947 stone
726 136 948 stone
726 136 949 dirt
726 136 950 stone
726 136 951 stone
726 136 952 stone
726 136 953 stone
726 136 954 stone
726 136 955 stone
726 136 956 stone
726 136 957 stone
726 136 958 stone
726 136 959 stone
726 136 960 stone
726 136 961 stone
726 136 962 stone
726 136 963 stone
726 136 964 stone
726 136 965 stone
726 136 966 stone
726 136 967 stone
726 136 968 stone
726 136 969 stone
726 136 970 stone
726 136 971 short_grass
726 136 978 grass_block[snowy=false]
726 136 979 dirt
726 136 980 stone
726 136 981 dirt
726 136 1016 dirt
726 136 1017 stone
726 136 1018 stone
726 136 1019 stone
726 136 1020 stone
726 136 1021 stone
726 136 1022 stone
726 136 1023 stone
726 137 128 grass_block[snowy=false]
726 137 129 grass_block[snowy=false]
726 137 130 grass_block[snowy=false]
726 137 131 grass_block[snowy=false]
726 137 132 grass_block[snowy=false]
726 137 133 grass_block[snowy=false]
726 137 134 grass_block[snowy=false]
726 137 135 grass_block[snowy=false]
726 137 136 grass_block[snowy=false]
726 137 141 short_grass
726 137 155 grass_block[snowy=false]
726 137 156 dirt
726 137 157 dirt
726 137 158 stone
726 137 159 stone
726 137 160 stone
726 137 161 stone
726 137 162 stone
726 137 163 stone
726 137 164 stone
726 137 165 stone
726 137 166 stone
726 137 167 stone
726 137 168 stone
726 137 169 stone
726 137 170 stone
726 137 171 stone
726 137 172 stone
726 137 173 stone
726 137 174 stone
726 137 175 stone
726 137 176 stone
726 137 177 stone
726 137 178 stone
726 137 179 stone
726 137 180 gravel
726 137 181 gravel
726 137 182 gravel
726 137 183 gravel
726 137 184 gravel
726 137 185 stone
726 137 186 stone
726 137 187 stone
726 137 188 stone
726 137 189 stone
726 137 190 stone
726 137 191 stone
726 137 192 copper_ore
726 137 193 copper_ore
726 137 194 stone
726 137 195 stone
726 137 196 stone
726 137 197 stone
726 137 198 stone
726 137 199 gravel
726 137 200 gravel
726 137 201 gravel
726 137 202 gravel
726 137 203 stone
726 137 204 stone
726 137 205 stone
726 137 206 stone
726 137 207 stone
726 137 208 stone
726 137 209 stone
726 137 210 stone
726 137 211 stone
726 137 212 stone
726 137 213 stone
726 137 214 stone
726 137 215 stone
726 137 216 stone
726 137 217 stone
726 137 218 stone
726 137 219 stone
726 137 220 stone
726 137 221 stone
726 137 222 stone
726 137 223 stone
726 137 224 stone
726 137 225 stone
726 137 226 stone
726 137 227 stone
726 137 228 stone
726 137 229 stone
726 137 230 gravel
726 137 231 gravel
726 137 232 gravel
726 137 233 gravel
726 137 234 stone
726 137 235 stone
726 137 236 stone
726 137 237 stone
726 137 238 stone
726 137 239 stone
726 137 240 stone
726 137 241 stone
726 137 242 stone
726 137 243 stone
726 137 244 stone
726 137 245 stone
726 137 246 stone
726 137 247 stone
726 137 248 stone
726 137 249 diorite
726 137 250 diorite
726 137 251 diorite
726 137 252 diorite
726 137 253 diorite
726 137 254 diorite
726 137 255 diorite
726 137 256 diorite
726 137 257 diorite
726 137 258 diorite
726 137 259 diorite
726 137 260 dirt
726 137 261 diorite
726 137 262 diorite
726 137 263 diorite
726 137 264 diorite
726 137 265 diorite
726 137 266 stone
726 137 267 dirt
726 137 268 dirt
726 137 269 dirt
726 137 270 stone
726 137 271 stone
726 137 272 stone
726 137 273 gravel
726 137 274 gravel
726 137 275 gravel
726 137 276 stone
726 137 277 stone
726 137 278 stone
726 137 279 stone
726 137 280 stone
726 137 281 stone
726 137 282 stone
726 137 283 stone
726 137 284 stone
726 137 285 stone
726 137 286 stone
726 137 287 stone
726 137 288 stone
726 137 289 stone
726 137 290 stone
726 137 291 dirt
726 137 292 dirt
726 137 293 dirt
726 137 294 grass_block[snowy=false]
726 137 309 short_grass
726 137 317 grass_block[snowy=false]
726 137 318 dirt
726 137 319 dirt
726 137 320 dirt
726 137 321 dirt
726 137 322 dirt
726 137 323 stone
726 137 324 stone
726 137 325 stone
726 137 326 stone
726 137 327 stone
726 137 328 stone
726 137 329 stone
726 137 330 stone
726 137 331 stone
726 137 332 stone
726 137 333 stone
726 137 334 stone
726 137 335 stone
726 137 336 gravel
726 137 337 gravel
726 137 338 gravel
726 137 339 gravel
726 137 340 gravel
726 137 341 gravel
726 137 342 gravel
726 137 343 stone
726 137 344 stone
726 137 345 stone
726 137 346 dirt
726 137 347 dirt
726 137 348 stone
726 137 349 stone
726 137 350 stone
726 137 351 stone
726 137 352 stone
726 137 353 stone
726 137 354 stone
726 137 355 stone
726 137 356 stone
726 137 357 stone
726 137 358 stone
726 137 359 stone
726 137 360 stone
726 137 361 stone
726 137 362 stone
726 137 363 stone
726 137 364 stone
726 137 365 dirt
726 137 366 dirt
726 137 367 dirt
726 137 368 dirt
726 137 369 dirt
726 137 370 dirt
726 137 371 dirt
726 137 372 dirt
726 137 373 dirt
726 137 374 dirt
726 137 375 dirt
726 137 376 dirt
726 137 377 stone
726 137 378 stone
726 137 379 stone
726 137 380 stone
726 137 381 stone
726 137 382 stone
726 137 383 stone
726 137 384 stone
726 137 385 stone
726 137 386 stone
726 137 387 stone
726 137 388 stone
726 137 389 coal_ore
726 137 390 coal_ore
726 137 391 stone
726 137 392 stone
726 137 393 stone
726 137 394 stone
726 137 395 stone
726 137 396 stone
726 137 397 stone
726 137 398 stone
726 137 399 stone
726 137 400 stone
726 137 401 stone
726 137 402 stone
726 137 403 stone
726 137 404 stone
726 137 405 stone
726 137 406 stone
726 137 407 stone
726 137 408 stone
726 137 409 stone
726 137 410 stone
726 137 411 stone
726 137 412 stone
726 137 413 stone
726 137 414 stone
726 137 415 stone
726 137 416 stone
726 137 417 stone
726 137 418 stone
726 137 419 stone
726 137 420 stone
726 137 421 stone
726 137 422 stone
726 137 423 stone
726 137 424 stone
726 137 425 stone
726 137 426 stone
726 137 427 stone
726 137 428 stone
726 137 429 stone
726 137 430 stone
726 137 431 stone
726 137 432 stone
726 137 433 stone
726 137 434 stone
726 137 435 stone
726 137 436 stone
726 137 437 coal_ore
726 137 438 stone
726 137 439 stone
726 137 440 stone
726 137 441 stone
726 137 442 gravel
726 137 443 gravel
726 137 444 gravel
726 137 445 gravel
726 137 446 gravel
726 137 447 gravel
726 137 448 gravel
726 137 449 gravel
726 137 450 gravel
726 137 451 stone
726 137 452 stone
726 137 453 stone
726 137 454 stone
726 137 455 stone
726 137 456 stone
726 137 457 stone
726 137 458 stone
726 137 459 stone
726 137 460 stone
726 137 461 stone
726 137 462 dirt
726 137 463 dirt
726 137 492 grass_block[snowy=false]
726 137 589 short_grass
726 137 594 short_grass
726 137 682 grass_block[snowy=false]
726 137 683 dirt
726 137 684 stone
726 137 685 stone
726 137 686 stone
726 137 687 stone
726 137 688 stone
726 137 689 stone
726 137 690 stone
726 137 691 stone
726 137 692 stone
726 137 693 stone
726 137 694 dirt
726 137 695 dirt
726 137 696 dirt
726 137 697 dirt
726 137 698 grass_block[snowy=false]
726 137 699 grass_block[snowy=false]
726 137 719 short_grass
726 137 720 cornflower
726 137 721 dirt
726 137 722 dirt
726 137 723 stone
726 137 724 stone
726 137 725 stone
726 137 726 stone
726 137 727 stone
726 137 728 stone
726 137 729 stone
726 137 730 stone
726 137 731 stone
726 137 732 stone
726 137 733 stone
726 137 734 stone
726 137 735 stone
726 137 736 stone
726 137 737 stone
726 137 738 stone
726 137 739 stone
726 137 740 dirt
726 137 741 dirt
726 137 742 dirt
726 137 743 grass_block[snowy=false]
726 137 745 dirt
726 137 746 stone
726 137 747 stone
726 137 748 stone
726 137 749 stone
726 137 750 stone
726 137 751 stone
726 137 752 dirt
726 137 753 stone
726 137 754 stone
726 137 755 stone
726 137 756 stone
726 137 757 stone
726 137 808 dirt
726 137 809 dirt
726 137 810 dirt
726 137 811 dirt
726 137 812 dirt
726 137 813 dirt
726 137 814 dirt
726 137 815 gravel
726 137 816 gravel
726 137 817 gravel
726 137 818 gravel
726 137 819 gravel
726 137 820 gravel
726 137 821 gravel
726 137 822 stone
726 137 823 stone
726 137 824 stone
726 137 827 stone
726 137 828 stone
726 137 829 stone
726 137 830 stone
726 137 831 stone
726 137 832 stone
726 137 833 stone
726 137 834 stone
726 137 835 stone
726 137 836 stone
726 137 837 stone
726 137 838 stone
726 137 839 stone
726 137 840 stone
726 137 841 stone
726 137 842 stone
726 137 843 stone
726 137 844 stone
726 137 845 stone
726 137 846 stone
726 137 847 stone
726 137 848 stone
726 137 849 stone
726 137 850 stone
726 137 851 stone
726 137 852 stone
726 137 853 stone
726 137 854 stone
726 137 855 stone
726 137 856 stone
726 137 857 stone
726 137 858 stone
726 137 859 stone
726 137 860 stone
726 137 861 stone
726 137 862 stone
726 137 863 stone
726 137 864 stone
726 137 865 stone
726 137 866 stone
726 137 867 stone
726 137 868 gravel
726 137 869 stone
726 137 870 stone
726 137 871 stone
726 137 872 stone
726 137 873 stone
726 137 874 stone
726 137 875 stone
726 137 876 stone
726 137 877 stone
726 137 878 stone
726 137 879 stone
726 137 880 stone
726 137 881 stone
726 137 882 stone
726 137 883 stone
726 137 884 stone
726 137 885 stone
726 137 886 stone
726 137 887 stone
726 137 888 stone
726 137 889 stone
726 137 890 stone
726 137 892 stone
726 137 893 stone
726 137 894 stone
726 137 895 stone
726 137 896 stone
726 137 897 stone
726 137 898 stone
726 137 899 stone
726 137 900 stone
726 137 901 stone
726 137 902 stone
726 137 903 stone
726 137 904 stone
726 137 905 stone
726 137 906 stone
726 137 907 stone
726 137 908 stone
726 137 909 stone
726 137 910 stone
726 137 911 stone
726 137 912 stone
726 137 913 stone
726 137 914 stone
726 137 915 stone
726 137 916 stone
726 137 917 stone
726 137 918 stone
726 137 919 stone
726 137 920 stone
726 137 921 stone
726 137 922 stone
726 137 923 stone
726 137 924 stone
726 137 925 stone
726 137 926 stone
726 137 927 stone
726 137 928 stone
726 137 929 stone
726 137 930 stone
726 137 931 stone
726 137 932 stone
726 137 933 stone
726 137 934 stone
726 137 935 stone
726 137 936 stone
726 137 937 stone
726 137 938 stone
726 137 939 stone
726 137 940 stone
726 137 941 stone
726 137 942 stone
726 137 943 stone
726 137 944 stone
726 137 945 stone
726 137 946 stone
726 137 947 stone
726 137 948 stone
726 137 949 dirt
726 137 950 stone
726 137 951 stone
726 137 952 stone
726 137 953 stone
726 137 954 stone
726 137 955 stone
726 137 956 stone
726 137 957 stone
726 137 958 stone
726 137 959 stone
726 137 960 stone
726 137 961 stone
726 137 962 stone
726 137 963 stone
726 137 964 stone
726 137 965 stone
726 137 966 stone
726 137 967 stone
726 137 968 stone
726 137 969 stone
726 137 970 stone
726 137 979 dirt
726 137 980 dirt
726 137 981 dirt
726 137 1016 dirt
726 137 1017 stone
726 137 1018 stone
726 137 1019 stone
726 137 1020 stone
726 137 1021 stone
726 137 1022 stone
726 137 1023 stone
726 138 156 grass_block[snowy=false]
726 138 157 dirt
726 138 158 dirt
726 138 159 stone
726 138 160 stone
726 138 161 stone
726 138 162 stone
726 138 163 stone
726 138 164 stone
726 138 165 stone
726 138 166 stone
726 138 167 stone
726 138 168 stone
726 138 169 stone
726 138 170 stone
726 138 171 stone
726 138 172 stone
726 138 173 stone
726 138 174 stone
726 138 175 stone
726 138 176 stone
726 138 177 stone
726 138 178 stone
726 138 179 stone
726 138 180 gravel
726 138 181 gravel
726 138 182 gravel
726 138 183 gravel
726 138 184 gravel
726 138 185 stone
726 138 186 stone
726 138 187 stone
726 138 188 stone
726 138 189 stone
726 138 190 stone
726 138 191 stone
726 138 192 copper_ore
726 138 193 copper_ore
726 138 194 stone
726 138 195 stone
726 138 196 stone
726 138 197 stone
726 138 198 gravel
726 138 199 gravel
726 138 200 gravel
726 138 201 gravel
726 138 202 gravel
726 138 203 stone
726 138 204 stone
726 138 205 stone
726 138 206 stone
726 138 207 stone
726 138 208 stone
726 138 209 stone
726 138 210 stone
726 138 211 stone
726 138 212 stone
726 138 213 stone
726 138 214 stone
726 138 215 stone
726 138 216 stone
726 138 217 stone
726 138 218 stone
726 138 219 stone
726 138 220 stone
726 138 221 stone
726 138 222 stone
726 138 223 stone
726 138 224 stone
726 138 225 stone
726 138 226 stone
726 138 227 stone
726 138 228 stone
726 138 229 stone
726 138 230 stone
726 138 231 stone
726 138 232 stone
726 138 233 stone
726 138 234 dirt
726 138 235 dirt
726 138 236 dirt
726 138 237 dirt
726 138 238 dirt
726 138 239 dirt
726 138 240 dirt
726 138 241 dirt
726 138 242 dirt
726 138 243 dirt
726 138 244 dirt
726 138 245 dirt
726 138 246 dirt
726 138 247 dirt
726 138 248 dirt
726 138 249 dirt
726 138 250 dirt
726 138 251 dirt
726 138 252 dirt
726 138 253 dirt
726 138 254 dirt
726 138 255 dirt
726 138 256 dirt
726 138 257 dirt
726 138 258 dirt
726 138 259 diorite
726 138 260 dirt
726 138 261 dirt
726 138 262 dirt
726 138 263 dirt
726 138 264 dirt
726 138 265 stone
726 138 266 stone
726 138 267 stone
726 138 268 dirt
726 138 269 dirt
726 138 270 stone
726 138 271 stone
726 138 272 gravel
726 138 273 gravel
726 138 274 gravel
726 138 275 gravel
726 138 276 gravel
726 138 277 stone
726 138 278 stone
726 138 279 stone
726 138 280 stone
726 138 281 stone
726 138 282 stone
726 138 283 stone
726 138 284 stone
726 138 285 stone
726 138 286 stone
726 138 287 stone
726 138 288 dirt
726 138 289 dirt
726 138 290 dirt
726 138 291 dirt
726 138 292 dirt
726 138 293 grass_block[snowy=false]
726 138 318 grass_block[snowy=false]
726 138 319 grass_block[snowy=false]
726 138 320 grass_block[snowy=false]
726 138 321 dirt
726 138 322 dirt
726 138 323 dirt
726 138 324 dirt
726 138 325 stone
726 138 326 stone
726 138 327 stone
726 138 328 stone
726 138 329 stone
726 138 330 stone
726 138 331 stone
726 138 332 stone
726 138 333 stone
726 138 334 stone
726 138 335 stone
726 138 336 stone
726 138 337 stone
726 138 338 gravel
726 138 339 stone
726 138 340 stone
726 138 341 stone
726 138 342 stone
726 138 343 stone
726 138 344 stone
726 138 345 dirt
726 138 346 dirt
726 138 347 dirt
726 138 348 dirt
726 138 349 stone
726 138 350 stone
726 138 351 stone
726 138 352 stone
726 138 353 stone
726 138 354 stone
726 138 355 stone
726 138 356 stone
726 138 357 stone
726 138 358 stone
726 138 359 stone
726 138 360 stone
726 138 361 stone
726 138 362 dirt
726 138 363 dirt
726 138 364 dirt
726 138 365 dirt
726 138 366 dirt
726 138 367 dirt
726 138 368 dirt
726 138 369 dirt
726 138 370 dirt
726 138 371 dirt
726 138 372 dirt
726 138 373 dirt
726 138 374 dirt
726 138 375 dirt
726 138 376 dirt
726 138 377 dirt
726 138 378 dirt
726 138 379 stone
726 138 380 stone
726 138 381 stone
726 138 382 stone
726 138 383 stone
726 138 384 stone
726 138 385 stone
726 138 386 stone
726 138 387 stone
726 138 388 coal_ore
726 138 389 coal_ore
726 138 390 coal_ore
726 138 391 stone
726 138 392 stone
726 138 393 stone
726 138 394 stone
726 138 395 stone
726 138 396 stone
726 138 397 stone
726 138 398 stone
726 138 399 stone
726 138 400 stone
726 138 401 stone
726 138 402 stone
726 138 403 stone
726 138 404 stone
726 138 405 stone
726 138 406 stone
726 138 407 stone
726 138 408 stone
726 138 409 stone
726 138 410 stone
726 138 411 stone
726 138 412 stone
726 138 413 stone
726 138 414 stone
726 138 415 stone
726 138 416 stone
726 138 417 stone
726 138 418 stone
726 138 419 stone
726 138 420 stone
726 138 421 stone
726 138 422 stone
726 138 423 stone
726 138 424 dirt
726 138 425 dirt
726 138 426 dirt
726 138 427 dirt
726 138 428 dirt
726 138 429 dirt
726 138 430 stone
726 138 431 stone
726 138 432 stone
726 138 433 stone
726 138 434 stone
726 138 435 stone
726 138 436 stone
726 138 437 coal_ore
726 138 438 stone
726 138 439 stone
726 138 440 stone
726 138 441 gravel
726 138 442 gravel
726 138 443 gravel
726 138 444 gravel
726 138 445 gravel
726 138 446 gravel
726 138 447 gravel
726 138 448 gravel
726 138 449 gravel
726 138 450 stone
726 138 451 stone
726 138 452 stone
726 138 453 stone
726 138 454 stone
726 138 455 stone
726 138 456 stone
726 138 457 stone
726 138 458 stone
726 138 459 stone
726 138 460 dirt
726 138 461 dirt
726 138 462 dirt
726 138 463 grass_block[snowy=false]
726 138 683 dirt
726 138 684 stone
726 138 685 stone
726 138 686 stone
726 138 687 stone
726 138 688 stone
726 138 689 stone
726 138 690 stone
726 138 691 stone
726 138 692 stone
726 138 693 dirt
726 138 694 dirt
726 138 695 dirt
726 138 696 grass_block[snowy=false]
726 138 697 grass_block[snowy=false]
726 138 721 grass_block[snowy=false]
726 138 722 dirt
726 138 723 dirt
726 138 724 stone
726 138 725 stone
726 138 726 stone
726 138 727 stone
726 138 728 stone
726 138 729 stone
726 138 730 stone
726 138 731 stone
726 138 732 stone
726 138 733 stone
726 138 734 stone
726 138 735 stone
726 138 736 stone
726 138 737 stone
726 138 738 stone
726 138 739 dirt
726 138 740 dirt
726 138 741 dirt
726 138 742 grass_block[snowy=false]
726 138 745 grass_block[snowy=false]
726 138 746 dirt
726 138 747 stone
726 138 748 stone
726 138 749 stone
726 138 750 stone
726 138 751 dirt
726 138 752 grass_block[snowy=false]
726 138 753 dirt
726 138 754 dirt
726 138 755 dirt
726 138 756 dirt
726 138 757 dirt
726 138 807 dirt
726 138 808 dirt
726 138 809 dirt
726 138 810 dirt
726 138 811 dirt
726 138 812 dirt
726 138 813 dirt
726 138 814 dirt
726 138 815 dirt
726 138 816 gravel
726 138 817 gravel
726 138 818 gravel
726 138 819 gravel
726 138 820 gravel
726 138 821 gravel
726 138 822 stone
726 138 823 stone
726 138 824 stone
726 138 827 stone
726 138 828 stone
726 138 829 stone
726 138 830 stone
726 138 831 stone
726 138 832 stone
726 138 833 stone
726 138 834 stone
726 138 835 stone
726 138 836 stone
726 138 837 stone
726 138 838 stone
726 138 839 stone
726 138 840 stone
726 138 841 stone
726 138 842 stone
726 138 843 stone
726 138 844 stone
726 138 845 stone
726 138 846 stone
726 138 847 stone
726 138 848 stone
726 138 849 stone
726 138 850 stone
726 138 851 stone
726 138 852 stone
726 138 853 coal_ore
726 138 854 coal_ore
726 138 855 stone
726 138 856 andesite
726 138 857 andesite
726 138 858 andesite
726 138 859 andesite
726 138 860 andesite
726 138 861 andesite
726 138 862 stone
726 138 863 stone
726 138 864 stone
726 138 865 stone
726 138 866 stone
726 138 867 stone
