829 140 716 dirt
829 140 717 dirt
829 140 718 dirt
829 140 719 dirt
829 140 720 dirt
829 140 721 dirt
829 140 722 stone
829 140 723 stone
829 140 724 stone
829 140 725 stone
829 140 726 stone
829 140 727 stone
829 140 728 stone
829 140 729 stone
829 140 730 andesite
829 140 731 stone
829 140 732 stone
829 140 733 stone
829 140 734 stone
829 140 735 stone
829 140 736 stone
829 140 737 stone
829 140 738 stone
829 140 739 stone
829 140 740 stone
829 140 741 stone
829 140 742 stone
829 140 743 stone
829 140 744 stone
829 140 745 stone
829 140 746 stone
829 140 747 stone
829 140 748 stone
829 140 749 stone
829 140 750 stone
829 140 751 stone
829 140 752 stone
829 140 753 stone
829 140 754 stone
829 140 755 stone
829 140 756 stone
829 140 757 stone
829 140 758 stone
829 140 759 stone
829 140 760 stone
829 140 761 stone
829 140 762 stone
829 140 763 stone
829 140 764 stone
829 140 765 stone
829 140 766 stone
829 140 767 stone
829 140 768 stone
829 140 769 stone
829 140 770 stone
829 140 771 stone
829 140 772 stone
829 140 773 stone
829 140 774 stone
829 140 775 stone
829 140 776 stone
829 140 777 stone
829 140 778 stone
829 140 787 stone
829 140 788 stone
829 140 789 stone
829 140 790 stone
829 140 791 stone
829 140 792 stone
829 140 793 stone
829 140 794 stone
829 140 795 stone
829 140 796 stone
829 140 797 stone
829 140 798 stone
829 140 799 stone
829 140 800 stone
829 140 801 stone
829 140 802 gravel
829 140 803 gravel
829 140 804 gravel
829 140 805 gravel
829 140 806 stone
829 140 807 stone
829 140 808 stone
829 140 809 stone
829 140 810 stone
829 140 811 stone
829 140 812 stone
829 140 813 stone
829 140 814 stone
829 140 815 stone
829 140 816 stone
829 140 817 stone
829 140 818 stone
829 140 819 stone
829 140 820 stone
829 140 821 stone
829 140 822 stone
829 140 823 stone
829 140 824 stone
829 140 825 stone
829 140 826 stone
829 140 827 stone
829 140 828 stone
829 140 829 coal_ore
829 140 830 coal_ore
829 140 831 stone
829 140 832 stone
829 140 833 stone
829 140 834 stone
829 140 835 stone
829 140 836 stone
829 140 837 stone
829 140 838 stone
829 140 839 stone
829 140 840 stone
829 140 841 stone
829 140 842 stone
829 140 843 stone
829 140 844 stone
829 140 845 stone
829 140 846 stone
829 140 847 stone
829 140 848 stone
829 140 849 stone
829 140 850 stone
829 140 851 stone
829 140 852 stone
829 140 853 stone
829 140 854 stone
829 140 855 stone
829 140 856 stone
829 140 857 stone
829 140 858 stone
829 140 859 stone
829 140 860 stone
829 140 861 stone
829 140 862 stone
829 140 863 stone
829 140 864 stone
829 140 865 stone
829 140 866 stone
829 140 867 stone
829 140 868 stone
829 140 869 stone
829 140 870 stone
829 140 871 stone
829 140 872 stone
829 140 873 stone
829 140 874 stone
829 140 875 stone
829 140 876 stone
829 140 877 stone
829 140 878 stone
829 140 879 stone
829 140 880 stone
829 140 881 stone
829 140 882 stone
829 140 884 stone
829 140 885 stone
829 140 886 stone
829 140 887 stone
829 140 888 stone
829 140 889 stone
829 140 890 stone
829 140 891 stone
829 140 892 stone
829 140 893 stone
829 140 894 stone
829 140 895 stone
829 140 896 stone
829 140 897 stone
829 140 898 stone
829 140 899 stone
829 140 900 stone
829 140 901 stone
829 140 902 stone
829 140 903 stone
829 140 904 stone
829 140 905 stone
829 140 906 stone
829 140 907 stone
829 140 908 stone
829 140 909 stone
829 140 910 stone
829 140 911 stone
829 140 912 stone
829 140 913 stone
829 140 914 stone
829 140 915 stone
829 140 916 stone
829 140 917 stone
829 140 918 stone
829 140 919 stone
829 140 920 stone
829 140 921 stone
829 140 922 stone
829 140 923 stone
829 140 924 stone
829 140 925 stone
829 140 926 stone
829 140 927 stone
829 140 928 stone
829 140 929 andesite
829 140 930 andesite
829 140 931 andesite
829 140 932 andesite
829 140 933 andesite
829 140 934 andesite
829 140 935 stone
829 140 936 stone
829 140 937 stone
829 140 938 stone
829 140 939 stone
829 140 940 stone
829 140 941 stone
829 140 942 stone
829 140 943 stone
829 140 944 stone
829 140 945 stone
829 140 946 stone
829 140 947 stone
829 140 948 stone
829 140 949 dirt
829 140 950 grass_block[snowy=false]
829 140 967 stone
829 140 968 stone
829 140 969 stone
829 140 970 stone
829 140 971 stone
829 140 972 stone
829 140 973 copper_ore
829 140 974 copper_ore
829 140 975 stone
829 140 976 stone
829 140 977 stone
829 140 978 stone
829 140 979 stone
829 140 980 stone
829 140 981 stone
829 140 982 stone
829 140 983 stone
829 140 984 stone
829 140 985 stone
829 140 986 stone
829 140 987 stone
829 140 988 stone
829 140 989 stone
829 140 990 stone
829 140 991 stone
829 140 992 stone
829 140 993 stone
829 140 994 stone
829 140 995 gravel
829 140 996 gravel
829 140 997 stone
829 140 998 stone
829 140 999 stone
829 140 1000 stone
829 140 1001 stone
829 140 1002 stone
829 140 1003 stone
829 140 1004 stone
829 140 1005 stone
829 140 1006 stone
829 140 1007 stone
829 140 1008 stone
829 140 1009 stone
829 140 1010 stone
829 140 1011 gravel
829 140 1012 gravel
829 140 1013 gravel
829 140 1014 gravel
829 140 1015 stone
829 140 1016 stone
829 140 1017 stone
829 140 1018 stone
829 140 1019 stone
829 140 1020 stone
829 140 1021 stone
829 140 1022 stone
829 140 1023 stone
829 141 5 grass_block[snowy=false]
829 141 6 grass_block[snowy=false]
829 141 7 dirt
829 141 8 dirt
829 141 9 dirt
829 141 10 dirt
829 141 11 dirt
829 141 12 stone
829 141 13 stone
829 141 14 stone
829 141 15 stone
829 141 16 stone
829 141 17 stone
829 141 18 stone
829 141 19 stone
829 141 20 stone
829 141 21 stone
829 141 22 stone
829 141 23 stone
829 141 24 stone
829 141 25 stone
829 141 26 stone
829 141 27 stone
829 141 28 stone
829 141 29 stone
829 141 30 stone
829 141 31 stone
829 141 32 stone
829 141 33 stone
829 141 34 stone
829 141 35 stone
829 141 36 stone
829 141 37 stone
829 141 38 stone
829 141 39 stone
829 141 40 stone
829 141 41 stone
829 141 42 stone
829 141 43 stone
829 141 44 stone
829 141 45 stone
829 141 46 stone
829 141 47 stone
829 141 48 granite
829 141 49 granite
829 141 50 granite
829 141 51 granite
829 141 52 granite
829 141 53 stone
829 141 54 stone
829 141 55 stone
829 141 56 stone
829 141 57 stone
829 141 58 stone
829 141 59 stone
829 141 60 stone
829 141 61 stone
829 141 62 stone
829 141 63 stone
829 141 64 dirt
829 141 65 dirt
829 141 66 dirt
829 141 67 dirt
829 141 68 grass_block[snowy=false]
829 141 69 grass_block[snowy=false]
829 141 70 grass_block[snowy=false]
829 141 175 sunflower[half=lower]
829 141 176 sunflower[half=lower]
829 141 180 grass_block[snowy=false]
829 141 184 sunflower[half=lower]
829 141 190 short_grass
829 141 191 short_grass
829 141 192 short_grass
829 141 194 short_grass
829 141 196 short_grass
829 141 198 grass_block[snowy=false]
829 141 199 grass_block[snowy=false]
829 141 200 grass_block[snowy=false]
829 141 201 grass_block[snowy=false]
829 141 202 grass_block[snowy=false]
829 141 203 grass_block[snowy=false]
829 141 204 grass_block[snowy=false]
829 141 205 grass_block[snowy=false]
829 141 206 grass_block[snowy=false]
829 141 207 grass_block[snowy=false]
829 141 208 grass_block[snowy=false]
829 141 209 dirt
829 141 210 dirt
829 141 211 dirt
829 141 212 dirt
829 141 213 dirt
829 141 214 dirt
829 141 215 dirt
829 141 216 dirt
829 141 217 dirt
829 141 218 dirt
829 141 219 coal_ore
829 141 220 coal_ore
829 141 221 coal_ore
829 141 222 stone
829 141 223 stone
829 141 224 stone
829 141 225 stone
829 141 226 stone
829 141 227 stone
829 141 228 stone
829 141 229 stone
829 141 230 dirt
829 141 231 dirt
829 141 232 dirt
829 141 233 dirt
829 141 234 dirt
829 141 235 dirt
829 141 236 dirt
829 141 237 dirt
829 141 238 dirt
829 141 239 dirt
829 141 240 dirt
829 141 241 dirt
829 141 242 dirt
829 141 243 dirt
829 141 244 dirt
829 141 245 dirt
829 141 246 dirt
829 141 247 dirt
829 141 248 dirt
829 141 249 dirt
829 141 250 dirt
829 141 251 dirt
829 141 252 dirt
829 141 253 dirt
829 141 254 stone
829 141 255 stone
829 141 256 stone
829 141 257 stone
829 141 258 stone
829 141 259 stone
829 141 260 stone
829 141 261 stone
829 141 262 stone
829 141 263 stone
829 141 264 stone
829 141 265 stone
829 141 266 stone
829 141 267 stone
829 141 268 gravel
829 141 269 gravel
829 141 270 gravel
829 141 271 stone
829 141 272 stone
829 141 273 stone
829 141 274 stone
829 141 275 stone
829 141 276 stone
829 141 277 stone
829 141 278 stone
829 141 279 stone
829 141 280 stone
829 141 281 stone
829 141 282 stone
829 141 283 stone
829 141 284 stone
829 141 285 stone
829 141 286 stone
829 141 287 stone
829 141 288 stone
829 141 289 stone
829 141 290 stone
829 141 291 stone
829 141 292 stone
829 141 293 stone
829 141 294 stone
829 141 295 stone
829 141 296 stone
829 141 297 stone
829 141 298 stone
829 141 299 stone
829 141 300 stone
829 141 301 stone
829 141 302 stone
829 141 303 stone
829 141 304 stone
829 141 305 stone
829 141 306 stone
829 141 307 stone
829 141 308 stone
829 141 309 stone
829 141 310 stone
829 141 311 stone
829 141 312 stone
829 141 313 stone
829 141 314 stone
829 141 315 stone
829 141 316 stone
829 141 317 stone
829 141 318 stone
829 141 319 stone
829 141 320 stone
829 141 321 stone
829 141 322 stone
829 141 323 stone
829 141 324 stone
829 141 325 stone
829 141 326 stone
829 141 327 stone
829 141 328 stone
829 141 329 diorite
829 141 330 diorite
829 141 331 diorite
829 141 332 diorite
829 141 333 diorite
829 141 334 diorite
829 141 335 diorite
829 141 336 diorite
829 141 337 stone
829 141 338 stone
829 141 339 stone
829 141 340 stone
829 141 341 stone
829 141 342 stone
829 141 343 stone
829 141 344 stone
829 141 345 stone
829 141 346 stone
829 141 347 stone
829 141 348 stone
829 141 349 stone
829 141 350 stone
829 141 351 stone
829 141 352 stone
829 141 353 stone
829 141 354 stone
829 141 355 stone
829 141 356 stone
829 141 357 stone
829 141 358 stone
829 141 359 stone
829 141 360 stone
829 141 361 stone
829 141 362 stone
829 141 363 stone
829 141 364 stone
829 141 365 stone
829 141 366 dirt
829 141 367 dirt
829 141 368 stone
829 141 369 stone
829 141 370 stone
829 141 371 stone
829 141 372 stone
829 141 373 stone
829 141 374 stone
829 141 375 stone
829 141 376 stone
829 141 377 stone
829 141 378 stone
829 141 379 stone
829 141 380 stone
829 141 381 stone
829 141 382 stone
829 141 383 stone
829 141 384 stone
829 141 385 stone
829 141 386 stone
829 141 387 stone
829 141 388 stone
829 141 389 stone
829 141 390 stone
829 141 391 stone
829 141 392 stone
829 141 393 stone
829 141 394 stone
829 141 395 stone
829 141 396 stone
829 141 397 stone
829 141 398 stone
829 141 399 dirt
829 141 400 dirt
829 141 401 dirt
829 141 402 stone
829 141 403 stone
829 141 404 stone
829 141 405 stone
829 141 406 stone
829 141 407 stone
829 141 408 stone
829 141 409 stone
829 141 410 stone
829 141 411 stone
829 141 412 stone
829 141 413 stone
829 141 414 stone
829 141 415 stone
829 141 416 stone
829 141 417 stone
829 141 418 stone
829 141 419 stone
829 141 420 stone
829 141 421 stone
829 141 422 stone
829 141 423 stone
829 141 424 stone
829 141 425 stone
829 141 426 stone
829 141 427 stone
829 141 428 stone
829 141 429 stone
829 141 430 stone
829 141 431 stone
829 141 432 stone
829 141 433 stone
829 141 434 stone
829 141 435 dirt
829 141 436 short_grass
829 141 484 grass_block[snowy=false]
829 141 485 dirt
829 141 486 dirt
829 141 487 dirt
829 141 488 dirt
829 141 489 dirt
829 141 490 dirt
829 141 491 dirt
829 141 492 dirt
829 141 493 stone
829 141 494 stone
829 141 495 stone
829 141 496 stone
829 141 497 stone
829 141 498 stone
829 141 499 stone
829 141 500 stone
829 141 501 stone
829 141 502 stone
829 141 503 stone
829 141 504 stone
829 141 505 stone
829 141 506 stone
829 141 507 stone
829 141 508 dirt
829 141 509 dirt
829 141 510 dirt
829 141 511 dirt
829 141 512 dirt
829 141 513 dirt
829 141 514 dirt
829 141 515 dirt
829 141 516 grass_block[snowy=false]
829 141 517 grass_block[snowy=false]
829 141 518 dirt
829 141 519 dirt
829 141 520 dirt
829 141 521 dirt
829 141 522 dirt
829 141 523 dirt
829 141 524 dirt
829 141 525 stone
829 141 526 coal_ore
829 141 527 coal_ore
829 141 528 stone
829 141 529 stone
829 141 530 stone
829 141 531 stone
829 141 532 stone
829 141 533 stone
829 141 534 stone
829 141 535 stone
829 141 536 stone
829 141 537 stone
829 141 538 stone
829 141 539 stone
829 141 540 stone
829 141 541 gravel
829 141 542 gravel
829 141 543 gravel
829 141 544 gravel
829 141 545 gravel
829 141 546 gravel
829 141 547 gravel
829 141 548 gravel
829 141 549 stone
829 141 550 stone
829 141 551 stone
829 141 552 coal_ore
829 141 553 stone
829 141 554 stone
829 141 555 stone
829 141 556 stone
829 141 557 stone
829 141 558 stone
829 141 559 stone
829 141 560 stone
829 141 561 stone
829 141 562 stone
829 141 563 stone
829 141 564 stone
829 141 565 stone
829 141 566 stone
829 141 567 stone
829 141 568 stone
829 141 569 stone
829 141 570 stone
829 141 571 stone
829 141 572 stone
829 141 573 stone
829 141 574 stone
829 141 575 stone
829 141 576 stone
829 141 577 stone
829 141 578 stone
829 141 579 stone
829 141 580 stone
829 141 581 stone
829 141 582 stone
829 141 583 stone
829 141 584 stone
829 141 585 stone
829 141 586 stone
829 141 587 stone
829 141 588 stone
829 141 589 stone
829 141 590 stone
829 141 591 stone
829 141 592 stone
829 141 593 stone
829 141 594 copper_ore
829 141 595 stone
829 141 596 stone
829 141 597 stone
829 141 598 stone
829 141 599 stone
829 141 600 stone
829 141 601 stone
829 141 602 stone
829 141 603 stone
829 141 604 stone
829 141 605 stone
829 141 606 stone
829 141 607 stone
829 141 608 stone
829 141 609 stone
829 141 610 stone
829 141 611 stone
829 141 612 stone
829 141 613 stone
829 141 614 stone
829 141 615 stone
829 141 616 stone
829 141 617 stone
829 141 618 stone
829 141 619 stone
829 141 620 coal_ore
829 141 621 coal_ore
829 141 622 stone
829 141 623 stone
829 141 624 stone
829 141 625 stone
829 141 626 stone
829 141 627 stone
829 141 628 stone
829 141 629 stone
829 141 630 stone
829 141 631 stone
829 141 632 stone
829 141 633 stone
829 141 634 stone
829 141 635 stone
829 141 636 stone
829 141 637 stone
829 141 638 stone
829 141 639 stone
829 141 640 stone
829 141 641 stone
829 141 642 stone
829 141 643 stone
829 141 644 stone
829 141 645 stone
829 141 646 stone
829 141 647 stone
829 141 648 stone
829 141 649 stone
829 141 650 stone
829 141 651 stone
829 141 652 stone
829 141 653 stone
829 141 654 stone
829 141 655 stone
829 141 656 stone
829 141 657 stone
829 141 658 stone
829 141 659 stone
829 141 660 stone
829 141 661 stone
829 141 662 stone
829 141 663 stone
829 141 664 stone
829 141 665 stone
829 141 666 stone
829 141 667 stone
829 141 668 stone
829 141 669 stone
829 141 670 coal_ore
829 141 671 stone
829 141 672 stone
829 141 673 stone
829 141 674 stone
829 141 675 stone
829 141 676 stone
829 141 677 stone
829 141 678 stone
829 141 679 stone
829 141 680 stone
829 141 681 stone
829 141 682 stone
829 141 683 stone
829 141 684 stone
829 141 685 stone
829 141 686 stone
829 141 687 stone
829 141 688 stone
829 141 689 stone
829 141 690 stone
829 141 691 stone
829 141 692 stone
829 141 693 stone
829 141 694 stone
829 141 695 stone
829 141 696 stone
829 141 697 stone
829 141 698 dirt
829 141 699 dirt
829 141 700 dirt
829 141 701 dirt
829 141 702 stone
829 141 703 stone
829 141 704 stone
829 141 705 stone
829 141 706 stone
829 141 707 stone
829 141 708 stone
829 141 709 stone
829 141 710 stone
829 141 711 stone
829 141 712 stone
829 141 713 stone
829 141 714 stone
829 141 715 coal_ore
829 141 716 dirt
829 141 717 dirt
829 141 718 dirt
829 141 719 dirt
829 141 720 dirt
829 141 721 dirt
829 141 722 stone
829 141 723 stone
829 141 724 stone
829 141 725 stone
829 141 726 stone
829 141 727 andesite
829 141 728 andesite
829 141 729 andesite
829 141 730 andesite
829 141 731 andesite
829 141 732 andesite
829 141 733 stone
829 141 734 stone
829 141 735 stone
829 141 736 stone
829 141 737 stone
829 141 738 stone
829 141 739 stone
829 141 740 stone
829 141 741 stone
829 141 742 stone
829 141 743 stone
829 141 744 stone
829 141 745 stone
829 141 746 stone
829 141 747 stone
829 141 748 stone
829 141 749 stone
829 141 750 stone
829 141 751 stone
829 141 752 stone
829 141 753 stone
829 141 754 stone
829 141 755 stone
829 141 756 stone
829 141 757 stone
829 141 758 stone
829 141 759 stone
829 141 760 stone
829 141 761 stone
829 141 762 stone
829 141 763 stone
829 141 764 stone
829 141 765 stone
829 141 766 stone
829 141 767 stone
829 141 768 stone
829 141 769 stone
829 141 770 stone
829 141 771 stone
829 141 772 stone
829 141 773 stone
829 141 774 stone
829 141 775 stone
829 141 776 stone
829 141 777 stone
829 141 778 stone
829 141 785 stone
829 141 786 stone
829 141 787 stone
829 141 788 stone
829 141 789 stone
829 141 790 stone
829 141 791 stone
829 141 792 stone
829 141 793 stone
829 141 794 stone
829 141 795 stone
829 141 796 stone
829 141 797 stone
829 141 798 stone
829 141 799 stone
829 141 800 stone
829 141 801 stone
829 141 802 gravel
829 141 803 gravel
829 141 804 gravel
829 141 805 gravel
829 141 806 stone
829 141 807 stone
829 141 808 stone
829 141 809 stone
829 141 810 stone
829 141 811 stone
829 141 812 stone
829 141 813 stone
829 141 814 stone
829 141 815 stone
829 141 816 stone
829 141 817 stone
829 141 818 stone
829 141 819 stone
829 141 820 stone
829 141 821 stone
829 141 822 stone
829 141 823 stone
829 141 824 stone
829 141 825 stone
829 141 826 stone
829 141 827 stone
829 141 828 stone
829 141 829 coal_ore
829 141 830 coal_ore
829 141 831 coal_ore
829 141 832 stone
829 141 833 stone
829 141 834 stone
829 141 835 stone
829 141 836 stone
829 141 837 stone
829 141 838 stone
829 141 839 stone
829 141 840 stone
829 141 841 stone
829 141 842 stone
829 141 843 stone
829 141 844 stone
829 141 845 stone
829 141 846 stone
829 141 847 stone
829 141 848 stone
829 141 849 stone
829 141 850 stone
829 141 851 stone
829 141 852 stone
829 141 853 stone
829 141 854 stone
829 141 855 stone
829 141 856 stone
829 141 857 stone
829 141 858 stone
829 141 859 stone
829 141 860 stone
829 141 861 stone
829 141 862 stone
829 141 863 stone
829 141 864 stone
829 141 865 stone
829 141 866 stone
829 141 867 stone
829 141 868 stone
829 141 869 stone
829 141 870 stone
829 141 871 stone
829 141 872 stone
829 141 873 stone
829 141 874 stone
829 141 875 stone
829 141 876 stone
829 141 877 stone
829 141 878 stone
829 141 879 stone
829 141 880 stone
829 141 881 stone
829 141 882 stone
829 141 883 stone
829 141 884 stone
829 141 885 stone
829 141 886 stone
829 141 887 stone
829 141 888 stone
829 141 889 stone
829 141 890 stone
829 141 891 stone
829 141 892 stone
829 141 893 stone
829 141 894 stone
829 141 895 stone
829 141 896 stone
829 141 897 stone
829 141 898 stone
829 141 899 stone
829 141 900 stone
829 141 901 stone
829 141 902 stone
829 141 903 stone
829 141 904 stone
829 141 905 stone
829 141 906 stone
829 141 907 stone
829 141 908 stone
829 141 909 stone
829 141 910 stone
829 141 911 stone
829 141 912 stone
829 141 913 stone
829 141 914 stone
829 141 915 stone
829 141 916 stone
829 141 917 stone
829 141 918 stone
829 141 919 stone
829 141 920 stone
829 141 921 stone
829 141 922 stone
829 141 923 stone
829 141 924 stone
829 141 925 stone
829 141 926 stone
829 141 927 stone
829 141 928 stone
829 141 929 stone
829 141 930 andesite
829 141 931 andesite
829 141 932 andesite
829 141 933 andesite
829 141 934 stone
829 141 935 stone
829 141 936 stone
829 141 937 stone
829 141 938 stone
829 141 939 stone
829 141 940 stone
829 141 941 stone
829 141 942 stone
829 141 943 stone
829 141 944 stone
829 141 945 stone
829 141 946 stone
829 141 947 stone
829 141 948 stone
829 141 949 dirt
829 141 967 stone
829 141 968 stone
829 141 969 stone
829 141 970 stone
829 141 971 stone
829 141 972 stone
829 141 973 stone
829 141 974 stone
829 141 975 stone
829 141 976 stone
829 141 977 stone
829 141 978 stone
829 141 979 stone
829 141 980 stone
829 141 981 stone
829 141 982 stone
829 141 983 stone
829 141 984 stone
829 141 985 stone
829 141 986 stone
829 141 987 stone
829 141 988 stone
829 141 989 stone
829 141 990 stone
829 141 991 stone
829 141 992 stone
829 141 993 stone
829 141 994 stone
829 141 995 stone
829 141 996 stone
829 141 997 stone
829 141 998 stone
829 141 999 stone
829 141 1000 stone
829 141 1001 stone
829 141 1002 stone
829 141 1003 stone
829 141 1004 stone
829 141 1005 stone
829 141 1006 stone
829 141 1007 stone
829 141 1008 stone
829 141 1009 stone
829 141 1010 stone
829 141 1011 stone
829 141 1012 stone
829 141 1013 stone
829 141 1014 stone
829 141 1015 stone
829 141 1016 stone
829 141 1017 stone
