827 105 103 stone
827 105 104 stone
827 105 105 stone
827 105 106 stone
827 105 107 stone
827 105 108 stone
827 105 109 stone
827 105 110 stone
827 105 111 stone
827 105 112 stone
827 105 113 stone
827 105 114 stone
827 105 115 stone
827 105 116 stone
827 105 117 stone
827 105 118 gravel
827 105 119 gravel
827 105 120 gravel
827 105 121 gravel
827 105 122 gravel
827 105 123 stone
827 105 124 stone
827 105 125 stone
827 105 126 stone
827 105 127 stone
827 105 128 granite
827 105 129 granite
827 105 130 granite
827 105 131 granite
827 105 132 granite
827 105 133 granite
827 105 134 granite
827 105 135 granite
827 105 136 granite
827 105 137 granite
827 105 138 granite
827 105 139 granite
827 105 140 granite
827 105 141 granite
827 105 142 granite
827 105 143 granite
827 105 144 stone
827 105 145 stone
827 105 146 stone
827 105 147 stone
827 105 148 stone
827 105 149 stone
827 105 150 stone
827 105 151 stone
827 105 152 stone
827 105 153 stone
827 105 154 stone
827 105 155 stone
827 105 156 stone
827 105 157 stone
827 105 158 stone
827 105 159 stone
827 105 160 stone
827 105 161 stone
827 105 162 stone
827 105 163 stone
827 105 164 stone
827 105 165 stone
827 105 166 stone
827 105 167 stone
827 105 168 stone
827 105 169 stone
827 105 170 stone
827 105 171 stone
827 105 172 stone
827 105 173 stone
827 105 174 stone
827 105 175 stone
827 105 176 stone
827 105 177 stone
827 105 178 stone
827 105 179 stone
827 105 180 stone
827 105 181 stone
827 105 182 stone
827 105 183 stone
827 105 184 stone
827 105 185 stone
827 105 186 stone
827 105 187 stone
827 105 188 stone
827 105 189 diorite
827 105 190 diorite
827 105 191 diorite
827 105 192 diorite
827 105 193 coal_ore
827 105 194 coal_ore
827 105 195 diorite
827 105 196 diorite
827 105 197 stone
827 105 198 stone
827 105 199 stone
827 105 200 stone
827 105 201 stone
827 105 202 stone
827 105 203 stone
827 105 204 stone
827 105 205 stone
827 105 206 stone
827 105 207 stone
827 105 208 stone
827 105 209 stone
827 105 210 stone
827 105 211 stone
827 105 212 stone
827 105 213 stone
827 105 214 stone
827 105 215 stone
827 105 216 stone
827 105 217 stone
827 105 218 stone
827 105 219 stone
827 105 220 stone
827 105 221 stone
827 105 222 stone
827 105 223 stone
827 105 224 stone
827 105 225 stone
827 105 226 stone
827 105 227 stone
827 105 228 stone
827 105 229 stone
827 105 230 stone
827 105 231 stone
827 105 232 stone
827 105 233 stone
827 105 234 stone
827 105 235 stone
827 105 236 stone
827 105 237 stone
827 105 238 stone
827 105 239 stone
827 105 240 stone
827 105 241 stone
827 105 242 stone
827 105 243 stone
827 105 244 stone
827 105 245 stone
827 105 246 stone
827 105 247 stone
827 105 248 stone
827 105 249 stone
827 105 250 stone
827 105 251 stone
827 105 252 stone
827 105 253 stone
827 105 254 stone
827 105 255 stone
827 105 256 stone
827 105 257 stone
827 105 258 stone
827 105 259 lapis_ore
827 105 260 stone
827 105 261 stone
827 105 262 stone
827 105 263 stone
827 105 264 stone
827 105 267 stone
827 105 268 stone
827 105 269 stone
827 105 270 stone
827 105 271 stone
827 105 272 stone
827 105 273 stone
827 105 274 stone
827 105 275 stone
827 105 276 stone
827 105 277 stone
827 105 278 stone
827 105 279 stone
827 105 280 stone
827 105 281 stone
827 105 282 stone
827 105 283 stone
827 105 284 stone
827 105 285 stone
827 105 286 stone
827 105 287 stone
827 105 288 stone
827 105 289 stone
827 105 290 stone
827 105 291 stone
827 105 292 copper_ore
827 105 293 stone
827 105 294 stone
827 105 295 stone
827 105 297 stone
827 105 298 stone
827 105 302 copper_ore
827 105 343 stone
827 105 344 stone
827 105 345 stone
827 105 346 stone
827 105 347 stone
827 105 348 stone
827 105 349 stone
827 105 350 stone
827 105 351 granite
827 105 352 granite
827 105 353 granite
827 105 354 granite
827 105 355 granite
827 105 356 granite
827 105 357 granite
827 105 358 granite
827 105 359 stone
827 105 360 stone
827 105 361 stone
827 105 362 stone
827 105 363 stone
827 105 364 stone
827 105 365 stone
827 105 366 stone
827 105 367 stone
827 105 368 stone
827 105 369 stone
827 105 370 stone
827 105 371 stone
827 105 372 stone
827 105 373 stone
827 105 374 stone
827 105 375 stone
827 105 376 stone
827 105 377 stone
827 105 378 stone
827 105 379 water[level=0]
827 105 380 water[level=0]
827 105 381 water[level=0]
827 105 382 water[level=0]
827 105 383 water[level=0]
827 105 384 water[level=0]
827 105 385 water[level=0]
827 105 386 water[level=0]
827 105 387 water[level=0]
827 105 388 water[level=0]
827 105 389 water[level=0]
827 105 390 stone
827 105 391 stone
827 105 392 stone
827 105 393 stone
827 105 394 stone
827 105 395 stone
827 105 396 stone
827 105 397 stone
827 105 398 stone
827 105 399 stone
827 105 400 stone
827 105 401 stone
827 105 402 stone
827 105 403 stone
827 105 404 stone
827 105 405 stone
827 105 406 stone
827 105 407 stone
827 105 408 stone
827 105 409 stone
827 105 410 stone
827 105 411 stone
827 105 412 stone
827 105 413 stone
827 105 414 stone
827 105 415 stone
827 105 416 diorite
827 105 417 diorite
827 105 418 diorite
827 105 419 diorite
827 105 420 diorite
827 105 421 diorite
827 105 422 diorite
827 105 423 diorite
827 105 424 andesite
827 105 425 andesite
827 105 426 andesite
827 105 427 andesite
827 105 428 andesite
827 105 429 andesite
827 105 430 andesite
827 105 431 andesite
827 105 432 granite
827 105 433 granite
827 105 434 stone
827 105 435 stone
827 105 436 stone
827 105 437 stone
827 105 438 andesite
827 105 439 andesite
827 105 440 andesite
827 105 441 andesite
827 105 442 andesite
827 105 443 stone
827 105 444 stone
827 105 445 stone
827 105 446 stone
827 105 447 stone
827 105 448 stone
827 105 449 stone
827 105 450 stone
827 105 451 stone
827 105 452 stone
827 105 453 stone
827 105 454 stone
827 105 455 stone
827 105 456 stone
827 105 457 stone
827 105 458 stone
827 105 459 stone
827 105 460 water[level=0]
827 105 461 water[level=0]
827 105 462 water[level=0]
827 105 463 water[level=0]
827 105 464 water[level=0]
827 105 465 water[level=0]
827 105 466 stone
827 105 467 stone
827 105 468 stone
827 105 469 stone
827 105 470 stone
827 105 471 stone
827 105 472 stone
827 105 473 stone
827 105 474 andesite
827 105 475 andesite
827 105 476 andesite
827 105 477 andesite
827 105 478 andesite
827 105 479 andesite
827 105 480 andesite
827 105 481 andesite
827 105 482 granite
827 105 483 stone
827 105 484 stone
827 105 485 stone
827 105 486 stone
827 105 487 stone
827 105 488 stone
827 105 489 stone
827 105 490 stone
827 105 491 stone
827 105 492 stone
827 105 493 stone
827 105 494 stone
827 105 495 stone
827 105 496 stone
827 105 497 stone
827 105 498 stone
827 105 499 stone
827 105 500 stone
827 105 501 stone
827 105 502 dirt
827 105 503 dirt
827 105 504 dirt
827 105 505 dirt
827 105 506 dirt
827 105 507 dirt
827 105 508 dirt
827 105 509 granite
827 105 510 granite
827 105 511 stone
827 105 512 stone
827 105 513 stone
827 105 514 stone
827 105 515 stone
827 105 516 stone
827 105 517 stone
827 105 518 stone
827 105 519 stone
827 105 520 stone
827 105 521 stone
827 105 522 stone
827 105 523 stone
827 105 524 stone
827 105 525 stone
827 105 526 stone
827 105 527 stone
827 105 528 stone
827 105 529 stone
827 105 530 stone
827 105 531 stone
827 105 532 stone
827 105 533 stone
827 105 534 stone
827 105 535 diorite
827 105 536 diorite
827 105 537 dirt
827 105 538 diorite
827 105 539 diorite
827 105 540 diorite
827 105 541 diorite
827 105 542 diorite
827 105 543 diorite
827 105 544 diorite
827 105 545 diorite
827 105 546 diorite
827 105 547 diorite
827 105 548 diorite
827 105 549 diorite
827 105 550 stone
827 105 551 stone
827 105 556 stone
827 105 557 stone
827 105 558 stone
827 105 559 stone
827 105 560 stone
827 105 561 stone
827 105 562 stone
827 105 563 stone
827 105 564 stone
827 105 565 stone
827 105 566 stone
827 105 567 stone
827 105 568 stone
827 105 569 stone
827 105 570 coal_ore
827 105 571 coal_ore
827 105 572 stone
827 105 573 granite
827 105 592 stone
827 105 593 stone
827 105 594 stone
827 105 595 granite
827 105 596 granite
827 105 597 granite
827 105 598 granite
827 105 599 granite
827 105 600 stone
827 105 601 stone
827 105 602 stone
827 105 603 stone
827 105 604 stone
827 105 605 stone
827 105 606 stone
827 105 607 stone
827 105 608 stone
827 105 609 stone
827 105 610 stone
827 105 611 stone
827 105 612 stone
827 105 613 stone
827 105 614 stone
827 105 615 stone
827 105 616 stone
827 105 617 stone
827 105 618 stone
827 105 619 stone
827 105 620 stone
827 105 621 stone
827 105 622 stone
827 105 623 stone
827 105 624 stone
827 105 625 stone
827 105 626 stone
827 105 627 stone
827 105 628 stone
827 105 629 stone
827 105 630 stone
827 105 631 stone
827 105 632 stone
827 105 633 stone
827 105 634 stone
827 105 635 stone
827 105 636 stone
827 105 637 stone
827 105 638 stone
827 105 639 stone
827 105 640 stone
827 105 641 stone
827 105 642 stone
827 105 643 stone
827 105 644 stone
827 105 645 stone
827 105 646 stone
827 105 647 stone
827 105 648 stone
827 105 658 stone
827 105 659 stone
827 105 660 stone
827 105 661 stone
827 105 662 stone
827 105 663 stone
827 105 664 stone
827 105 665 stone
827 105 666 stone
827 105 667 stone
827 105 668 stone
827 105 669 stone
827 105 670 stone
827 105 671 stone
827 105 672 stone
827 105 673 stone
827 105 674 stone
827 105 675 stone
827 105 676 stone
827 105 677 stone
827 105 678 granite
827 105 679 granite
827 105 680 granite
827 105 681 granite
827 105 682 granite
827 105 683 granite
827 105 684 granite
827 105 685 granite
827 105 686 granite
827 105 687 granite
827 105 688 stone
827 105 689 stone
827 105 690 stone
827 105 691 stone
827 105 692 stone
827 105 693 stone
827 105 694 stone
827 105 695 stone
827 105 696 stone
827 105 697 stone
827 105 698 stone
827 105 699 stone
827 105 700 stone
827 105 701 stone
827 105 702 stone
827 105 703 stone
827 105 704 stone
827 105 705 stone
827 105 706 stone
827 105 707 stone
827 105 708 stone
827 105 709 stone
827 105 710 stone
827 105 711 stone
827 105 712 stone
827 105 713 stone
827 105 714 stone
827 105 715 stone
827 105 716 stone
827 105 717 stone
827 105 718 stone
827 105 719 stone
827 105 720 stone
827 105 721 stone
827 105 722 stone
827 105 723 andesite
827 105 724 andesite
827 105 725 andesite
827 105 726 andesite
827 105 727 andesite
827 105 728 andesite
827 105 729 andesite
827 105 730 granite
827 105 731 granite
827 105 732 granite
827 105 733 granite
827 105 734 granite
827 105 735 andesite
827 105 736 andesite
827 105 737 gravel
827 105 738 andesite
827 105 739 andesite
827 105 740 andesite
827 105 741 stone
827 105 742 stone
827 105 743 stone
827 105 744 stone
827 105 745 stone
827 105 746 stone
827 105 747 stone
827 105 748 stone
827 105 749 stone
827 105 750 stone
827 105 751 stone
827 105 752 stone
827 105 753 stone
827 105 754 stone
827 105 755 stone
827 105 756 stone
827 105 757 stone
827 105 758 stone
827 105 759 copper_ore
827 105 760 stone
827 105 761 stone
827 105 762 stone
827 105 763 stone
827 105 764 stone
827 105 765 stone
827 105 766 stone
827 105 767 stone
827 105 768 stone
827 105 769 stone
827 105 770 stone
827 105 771 stone
827 105 772 stone
827 105 773 stone
827 105 774 stone
827 105 775 stone
827 105 776 stone
827 105 777 stone
827 105 778 stone
827 105 779 stone
827 105 780 stone
827 105 781 stone
827 105 782 andesite
827 105 783 andesite
827 105 784 andesite
827 105 785 andesite
827 105 786 diorite
827 105 787 diorite
827 105 788 diorite
827 105 789 diorite
827 105 790 stone
827 105 791 stone
827 105 792 stone
827 105 793 stone
827 105 794 stone
827 105 795 stone
827 105 796 stone
827 105 797 stone
827 105 798 stone
827 105 799 stone
827 105 800 stone
827 105 801 stone
827 105 802 stone
827 105 803 stone
827 105 804 stone
827 105 805 stone
827 105 806 stone
827 105 807 stone
827 105 808 stone
827 105 809 stone
827 105 810 stone
827 105 811 stone
827 105 812 stone
827 105 813 stone
827 105 814 stone
827 105 815 stone
827 105 816 stone
827 105 817 stone
827 105 818 stone
827 105 819 stone
827 105 820 copper_ore
827 105 821 copper_ore
827 105 822 copper_ore
827 105 823 copper_ore
827 105 824 stone
827 105 825 stone
827 105 826 stone
827 105 827 stone
827 105 828 stone
827 105 829 stone
827 105 830 stone
827 105 831 stone
827 105 832 stone
827 105 833 stone
827 105 834 andesite
827 105 835 andesite
827 105 836 andesite
827 105 837 andesite
827 105 838 dirt
827 105 839 dirt
827 105 840 dirt
827 105 841 dirt
827 105 842 dirt
827 105 843 dirt
827 105 844 dirt
827 105 845 stone
827 105 846 stone
827 105 847 stone
827 105 848 stone
827 105 849 stone
827 105 850 stone
827 105 851 diorite
827 105 852 diorite
827 105 853 diorite
827 105 854 diorite
827 105 855 diorite
827 105 856 diorite
827 105 857 diorite
827 105 858 diorite
827 105 859 diorite
827 105 860 stone
827 105 861 stone
827 105 862 stone
827 105 863 stone
827 105 864 stone
827 105 865 stone
827 105 866 stone
827 105 867 stone
827 105 868 stone
827 105 869 granite
827 105 870 andesite
827 105 871 andesite
827 105 872 andesite
827 105 873 andesite
827 105 874 andesite
827 105 875 andesite
827 105 876 granite
827 105 877 stone
827 105 878 stone
827 105 879 stone
827 105 880 stone
827 105 881 stone
827 105 882 stone
827 105 883 stone
827 105 884 stone
827 105 885 stone
827 105 886 stone
827 105 887 stone
827 105 888 stone
827 105 889 stone
827 105 890 stone
827 105 891 stone
827 105 892 stone
827 105 894 granite
827 105 895 diorite
827 105 896 diorite
827 105 897 diorite
827 105 898 diorite
827 105 899 diorite
827 105 900 diorite
827 105 901 diorite
827 105 902 granite
827 105 903 granite
827 105 904 andesite
827 105 905 andesite
827 105 906 andesite
827 105 907 andesite
827 105 908 andesite
827 105 909 andesite
827 105 910 water[level=0]
827 105 911 water[level=0]
827 105 912 water[level=0]
827 105 913 andesite
827 105 914 andesite
827 105 915 andesite
827 105 916 copper_ore
827 105 917 copper_ore
827 105 918 andesite
827 105 919 stone
827 105 920 stone
827 105 921 stone
827 105 922 stone
827 105 923 stone
827 105 924 stone
827 105 925 stone
827 105 926 stone
827 105 927 stone
827 105 928 stone
827 105 929 stone
827 105 930 stone
827 105 931 stone
827 105 932 stone
827 105 933 stone
827 105 934 stone
827 105 935 stone
827 105 936 stone
827 105 937 stone
827 105 938 stone
827 105 939 stone
827 105 940 stone
827 105 941 diorite
827 105 942 diorite
827 105 943 diorite
827 105 944 diorite
827 105 945 diorite
827 105 946 lapis_ore
827 105 947 stone
827 105 948 stone
827 105 949 stone
827 105 950 stone
827 105 951 stone
827 105 952 stone
827 105 953 stone
827 105 954 stone
827 105 955 stone
827 105 956 stone
827 105 957 stone
827 105 958 stone
827 105 959 stone
827 105 960 stone
827 105 961 iron_ore
827 105 962 iron_ore
827 105 963 stone
827 105 964 stone
827 105 965 stone
827 105 966 stone
827 105 967 stone
827 105 968 stone
827 105 969 stone
827 105 970 stone
827 105 971 stone
827 105 972 stone
827 105 973 stone
827 105 974 stone
827 105 975 stone
827 105 976 stone
827 105 977 stone
827 105 978 stone
827 105 979 stone
827 105 980 stone
827 105 981 stone
827 105 982 stone
827 105 983 stone
827 105 984 stone
827 105 985 stone
827 105 986 stone
827 105 987 stone
827 105 988 stone
827 105 989 stone
827 105 990 stone
827 105 991 stone
827 105 992 stone
827 105 993 stone
827 105 994 stone
827 105 995 stone
827 105 996 copper_ore
827 105 997 copper_ore
827 105 998 copper_ore
827 105 999 stone
827 105 1000 stone
827 105 1001 stone
827 105 1002 stone
827 105 1003 stone
827 105 1004 stone
827 105 1005 stone
827 105 1009 stone
827 105 1010 stone
827 105 1011 stone
827 105 1012 stone
827 105 1013 stone
827 105 1014 stone
827 105 1015 stone
827 105 1016 stone
827 105 1017 stone
827 105 1018 stone
827 105 1019 stone
827 105 1020 stone
827 105 1021 diorite
827 105 1022 diorite
827 105 1023 diorite
827 106 2 granite
827 106 3 granite
827 106 4 granite
827 106 5 granite
827 106 6 granite
827 106 7 granite
827 106 8 stone
827 106 9 stone
827 106 10 stone
827 106 11 stone
827 106 12 stone
827 106 13 stone
827 106 14 stone
827 106 15 stone
827 106 16 stone
827 106 17 stone
827 106 18 stone
827 106 19 stone
827 106 20 stone
827 106 21 stone
827 106 22 stone
827 106 23 stone
827 106 24 stone
827 106 25 stone
827 106 26 stone
827 106 27 stone
827 106 28 stone
827 106 29 stone
827 106 30 stone
827 106 31 stone
827 106 32 stone
827 106 33 stone
827 106 34 stone
827 106 35 stone
827 106 36 stone
827 106 37 stone
827 106 38 stone
827 106 39 stone
827 106 40 stone
827 106 41 stone
827 106 42 stone
827 106 43 stone
827 106 44 stone
827 106 45 stone
827 106 46 stone
827 106 47 stone
827 106 48 stone
827 106 49 stone
827 106 50 andesite
827 106 51 andesite
827 106 52 andesite
827 106 53 andesite
827 106 54 stone
827 106 55 stone
827 106 56 diorite
827 106 57 diorite
827 106 58 diorite
827 106 59 diorite
827 106 60 diorite
827 106 61 stone
827 106 62 stone
827 106 63 stone
827 106 64 copper_ore
827 106 65 copper_ore
827 106 66 stone
827 106 67 stone
827 106 68 stone
827 106 69 stone
827 106 70 stone
827 106 71 stone
827 106 72 stone
827 106 73 stone
827 106 74 stone
827 106 75 stone
827 106 76 stone
827 106 77 stone
827 106 78 stone
827 106 79 stone
827 106 80 granite
827 106 81 granite
827 106 82 granite
827 106 83 granite
827 106 84 granite
827 106 85 granite
827 106 86 granite
827 106 87 granite
827 106 88 granite
827 106 89 stone
827 106 90 stone
827 106 91 stone
827 106 103 stone
827 106 104 stone
827 106 105 stone
827 106 106 stone
827 106 107 stone
827 106 108 stone
827 106 109 stone
827 106 110 stone
827 106 111 stone
827 106 112 stone
827 106 113 stone
827 106 114 stone
827 106 115 stone
827 106 116 stone
827 106 117 stone
827 106 118 stone
827 106 119 gravel
827 106 120 gravel
827 106 121 gravel
827 106 122 stone
827 106 123 stone
827 106 124 stone
827 106 125 stone
827 106 126 stone
827 106 127 stone
827 106 128 stone
827 106 129 stone
827 106 130 granite
827 106 131 granite
827 106 132 granite
827 106 133 granite
827 106 134 granite
827 106 135 granite
827 106 136 granite
827 106 137 granite
827 106 138 granite
827 106 139 granite
827 106 140 granite
827 106 141 granite
827 106 142 granite
827 106 143 granite
827 106 144 stone
827 106 145 stone
827 106 146 stone
827 106 147 stone
827 106 148 stone
827 106 149 stone
827 106 150 stone
827 106 151 stone
827 106 152 stone
827 106 153 stone
827 106 154 stone
827 106 155 stone
827 106 156 stone
827 106 157 stone
827 106 158 stone
827 106 159 stone
827 106 160 stone
827 106 161 stone
827 106 162 stone
827 106 163 stone
827 106 164 stone
827 106 165 stone
827 106 166 copper_ore
827 106 167 stone
827 106 168 granite
827 106 169 granite
827 106 170 granite
827 106 171 granite
827 106 172 granite
827 106 173 stone
827 106 174 stone
827 106 175 stone
827 106 176 stone
827 106 177 stone
827 106 178 stone
827 106 179 stone
827 106 180 stone
827 106 181 stone
827 106 182 stone
827 106 183 stone
827 106 184 stone
827 106 185 stone
827 106 186 stone
827 106 187 stone
827 106 188 stone
827 106 189 stone
827 106 190 diorite
827 106 191 diorite
827 106 192 diorite
827 106 193 coal_ore
827 106 194 coal_ore
827 106 195 diorite
827 106 196 stone
827 106 197 stone
827 106 198 stone
827 106 199 stone
827 106 200 stone
827 106 201 stone
827 106 202 stone
827 106 203 stone
827 106 204 stone
827 106 205 stone
827 106 206 stone
827 106 207 stone
827 106 208 stone
827 106 209 stone
827 106 210 stone
827 106 211 stone
827 106 212 stone
827 106 213 stone
827 106 214 stone
827 106 215 stone
827 106 216 stone
827 106 217 stone
827 106 218 coal_ore
827 106 219 coal_ore
827 106 220 stone
827 106 221 stone
827 106 222 stone
827 106 223 stone
827 106 224 stone
827 106 225 stone
827 106 226 stone
827 106 227 stone
827 106 228 stone
827 106 229 stone
827 106 230 stone
827 106 231 stone
827 106 232 stone
827 106 233 stone
827 106 234 stone
827 106 235 stone
827 106 236 stone
827 106 237 stone
827 106 238 stone
827 106 239 stone
827 106 240 stone
827 106 241 stone
827 106 242 stone
827 106 243 stone
827 106 244 stone
827 106 245 stone
827 106 246 stone
827 106 247 stone
827 106 248 stone
827 106 249 stone
827 106 250 stone
827 106 251 stone
827 106 252 stone
827 106 253 stone
827 106 254 stone
827 106 255 stone
827 106 256 stone
827 106 257 stone
827 106 258 stone
827 106 259 lapis_ore
827 106 260 stone
827 106 261 stone
827 106 262 stone
827 106 263 stone
827 106 264 stone
827 106 265 stone
827 106 266 stone
827 106 267 stone
827 106 268 stone
827 106 269 stone
827 106 270 stone
