fill 792 128 751 792 128 754 stone
fill 792 128 755 792 128 757 dirt
fill 792 128 758 792 128 767 stone
fill 793 128 640 793 128 664 stone
793 128 665 copper_ore
793 128 666 copper_ore
fill 793 128 667 793 128 691 stone
fill 793 128 692 793 128 699 granite
fill 793 128 700 793 128 745 stone
fill 793 128 751 793 128 754 stone
fill 793 128 755 793 128 757 dirt
fill 793 128 758 793 128 767 stone
fill 794 128 640 794 128 692 stone
fill 794 128 693 794 128 699 granite
fill 794 128 700 794 128 745 stone
fill 794 128 751 794 128 767 stone
fill 795 128 640 795 128 693 stone
fill 795 128 694 795 128 699 granite
fill 795 128 700 795 128 745 stone
fill 795 128 751 795 128 767 stone
fill 796 128 640 796 128 694 stone
fill 796 128 695 796 128 699 granite
fill 796 128 700 796 128 745 stone
fill 796 128 751 796 128 767 stone
fill 797 128 640 797 128 695 stone
fill 797 128 696 797 128 699 granite
fill 797 128 700 797 128 744 stone
fill 797 128 751 797 128 767 stone
fill 798 128 640 798 128 690 stone
798 128 691 copper_ore
798 128 692 copper_ore
fill 798 128 693 798 128 744 stone
fill 798 128 750 798 128 767 stone
fill 799 128 640 799 128 743 stone
fill 799 128 750 799 128 767 stone
fill 800 128 640 800 128 721 stone
800 128 722 copper_ore
800 128 723 lapis_ore
fill 800 128 724 800 128 742 stone
fill 800 128 749 800 128 763 stone
800 128 764 stone
800 128 765 copper_ore
800 128 766 stone
800 128 767 stone
fill 801 128 640 801 128 721 stone
801 128 722 lapis_ore
801 128 723 copper_ore
801 128 724 copper_ore
fill 801 128 725 801 128 741 stone
fill 801 128 749 801 128 763 stone
801 128 764 copper_ore
fill 801 128 765 801 128 767 stone
fill 802 128 640 802 128 740 stone
fill 802 128 748 802 128 757 stone
fill 802 128 759 802 128 767 stone
fill 803 128 640 803 128 740 stone
fill 803 128 747 803 128 756 stone
fill 803 128 760 803 128 767 stone
fill 804 128 640 804 128 733 stone
804 128 734 dirt
804 128 735 dirt
fill 804 128 736 804 128 739 stone
fill 804 128 746 804 128 756 stone
fill 804 128 760 804 128 767 stone
fill 805 128 640 805 128 645 stone
805 128 646 copper_ore
fill 805 128 647 805 128 681 stone
805 128 682 iron_ore
fill 805 128 683 805 128 726 stone
fill 805 128 727 805 128 730 coal_ore
fill 805 128 731 805 128 733 stone
fill 805 128 734 805 128 737 dirt
805 128 738 stone
805 128 739 stone
fill 805 128 744 805 128 757 stone
fill 805 128 761 805 128 767 stone
fill 806 128 640 806 128 650 stone
fill 806 128 651 806 128 656 dirt
fill 806 128 657 806 128 680 stone
806 128 681 iron_ore
fill 806 128 682 806 128 726 stone
fill 806 128 727 806 128 731 coal_ore
806 128 732 stone
806 128 733 stone
fill 806 128 734 806 128 738 dirt
fill 806 128 744 806 128 767 stone
fill 807 128 640 807 128 650 stone
fill 807 128 651 807 128 658 dirt
fill 807 128 659 807 128 685 stone
807 128 686 copper_ore
fill 807 128 687 807 128 722 stone
807 128 723 copper_ore
fill 807 128 724 807 128 734 stone
fill 807 128 735 807 128 738 dirt
fill 807 128 742 807 128 767 stone
fill 808 128 640 808 128 651 stone
fill 808 128 652 808 128 659 dirt
fill 808 128 660 808 128 735 stone
fill 808 128 736 808 128 739 dirt
fill 808 128 740 808 128 767 stone
fill 809 128 640 809 128 652 stone
fill 809 128 653 809 128 659 dirt
fill 809 128 660 809 128 666 stone
809 128 667 copper_ore
fill 809 128 668 809 128 735 stone
809 128 736 copper_ore
809 128 737 stone
809 128 738 dirt
809 128 739 dirt
fill 809 128 740 809 128 767 stone
fill 810 128 640 810 128 656 stone
810 128 657 dirt
810 128 658 dirt
fill 810 128 659 810 128 666 stone
810 128 667 copper_ore
810 128 668 copper_ore
fill 810 128 669 810 128 747 stone
810 128 748 coal_ore
810 128 749 coal_ore
fill 810 128 750 810 128 767 stone
fill 811 128 640 811 128 747 stone
fill 811 128 748 811 128 751 coal_ore
fill 811 128 752 811 128 767 stone
fill 812 128 640 812 128 749 stone
812 128 750 coal_ore
fill 812 128 751 812 128 767 stone
fill 813 128 640 813 128 648 stone
813 128 649 coal_ore
813 128 650 coal_ore
fill 813 128 651 813 128 678 stone
813 128 679 granite
813 128 680 granite
fill 813 128 681 813 128 761 stone
813 128 762 copper_ore
813 128 763 copper_ore
fill 813 128 764 813 128 767 stone
fill 814 128 640 814 128 649 stone
814 128 650 coal_ore
814 128 651 coal_ore
fill 814 128 652 814 128 678 stone
fill 814 128 679 814 128 681 granite
fill 814 128 682 814 128 761 stone
814 128 762 copper_ore
814 128 763 copper_ore
fill 814 128 764 814 128 767 stone
fill 815 128 640 815 128 649 stone
815 128 650 coal_ore
815 128 651 coal_ore
fill 815 128 652 815 128 669 stone
815 128 670 coal_ore
815 128 671 coal_ore
fill 815 128 672 815 128 677 stone
fill 815 128 678 815 128 682 granite
fill 815 128 683 815 128 697 stone
815 128 698 iron_ore
fill 815 128 699 815 128 762 stone
815 128 763 copper_ore
fill 815 128 764 815 128 767 stone
fill 816 128 640 816 128 677 stone
fill 816 128 678 816 128 683 granite
fill 816 128 684 816 128 767 stone
fill 817 128 640 817 128 676 stone
fill 817 128 677 817 128 683 granite
fill 817 128 684 817 128 767 stone
fill 818 128 640 818 128 676 stone
fill 818 128 677 818 128 683 granite
fill 818 128 684 818 128 767 stone
fill 819 128 640 819 128 643 stone
fill 819 128 644 819 128 676 stone
fill 819 128 677 819 128 683 granite
fill 819 128 684 819 128 767 stone
fill 820 128 640 820 128 677 stone
fill 820 128 678 820 128 683 granite
fill 820 128 684 820 128 746 stone
820 128 747 iron_ore
fill 820 128 748 820 128 767 stone
fill 821 128 640 821 128 677 stone
fill 821 128 678 821 128 683 granite
fill 821 128 684 821 128 747 stone
821 128 748 iron_ore
fill 821 128 749 821 128 767 stone
fill 822 128 640 822 128 677 stone
fill 822 128 678 822 128 684 granite
fill 822 128 685 822 128 767 stone
fill 823 128 640 823 128 677 stone
fill 823 128 678 823 128 683 granite
fill 823 128 684 823 128 689 stone
fill 823 128 690 823 128 692 gravel
fill 823 128 693 823 128 767 stone
fill 824 128 640 824 128 676 stone
824 128 677 coal_ore
824 128 678 stone
fill 824 128 679 824 128 683 granite
fill 824 128 684 824 128 688 stone
fill 824 128 689 824 128 692 gravel
fill 824 128 693 824 128 695 stone
824 128 696 dirt
fill 824 128 697 824 128 767 stone
fill 825 128 640 825 128 675 stone
825 128 676 coal_ore
825 128 677 coal_ore
825 128 678 stone
fill 825 128 679 825 128 682 granite
fill 825 128 683 825 128 688 stone
fill 825 128 689 825 128 691 gravel
825 128 692 stone
fill 825 128 693 825 128 697 dirt
fill 825 128 698 825 128 767 stone
fill 826 128 640 826 128 675 stone
826 128 676 coal_ore
826 128 677 coal_ore
826 128 678 stone
826 128 679 stone
fill 826 128 680 826 128 682 granite
fill 826 128 683 826 128 690 stone
fill 826 128 691 826 128 696 dirt
fill 826 128 697 826 128 767 stone
fill 827 128 640 827 128 675 stone
827 128 676 coal_ore
827 128 677 coal_ore
827 128 678 stone
827 128 679 stone
fill 827 128 680 827 128 682 granite
fill 827 128 683 827 128 689 stone
fill 827 128 690 827 128 696 dirt
fill 827 128 697 827 128 750 stone
fill 827 128 751 827 128 767 stone
fill 828 128 640 828 128 675 stone
828 128 676 coal_ore
828 128 677 coal_ore
fill 828 128 678 828 128 688 stone
fill 828 128 689 828 128 695 dirt
fill 828 128 696 828 128 737 stone
828 128 738 copper_ore
828 128 739 copper_ore
fill 828 128 740 828 128 767 stone
fill 829 128 640 829 128 675 stone
829 128 676 coal_ore
829 128 677 coal_ore
fill 829 128 678 829 128 688 stone
fill 829 128 689 829 128 694 dirt
fill 829 128 695 829 128 716 stone
829 128 717 copper_ore
fill 829 128 718 829 128 737 stone
829 128 738 copper_ore
829 128 739 copper_ore
fill 829 128 740 829 128 767 stone
fill 830 128 640 830 128 664 stone
830 128 665 coal_ore
fill 830 128 666 830 128 688 stone
fill 830 128 689 830 128 693 dirt
fill 830 128 694 830 128 716 stone
830 128 717 copper_ore
fill 830 128 718 830 128 767 stone
fill 831 128 640 831 128 663 stone
831 128 664 coal_ore
831 128 665 coal_ore
fill 831 128 666 831 128 767 stone
fill 832 128 640 832 128 663 stone
832 128 664 coal_ore
fill 832 128 665 832 128 767 stone
fill 833 128 640 833 128 675 stone
833 128 676 copper_ore
833 128 677 copper_ore
fill 833 128 678 833 128 687 stone
833 128 688 gravel
833 128 689 gravel
fill 833 128 690 833 128 702 stone
fill 833 128 709 833 128 767 stone
fill 834 128 640 834 128 675 stone
834 128 676 copper_ore
834 128 677 copper_ore
fill 834 128 678 834 128 687 stone
834 128 688 gravel
834 128 689 gravel
fill 834 128 690 834 128 699 stone
fill 834 128 712 834 128 767 stone
fill 835 128 640 835 128 687 stone
835 128 688 gravel
835 128 689 gravel
fill 835 128 690 835 128 698 stone
fill 835 128 714 835 128 767 stone
fill 836 128 640 836 128 688 stone
836 128 689 gravel
fill 836 128 690 836 128 698 stone
fill 836 128 715 836 128 767 stone
fill 837 128 640 837 128 653 stone
fill 837 128 654 837 128 688 stone
837 128 689 gravel
837 128 690 gravel
fill 837 128 691 837 128 697 stone
fill 837 128 704 837 128 706 stone
fill 837 128 716 837 128 767 stone
fill 838 128 640 838 128 654 stone
838 128 655 gravel
fill 838 128 656 838 128 688 stone
838 128 689 gravel
fill 838 128 690 838 128 696 stone
fill 838 128 703 838 128 708 stone
fill 838 128 717 838 128 747 stone
838 128 748 copper_ore
838 128 749 copper_ore
fill 838 128 750 838 128 767 stone
fill 839 128 640 839 128 653 stone
fill 839 128 654 839 128 656 gravel
839 128 657 stone
839 128 658 stone
fill 839 128 659 839 128 661 copper_ore
fill 839 128 662 839 128 670 stone
fill 839 128 674 839 128 696 stone
fill 839 128 701 839 128 711 stone
fill 839 128 717 839 128 736 stone
839 128 737 copper_ore
839 128 738 copper_ore
fill 839 128 739 839 128 767 stone
fill 840 128 640 840 128 653 stone
fill 840 128 654 840 128 657 gravel
840 128 658 stone
840 128 659 stone
840 128 660 copper_ore
840 128 661 copper_ore
fill 840 128 662 840 128 670 stone
fill 840 128 674 840 128 677 stone
840 128 678 coal_ore
840 128 679 coal_ore
fill 840 128 680 840 128 713 stone
fill 840 128 716 840 128 767 stone
fill 841 128 640 841 128 653 stone
fill 841 128 654 841 128 658 gravel
fill 841 128 659 841 128 669 stone
fill 841 128 674 841 128 676 stone
fill 841 128 677 841 128 680 coal_ore
fill 841 128 681 841 128 767 stone
fill 842 128 640 842 128 653 stone
fill 842 128 654 842 128 658 gravel
fill 842 128 659 842 128 669 stone
fill 842 128 674 842 128 677 stone
fill 842 128 678 842 128 680 coal_ore
fill 842 128 681 842 128 720 stone
fill 842 128 728 842 128 763 stone
fill 842 128 764 842 128 767 coal_ore
fill 843 128 640 843 128 654 stone
fill 843 128 655 843 128 659 gravel
fill 843 128 660 843 128 669 stone
fill 843 128 674 843 128 719 stone
fill 843 128 728 843 128 756 stone
843 128 757 coal_ore
843 128 758 coal_ore
fill 843 128 759 843 128 764 stone
843 128 765 coal_ore
843 128 766 stone
843 128 767 stone
fill 844 128 640 844 128 654 stone
fill 844 128 655 844 128 659 gravel
fill 844 128 660 844 128 669 stone
fill 844 128 674 844 128 719 stone
fill 844 128 725 844 128 756 stone
fill 844 128 757 844 128 759 coal_ore
fill 844 128 760 844 128 765 stone
fill 845 128 640 845 128 655 stone
fill 845 128 656 845 128 659 gravel
fill 845 128 660 845 128 669 stone
fill 845 128 675 845 128 718 stone
fill 845 128 724 845 128 729 stone
845 128 730 coal_ore
fill 845 128 731 845 128 757 stone
fill 845 128 758 845 128 760 coal_ore
fill 845 128 761 845 128 763 stone
fill 846 128 640 846 128 656 stone
fill 846 128 657 846 128 659 gravel
fill 846 128 660 846 128 669 stone
fill 846 128 675 846 128 718 stone
fill 846 128 723 846 128 730 stone
846 128 731 coal_ore
fill 846 128 732 846 128 737 stone
fill 846 128 738 846 128 761 stone
fill 847 128 640 847 128 657 stone
847 128 658 gravel
fill 847 128 659 847 128 669 stone
fill 847 128 675 847 128 685 stone
847 128 686 copper_ore
fill 847 128 687 847 128 717 stone
fill 847 128 723 847 128 731 stone
847 128 732 coal_ore
fill 847 128 733 847 128 740 stone
fill 847 128 743 847 128 761 stone
847 128 762 iron_ore
fill 848 128 640 848 128 668 stone
fill 848 128 676 848 128 717 stone
fill 848 128 723 848 128 740 stone
fill 848 128 743 848 128 762 stone
fill 849 128 640 849 128 668 stone
fill 849 128 676 849 128 717 stone
fill 849 128 723 849 128 762 stone
fill 850 128 640 850 128 656 stone
850 128 657 coal_ore
850 128 658 coal_ore
fill 850 128 659 850 128 667 stone
fill 850 128 676 850 128 717 stone
fill 850 128 722 850 128 763 stone
fill 851 128 640 851 128 656 stone
fill 851 128 657 851 128 659 coal_ore
fill 851 128 660 851 128 667 stone
fill 851 128 675 851 128 717 stone
fill 851 128 723 851 128 763 stone
fill 852 128 640 852 128 652 stone
852 128 653 dirt
852 128 654 dirt
fill 852 128 655 852 128 657 stone
fill 852 128 658 852 128 660 coal_ore
fill 852 128 661 852 128 666 stone
fill 852 128 675 852 128 717 stone
fill 852 128 726 852 128 766 stone
853 128 640 copper_ore
fill 853 128 641 853 128 650 stone
fill 853 128 651 853 128 654 dirt
fill 853 128 655 853 128 658 stone
853 128 659 coal_ore
fill 853 128 660 853 128 666 stone
fill 853 128 675 853 128 718 stone
fill 853 128 727 853 128 758 stone
fill 853 128 759 853 128 761 coal_ore
fill 853 128 762 853 128 767 stone
fill 854 128 640 854 128 648 stone
fill 854 128 649 854 128 654 dirt
fill 854 128 655 854 128 665 stone
fill 854 128 674 854 128 718 stone
fill 854 128 729 854 128 734 stone
fill 854 128 735 854 128 737 dirt
fill 854 128 738 854 128 758 stone
854 128 759 coal_ore
854 128 760 coal_ore
fill 854 128 761 854 128 767 stone
fill 855 128 640 855 128 647 stone
fill 855 128 648 855 128 653 dirt
fill 855 128 654 855 128 657 stone
855 128 658 coal_ore
fill 855 128 659 855 128 665 stone
fill 855 128 674 855 128 720 stone
fill 855 128 729 855 128 733 stone
fill 855 128 734 855 128 737 dirt
fill 855 128 738 855 128 767 stone
fill 856 128 640 856 128 646 stone
fill 856 128 647 856 128 652 dirt
fill 856 128 653 856 128 657 stone
856 128 658 coal_ore
856 128 659 coal_ore
fill 856 128 660 856 128 665 stone
fill 856 128 673 856 128 723 stone
856 128 727 water[level=1]
856 128 728 water[level=1]
fill 856 128 729 856 128 733 stone
fill 856 128 734 856 128 737 dirt
fill 856 128 738 856 128 759 stone
fill 856 128 760 856 128 767 stone
fill 857 128 640 857 128 646 stone
fill 857 128 647 857 128 651 dirt
fill 857 128 652 857 128 658 stone
857 128 659 coal_ore
fill 857 128 660 857 128 665 stone
fill 857 128 673 857 128 701 stone
857 128 702 copper_ore
857 128 703 copper_ore
fill 857 128 704 857 128 725 stone
857 128 727 water[level=8]
857 128 728 water[level=8]
fill 857 128 729 857 128 731 stone
fill 857 128 732 857 128 737 dirt
fill 857 128 738 857 128 767 stone
fill 858 128 640 858 128 645 stone
fill 858 128 646 858 128 651 dirt
fill 858 128 652 858 128 658 stone
858 128 659 coal_ore
fill 858 128 660 858 128 665 stone
fill 858 128 672 858 128 701 stone
858 128 702 copper_ore
858 128 703 copper_ore
fill 858 128 704 858 128 731 stone
fill 858 128 732 858 128 736 dirt
fill 858 128 737 858 128 767 stone
fill 859 128 640 859 128 646 stone
859 128 647 dirt
859 128 648 dirt
fill 859 128 649 859 128 665 stone
fill 859 128 671 859 128 690 stone
859 128 691 copper_ore
859 128 692 copper_ore
fill 859 128 693 859 128 731 stone
fill 859 128 732 859 128 736 dirt
fill 859 128 737 859 128 767 stone
fill 860 128 640 860 128 665 stone
fill 860 128 671 860 128 690 stone
860 128 691 copper_ore
860 128 692 copper_ore
fill 860 128 693 860 128 731 stone
fill 860 128 732 860 128 735 dirt
fill 860 128 736 860 128 767 stone
fill 861 128 640 861 128 665 stone
fill 861 128 670 861 128 731 stone
fill 861 128 732 861 128 734 dirt
fill 861 128 735 861 128 767 stone
fill 862 128 640 862 128 665 stone
fill 862 128 670 862 128 731 stone
862 128 732 dirt
fill 862 128 733 862 128 767 stone
fill 863 128 640 863 128 645 dirt
fill 863 128 646 863 128 666 stone
fill 863 128 669 863 128 767 stone
fill 864 128 640 864 128 644 dirt
fill 864 128 645 864 128 678 stone
864 128 679 copper_ore
fill 864 128 680 864 128 767 stone
fill 865 128 640 865 128 643 dirt
fill 865 128 644 865 128 767 stone
866 128 640 dirt
866 128 641 dirt
fill 866 128 642 866 128 649 stone
fill 866 128 650 866 128 664 stone
866 128 665 coal_ore
866 128 666 coal_ore
fill 866 128 667 866 128 691 stone
fill 866 128 692 866 128 695 dirt
fill 866 128 696 866 128 733 stone
866 128 734 coal_ore
866 128 735 coal_ore
fill 866 128 736 866 128 767 stone
fill 867 128 640 867 128 663 stone
fill 867 128 664 867 128 666 coal_ore
fill 867 128 667 867 128 689 stone
fill 867 128 690 867 128 696 dirt
fill 867 128 697 867 128 734 stone
867 128 735 coal_ore
867 128 736 coal_ore
fill 867 128 737 867 128 767 stone
fill 868 128 640 868 128 662 stone
fill 868 128 663 868 128 665 coal_ore
fill 868 128 666 868 128 688 stone
fill 868 128 689 868 128 695 dirt
fill 868 128 696 868 128 734 stone
868 128 735 coal_ore
868 128 736 coal_ore
fill 868 128 737 868 128 767 stone
fill 869 128 640 869 128 662 stone
869 128 663 coal_ore
869 128 664 coal_ore
fill 869 128 665 869 128 688 stone
fill 869 128 689 869 128 695 dirt
fill 869 128 696 869 128 723 stone
fill 869 128 724 869 128 727 gravel
fill 869 128 728 869 128 767 stone
fill 870 128 640 870 128 687 stone
fill 870 128 688 870 128 693 dirt
870 128 694 coal_ore
fill 870 128 695 870 128 721 stone
fill 870 128 722 870 128 727 gravel
fill 870 128 728 870 128 767 stone
fill 871 128 640 871 128 687 stone
871 128 688 coal_ore
871 128 689 coal_ore
871 128 690 dirt
871 128 691 dirt
871 128 692 stone
fill 871 128 693 871 128 695 coal_ore
fill 871 128 696 871 128 701 stone
fill 871 128 702 871 128 704 copper_ore
fill 871 128 705 871 128 720 stone
fill 871 128 721 871 128 727 gravel
fill 871 128 728 871 128 767 stone
fill 872 128 640 872 128 686 stone
fill 872 128 687 872 128 689 coal_ore
fill 872 128 690 872 128 693 stone
872 128 694 coal_ore
872 128 695 coal_ore
fill 872 128 696 872 128 702 stone
872 128 703 copper_ore
872 128 704 copper_ore
fill 872 128 705 872 128 719 stone
fill 872 128 720 872 128 726 gravel
fill 872 128 727 872 128 767 stone
fill 873 128 640 873 128 682 stone
873 128 683 andesite
873 128 684 andesite
873 128 685 stone
fill 873 128 686 873 128 688 coal_ore
fill 873 128 689 873 128 719 stone
fill 873 128 720 873 128 725 gravel
fill 873 128 726 873 128 767 stone
fill 874 128 640 874 128 681 stone
fill 874 128 682 874 128 685 andesite
874 128 686 coal_ore
874 128 687 coal_ore
fill 874 128 688 874 128 719 stone
fill 874 128 720 874 128 724 gravel
fill 874 128 725 874 128 754 stone
fill 874 128 755 874 128 767 stone
fill 875 128 640 875 128 680 stone
fill 875 128 681 875 128 685 andesite
fill 875 128 686 875 128 720 stone
fill 875 128 721 875 128 724 gravel
fill 875 128 725 875 128 767 stone
fill 876 128 640 876 128 680 stone
fill 876 128 681 876 128 686 andesite
fill 876 128 687 876 128 702 stone
876 128 703 coal_ore
876 128 704 coal_ore
fill 876 128 705 876 128 720 stone
fill 876 128 721 876 128 724 gravel
fill 876 128 725 876 128 767 stone
fill 877 128 640 877 128 642 stone
877 128 643 copper_ore
fill 877 128 644 877 128 672 stone
877 128 673 coal_ore
fill 877 128 674 877 128 680 stone
fill 877 128 681 877 128 685 andesite
fill 877 128 686 877 128 702 stone
fill 877 128 703 877 128 705 coal_ore
fill 877 128 706 877 128 720 stone
fill 877 128 721 877 128 723 gravel
fill 877 128 724 877 128 767 stone
fill 878 128 640 878 128 642 stone
878 128 643 copper_ore
878 128 644 copper_ore
fill 878 128 645 878 128 671 stone
fill 878 128 672 878 128 674 coal_ore
fill 878 128 675 878 128 679 stone
fill 878 128 680 878 128 686 andesite
fill 878 128 687 878 128 703 stone
878 128 704 coal_ore
878 128 705 coal_ore
fill 878 128 706 878 128 720 stone
fill 878 128 721 878 128 723 gravel
fill 878 128 724 878 128 767 stone
fill 879 128 640 879 128 643 stone
879 128 644 copper_ore
fill 879 128 645 879 128 666 stone
fill 879 128 667 879 128 669 coal_ore
879 128 670 stone
fill 879 128 671 879 128 673 coal_ore
fill 879 128 674 879 128 679 stone
fill 879 128 680 879 128 686 andesite
fill 879 128 687 879 128 720 stone
879 128 721 gravel
879 128 722 gravel
fill 879 128 723 879 128 767 stone
fill 880 128 640 880 128 667 stone
880 128 668 coal_ore
880 128 669 coal_ore
880 128 670 stone
880 128 671 coal_ore
880 128 672 coal_ore
fill 880 128 673 880 128 679 stone
fill 880 128 680 880 128 686 andesite
fill 880 128 687 880 128 767 stone
fill 881 128 640 881 128 667 stone
881 128 668 coal_ore
881 128 669 coal_ore
fill 881 128 670 881 128 679 stone
fill 881 128 680 881 128 686 andesite
fill 881 128 687 881 128 767 stone
fill 882 128 640 882 128 667 stone
fill 882 128 668 882 128 670 coal_ore
882 128 671 stone