831 130 352 stone
831 130 353 stone
831 130 354 stone
831 130 355 stone
831 130 356 stone
831 130 357 stone
831 130 358 coal_ore
831 130 359 coal_ore
831 130 360 coal_ore
831 130 361 stone
831 130 362 stone
831 130 363 stone
831 130 364 stone
831 130 365 stone
831 130 366 stone
831 130 367 stone
831 130 368 stone
831 130 369 stone
831 130 370 stone
831 130 371 copper_ore
831 130 372 stone
831 130 373 stone
831 130 374 stone
831 130 375 stone
831 130 376 stone
831 130 377 stone
831 130 378 stone
831 130 379 dirt
831 130 380 dirt
831 130 381 dirt
831 130 382 dirt
831 130 383 stone
831 130 384 stone
831 130 385 stone
831 130 386 stone
831 130 387 stone
831 130 388 stone
831 130 389 stone
831 130 390 stone
831 130 391 stone
831 130 392 stone
831 130 393 stone
831 130 394 stone
831 130 395 stone
831 130 396 stone
831 130 397 stone
831 130 398 stone
831 130 399 stone
831 130 400 stone
831 130 401 stone
831 130 402 stone
831 130 403 stone
831 130 404 stone
831 130 405 stone
831 130 406 stone
831 130 407 stone
831 130 408 stone
831 130 409 stone
831 130 410 stone
831 130 411 stone
831 130 412 stone
831 130 413 stone
831 130 414 stone
831 130 415 stone
831 130 416 stone
831 130 417 stone
831 130 418 stone
831 130 419 stone
831 130 420 stone
831 130 421 stone
831 130 422 stone
831 130 423 stone
831 130 424 stone
831 130 425 stone
831 130 426 stone
831 130 427 stone
831 130 428 stone
831 130 429 stone
831 130 430 stone
831 130 431 stone
831 130 432 stone
831 130 433 coal_ore
831 130 434 coal_ore
831 130 435 stone
831 130 436 stone
831 130 437 stone
831 130 438 stone
831 130 439 stone
831 130 440 dirt
831 130 441 dirt
831 130 442 dirt
831 130 476 grass_block[snowy=false]
831 130 477 dirt
831 130 478 stone
831 130 479 stone
831 130 480 stone
831 130 481 stone
831 130 482 stone
831 130 483 stone
831 130 484 stone
831 130 485 stone
831 130 486 stone
831 130 487 stone
831 130 488 stone
831 130 489 granite
831 130 490 granite
831 130 491 granite
831 130 492 granite
831 130 493 granite
831 130 494 granite
831 130 495 stone
831 130 496 stone
831 130 497 stone
831 130 498 stone
831 130 499 stone
831 130 500 stone
831 130 501 stone
831 130 502 stone
831 130 503 stone
831 130 504 stone
831 130 505 stone
831 130 506 stone
831 130 507 stone
831 130 508 stone
831 130 509 stone
831 130 510 stone
831 130 511 stone
831 130 512 stone
831 130 513 granite
831 130 514 granite
831 130 515 granite
831 130 516 granite
831 130 517 granite
831 130 518 granite
831 130 519 granite
831 130 520 granite
831 130 521 stone
831 130 522 stone
831 130 523 stone
831 130 524 stone
831 130 525 stone
831 130 526 stone
831 130 527 stone
831 130 528 stone
831 130 529 stone
831 130 530 stone
831 130 531 stone
831 130 532 stone
831 130 533 stone
831 130 534 stone
831 130 535 stone
831 130 536 stone
831 130 537 stone
831 130 538 stone
831 130 539 stone
831 130 540 stone
831 130 541 stone
831 130 542 stone
831 130 543 stone
831 130 544 stone
831 130 545 stone
831 130 546 stone
831 130 547 stone
831 130 548 stone
831 130 549 stone
831 130 550 stone
831 130 551 stone
831 130 552 stone
831 130 553 stone
831 130 554 stone
831 130 555 stone
831 130 556 stone
831 130 557 stone
831 130 558 stone
831 130 559 stone
831 130 560 stone
831 130 561 stone
831 130 562 stone
831 130 563 stone
831 130 564 stone
831 130 565 stone
831 130 566 stone
831 130 567 stone
831 130 568 stone
831 130 569 stone
831 130 570 stone
831 130 571 stone
831 130 572 stone
831 130 573 stone
831 130 574 stone
831 130 575 stone
831 130 576 stone
831 130 577 stone
831 130 578 stone
831 130 579 stone
831 130 580 stone
831 130 581 stone
831 130 582 stone
831 130 583 stone
831 130 584 stone
831 130 585 stone
831 130 586 stone
831 130 587 stone
831 130 588 stone
831 130 589 stone
831 130 590 stone
831 130 591 stone
831 130 592 stone
831 130 593 stone
831 130 594 stone
831 130 595 stone
831 130 596 stone
831 130 597 stone
831 130 598 stone
831 130 599 stone
831 130 600 stone
831 130 601 stone
831 130 602 stone
831 130 603 stone
831 130 604 stone
831 130 605 stone
831 130 606 stone
831 130 607 stone
831 130 608 stone
831 130 609 stone
831 130 610 stone
831 130 611 stone
831 130 612 stone
831 130 613 stone
831 130 614 stone
831 130 615 stone
831 130 616 stone
831 130 617 stone
831 130 618 stone
831 130 619 stone
831 130 620 stone
831 130 621 stone
831 130 622 stone
831 130 623 stone
831 130 624 stone
831 130 625 stone
831 130 626 stone
831 130 627 granite
831 130 628 granite
831 130 629 granite
831 130 630 granite
831 130 631 granite
831 130 632 granite
831 130 633 granite
831 130 634 granite
831 130 635 stone
831 130 636 stone
831 130 637 stone
831 130 638 stone
831 130 639 stone
831 130 640 stone
831 130 641 stone
831 130 642 stone
831 130 643 stone
831 130 644 stone
831 130 645 stone
831 130 646 stone
831 130 647 stone
831 130 648 stone
831 130 649 stone
831 130 650 stone
831 130 651 stone
831 130 652 stone
831 130 653 stone
831 130 654 stone
831 130 655 stone
831 130 656 stone
831 130 657 stone
831 130 658 stone
831 130 659 stone
831 130 660 stone
831 130 661 stone
831 130 662 stone
831 130 663 stone
831 130 664 coal_ore
831 130 665 coal_ore
831 130 666 coal_ore
831 130 667 coal_ore
831 130 668 stone
831 130 669 stone
831 130 670 stone
831 130 671 stone
831 130 672 stone
831 130 673 dirt
831 130 674 dirt
831 130 675 dirt
831 130 676 stone
831 130 677 stone
831 130 678 stone
831 130 679 stone
831 130 680 stone
831 130 681 stone
831 130 682 stone
831 130 683 stone
831 130 684 stone
831 130 685 stone
831 130 686 stone
831 130 687 gravel
831 130 688 gravel
831 130 689 gravel
831 130 690 stone
831 130 691 stone
831 130 692 stone
831 130 693 stone
831 130 694 stone
831 130 695 stone
831 130 696 stone
831 130 697 stone
831 130 698 stone
831 130 699 stone
831 130 700 stone
831 130 701 stone
831 130 702 stone
831 130 703 stone
831 130 704 stone
831 130 705 stone
831 130 706 stone
831 130 707 stone
831 130 708 stone
831 130 709 stone
831 130 710 stone
831 130 711 stone
831 130 712 stone
831 130 713 stone
831 130 714 stone
831 130 715 stone
831 130 716 stone
831 130 717 stone
831 130 718 stone
831 130 719 stone
831 130 720 stone
831 130 721 stone
831 130 722 stone
831 130 723 stone
831 130 724 stone
831 130 725 stone
831 130 726 stone
831 130 727 stone
831 130 728 stone
831 130 729 stone
831 130 730 stone
831 130 731 stone
831 130 732 stone
831 130 733 stone
831 130 734 stone
831 130 735 stone
831 130 736 stone
831 130 737 stone
831 130 738 stone
831 130 739 stone
831 130 740 stone
831 130 741 stone
831 130 742 stone
831 130 743 stone
831 130 744 stone
831 130 745 stone
831 130 746 stone
831 130 747 stone
831 130 748 stone
831 130 749 stone
831 130 750 stone
831 130 751 stone
831 130 752 stone
831 130 753 stone
831 130 754 stone
831 130 755 stone
831 130 756 stone
831 130 757 stone
831 130 758 stone
831 130 759 stone
831 130 760 stone
831 130 761 stone
831 130 762 stone
831 130 763 stone
831 130 764 stone
831 130 765 stone
831 130 766 stone
831 130 767 stone
831 130 768 stone
831 130 769 stone
831 130 770 stone
831 130 771 stone
831 130 772 stone
831 130 773 stone
831 130 774 stone
831 130 775 stone
831 130 776 stone
831 130 777 stone
831 130 778 stone
831 130 779 stone
831 130 791 stone
831 130 792 stone
831 130 793 stone
831 130 794 stone
831 130 795 stone
831 130 796 stone
831 130 797 stone
831 130 798 stone
831 130 799 stone
831 130 800 coal_ore
831 130 801 coal_ore
831 130 802 stone
831 130 803 stone
831 130 804 stone
831 130 805 stone
831 130 806 stone
831 130 807 stone
831 130 808 dirt
831 130 809 dirt
831 130 810 dirt
831 130 811 dirt
831 130 812 dirt
831 130 813 dirt
831 130 814 dirt
831 130 815 dirt
831 130 816 dirt
831 130 817 dirt
831 130 818 stone
831 130 819 stone
831 130 820 stone
831 130 821 stone
831 130 822 stone
831 130 823 stone
831 130 824 stone
831 130 825 stone
831 130 826 stone
831 130 827 stone
831 130 828 stone
831 130 829 stone
831 130 830 stone
831 130 831 stone
831 130 832 stone
831 130 833 stone
831 130 834 stone
831 130 835 stone
831 130 836 stone
831 130 837 stone
831 130 838 stone
831 130 839 stone
831 130 840 stone
831 130 841 stone
831 130 842 stone
831 130 843 stone
831 130 844 stone
831 130 845 stone
831 130 846 stone
831 130 847 stone
831 130 848 stone
831 130 849 stone
831 130 850 stone
831 130 851 stone
831 130 852 stone
831 130 853 stone
831 130 854 stone
831 130 855 stone
831 130 856 stone
831 130 857 stone
831 130 858 stone
831 130 859 stone
831 130 860 stone
831 130 861 stone
831 130 862 stone
831 130 863 stone
831 130 864 stone
831 130 865 stone
831 130 866 stone
831 130 867 stone
831 130 868 stone
831 130 869 stone
831 130 870 stone
831 130 871 stone
831 130 872 stone
831 130 873 stone
831 130 874 stone
831 130 875 stone
831 130 876 stone
831 130 877 stone
831 130 878 stone
831 130 879 stone
831 130 880 stone
831 130 881 stone
831 130 882 stone
831 130 883 stone
831 130 884 stone
831 130 885 stone
831 130 886 stone
831 130 887 stone
831 130 888 stone
831 130 889 stone
831 130 890 stone
831 130 891 stone
831 130 892 stone
831 130 893 stone
831 130 894 stone
831 130 895 stone
831 130 896 stone
831 130 897 stone
831 130 898 stone
831 130 899 stone
831 130 900 stone
831 130 901 stone
831 130 902 stone
831 130 903 stone
831 130 904 stone
831 130 905 stone
831 130 906 stone
831 130 907 stone
831 130 908 stone
831 130 909 stone
831 130 910 stone
831 130 911 stone
831 130 912 stone
831 130 913 stone
831 130 914 stone
831 130 915 stone
831 130 916 stone
831 130 917 stone
831 130 918 stone
831 130 919 stone
831 130 920 stone
831 130 921 stone
831 130 922 stone
831 130 923 stone
831 130 924 stone
831 130 925 stone
831 130 926 stone
831 130 927 stone
831 130 928 stone
831 130 929 stone
831 130 930 stone
831 130 931 stone
831 130 932 stone
831 130 933 stone
831 130 934 gravel
831 130 935 gravel
831 130 936 gravel
831 130 937 gravel
831 130 938 gravel
831 130 939 stone
831 130 940 stone
831 130 941 stone
831 130 942 stone
831 130 943 stone
831 130 944 stone
831 130 945 stone
831 130 946 stone
831 130 947 stone
831 130 948 stone
831 130 949 stone
831 130 950 stone
831 130 951 stone
831 130 952 stone
831 130 953 dirt
831 130 954 grass_block[snowy=false]
831 130 967 grass_block[snowy=false]
831 130 968 stone
831 130 969 stone
831 130 970 gravel
831 130 971 gravel
831 130 972 gravel
831 130 973 gravel
831 130 974 gravel
831 130 975 stone
831 130 976 stone
831 130 977 stone
831 130 978 stone
831 130 979 stone
831 130 980 stone
831 130 981 stone
831 130 982 stone
831 130 983 stone
831 130 984 stone
831 130 985 stone
831 130 986 stone
831 130 987 stone
831 130 988 stone
831 130 989 stone
831 130 990 stone
831 130 991 stone
831 130 992 stone
831 130 993 stone
831 130 994 stone
831 130 995 stone
831 130 996 stone
831 130 997 stone
831 130 998 stone
831 130 999 stone
831 130 1000 stone
831 130 1001 stone
831 130 1002 stone
831 130 1003 stone
831 130 1004 stone
831 130 1005 stone
831 130 1006 stone
831 130 1007 stone
831 130 1008 stone
831 130 1009 stone
831 130 1010 stone
831 130 1011 stone
831 130 1012 stone
831 130 1013 stone
831 130 1014 stone
831 130 1015 stone
831 130 1016 stone
831 130 1017 stone
831 130 1018 stone
831 130 1019 stone
831 130 1020 stone
831 130 1021 stone
831 130 1022 stone
831 130 1023 stone
831 131 0 stone
831 131 1 stone
831 131 2 stone
831 131 3 stone
831 131 4 stone
831 131 5 stone
831 131 6 stone
831 131 7 stone
831 131 8 stone
831 131 9 stone
831 131 10 stone
831 131 11 stone
831 131 12 stone
831 131 13 stone
831 131 14 stone
831 131 15 stone
831 131 16 stone
831 131 17 stone
831 131 18 stone
831 131 19 stone
831 131 20 stone
831 131 21 stone
831 131 22 stone
831 131 23 stone
831 131 24 stone
831 131 25 stone
831 131 26 stone
831 131 27 stone
831 131 28 stone
831 131 29 stone
831 131 30 stone
831 131 31 stone
831 131 32 stone
831 131 33 stone
831 131 34 stone
831 131 35 stone
831 131 36 stone
831 131 37 stone
831 131 38 stone
831 131 39 stone
831 131 40 stone
831 131 41 stone
831 131 42 stone
831 131 43 stone
831 131 44 coal_ore
831 131 45 stone
831 131 46 stone
831 131 47 stone
831 131 48 iron_ore
831 131 49 stone
831 131 50 stone
831 131 51 stone
831 131 52 stone
831 131 53 stone
831 131 54 stone
831 131 55 stone
831 131 56 copper_ore
831 131 57 stone
831 131 58 stone
831 131 59 stone
831 131 60 stone
831 131 61 stone
831 131 62 stone
831 131 63 stone
831 131 64 stone
831 131 65 stone
831 131 66 stone
831 131 67 stone
831 131 68 stone
831 131 69 stone
831 131 70 stone
831 131 71 stone
831 131 72 stone
831 131 73 stone
831 131 74 coal_ore
831 131 75 coal_ore
831 131 76 stone
831 131 77 stone
831 131 78 stone
831 131 79 stone
831 131 80 stone
831 131 81 stone
831 131 82 stone
831 131 83 stone
831 131 84 dirt
831 131 85 stone
831 131 86 dirt
831 131 87 dirt
831 131 88 dirt
831 131 89 dirt
831 131 90 dirt
831 131 91 dirt
831 131 92 dirt
831 131 93 dirt
831 131 94 dirt
831 131 95 dirt
831 131 96 dirt
831 131 97 dirt
831 131 98 dirt
831 131 99 dirt
831 131 100 dirt
831 131 101 dirt
831 131 102 dirt
831 131 103 dirt
831 131 104 dirt
831 131 105 dirt
831 131 106 dirt
831 131 107 dirt
831 131 108 dirt
831 131 109 dirt
831 131 110 dirt
831 131 111 dirt
831 131 112 dirt
831 131 113 dirt
831 131 114 dirt
831 131 115 dirt
831 131 116 dirt
831 131 117 dirt
831 131 118 dirt
831 131 119 dirt
831 131 120 dirt
831 131 121 dirt
831 131 122 dirt
831 131 123 dirt
831 131 124 dirt
831 131 125 dirt
831 131 126 dirt
831 131 127 dirt
831 131 128 dirt
831 131 129 dirt
831 131 130 dirt
831 131 131 dirt
831 131 132 dirt
831 131 133 dirt
831 131 134 dirt
831 131 135 grass_block[snowy=false]
831 131 136 grass_block[snowy=false]
831 131 137 grass_block[snowy=false]
831 131 138 grass_block[snowy=false]
831 131 139 grass_block[snowy=false]
831 131 140 grass_block[snowy=false]
831 131 141 grass_block[snowy=false]
831 131 142 grass_block[snowy=false]
831 131 143 grass_block[snowy=false]
831 131 144 dirt
831 131 145 dirt
831 131 146 dirt
831 131 147 dirt
831 131 148 dirt
831 131 149 dirt
831 131 150 dirt
831 131 151 dirt
831 131 152 dirt
831 131 153 dirt
831 131 154 dirt
831 131 155 dirt
831 131 156 dirt
831 131 157 dirt
831 131 158 dirt
831 131 159 dirt
831 131 160 dirt
831 131 161 dirt
831 131 162 dirt
831 131 163 dirt
831 131 164 stone
831 131 165 stone
831 131 166 stone
831 131 167 stone
831 131 168 stone
831 131 169 stone
831 131 170 stone
831 131 171 stone
831 131 172 stone
831 131 173 stone
831 131 174 stone
831 131 175 stone
831 131 176 stone
831 131 177 dirt
831 131 178 dirt
831 131 179 dirt
831 131 180 stone
831 131 181 stone
831 131 182 stone
831 131 183 stone
831 131 184 stone
831 131 185 stone
831 131 186 stone
831 131 187 stone
831 131 188 stone
831 131 189 stone
831 131 190 stone
831 131 191 stone
831 131 192 stone
831 131 193 stone
831 131 194 stone
831 131 195 stone
831 131 196 stone
831 131 197 stone
831 131 198 stone
831 131 199 stone
831 131 200 stone
831 131 201 stone
831 131 202 stone
831 131 203 stone
831 131 204 stone
831 131 205 stone
831 131 206 stone
831 131 207 stone
831 131 208 stone
831 131 209 stone
831 131 210 stone
831 131 211 stone
831 131 212 stone
831 131 213 stone
831 131 214 stone
831 131 215 stone
831 131 216 stone
831 131 217 stone
831 131 218 stone
831 131 219 stone
831 131 220 stone
831 131 221 stone
831 131 222 stone
831 131 223 stone
831 131 224 stone
831 131 225 stone
831 131 226 stone
831 131 227 stone
831 131 228 stone
831 131 229 stone
831 131 230 stone
831 131 231 stone
831 131 232 stone
831 131 233 stone
831 131 234 stone
831 131 235 stone
831 131 236 stone
831 131 237 stone
831 131 238 stone
831 131 239 stone
831 131 240 stone
831 131 241 stone
831 131 242 stone
831 131 243 stone
831 131 244 stone
831 131 245 stone
831 131 246 stone
831 131 247 stone
831 131 248 stone
831 131 249 stone
831 131 250 stone
831 131 251 stone
831 131 252 stone
831 131 253 stone
831 131 254 stone
831 131 255 stone
831 131 256 stone
831 131 257 stone
831 131 258 stone
831 131 259 stone
831 131 260 stone
831 131 261 stone
831 131 262 stone
831 131 263 stone
831 131 264 stone
831 131 265 stone
831 131 266 stone
831 131 267 stone
831 131 268 stone
831 131 269 stone
831 131 270 stone
831 131 271 stone
831 131 272 stone
831 131 273 stone
831 131 274 stone
831 131 275 stone
831 131 276 stone
831 131 277 stone
831 131 278 stone
831 131 279 stone
831 131 280 copper_ore
831 131 281 copper_ore
831 131 282 stone
831 131 283 stone
831 131 284 stone
831 131 285 stone
831 131 286 stone
831 131 287 stone
831 131 288 stone
831 131 289 stone
831 131 290 stone
831 131 291 stone
831 131 292 stone
831 131 293 stone
831 131 294 stone
831 131 295 stone
831 131 296 stone
831 131 297 stone
831 131 298 stone
831 131 299 stone
831 131 300 stone
831 131 301 stone
831 131 302 stone
831 131 303 stone
831 131 304 stone
831 131 305 stone
831 131 306 stone
831 131 307 stone
831 131 308 stone
831 131 309 stone
831 131 310 stone
831 131 311 stone
831 131 312 stone
831 131 313 stone
831 131 314 stone
831 131 315 stone
831 131 316 stone
831 131 317 stone
831 131 318 stone
831 131 319 stone
831 131 320 stone
831 131 321 stone
831 131 322 stone
831 131 323 stone
831 131 324 dirt
831 131 325 dirt
831 131 326 dirt
831 131 327 stone
831 131 328 stone
831 131 329 stone
831 131 330 stone
831 131 331 stone
831 131 332 stone
831 131 333 stone
831 131 334 stone
831 131 335 stone
831 131 336 stone
831 131 337 gravel
831 131 338 gravel
831 131 339 gravel
831 131 340 gravel
831 131 341 gravel
831 131 342 gravel
831 131 343 coal_ore
831 131 344 stone
831 131 345 stone
831 131 346 stone
831 131 347 stone
831 131 348 gravel
831 131 349 gravel
831 131 350 stone
831 131 351 stone
831 131 352 stone
831 131 353 stone
831 131 354 stone
831 131 355 stone
831 131 356 stone
831 131 357 stone
831 131 358 coal_ore
831 131 359 coal_ore
831 131 360 stone
831 131 361 stone
831 131 362 stone
831 131 363 stone
831 131 364 stone
831 131 365 stone
831 131 366 stone
831 131 367 stone
831 131 368 stone
831 131 369 stone
831 131 370 copper_ore
831 131 371 copper_ore
831 131 372 stone
831 131 373 stone
831 131 374 stone
831 131 375 stone
831 131 376 stone
831 131 377 stone
831 131 378 stone
831 131 379 dirt
831 131 380 dirt
831 131 381 dirt
831 131 382 dirt
831 131 383 stone
831 131 384 stone
831 131 385 stone
831 131 386 stone
831 131 387 stone
831 131 388 stone
831 131 389 stone
831 131 390 stone
831 131 391 stone
831 131 392 stone
831 131 393 stone
831 131 394 stone
831 131 395 stone
831 131 396 stone
831 131 397 stone
831 131 398 stone
831 131 399 stone
831 131 400 stone
831 131 401 stone
831 131 402 stone
831 131 403 stone
831 131 404 stone
831 131 405 stone
831 131 406 stone
831 131 407 stone
831 131 408 stone
831 131 409 stone
831 131 410 stone
831 131 411 stone
831 131 412 stone
831 131 413 stone
831 131 414 stone
831 131 415 stone
831 131 416 stone
831 131 417 stone
831 131 418 stone
831 131 419 stone
831 131 420 stone
831 131 421 stone
831 131 422 stone
831 131 423 stone
831 131 424 stone
831 131 425 stone
831 131 426 stone
831 131 427 stone
831 131 428 stone
831 131 429 stone
831 131 430 stone
831 131 431 stone
831 131 432 stone
831 131 433 stone
831 131 434 stone
831 131 435 stone
831 131 436 stone
831 131 437 stone
831 131 438 stone
831 131 439 stone
831 131 440 dirt
831 131 441 dirt
831 131 442 grass_block[snowy=false]
831 131 477 dirt
831 131 478 dirt
831 131 479 stone
831 131 480 stone
831 131 481 stone
831 131 482 stone
831 131 483 stone
831 131 484 stone
831 131 485 stone
831 131 486 stone
831 131 487 stone
831 131 488 granite
831 131 489 granite
831 131 490 granite
831 131 491 dirt
831 131 492 dirt
831 131 493 dirt
831 131 494 granite
831 131 495 granite
831 131 496 stone
831 131 497 stone
831 131 498 stone
831 131 499 stone
831 131 500 stone
831 131 501 stone
831 131 502 stone
831 131 503 stone
831 131 504 stone
831 131 505 stone
831 131 506 stone
831 131 507 stone
831 131 508 stone
831 131 509 stone
831 131 510 stone
831 131 511 stone
831 131 512 stone
831 131 513 stone
831 131 514 granite
831 131 515 granite
831 131 516 granite
831 131 517 granite
831 131 518 granite
831 131 519 granite
831 131 520 stone
831 131 521 stone
831 131 522 stone
831 131 523 stone
831 131 524 stone
831 131 525 stone
831 131 526 stone
831 131 527 stone
831 131 528 stone
831 131 529 stone
831 131 530 stone
831 131 531 gravel
831 131 532 gravel
831 131 533 stone
831 131 534 stone
831 131 535 stone
831 131 536 stone
831 131 537 stone
831 131 538 stone
831 131 539 stone
831 131 540 stone
831 131 541 stone
831 131 542 stone
