767 109 630 stone
767 109 631 stone
767 109 632 stone
767 109 633 stone
767 109 634 diorite
767 109 635 diorite
767 109 636 diorite
767 109 637 diorite
767 109 638 diorite
767 109 639 diorite
640 110 512 stone
640 110 513 stone
640 110 514 stone
640 110 515 stone
640 110 516 stone
640 110 517 stone
640 110 518 coal_ore
640 110 519 coal_ore
640 110 520 stone
640 110 521 stone
640 110 522 stone
640 110 523 stone
640 110 524 stone
640 110 525 stone
640 110 526 stone
640 110 527 stone
640 110 528 stone
640 110 529 stone
640 110 530 stone
640 110 531 stone
640 110 532 dirt
640 110 533 dirt
640 110 534 dirt
640 110 535 dirt
640 110 536 dirt
640 110 537 stone
640 110 538 stone
640 110 539 stone
640 110 540 stone
640 110 541 stone
640 110 542 stone
640 110 543 stone
640 110 544 stone
640 110 545 stone
640 110 546 stone
640 110 547 stone
640 110 548 granite
640 110 549 stone
640 110 550 stone
640 110 551 stone
640 110 552 stone
640 110 553 stone
640 110 554 stone
640 110 555 stone
640 110 556 stone
640 110 557 stone
640 110 558 stone
640 110 559 stone
640 110 560 stone
640 110 561 stone
640 110 562 stone
640 110 563 stone
640 110 564 stone
640 110 565 stone
640 110 566 stone
640 110 567 stone
640 110 568 stone
640 110 569 stone
640 110 570 stone
640 110 571 stone
640 110 572 stone
640 110 573 stone
640 110 574 stone
640 110 575 stone
640 110 576 lapis_ore
640 110 577 lapis_ore
640 110 578 stone
640 110 579 stone
640 110 580 stone
640 110 581 stone
640 110 582 stone
640 110 583 stone
640 110 584 diorite
640 110 585 diorite
640 110 586 stone
640 110 587 stone
640 110 588 stone
640 110 589 stone
640 110 590 stone
640 110 591 stone
640 110 592 stone
640 110 593 stone
640 110 594 stone
640 110 595 stone
640 110 596 stone
640 110 597 stone
640 110 598 stone
640 110 599 stone
640 110 600 stone
640 110 601 stone
640 110 602 stone
640 110 603 diorite
640 110 604 diorite
640 110 605 diorite
640 110 606 diorite
640 110 607 copper_ore
640 110 608 copper_ore
640 110 609 stone
640 110 610 stone
640 110 611 stone
640 110 612 stone
640 110 613 stone
640 110 614 stone
640 110 615 stone
640 110 616 stone
640 110 617 stone
640 110 618 stone
640 110 619 stone
640 110 620 stone
640 110 621 stone
640 110 622 stone
640 110 623 stone
640 110 624 stone
640 110 625 stone
640 110 626 stone
640 110 627 stone
640 110 628 stone
640 110 629 stone
640 110 630 stone
640 110 631 coal_ore
640 110 632 stone
640 110 633 stone
640 110 634 stone
640 110 635 stone
640 110 636 stone
640 110 637 stone
640 110 638 stone
640 110 639 stone
641 110 512 stone
641 110 513 stone
641 110 514 stone
641 110 515 stone
641 110 516 stone
641 110 517 stone
641 110 518 stone
641 110 519 stone
641 110 520 stone
641 110 521 stone
641 110 522 stone
641 110 523 stone
641 110 524 stone
641 110 525 granite
641 110 526 granite
641 110 527 granite
641 110 528 granite
641 110 529 granite
641 110 530 granite
641 110 531 granite
641 110 532 dirt
641 110 533 dirt
641 110 534 dirt
641 110 535 dirt
641 110 536 dirt
641 110 537 dirt
641 110 538 stone
641 110 539 stone
641 110 540 stone
641 110 541 stone
641 110 542 stone
641 110 543 stone
641 110 544 stone
641 110 545 granite
641 110 546 granite
641 110 547 granite
641 110 548 granite
641 110 549 granite
641 110 550 stone
641 110 551 stone
641 110 552 stone
641 110 553 stone
641 110 554 stone
641 110 555 stone
641 110 556 stone
641 110 557 stone
641 110 558 stone
641 110 559 stone
641 110 560 stone
641 110 561 stone
641 110 562 stone
641 110 563 stone
641 110 564 stone
641 110 565 stone
641 110 566 stone
641 110 567 iron_ore
641 110 568 iron_ore
641 110 569 stone
641 110 570 stone
641 110 571 stone
641 110 572 stone
641 110 573 stone
641 110 574 stone
641 110 575 stone
641 110 576 stone
641 110 577 stone
641 110 578 stone
641 110 579 stone
641 110 580 stone
641 110 581 stone
641 110 582 stone
641 110 583 diorite
641 110 584 diorite
641 110 585 diorite
641 110 586 diorite
641 110 587 stone
641 110 588 stone
641 110 589 stone
641 110 590 stone
641 110 591 stone
641 110 592 stone
641 110 593 stone
641 110 594 stone
641 110 595 stone
641 110 596 stone
641 110 597 stone
641 110 598 stone
641 110 599 diorite
641 110 600 diorite
641 110 601 diorite
641 110 602 diorite
641 110 603 diorite
641 110 604 diorite
641 110 605 diorite
641 110 606 diorite
641 110 607 copper_ore
641 110 608 copper_ore
641 110 609 stone
641 110 610 stone
641 110 611 stone
641 110 612 stone
641 110 613 stone
641 110 614 stone
641 110 615 stone
641 110 616 stone
641 110 617 stone
641 110 618 stone
641 110 619 stone
641 110 620 stone
641 110 621 stone
641 110 622 stone
641 110 623 stone
641 110 624 stone
641 110 625 stone
641 110 626 stone
641 110 627 stone
641 110 628 stone
641 110 629 stone
641 110 630 stone
641 110 631 stone
641 110 632 stone
641 110 633 stone
641 110 634 stone
641 110 635 stone
641 110 636 stone
641 110 637 stone
641 110 638 stone
641 110 639 stone
642 110 512 stone
642 110 513 stone
642 110 514 stone
642 110 515 stone
642 110 516 stone
642 110 517 stone
642 110 518 stone
642 110 519 stone
642 110 520 stone
642 110 521 granite
642 110 522 granite
642 110 523 granite
642 110 524 granite
642 110 525 granite
642 110 526 granite
642 110 527 granite
642 110 528 granite
642 110 529 granite
642 110 530 granite
642 110 531 granite
642 110 532 granite
642 110 533 dirt
642 110 534 dirt
642 110 535 dirt
642 110 536 dirt
642 110 537 dirt
642 110 538 dirt
642 110 539 stone
642 110 540 stone
642 110 541 stone
642 110 542 stone
642 110 543 stone
642 110 544 stone
642 110 545 granite
642 110 546 granite
642 110 547 granite
642 110 548 granite
642 110 549 granite
642 110 550 stone
642 110 551 stone
642 110 552 stone
642 110 553 stone
642 110 554 stone
642 110 555 stone
642 110 556 stone
642 110 557 stone
642 110 558 stone
642 110 559 stone
642 110 560 stone
642 110 561 stone
642 110 562 stone
642 110 563 stone
642 110 564 stone
642 110 565 stone
642 110 566 stone
642 110 567 iron_ore
642 110 568 iron_ore
642 110 569 stone
642 110 570 stone
642 110 571 stone
642 110 572 stone
642 110 573 stone
642 110 574 stone
642 110 575 stone
642 110 576 stone
642 110 577 stone
642 110 578 stone
642 110 579 stone
642 110 580 stone
642 110 581 stone
642 110 582 stone
642 110 583 diorite
642 110 584 diorite
642 110 585 diorite
642 110 586 diorite
642 110 587 diorite
642 110 588 diorite
642 110 589 stone
642 110 590 stone
642 110 591 stone
642 110 592 stone
642 110 593 stone
642 110 594 stone
642 110 595 stone
642 110 596 stone
642 110 597 diorite
642 110 598 diorite
642 110 599 diorite
642 110 600 diorite
642 110 601 diorite
642 110 602 diorite
642 110 603 diorite
642 110 604 diorite
642 110 605 diorite
642 110 606 diorite
642 110 607 diorite
642 110 608 diorite
642 110 609 diorite
642 110 610 stone
642 110 611 stone
642 110 612 stone
642 110 613 stone
642 110 614 stone
642 110 615 stone
642 110 616 stone
642 110 617 stone
642 110 618 stone
642 110 619 stone
642 110 620 stone
642 110 621 stone
642 110 622 stone
642 110 623 stone
642 110 624 stone
642 110 625 stone
642 110 626 stone
642 110 627 stone
642 110 628 stone
642 110 629 stone
642 110 630 stone
642 110 631 stone
642 110 632 stone
642 110 633 stone
642 110 634 stone
642 110 635 stone
642 110 636 stone
642 110 637 stone
642 110 638 stone
642 110 639 stone
643 110 512 stone
643 110 513 stone
643 110 514 stone
643 110 515 stone
643 110 516 stone
643 110 517 stone
643 110 518 stone
643 110 519 stone
643 110 520 granite
643 110 521 granite
643 110 522 granite
643 110 523 granite
643 110 524 granite
643 110 525 granite
643 110 526 granite
643 110 527 granite
643 110 528 granite
643 110 529 granite
643 110 530 granite
643 110 531 granite
643 110 532 granite
643 110 533 dirt
643 110 534 dirt
643 110 535 dirt
643 110 536 dirt
643 110 537 dirt
643 110 538 dirt
643 110 539 stone
643 110 540 stone
643 110 541 stone
643 110 542 stone
643 110 543 stone
643 110 544 stone
643 110 545 stone
643 110 546 stone
643 110 547 granite
643 110 548 granite
643 110 549 stone
643 110 550 stone
643 110 551 stone
643 110 552 stone
643 110 553 stone
643 110 554 stone
643 110 555 stone
643 110 556 stone
643 110 557 stone
643 110 558 stone
643 110 559 stone
643 110 560 stone
643 110 561 stone
643 110 562 stone
643 110 563 stone
643 110 564 stone
643 110 565 stone
643 110 566 stone
643 110 567 stone
643 110 568 stone
643 110 569 stone
643 110 570 stone
643 110 571 stone
643 110 572 stone
643 110 573 stone
643 110 574 stone
643 110 575 stone
643 110 576 stone
643 110 577 stone
643 110 578 stone
643 110 579 stone
643 110 580 stone
643 110 581 stone
643 110 582 stone
643 110 583 diorite
643 110 584 diorite
643 110 585 diorite
643 110 586 diorite
643 110 587 diorite
643 110 588 diorite
643 110 589 diorite
643 110 590 stone
643 110 591 stone
643 110 592 stone
643 110 593 stone
643 110 594 stone
643 110 595 diorite
643 110 596 diorite
643 110 597 diorite
643 110 598 diorite
643 110 599 diorite
643 110 600 diorite
643 110 601 diorite
643 110 602 diorite
643 110 603 diorite
643 110 604 diorite
643 110 605 diorite
643 110 606 diorite
643 110 607 diorite
643 110 608 diorite
643 110 609 stone
643 110 610 stone
643 110 611 stone
643 110 612 stone
643 110 613 stone
643 110 614 stone
643 110 615 stone
643 110 616 stone
643 110 617 stone
643 110 618 stone
643 110 619 stone
643 110 620 stone
643 110 621 stone
643 110 622 stone
643 110 623 stone
643 110 624 stone
643 110 625 stone
643 110 626 stone
643 110 627 stone
643 110 628 stone
643 110 629 stone
643 110 630 stone
643 110 631 stone
643 110 632 stone
643 110 633 stone
643 110 634 stone
643 110 635 stone
643 110 636 stone
643 110 637 stone
643 110 638 granite
643 110 639 granite
644 110 512 stone
644 110 513 stone
644 110 514 stone
644 110 515 stone
644 110 516 stone
644 110 517 stone
644 110 518 granite
644 110 519 granite
644 110 520 granite
644 110 521 granite
644 110 522 granite
644 110 523 granite
644 110 524 granite
644 110 525 granite
644 110 526 granite
644 110 527 granite
644 110 528 granite
644 110 529 granite
644 110 530 granite
644 110 531 granite
644 110 532 granite
644 110 533 granite
644 110 534 dirt
644 110 535 dirt
644 110 536 dirt
644 110 537 dirt
644 110 538 dirt
644 110 539 dirt
644 110 540 stone
644 110 541 stone
644 110 542 stone
644 110 543 stone
644 110 544 stone
644 110 545 stone
644 110 546 stone
644 110 547 stone
644 110 548 stone
644 110 549 stone
644 110 550 stone
644 110 551 stone
644 110 552 stone
644 110 553 stone
644 110 554 stone
644 110 555 stone
644 110 556 stone
644 110 557 stone
644 110 558 stone
644 110 559 stone
644 110 560 stone
644 110 561 stone
644 110 562 stone
644 110 563 stone
644 110 564 stone
644 110 565 stone
644 110 566 stone
644 110 567 stone
644 110 568 stone
644 110 569 stone
644 110 570 stone
644 110 571 stone
644 110 572 stone
644 110 573 stone
644 110 574 stone
644 110 575 stone
644 110 576 stone
644 110 577 stone
644 110 578 stone
644 110 579 stone
644 110 580 stone
644 110 581 stone
644 110 582 stone
644 110 583 diorite
644 110 584 diorite
644 110 585 diorite
644 110 586 diorite
644 110 587 diorite
644 110 588 diorite
644 110 589 diorite
644 110 590 diorite
644 110 591 stone
644 110 592 stone
644 110 593 stone
644 110 594 diorite
644 110 595 diorite
644 110 596 diorite
644 110 597 diorite
644 110 598 diorite
644 110 599 diorite
644 110 600 diorite
644 110 601 diorite
644 110 602 diorite
644 110 603 diorite
644 110 604 diorite
644 110 605 diorite
644 110 606 diorite
644 110 607 diorite
644 110 608 diorite
644 110 609 stone
644 110 610 stone
644 110 611 stone
644 110 612 stone
644 110 613 stone
644 110 614 stone
644 110 615 stone
644 110 616 stone
644 110 617 stone
644 110 618 stone
644 110 619 stone
644 110 620 stone
644 110 621 stone
644 110 622 stone
644 110 623 stone
644 110 624 stone
644 110 625 stone
644 110 626 stone
644 110 627 stone
644 110 628 stone
644 110 629 stone
644 110 630 stone
644 110 631 stone
644 110 632 granite
644 110 633 granite
644 110 634 granite
644 110 635 stone
644 110 636 stone
644 110 637 granite
644 110 638 granite
644 110 639 granite
645 110 512 stone
645 110 513 stone
645 110 514 stone
645 110 515 stone
645 110 516 stone
645 110 517 granite
645 110 518 granite
645 110 519 gravel
645 110 520 granite
645 110 521 granite
645 110 522 granite
645 110 523 granite
645 110 524 granite
645 110 525 granite
645 110 526 granite
645 110 527 granite
645 110 528 granite
645 110 529 granite
645 110 530 granite
645 110 531 granite
645 110 532 coal_ore
645 110 533 coal_ore
645 110 534 stone
645 110 535 dirt
645 110 536 dirt
645 110 537 dirt
645 110 538 dirt
645 110 539 dirt
645 110 540 stone
645 110 541 stone
645 110 542 stone
645 110 543 stone
645 110 544 stone
645 110 545 stone
645 110 546 stone
645 110 547 stone
645 110 548 stone
645 110 549 stone
645 110 550 stone
645 110 551 stone
645 110 552 stone
645 110 553 stone
645 110 554 stone
645 110 555 stone
645 110 556 stone
645 110 557 stone
645 110 558 stone
645 110 559 stone
645 110 560 stone
645 110 561 stone
645 110 562 stone
645 110 563 diorite
645 110 564 diorite
645 110 565 stone
645 110 566 stone
645 110 567 stone
645 110 568 stone
645 110 569 stone
645 110 570 stone
645 110 571 stone
645 110 572 stone
645 110 573 stone
645 110 574 stone
645 110 575 stone
645 110 576 stone
645 110 577 stone
645 110 578 stone
645 110 579 stone
645 110 580 stone
645 110 581 stone
645 110 582 stone
645 110 583 stone
645 110 584 diorite
645 110 585 diorite
645 110 586 diorite
645 110 587 diorite
645 110 588 diorite
645 110 589 diorite
645 110 590 diorite
645 110 591 stone
645 110 592 stone
645 110 593 stone
645 110 594 diorite
645 110 595 diorite
645 110 596 diorite
645 110 597 diorite
645 110 598 diorite
645 110 599 diorite
645 110 600 diorite
645 110 601 diorite
645 110 602 diorite
645 110 603 diorite
645 110 604 diorite
645 110 605 diorite
645 110 606 diorite
645 110 607 diorite
645 110 608 stone
645 110 609 stone
645 110 610 stone
645 110 611 stone
645 110 612 stone
645 110 613 stone
645 110 614 stone
645 110 615 stone
645 110 616 stone
645 110 617 stone
645 110 618 stone
645 110 619 stone
645 110 620 stone
645 110 621 stone
645 110 622 stone
645 110 623 stone
645 110 624 stone
645 110 625 stone
645 110 626 stone
645 110 627 stone
645 110 628 stone
645 110 629 stone
645 110 630 stone
645 110 631 granite
645 110 632 granite
645 110 633 granite
645 110 634 granite
645 110 635 granite
645 110 636 granite
645 110 637 stone
645 110 638 granite
645 110 639 granite
646 110 512 andesite
646 110 513 stone
646 110 514 stone
646 110 515 stone
646 110 516 stone
646 110 517 granite
646 110 518 gravel
646 110 519 gravel
646 110 520 granite
646 110 521 granite
646 110 522 granite
646 110 523 granite
646 110 524 granite
646 110 525 granite
646 110 526 granite
646 110 527 granite
646 110 528 granite
646 110 529 granite
646 110 530 coal_ore
646 110 531 coal_ore
646 110 532 coal_ore
646 110 533 coal_ore
646 110 534 stone
646 110 535 stone
646 110 536 stone
646 110 537 dirt
646 110 538 dirt
646 110 539 dirt
646 110 540 stone
646 110 541 stone
646 110 542 stone
646 110 543 stone
646 110 544 stone
646 110 545 stone
646 110 546 dirt
646 110 547 dirt
646 110 548 dirt
646 110 549 dirt
646 110 550 dirt
646 110 551 stone
646 110 552 stone
646 110 553 stone
646 110 554 stone
646 110 555 stone
646 110 556 stone
646 110 557 stone
646 110 558 stone
646 110 559 diorite
646 110 560 diorite
646 110 561 diorite
646 110 562 diorite
646 110 563 diorite
646 110 564 diorite
646 110 565 stone
646 110 566 stone
646 110 567 stone
646 110 568 stone
646 110 569 stone
646 110 570 stone
646 110 571 stone
646 110 572 stone
646 110 573 stone
646 110 574 stone
646 110 575 stone
646 110 576 stone
646 110 577 stone
646 110 578 stone
646 110 579 stone
646 110 580 stone
646 110 581 stone
646 110 582 stone
646 110 583 diorite
646 110 584 diorite
646 110 585 diorite
646 110 586 diorite
646 110 587 diorite
646 110 588 diorite
646 110 589 diorite
646 110 590 diorite
646 110 591 diorite
646 110 592 stone
646 110 593 diorite
646 110 594 diorite
646 110 595 diorite
646 110 596 diorite
646 110 597 diorite
646 110 598 diorite
646 110 599 diorite
646 110 600 diorite
646 110 601 diorite
646 110 602 diorite
646 110 603 diorite
646 110 604 diorite
646 110 605 diorite
646 110 606 diorite
646 110 607 stone
646 110 608 stone
646 110 609 stone
646 110 610 stone
646 110 611 stone
646 110 612 stone
646 110 613 stone
646 110 614 stone
646 110 615 stone
646 110 616 stone
646 110 617 stone
646 110 618 stone
646 110 619 stone
646 110 620 stone
646 110 621 stone
646 110 622 stone
646 110 623 stone
646 110 624 stone
646 110 625 stone
646 110 626 stone
646 110 627 stone
646 110 628 stone
646 110 629 stone
646 110 630 stone
646 110 631 granite
646 110 632 granite
646 110 633 granite
646 110 634 granite
646 110 635 granite
646 110 636 granite
646 110 637 granite
646 110 638 granite
646 110 639 granite
647 110 512 andesite
647 110 513 andesite
647 110 514 stone
647 110 515 stone
647 110 516 stone
647 110 517 gravel
647 110 518 granite
647 110 519 granite
647 110 520 granite
647 110 521 granite
647 110 522 granite
647 110 523 granite
647 110 524 granite
647 110 525 granite
647 110 526 granite
647 110 527 granite
647 110 528 granite
647 110 529 granite
647 110 530 coal_ore
647 110 531 coal_ore
647 110 532 stone
647 110 533 stone
647 110 534 stone
647 110 535 stone
647 110 536 stone
647 110 537 stone
647 110 538 stone
647 110 539 stone
647 110 540 stone
647 110 541 stone
647 110 542 stone
647 110 543 stone
647 110 544 dirt
647 110 545 dirt
647 110 546 dirt
647 110 547 dirt
647 110 548 dirt
647 110 549 dirt
647 110 550 dirt
647 110 551 dirt
647 110 552 dirt
647 110 553 stone
647 110 554 stone
647 110 555 stone
647 110 556 stone
647 110 557 diorite
647 110 558 diorite
647 110 559 diorite
647 110 560 diorite
647 110 561 diorite
647 110 562 diorite
647 110 563 diorite
647 110 564 diorite
647 110 565 stone
647 110 566 stone
647 110 567 stone
647 110 568 stone
647 110 569 stone
647 110 570 stone
647 110 571 stone
647 110 572 stone
647 110 573 stone
647 110 574 stone
647 110 575 stone
647 110 576 stone
647 110 577 stone
647 110 578 stone
647 110 579 stone
647 110 580 stone
647 110 581 stone
647 110 582 stone
647 110 583 stone
647 110 584 diorite
647 110 585 diorite
647 110 586 diorite
647 110 587 diorite
647 110 588 diorite
647 110 589 diorite
647 110 590 diorite
647 110 591 diorite
647 110 592 diorite
647 110 593 diorite
647 110 594 diorite
647 110 595 diorite
647 110 596 diorite
647 110 597 diorite
647 110 598 diorite
647 110 599 diorite
647 110 600 diorite
647 110 601 diorite
647 110 602 diorite
647 110 603 diorite
647 110 604 stone
647 110 605 stone
647 110 606 stone
647 110 607 stone
647 110 608 stone
647 110 609 stone
647 110 610 stone
647 110 611 stone
647 110 612 stone
647 110 613 stone
647 110 614 stone
647 110 615 stone
647 110 616 stone
647 110 617 stone
647 110 618 stone
647 110 619 stone
647 110 620 stone
647 110 621 stone
647 110 622 stone
647 110 623 stone
647 110 624 stone
647 110 625 stone
647 110 626 stone
647 110 627 stone
647 110 628 stone
647 110 629 stone
647 110 630 stone
647 110 631 granite
647 110 632 granite
647 110 633 granite
647 110 634 granite
647 110 635 granite
647 110 636 granite
647 110 637 granite
647 110 638 granite
647 110 639 granite
648 110 512 andesite
648 110 513 andesite
648 110 514 andesite
648 110 515 stone
648 110 516 stone
648 110 517 granite
648 110 518 granite
648 110 519 granite
648 110 520 granite
648 110 521 granite
648 110 522 granite
648 110 523 granite
648 110 524 granite
648 110 525 granite
648 110 526 granite
648 110 527 stone
648 110 528 stone
648 110 529 stone
648 110 530 stone
648 110 531 stone
648 110 532 stone
648 110 533 stone
648 110 534 stone
648 110 535 stone
648 110 536 stone
648 110 537 stone
648 110 538 stone
648 110 539 stone
648 110 540 stone
648 110 541 stone
648 110 542 stone
648 110 543 stone
648 110 544 dirt
648 110 545 dirt
648 110 546 dirt
648 110 547 dirt
648 110 548 dirt
648 110 549 dirt
648 110 550 dirt
648 110 551 dirt
648 110 552 dirt
648 110 553 stone
648 110 554 stone
648 110 555 stone
648 110 556 diorite
648 110 557 diorite
648 110 558 andesite
648 110 559 andesite
648 110 560 diorite
648 110 561 diorite
648 110 562 diorite
648 110 563 diorite
648 110 564 diorite
648 110 565 stone
648 110 566 stone
648 110 567 stone
648 110 568 stone
648 110 569 stone
648 110 570 stone
648 110 571 stone
648 110 572 stone
648 110 573 stone
648 110 574 stone
648 110 575 stone
648 110 576 stone
648 110 577 stone
