658 126 515 stone
658 126 516 stone
658 126 517 stone
658 126 518 stone
658 126 519 lapis_ore
658 126 520 lapis_ore
658 126 521 stone
658 126 522 stone
658 126 523 stone
658 126 524 stone
658 126 525 stone
658 126 526 stone
658 126 527 stone
658 126 528 stone
658 126 529 stone
658 126 530 stone
658 126 531 stone
658 126 532 stone
658 126 533 stone
658 126 534 stone
658 126 535 stone
658 126 536 stone
658 126 537 stone
658 126 538 stone
658 126 539 stone
658 126 540 stone
658 126 541 stone
658 126 542 stone
658 126 543 stone
658 126 544 stone
658 126 545 stone
658 126 546 stone
658 126 547 stone
658 126 548 stone
658 126 549 stone
658 126 550 stone
658 126 551 stone
658 126 552 stone
658 126 553 stone
658 126 554 stone
658 126 555 stone
658 126 556 stone
658 126 557 stone
658 126 558 stone
658 126 559 stone
658 126 560 stone
658 126 561 stone
658 126 562 diorite
658 126 563 diorite
658 126 564 dirt
658 126 565 diorite
658 126 566 stone
658 126 567 stone
658 126 568 stone
658 126 569 dirt
658 126 570 stone
658 126 571 stone
658 126 572 stone
658 126 573 stone
658 126 574 stone
658 126 575 stone
658 126 576 stone
658 126 577 stone
658 126 578 stone
658 126 579 stone
658 126 580 stone
658 126 581 stone
658 126 582 stone
658 126 583 stone
658 126 584 dirt
658 126 585 dirt
658 126 586 dirt
658 126 587 dirt
658 126 588 dirt
658 126 589 dirt
658 126 590 dirt
658 126 591 dirt
658 126 592 dirt
658 126 593 dirt
658 126 594 dirt
658 126 595 dirt
658 126 596 dirt
658 126 597 stone
658 126 598 stone
658 126 599 stone
658 126 600 stone
658 126 601 stone
658 126 602 stone
658 126 603 diorite
658 126 604 diorite
658 126 605 diorite
658 126 606 diorite
658 126 607 stone
658 126 608 stone
658 126 609 stone
658 126 610 stone
658 126 611 stone
658 126 612 stone
658 126 613 stone
658 126 614 stone
658 126 615 stone
658 126 616 stone
658 126 617 stone
658 126 618 stone
658 126 619 stone
658 126 620 stone
658 126 621 stone
658 126 622 stone
658 126 623 stone
658 126 624 stone
658 126 625 stone
658 126 626 stone
658 126 627 stone
658 126 628 stone
658 126 629 stone
658 126 630 stone
658 126 631 stone
658 126 632 stone
658 126 633 stone
658 126 634 stone
658 126 635 stone
658 126 636 stone
658 126 637 stone
658 126 638 stone
658 126 639 stone
659 126 512 stone
659 126 513 stone
659 126 514 stone
659 126 515 stone
659 126 516 stone
659 126 517 stone
659 126 518 stone
659 126 519 stone
659 126 520 stone
659 126 521 stone
659 126 522 stone
659 126 523 stone
659 126 524 stone
659 126 525 stone
659 126 526 stone
659 126 527 stone
659 126 528 stone
659 126 529 stone
659 126 530 stone
659 126 531 stone
659 126 532 stone
659 126 533 stone
659 126 534 stone
659 126 535 stone
659 126 536 stone
659 126 537 stone
659 126 538 stone
659 126 539 stone
659 126 540 stone
659 126 541 stone
659 126 542 stone
659 126 543 stone
659 126 544 stone
659 126 545 stone
659 126 546 stone
659 126 547 stone
659 126 548 stone
659 126 549 stone
659 126 550 stone
659 126 551 stone
659 126 552 stone
659 126 553 stone
659 126 554 stone
659 126 555 stone
659 126 556 stone
659 126 557 stone
659 126 558 stone
659 126 559 dirt
659 126 560 dirt
659 126 561 dirt
659 126 562 dirt
659 126 563 dirt
659 126 564 dirt
659 126 565 dirt
659 126 566 dirt
659 126 567 dirt
659 126 568 dirt
659 126 569 dirt
659 126 570 dirt
659 126 571 dirt
659 126 572 stone
659 126 573 stone
659 126 574 stone
659 126 575 stone
659 126 576 stone
659 126 577 stone
659 126 578 stone
659 126 579 stone
659 126 580 stone
659 126 581 stone
659 126 582 stone
659 126 583 stone
659 126 584 stone
659 126 585 dirt
659 126 586 dirt
659 126 587 dirt
659 126 588 dirt
659 126 589 dirt
659 126 590 dirt
659 126 591 dirt
659 126 592 dirt
659 126 593 dirt
659 126 594 dirt
659 126 595 dirt
659 126 596 dirt
659 126 597 stone
659 126 598 stone
659 126 599 stone
659 126 600 stone
659 126 601 stone
659 126 602 stone
659 126 603 diorite
659 126 604 diorite
659 126 605 diorite
659 126 606 stone
659 126 607 stone
659 126 608 stone
659 126 609 stone
659 126 610 stone
659 126 611 stone
659 126 612 stone
659 126 613 stone
659 126 614 stone
659 126 615 stone
659 126 616 stone
659 126 617 stone
659 126 618 stone
659 126 619 stone
659 126 620 stone
659 126 621 stone
659 126 622 stone
659 126 623 stone
659 126 624 stone
659 126 625 stone
659 126 626 stone
659 126 627 stone
659 126 628 stone
659 126 629 stone
659 126 630 stone
659 126 631 stone
659 126 632 stone
659 126 633 stone
659 126 634 stone
659 126 635 stone
659 126 636 stone
659 126 637 stone
659 126 638 stone
659 126 639 stone
660 126 512 stone
660 126 513 stone
660 126 514 stone
660 126 515 stone
660 126 516 stone
660 126 517 stone
660 126 518 stone
660 126 519 stone
660 126 520 stone
660 126 521 stone
660 126 522 stone
660 126 523 stone
660 126 524 stone
660 126 525 stone
660 126 526 stone
660 126 527 stone
660 126 528 stone
660 126 529 stone
660 126 530 stone
660 126 531 stone
660 126 532 stone
660 126 533 stone
660 126 534 stone
660 126 535 stone
660 126 536 stone
660 126 537 stone
660 126 538 stone
660 126 539 stone
660 126 540 stone
660 126 541 stone
660 126 542 stone
660 126 543 stone
660 126 544 stone
660 126 545 stone
660 126 546 stone
660 126 547 stone
660 126 548 stone
660 126 549 stone
660 126 550 stone
660 126 551 stone
660 126 552 stone
660 126 553 coal_ore
660 126 554 coal_ore
660 126 555 coal_ore
660 126 556 stone
660 126 557 stone
660 126 558 stone
660 126 559 dirt
660 126 560 dirt
660 126 561 dirt
660 126 562 dirt
660 126 563 dirt
660 126 564 dirt
660 126 565 dirt
660 126 566 dirt
660 126 567 dirt
660 126 568 dirt
660 126 569 dirt
660 126 570 dirt
660 126 571 dirt
660 126 572 dirt
660 126 573 stone
660 126 574 stone
660 126 575 stone
660 126 576 stone
660 126 577 stone
660 126 578 stone
660 126 579 stone
660 126 580 stone
660 126 581 stone
660 126 582 stone
660 126 583 stone
660 126 584 stone
660 126 585 stone
660 126 586 dirt
660 126 587 dirt
660 126 588 dirt
660 126 589 dirt
660 126 590 dirt
660 126 591 dirt
660 126 592 dirt
660 126 593 dirt
660 126 594 dirt
660 126 595 dirt
660 126 596 dirt
660 126 597 stone
660 126 598 stone
660 126 599 stone
660 126 600 stone
660 126 601 stone
660 126 602 stone
660 126 603 stone
660 126 604 stone
660 126 605 stone
660 126 606 stone
660 126 607 stone
660 126 608 stone
660 126 609 stone
660 126 610 stone
660 126 611 stone
660 126 612 stone
660 126 613 stone
660 126 614 stone
660 126 615 stone
660 126 616 stone
660 126 617 stone
660 126 618 stone
660 126 619 stone
660 126 620 stone
660 126 621 stone
660 126 622 stone
660 126 623 stone
660 126 624 stone
660 126 625 stone
660 126 626 stone
660 126 627 stone
660 126 628 stone
660 126 629 stone
660 126 630 stone
660 126 631 stone
660 126 632 stone
660 126 633 stone
660 126 634 stone
660 126 635 stone
660 126 636 stone
660 126 637 stone
660 126 638 stone
660 126 639 stone
661 126 512 stone
661 126 513 stone
661 126 514 stone
661 126 515 stone
661 126 516 stone
661 126 517 stone
661 126 518 stone
661 126 519 stone
661 126 520 stone
661 126 521 stone
661 126 522 stone
661 126 523 stone
661 126 524 stone
661 126 525 stone
661 126 526 stone
661 126 527 stone
661 126 528 stone
661 126 529 stone
661 126 530 stone
661 126 531 stone
661 126 532 stone
661 126 533 stone
661 126 534 stone
661 126 535 stone
661 126 536 stone
661 126 537 stone
661 126 538 stone
661 126 539 stone
661 126 540 stone
661 126 541 stone
661 126 542 stone
661 126 543 stone
661 126 544 stone
661 126 545 stone
661 126 546 stone
661 126 547 stone
661 126 548 stone
661 126 549 stone
661 126 550 stone
661 126 551 stone
661 126 552 stone
661 126 553 coal_ore
661 126 554 coal_ore
661 126 555 coal_ore
661 126 556 dirt
661 126 557 dirt
661 126 558 dirt
661 126 559 dirt
661 126 560 dirt
661 126 561 dirt
661 126 562 dirt
661 126 563 dirt
661 126 564 dirt
661 126 565 dirt
661 126 566 dirt
661 126 567 dirt
661 126 568 dirt
661 126 569 dirt
661 126 570 dirt
661 126 571 dirt
661 126 572 dirt
661 126 573 dirt
661 126 574 dirt
661 126 575 stone
661 126 576 stone
661 126 577 stone
661 126 578 stone
661 126 579 stone
661 126 580 stone
661 126 581 stone
661 126 582 stone
661 126 583 stone
661 126 584 stone
661 126 585 stone
661 126 586 stone
661 126 587 stone
661 126 588 dirt
661 126 589 dirt
661 126 590 dirt
661 126 591 dirt
661 126 592 dirt
661 126 593 dirt
661 126 594 dirt
661 126 595 copper_ore
661 126 596 stone
661 126 597 stone
661 126 598 stone
661 126 599 stone
661 126 600 stone
661 126 601 stone
661 126 602 stone
661 126 603 stone
661 126 604 stone
661 126 605 stone
661 126 606 stone
661 126 607 stone
661 126 608 stone
661 126 609 stone
661 126 610 stone
661 126 611 stone
661 126 612 stone
661 126 613 stone
661 126 614 stone
661 126 615 stone
661 126 616 stone
661 126 617 stone
661 126 618 stone
661 126 619 stone
661 126 620 stone
661 126 621 stone
661 126 622 stone
661 126 623 stone
661 126 624 stone
661 126 625 stone
661 126 626 stone
661 126 627 stone
661 126 628 stone
661 126 629 stone
661 126 630 stone
661 126 631 stone
661 126 632 stone
661 126 633 stone
661 126 634 stone
661 126 635 stone
661 126 636 stone
661 126 637 stone
661 126 638 stone
661 126 639 stone
662 126 512 stone
662 126 513 stone
662 126 514 stone
662 126 515 stone
662 126 516 stone
662 126 517 stone
662 126 518 stone
662 126 519 stone
662 126 520 stone
662 126 521 stone
662 126 522 stone
662 126 523 stone
662 126 524 stone
662 126 525 stone
662 126 526 stone
662 126 527 stone
662 126 528 stone
662 126 529 stone
662 126 530 stone
662 126 531 stone
662 126 532 stone
662 126 533 stone
662 126 534 stone
662 126 535 stone
662 126 536 stone
662 126 537 stone
662 126 538 stone
662 126 539 stone
662 126 540 stone
662 126 541 stone
662 126 542 stone
662 126 543 stone
662 126 544 stone
662 126 545 stone
662 126 546 stone
662 126 547 stone
662 126 548 stone
662 126 549 stone
662 126 550 stone
662 126 551 stone
662 126 552 stone
662 126 553 stone
662 126 554 coal_ore
662 126 555 coal_ore
662 126 556 coal_ore
662 126 557 dirt
662 126 558 dirt
662 126 559 dirt
662 126 560 dirt
662 126 561 dirt
662 126 562 dirt
662 126 563 dirt
662 126 564 dirt
662 126 565 dirt
662 126 566 dirt
662 126 567 dirt
662 126 568 dirt
662 126 569 dirt
662 126 570 dirt
662 126 571 dirt
662 126 572 dirt
662 126 573 dirt
662 126 574 dirt
662 126 575 stone
662 126 576 stone
662 126 577 stone
662 126 578 stone
662 126 579 stone
662 126 580 stone
662 126 581 stone
662 126 582 stone
662 126 583 stone
662 126 584 stone
662 126 585 stone
662 126 586 stone
662 126 587 stone
662 126 588 dirt
662 126 589 stone
662 126 590 stone
662 126 591 stone
662 126 592 stone
662 126 593 stone
662 126 594 stone
662 126 595 copper_ore
662 126 596 stone
662 126 597 stone
662 126 598 stone
662 126 599 stone
662 126 600 stone
662 126 601 stone
662 126 602 stone
662 126 603 stone
662 126 604 stone
662 126 605 stone
662 126 606 stone
662 126 607 stone
662 126 608 stone
662 126 609 stone
662 126 610 stone
662 126 611 stone
662 126 612 stone
662 126 613 stone
662 126 614 stone
662 126 615 stone
662 126 616 stone
662 126 617 stone
662 126 618 stone
662 126 619 stone
662 126 620 stone
662 126 621 stone
662 126 622 stone
662 126 623 stone
662 126 624 stone
662 126 625 stone
662 126 626 stone
662 126 627 stone
662 126 628 stone
662 126 629 stone
662 126 630 stone
662 126 631 stone
662 126 632 stone
662 126 633 stone
662 126 634 stone
662 126 635 stone
662 126 636 stone
662 126 637 stone
662 126 638 stone
662 126 639 stone
663 126 512 stone
663 126 513 stone
663 126 514 stone
663 126 515 stone
663 126 516 stone
663 126 517 stone
663 126 518 stone
663 126 519 stone
663 126 520 stone
663 126 521 stone
663 126 522 stone
663 126 523 stone
663 126 524 stone
663 126 525 stone
663 126 526 stone
663 126 527 stone
663 126 528 stone
663 126 529 stone
663 126 530 stone
663 126 531 stone
663 126 532 stone
663 126 533 stone
663 126 534 stone
663 126 535 dirt
663 126 536 stone
663 126 537 stone
663 126 538 dirt
663 126 539 stone
663 126 540 stone
663 126 541 stone
663 126 542 stone
663 126 543 stone
663 126 544 stone
663 126 545 stone
663 126 546 stone
663 126 547 stone
663 126 548 stone
663 126 549 stone
663 126 550 stone
663 126 551 stone
663 126 552 stone
663 126 553 coal_ore
663 126 554 coal_ore
663 126 555 dirt
663 126 556 dirt
663 126 557 dirt
663 126 558 dirt
663 126 559 dirt
663 126 560 dirt
663 126 561 dirt
663 126 562 dirt
663 126 563 dirt
663 126 564 dirt
663 126 565 dirt
663 126 566 dirt
663 126 567 dirt
663 126 568 dirt
663 126 569 dirt
663 126 570 dirt
663 126 571 dirt
663 126 572 dirt
663 126 573 dirt
663 126 574 dirt
663 126 575 dirt
663 126 576 dirt
663 126 577 dirt
663 126 578 dirt
663 126 579 stone
663 126 580 stone
663 126 581 stone
663 126 582 stone
663 126 583 stone
663 126 584 stone
663 126 585 stone
663 126 586 stone
663 126 587 stone
663 126 588 stone
663 126 589 stone
663 126 590 stone
663 126 591 stone
663 126 592 stone
663 126 593 stone
663 126 594 stone
663 126 595 stone
663 126 596 stone
663 126 597 stone
663 126 598 stone
663 126 599 stone
663 126 600 stone
663 126 601 stone
663 126 602 stone
663 126 603 stone
663 126 604 stone
663 126 605 stone
663 126 606 stone
663 126 607 stone
663 126 608 stone
663 126 609 stone
663 126 610 stone
663 126 611 stone
663 126 612 stone
663 126 613 stone
663 126 614 stone
663 126 615 stone
663 126 616 stone
663 126 617 stone
663 126 618 stone
663 126 619 stone
663 126 620 stone
663 126 621 stone
663 126 622 stone
663 126 623 stone
663 126 624 stone
663 126 625 stone
663 126 626 stone
663 126 627 stone
663 126 628 stone
663 126 629 stone
663 126 630 stone
663 126 631 stone
663 126 632 stone
663 126 633 stone
663 126 634 stone
663 126 635 stone
663 126 636 stone
663 126 637 stone
663 126 638 stone
663 126 639 stone
664 126 512 stone
664 126 513 stone
664 126 514 stone
664 126 515 stone
664 126 516 stone
664 126 517 stone
664 126 518 stone
664 126 519 stone
664 126 520 stone
664 126 521 stone
664 126 522 stone
664 126 523 stone
664 126 524 stone
664 126 525 stone
664 126 526 stone
664 126 527 stone
664 126 528 stone
664 126 529 stone
664 126 530 stone
664 126 531 stone
664 126 532 stone
664 126 533 stone
664 126 534 stone
664 126 535 stone
664 126 536 stone
664 126 537 stone
664 126 538 stone
664 126 539 stone
664 126 540 stone
664 126 541 dirt
664 126 542 dirt
664 126 543 dirt
664 126 544 stone
664 126 545 dirt
664 126 546 dirt
664 126 547 dirt
664 126 548 dirt
664 126 549 dirt
664 126 550 stone
664 126 551 stone
664 126 552 stone
664 126 553 dirt
664 126 554 dirt
664 126 555 dirt
664 126 556 dirt
664 126 557 dirt
664 126 558 dirt
664 126 559 dirt
664 126 560 dirt
664 126 561 dirt
664 126 562 dirt
664 126 563 dirt
664 126 564 dirt
664 126 565 dirt
664 126 566 dirt
664 126 567 dirt
664 126 568 dirt
664 126 569 dirt
664 126 570 dirt
664 126 571 dirt
664 126 572 dirt
664 126 573 dirt
664 126 574 dirt
664 126 575 dirt
664 126 576 dirt
664 126 577 dirt
664 126 578 dirt
664 126 579 stone
664 126 580 stone
664 126 581 stone
664 126 582 stone
664 126 583 stone
664 126 584 stone
664 126 585 stone
664 126 586 stone
664 126 587 stone
664 126 588 stone
664 126 589 stone
664 126 590 stone
664 126 591 stone
664 126 592 stone
664 126 593 stone
664 126 594 stone
664 126 595 stone
664 126 596 stone
664 126 597 stone
664 126 598 stone
664 126 599 stone
664 126 600 stone
664 126 601 stone
664 126 602 stone
664 126 603 stone
664 126 604 stone
664 126 605 stone
664 126 606 stone
664 126 607 stone
664 126 608 stone
664 126 609 stone
664 126 610 stone
664 126 611 stone
664 126 612 stone
664 126 613 stone
664 126 614 stone
664 126 615 stone
664 126 616 stone
664 126 617 stone
664 126 618 stone
664 126 619 stone
664 126 620 stone
664 126 621 stone
664 126 622 stone
664 126 623 stone
664 126 624 stone
664 126 625 stone
664 126 626 stone
664 126 627 stone
664 126 628 stone
664 126 629 stone
664 126 630 stone
664 126 631 stone
664 126 632 stone
664 126 633 stone
664 126 634 stone
664 126 635 stone
664 126 636 stone
664 126 637 stone
664 126 638 stone
664 126 639 stone
665 126 512 stone
665 126 513 stone
665 126 514 stone
665 126 515 stone
665 126 516 stone
665 126 517 stone
665 126 518 stone
665 126 519 stone
665 126 520 stone
665 126 521 stone
665 126 522 stone
665 126 523 stone
665 126 524 stone
665 126 525 stone
665 126 526 stone
665 126 527 stone
665 126 528 stone
665 126 529 stone
665 126 530 stone
665 126 531 stone
665 126 532 stone
665 126 533 stone
665 126 534 stone
665 126 535 stone
665 126 536 stone
665 126 537 stone
665 126 538 stone
665 126 539 stone
665 126 540 stone
665 126 541 stone
665 126 542 stone
665 126 543 stone
665 126 544 stone
665 126 545 stone
665 126 546 stone
665 126 547 dirt
665 126 548 dirt
665 126 549 dirt
665 126 550 dirt
665 126 551 dirt
665 126 552 dirt
665 126 553 dirt
665 126 554 dirt
665 126 555 dirt
665 126 556 dirt
665 126 557 dirt
665 126 558 dirt
665 126 559 dirt
665 126 560 dirt
665 126 561 dirt
665 126 562 dirt
665 126 563 dirt
665 126 564 dirt
665 126 565 dirt
665 126 566 dirt
665 126 567 dirt
665 126 568 dirt
665 126 569 dirt
665 126 570 dirt
665 126 571 dirt
665 126 572 dirt
665 126 573 dirt
665 126 574 dirt
665 126 575 dirt
665 126 576 dirt
665 126 577 dirt
665 126 578 dirt
665 126 579 dirt
665 126 580 stone
665 126 581 stone
665 126 582 stone
665 126 583 stone
665 126 584 stone
665 126 585 stone
665 126 586 stone
665 126 587 stone
665 126 588 stone
665 126 589 stone
665 126 590 stone
665 126 591 stone
665 126 592 stone
665 126 593 stone
665 126 594 stone
665 126 595 stone
665 126 596 stone
665 126 597 stone
665 126 598 stone
665 126 599 stone
665 126 600 stone
665 126 601 stone
665 126 602 stone
665 126 603 stone
665 126 604 stone
665 126 605 stone
665 126 606 stone
665 126 607 stone
665 126 608 stone
665 126 609 stone
665 126 610 stone
665 126 611 stone
665 126 612 stone
665 126 613 stone
665 126 614 stone
665 126 615 stone
665 126 616 stone
665 126 617 stone
665 126 618 stone
665 126 619 stone
665 126 620 stone
665 126 621 stone
665 126 622 stone
665 126 623 stone
665 126 624 stone
665 126 625 stone
665 126 626 stone
665 126 627 stone
665 126 628 stone
665 126 629 stone
665 126 630 stone
665 126 631 stone
665 126 632 stone
665 126 633 stone
665 126 634 stone
665 126 635 stone
665 126 636 stone
665 126 637 stone
665 126 638 stone
665 126 639 stone
666 126 512 stone
666 126 513 stone
666 126 514 stone
666 126 515 stone
666 126 516 stone
666 126 517 stone
666 126 518 stone
666 126 519 stone
666 126 520 stone
666 126 521 stone
666 126 522 stone
666 126 523 stone
666 126 524 stone
666 126 525 stone
666 126 526 stone
666 126 527 stone
666 126 528 stone
666 126 529 stone
666 126 530 stone
666 126 531 stone
666 126 532 stone
666 126 533 stone
666 126 534 stone
666 126 535 stone
666 126 536 dirt
666 126 537 dirt
666 126 538 dirt
666 126 539 stone
666 126 540 stone
666 126 541 stone
666 126 542 dirt
666 126 543 dirt
666 126 544 dirt
666 126 545 dirt
666 126 546 dirt
666 126 547 dirt
666 126 548 dirt
666 126 549 dirt
666 126 550 dirt
666 126 551 dirt
666 126 552 dirt
666 126 553 dirt
666 126 554 dirt
666 126 555 dirt
666 126 556 dirt
666 126 557 dirt
666 126 558 dirt
666 126 559 grass_block[snowy=false]
666 126 560 grass_block[snowy=false]
666 126 561 grass_block[snowy=false]
666 126 562 dirt
666 126 563 dirt
666 126 564 dirt
666 126 565 dirt
666 126 566 dirt
666 126 567 dirt
666 126 568 dirt
666 126 569 dirt
666 126 570 dirt
666 126 571 dirt
666 126 572 dirt
666 126 573 dirt
666 126 574 dirt
666 126 575 dirt
666 126 576 dirt
666 126 577 dirt
666 126 578 dirt
666 126 579 dirt
666 126 580 stone
666 126 581 stone
666 126 582 stone
666 126 583 stone
666 126 584 stone
666 126 585 stone
666 126 586 stone
666 126 587 stone
666 126 588 stone
666 126 589 stone
666 126 590 stone
666 126 591 stone
666 126 592 stone
666 126 593 stone
666 126 594 stone
666 126 595 stone
666 126 596 stone
666 126 597 stone
666 126 598 stone
666 126 599 stone
666 126 600 stone
666 126 601 stone
666 126 602 stone
666 126 603 stone
666 126 604 stone
666 126 605 stone
666 126 606 stone
666 126 607 stone
666 126 608 stone
666 126 609 stone
666 126 610 stone
666 126 611 stone
666 126 612 stone
666 126 613 stone
666 126 614 stone
666 126 615 stone
666 126 616 stone
666 126 617 stone
666 126 618 stone
666 126 619 stone
666 126 620 stone
666 126 621 stone
666 126 622 stone
666 126 623 stone
666 126 624 stone
666 126 625 stone
666 126 626 stone
666 126 627 stone
666 126 628 stone
666 126 629 stone
666 126 630 stone
666 126 631 stone
666 126 632 stone
666 126 633 stone
666 126 634 stone
