829 128 404 stone
829 128 405 stone
829 128 406 stone
829 128 407 stone
829 128 408 stone
829 128 409 stone
829 128 410 stone
829 128 411 stone
829 128 412 stone
829 128 413 stone
829 128 414 stone
829 128 415 stone
829 128 416 stone
829 128 417 stone
829 128 418 stone
829 128 419 stone
829 128 420 stone
829 128 421 stone
829 128 422 stone
829 128 423 stone
829 128 424 stone
829 128 425 stone
829 128 426 stone
829 128 427 stone
829 128 428 stone
829 128 429 stone
829 128 430 stone
829 128 431 stone
829 128 432 stone
829 128 433 stone
829 128 434 stone
829 128 435 stone
829 128 436 stone
829 128 437 stone
829 128 438 stone
829 128 439 stone
829 128 440 stone
829 128 441 stone
829 128 442 stone
829 128 443 stone
829 128 444 stone
829 128 445 stone
829 128 475 grass_block[snowy=false]
829 128 476 dirt
829 128 477 stone
829 128 478 stone
829 128 479 stone
829 128 480 stone
829 128 481 stone
829 128 482 stone
829 128 483 stone
829 128 484 stone
829 128 485 stone
829 128 486 stone
829 128 487 stone
829 128 488 stone
829 128 489 stone
829 128 490 stone
829 128 491 stone
829 128 492 stone
829 128 493 stone
829 128 494 stone
829 128 495 stone
829 128 496 stone
829 128 497 stone
829 128 498 stone
829 128 499 stone
829 128 500 stone
829 128 501 stone
829 128 502 stone
829 128 503 stone
829 128 504 stone
829 128 505 stone
829 128 506 stone
829 128 507 stone
829 128 508 stone
829 128 509 stone
829 128 510 stone
829 128 511 stone
829 128 512 stone
829 128 513 granite
829 128 514 granite
829 128 515 granite
829 128 516 granite
829 128 517 granite
829 128 518 granite
829 128 519 granite
829 128 520 stone
829 128 521 stone
829 128 522 stone
829 128 523 stone
829 128 524 stone
829 128 525 stone
829 128 526 stone
829 128 527 stone
829 128 528 stone
829 128 529 stone
829 128 530 stone
829 128 531 stone
829 128 532 stone
829 128 533 stone
829 128 534 stone
829 128 535 stone
829 128 536 stone
829 128 537 stone
829 128 538 stone
829 128 539 stone
829 128 540 stone
829 128 541 stone
829 128 542 stone
829 128 543 stone
829 128 544 stone
829 128 545 stone
829 128 546 stone
829 128 547 stone
829 128 548 stone
829 128 549 stone
829 128 550 stone
829 128 551 stone
829 128 552 stone
829 128 553 stone
829 128 554 stone
829 128 555 stone
829 128 556 stone
829 128 557 stone
829 128 558 stone
829 128 559 stone
829 128 560 stone
829 128 561 stone
829 128 562 stone
829 128 563 stone
829 128 564 stone
829 128 565 stone
829 128 566 stone
829 128 567 stone
829 128 568 stone
829 128 569 stone
829 128 570 stone
829 128 571 stone
829 128 572 stone
829 128 573 stone
829 128 574 stone
829 128 575 stone
829 128 576 stone
829 128 577 stone
829 128 578 stone
829 128 579 stone
829 128 580 stone
829 128 581 stone
829 128 582 stone
829 128 583 stone
829 128 584 stone
829 128 585 stone
829 128 586 stone
829 128 587 copper_ore
829 128 588 stone
829 128 589 stone
829 128 590 stone
829 128 591 stone
829 128 592 stone
829 128 593 stone
829 128 594 stone
829 128 595 gravel
829 128 596 stone
829 128 597 stone
829 128 598 stone
829 128 599 stone
829 128 600 stone
829 128 601 stone
829 128 602 stone
829 128 603 stone
829 128 604 stone
829 128 605 stone
829 128 606 stone
829 128 607 stone
829 128 608 stone
829 128 609 stone
829 128 610 stone
829 128 611 stone
829 128 612 stone
829 128 613 stone
829 128 614 stone
829 128 615 stone
829 128 616 stone
829 128 617 stone
829 128 618 stone
829 128 619 stone
829 128 620 stone
829 128 621 stone
829 128 622 stone
829 128 623 stone
829 128 624 stone
829 128 625 stone
829 128 626 granite
829 128 627 granite
829 128 628 granite
829 128 629 granite
829 128 630 granite
829 128 631 granite
829 128 632 granite
829 128 633 granite
829 128 634 granite
829 128 635 stone
829 128 636 stone
829 128 637 stone
829 128 638 stone
829 128 639 stone
829 128 640 stone
829 128 641 stone
829 128 642 stone
829 128 643 stone
829 128 644 stone
829 128 645 stone
829 128 646 stone
829 128 647 stone
829 128 648 stone
829 128 649 stone
829 128 650 stone
829 128 651 stone
829 128 652 stone
829 128 653 stone
829 128 654 stone
829 128 655 stone
829 128 656 stone
829 128 657 stone
829 128 658 stone
829 128 659 stone
829 128 660 stone
829 128 661 stone
829 128 662 stone
829 128 663 stone
829 128 664 stone
829 128 665 stone
829 128 666 stone
829 128 667 stone
829 128 668 stone
829 128 669 stone
829 128 670 stone
829 128 671 stone
829 128 672 stone
829 128 673 stone
829 128 674 stone
829 128 675 stone
829 128 676 coal_ore
829 128 677 coal_ore
829 128 678 stone
829 128 679 stone
829 128 680 stone
829 128 681 stone
829 128 682 stone
829 128 683 stone
829 128 684 stone
829 128 685 stone
829 128 686 stone
829 128 687 stone
829 128 688 stone
829 128 689 dirt
829 128 690 dirt
829 128 691 dirt
829 128 692 dirt
829 128 693 dirt
829 128 694 dirt
829 128 695 stone
829 128 696 stone
829 128 697 stone
829 128 698 stone
829 128 699 stone
829 128 700 stone
829 128 701 stone
829 128 702 stone
829 128 703 stone
829 128 704 stone
829 128 705 stone
829 128 706 stone
829 128 707 stone
829 128 708 stone
829 128 709 stone
829 128 710 stone
829 128 711 stone
829 128 712 stone
829 128 713 stone
829 128 714 stone
829 128 715 stone
829 128 716 stone
829 128 717 copper_ore
829 128 718 stone
829 128 719 stone
829 128 720 stone
829 128 721 stone
829 128 722 stone
829 128 723 stone
829 128 724 stone
829 128 725 stone
829 128 726 stone
829 128 727 stone
829 128 728 stone
829 128 729 stone
829 128 730 stone
829 128 731 stone
829 128 732 stone
829 128 733 stone
829 128 734 stone
829 128 735 stone
829 128 736 stone
829 128 737 stone
829 128 738 copper_ore
829 128 739 copper_ore
829 128 740 stone
829 128 741 stone
829 128 742 stone
829 128 743 stone
829 128 744 stone
829 128 745 stone
829 128 746 stone
829 128 747 stone
829 128 748 stone
829 128 749 stone
829 128 750 stone
829 128 751 stone
829 128 752 stone
829 128 753 stone
829 128 754 stone
829 128 755 stone
829 128 756 stone
829 128 757 stone
829 128 758 stone
829 128 759 stone
829 128 760 stone
829 128 761 stone
829 128 762 stone
829 128 763 stone
829 128 764 stone
829 128 765 stone
829 128 766 stone
829 128 767 stone
829 128 768 stone
829 128 769 stone
829 128 770 stone
829 128 771 stone
829 128 772 stone
829 128 773 stone
829 128 774 stone
829 128 775 stone
829 128 776 stone
829 128 777 stone
829 128 778 stone
829 128 779 stone
829 128 780 stone
829 128 781 stone
829 128 793 stone
829 128 794 stone
829 128 795 stone
829 128 796 stone
829 128 797 stone
829 128 798 stone
829 128 799 stone
829 128 800 stone
829 128 801 stone
829 128 802 stone
829 128 803 stone
829 128 804 stone
829 128 805 stone
829 128 806 stone
829 128 807 stone
829 128 808 stone
829 128 809 stone
829 128 810 stone
829 128 811 stone
829 128 812 stone
829 128 813 stone
829 128 814 stone
829 128 815 stone
829 128 816 stone
829 128 817 stone
829 128 818 stone
829 128 819 stone
829 128 820 stone
829 128 821 stone
829 128 822 stone
829 128 823 stone
829 128 824 stone
829 128 825 stone
829 128 826 stone
829 128 827 stone
829 128 828 stone
829 128 829 stone
829 128 830 stone
829 128 831 stone
829 128 832 stone
829 128 833 stone
829 128 834 dirt
829 128 835 dirt
829 128 836 dirt
829 128 837 stone
829 128 838 stone
829 128 839 stone
829 128 840 stone
829 128 841 stone
829 128 842 stone
829 128 843 stone
829 128 844 stone
829 128 845 stone
829 128 846 stone
829 128 847 stone
829 128 848 stone
829 128 849 stone
829 128 850 stone
829 128 851 stone
829 128 852 stone
829 128 853 stone
829 128 854 stone
829 128 855 stone
829 128 856 stone
829 128 857 stone
829 128 858 stone
829 128 859 stone
829 128 860 stone
829 128 861 stone
829 128 862 stone
829 128 863 stone
829 128 864 stone
829 128 865 stone
829 128 866 stone
829 128 867 stone
829 128 868 stone
829 128 869 stone
829 128 870 stone
829 128 871 stone
829 128 872 stone
829 128 873 stone
829 128 874 stone
829 128 875 stone
829 128 876 stone
829 128 877 stone
829 128 878 stone
829 128 879 stone
829 128 880 stone
829 128 881 stone
829 128 882 stone
829 128 883 stone
829 128 884 stone
829 128 885 stone
829 128 886 stone
829 128 887 stone
829 128 888 stone
829 128 889 stone
829 128 890 stone
829 128 891 stone
829 128 892 stone
829 128 893 stone
829 128 894 stone
829 128 895 stone
829 128 896 stone
829 128 897 stone
829 128 898 stone
829 128 899 stone
829 128 900 stone
829 128 901 stone
829 128 902 stone
829 128 903 stone
829 128 904 stone
829 128 905 stone
829 128 906 stone
829 128 907 stone
829 128 908 stone
829 128 909 stone
829 128 910 stone
829 128 911 stone
829 128 912 stone
829 128 913 stone
829 128 914 stone
829 128 915 stone
829 128 916 stone
829 128 917 stone
829 128 918 stone
829 128 919 stone
829 128 920 stone
829 128 921 stone
829 128 922 stone
829 128 923 stone
829 128 924 stone
829 128 925 stone
829 128 926 stone
829 128 927 stone
829 128 928 stone
829 128 929 stone
829 128 930 stone
829 128 931 stone
829 128 932 stone
829 128 933 stone
829 128 934 stone
829 128 935 stone
829 128 936 gravel
829 128 937 stone
829 128 938 stone
829 128 939 stone
829 128 940 stone
829 128 941 stone
829 128 942 stone
829 128 943 stone
829 128 944 stone
829 128 945 stone
829 128 946 stone
829 128 947 stone
829 128 948 stone
829 128 949 stone
829 128 950 stone
829 128 951 stone
829 128 952 stone
829 128 953 dirt
829 128 967 stone
829 128 968 stone
829 128 969 stone
829 128 970 stone
829 128 971 stone
829 128 972 stone
829 128 973 stone
829 128 974 stone
829 128 975 stone
829 128 976 stone
829 128 977 stone
829 128 978 stone
829 128 979 stone
829 128 980 stone
829 128 981 stone
829 128 982 stone
829 128 983 stone
829 128 984 stone
829 128 985 stone
829 128 986 stone
829 128 987 stone
829 128 988 stone
829 128 989 stone
829 128 990 stone
829 128 991 stone
829 128 992 stone
829 128 993 stone
829 128 994 stone
829 128 995 stone
829 128 996 coal_ore
829 128 997 coal_ore
829 128 998 stone
829 128 999 stone
829 128 1000 stone
829 128 1001 stone
829 128 1002 stone
829 128 1003 stone
829 128 1004 stone
829 128 1005 stone
829 128 1006 stone
829 128 1007 stone
829 128 1008 stone
829 128 1009 stone
829 128 1010 stone
829 128 1011 stone
829 128 1012 stone
829 128 1013 stone
829 128 1014 stone
829 128 1015 stone
829 128 1016 stone
829 128 1017 stone
829 128 1018 stone
829 128 1019 stone
829 128 1020 stone
829 128 1021 stone
829 128 1022 stone
829 128 1023 stone
829 129 0 stone
829 129 1 stone
829 129 2 stone
829 129 3 stone
829 129 4 stone
829 129 5 stone
829 129 6 stone
829 129 7 stone
829 129 8 stone
829 129 9 stone
829 129 10 stone
829 129 11 stone
829 129 12 stone
829 129 13 stone
829 129 14 stone
829 129 15 stone
829 129 16 stone
829 129 17 stone
829 129 18 stone
829 129 19 stone
829 129 20 stone
829 129 21 stone
829 129 22 stone
829 129 23 stone
829 129 24 stone
829 129 25 stone
829 129 26 stone
829 129 27 stone
829 129 28 stone
829 129 29 stone
829 129 30 stone
829 129 31 stone
829 129 39 stone
829 129 40 stone
829 129 41 stone
829 129 42 stone
829 129 43 stone
829 129 44 stone
829 129 45 stone
829 129 46 stone
829 129 47 stone
829 129 48 copper_ore
829 129 49 stone
829 129 50 stone
829 129 51 stone
829 129 52 stone
829 129 53 stone
829 129 54 stone
829 129 55 stone
829 129 56 stone
829 129 57 stone
829 129 58 stone
829 129 59 stone
829 129 60 stone
829 129 61 stone
829 129 62 stone
829 129 63 stone
829 129 64 stone
829 129 65 stone
829 129 66 stone
829 129 67 stone
829 129 68 stone
829 129 69 stone
829 129 70 copper_ore
829 129 71 copper_ore
829 129 72 stone
829 129 73 stone
829 129 74 stone
829 129 75 coal_ore
829 129 76 stone
829 129 77 stone
829 129 78 stone
829 129 79 stone
829 129 80 stone
829 129 81 stone
829 129 82 stone
829 129 83 stone
829 129 84 stone
829 129 85 stone
829 129 86 stone
829 129 87 stone
829 129 88 stone
829 129 89 stone
829 129 90 stone
829 129 91 stone
829 129 92 stone
829 129 93 dirt
829 129 94 dirt
829 129 95 stone
829 129 96 stone
829 129 97 stone
829 129 98 stone
829 129 99 stone
829 129 100 dirt
829 129 101 dirt
829 129 102 dirt
829 129 103 dirt
829 129 104 dirt
829 129 105 dirt
829 129 106 dirt
829 129 107 dirt
829 129 108 dirt
829 129 109 dirt
829 129 110 dirt
829 129 111 dirt
829 129 112 dirt
829 129 113 dirt
829 129 114 dirt
829 129 115 dirt
829 129 116 stone
829 129 117 stone
829 129 118 stone
829 129 119 stone
829 129 120 stone
829 129 121 stone
829 129 122 stone
829 129 123 stone
829 129 124 stone
829 129 125 stone
829 129 126 stone
829 129 127 copper_ore
829 129 128 copper_ore
829 129 129 stone
829 129 130 stone
829 129 131 stone
829 129 132 stone
829 129 133 stone
829 129 134 dirt
829 129 135 dirt
829 129 136 dirt
829 129 137 dirt
829 129 138 dirt
829 129 139 dirt
829 129 140 dirt
829 129 141 dirt
829 129 142 dirt
829 129 143 dirt
829 129 144 dirt
829 129 145 dirt
829 129 146 dirt
829 129 147 dirt
829 129 148 stone
829 129 149 stone
829 129 150 dirt
829 129 151 stone
829 129 152 dirt
829 129 153 stone
829 129 154 stone
829 129 155 stone
829 129 156 stone
829 129 157 stone
829 129 158 stone
829 129 159 stone
829 129 160 stone
829 129 161 stone
829 129 162 stone
829 129 163 stone
829 129 164 stone
829 129 165 stone
829 129 166 stone
829 129 167 stone
829 129 168 stone
829 129 169 stone
829 129 170 stone
829 129 171 stone
829 129 172 stone
829 129 173 stone
829 129 174 stone
829 129 175 stone
829 129 176 stone
829 129 177 stone
829 129 178 stone
829 129 179 stone
829 129 180 stone
829 129 181 stone
829 129 182 stone
829 129 183 stone
829 129 184 stone
829 129 185 stone
829 129 186 stone
829 129 187 stone
829 129 188 stone
829 129 189 stone
829 129 190 stone
829 129 191 stone
829 129 192 stone
829 129 193 stone
829 129 194 stone
829 129 195 stone
829 129 196 stone
829 129 197 stone
829 129 198 stone
829 129 199 stone
829 129 200 stone
829 129 201 stone
829 129 202 stone
829 129 203 stone
829 129 204 stone
829 129 205 stone
829 129 206 stone
829 129 207 stone
829 129 208 stone
829 129 209 stone
829 129 210 stone
829 129 211 stone
829 129 212 stone
829 129 213 stone
829 129 214 stone
829 129 215 stone
829 129 216 stone
829 129 217 stone
829 129 218 stone
829 129 219 stone
829 129 220 stone
829 129 221 stone
829 129 222 stone
829 129 223 stone
829 129 224 stone
829 129 225 stone
829 129 226 stone
829 129 227 stone
829 129 228 stone
829 129 229 stone
829 129 230 stone
829 129 231 stone
829 129 232 stone
829 129 233 stone
829 129 234 stone
829 129 235 stone
829 129 236 stone
829 129 237 stone
829 129 238 stone
829 129 239 stone
829 129 240 stone
829 129 241 stone
829 129 242 stone
829 129 243 stone
829 129 244 stone
829 129 245 coal_ore
829 129 246 coal_ore
829 129 247 coal_ore
829 129 248 stone
829 129 249 stone
829 129 250 stone
829 129 251 stone
829 129 252 stone
829 129 253 gravel
829 129 254 gravel
829 129 255 gravel
829 129 256 gravel
829 129 257 gravel
829 129 258 gravel
829 129 259 gravel
829 129 260 gravel
829 129 261 stone
829 129 262 stone
829 129 263 stone
829 129 264 stone
829 129 265 stone
829 129 266 stone
829 129 267 stone
829 129 268 stone
829 129 269 stone
829 129 270 stone
829 129 271 stone
829 129 272 stone
829 129 273 stone
829 129 274 stone
829 129 275 stone
829 129 276 stone
829 129 277 stone
829 129 278 stone
829 129 279 stone
829 129 280 stone
829 129 281 stone
829 129 282 stone
829 129 283 stone
829 129 284 stone
829 129 285 stone
829 129 286 stone
829 129 287 stone
829 129 288 stone
829 129 289 stone
829 129 290 stone
829 129 291 stone
829 129 292 stone
829 129 293 stone
829 129 294 stone
829 129 295 stone
829 129 296 stone
829 129 297 stone
829 129 298 stone
829 129 299 stone
829 129 300 stone
829 129 301 stone
829 129 302 stone
829 129 303 stone
829 129 304 stone
829 129 305 stone
829 129 306 stone
829 129 307 stone
829 129 308 stone
829 129 309 stone
829 129 310 stone
829 129 311 stone
829 129 312 stone
829 129 313 stone
829 129 314 stone
829 129 315 stone
829 129 316 stone
829 129 317 stone
829 129 318 stone
829 129 319 stone
829 129 320 stone
829 129 321 stone
829 129 322 stone
829 129 323 stone
829 129 324 stone
829 129 325 stone
829 129 326 stone
829 129 327 stone
829 129 328 stone
829 129 329 stone
829 129 330 stone
829 129 331 stone
829 129 332 stone
829 129 333 stone
829 129 334 stone
829 129 335 stone
829 129 336 stone
829 129 337 stone
829 129 338 stone
829 129 339 stone
829 129 340 stone
829 129 341 stone
829 129 342 stone
829 129 343 coal_ore
829 129 344 coal_ore
829 129 345 coal_ore
829 129 346 stone
829 129 347 stone
829 129 348 stone
829 129 349 stone
829 129 350 stone
829 129 351 stone
829 129 352 stone
829 129 353 stone
829 129 354 stone
829 129 355 stone
829 129 356 stone
829 129 357 stone
829 129 358 stone
829 129 359 stone
829 129 360 coal_ore
829 129 361 coal_ore
829 129 362 stone
829 129 363 stone
829 129 364 stone
829 129 365 coal_ore
829 129 366 coal_ore
829 129 367 stone
829 129 368 stone
829 129 369 stone
829 129 370 stone
829 129 371 stone
829 129 372 stone
829 129 373 stone
829 129 374 stone
829 129 375 stone
829 129 376 stone
829 129 377 stone
829 129 378 stone
829 129 379 stone
829 129 380 stone
829 129 381 stone
829 129 382 stone
829 129 383 stone
829 129 384 stone
829 129 385 stone
829 129 386 stone
829 129 387 coal_ore
829 129 388 coal_ore
829 129 389 coal_ore
829 129 390 copper_ore
829 129 391 copper_ore
829 129 392 stone
829 129 393 stone
829 129 394 stone
829 129 395 stone
829 129 396 stone
829 129 397 stone
829 129 398 stone
829 129 399 stone
829 129 400 stone
829 129 401 stone
829 129 402 stone
829 129 403 stone
829 129 404 stone
829 129 405 stone
829 129 406 stone
829 129 407 stone
829 129 408 stone
829 129 409 stone
829 129 410 stone
829 129 411 stone
829 129 412 stone
829 129 413 stone
829 129 414 stone
829 129 415 stone
829 129 416 stone
829 129 417 stone
829 129 418 stone
829 129 419 stone
829 129 420 stone
829 129 421 stone
829 129 422 coal_ore
829 129 423 coal_ore
829 129 424 stone
829 129 425 stone
829 129 426 stone
829 129 427 stone
829 129 428 stone
829 129 429 stone
829 129 430 stone
829 129 431 stone
829 129 432 stone
829 129 433 stone
829 129 434 stone
829 129 435 stone
829 129 436 stone
829 129 437 stone
829 129 438 stone
829 129 439 stone
829 129 440 stone
829 129 441 stone
829 129 442 stone
829 129 443 stone
829 129 444 stone
829 129 445 dirt
829 129 476 dirt
829 129 477 dirt
829 129 478 stone
829 129 479 stone
829 129 480 stone
829 129 481 stone
829 129 482 stone
829 129 483 stone
829 129 484 stone
829 129 485 stone
829 129 486 stone
829 129 487 stone
829 129 488 stone
829 129 489 stone
829 129 490 granite
829 129 491 granite
829 129 492 granite
829 129 493 dirt
829 129 494 stone
829 129 495 stone
829 129 496 stone
829 129 497 stone
829 129 498 stone
829 129 499 stone
829 129 500 stone
829 129 501 stone
829 129 502 stone
829 129 503 stone
829 129 504 stone
829 129 505 stone
829 129 506 stone
829 129 507 stone
829 129 508 stone
829 129 509 stone
829 129 510 stone
829 129 511 stone
829 129 512 stone
829 129 513 granite
829 129 514 granite
829 129 515 granite
829 129 516 granite
829 129 517 granite
829 129 518 granite
829 129 519 granite
829 129 520 stone
829 129 521 stone
829 129 522 stone
829 129 523 stone
829 129 524 stone
829 129 525 stone
829 129 526 stone
829 129 527 stone
829 129 528 stone
829 129 529 stone
829 129 530 stone
829 129 531 stone
829 129 532 stone
829 129 533 stone
829 129 534 stone
829 129 535 stone
829 129 536 stone
829 129 537 stone
829 129 538 stone
829 129 539 stone
829 129 540 stone
829 129 541 stone
829 129 542 stone
829 129 543 stone
829 129 544 stone
829 129 545 stone
829 129 546 stone
829 129 547 stone
829 129 548 stone
829 129 549 stone
829 129 550 stone
829 129 551 stone
829 129 552 stone
829 129 553 stone
829 129 554 stone
829 129 555 stone
829 129 556 stone
829 129 557 stone
829 129 558 stone
829 129 559 stone
829 129 560 stone
829 129 561 stone
829 129 562 stone
829 129 563 stone
829 129 564 stone
829 129 565 stone
829 129 566 stone
829 129 567 stone
829 129 568 stone
829 129 569 stone
829 129 570 stone
829 129 571 stone
829 129 572 stone
829 129 573 stone
829 129 574 stone
829 129 575 stone
829 129 576 stone
829 129 577 stone
829 129 578 stone
829 129 579 stone
829 129 580 stone
829 129 581 stone
829 129 582 stone
829 129 583 stone
829 129 584 stone
829 129 585 stone
829 129 586 stone
829 129 587 copper_ore
829 129 588 copper_ore
829 129 589 stone
829 129 590 stone
829 129 591 stone
829 129 592 stone
829 129 593 gravel
829 129 594 gravel
829 129 595 gravel
829 129 596 gravel
829 129 597 stone
829 129 598 stone
829 129 599 stone
829 129 600 stone
829 129 601 stone
829 129 602 stone
