fill 889 117 705 889 117 718 stone
fill 889 117 719 889 117 721 coal_ore
fill 889 117 722 889 117 738 stone
fill 889 117 739 889 117 746 andesite
889 117 747 stone
889 117 748 stone
fill 889 117 749 889 117 757 granite
fill 889 117 758 889 117 763 stone
fill 889 117 764 889 117 766 diorite
890 117 640 stone
890 117 641 stone
fill 890 117 642 890 117 646 granite
fill 890 117 647 890 117 663 stone
fill 890 117 664 890 117 671 gravel
fill 890 117 672 890 117 675 stone
fill 890 117 676 890 117 680 granite
fill 890 117 681 890 117 687 andesite
890 117 688 diorite
890 117 689 diorite
fill 890 117 690 890 117 699 stone
fill 890 117 700 890 117 702 gravel
fill 890 117 703 890 117 718 stone
890 117 719 coal_ore
fill 890 117 720 890 117 736 stone
fill 890 117 737 890 117 746 andesite
fill 890 117 747 890 117 749 stone
fill 890 117 750 890 117 758 granite
fill 890 117 759 890 117 763 stone
890 117 764 diorite
890 117 765 diorite
890 117 766 granite
890 117 767 granite
891 117 640 stone
fill 891 117 641 891 117 647 andesite
fill 891 117 648 891 117 664 stone
fill 891 117 665 891 117 671 gravel
fill 891 117 672 891 117 675 stone
fill 891 117 676 891 117 680 granite
891 117 681 andesite
891 117 682 andesite
891 117 683 infested_stone
fill 891 117 684 891 117 687 andesite
fill 891 117 688 891 117 735 stone
fill 891 117 736 891 117 746 andesite
fill 891 117 747 891 117 750 stone
fill 891 117 751 891 117 759 granite
fill 891 117 760 891 117 763 stone
891 117 764 diorite
fill 891 117 765 891 117 767 granite
fill 892 117 640 892 117 648 andesite
fill 892 117 649 892 117 665 stone
fill 892 117 666 892 117 670 gravel
892 117 671 gravel
892 117 672 gravel
fill 892 117 673 892 117 675 stone
fill 892 117 676 892 117 680 granite
892 117 681 andesite
892 117 682 infested_stone
892 117 683 infested_stone
fill 892 117 684 892 117 686 andesite
fill 892 117 687 892 117 691 stone
892 117 692 copper_ore
fill 892 117 693 892 117 731 stone
fill 892 117 732 892 117 746 andesite
fill 892 117 747 892 117 750 stone
fill 892 117 751 892 117 759 granite
fill 892 117 760 892 117 763 stone
fill 892 117 764 892 117 767 granite
fill 893 117 640 893 117 648 andesite
893 117 649 granite
fill 893 117 650 893 117 667 stone
fill 893 117 668 893 117 672 gravel
fill 893 117 673 893 117 675 stone
fill 893 117 676 893 117 679 granite
893 117 680 stone
893 117 681 stone
893 117 682 infested_stone
893 117 683 infested_stone
fill 893 117 684 893 117 686 andesite
fill 893 117 687 893 117 690 stone
893 117 691 copper_ore
893 117 692 copper_ore
fill 893 117 693 893 117 695 stone
fill 893 117 696 893 117 699 andesite
fill 893 117 700 893 117 729 stone
fill 893 117 730 893 117 746 andesite
fill 893 117 747 893 117 751 stone
fill 893 117 752 893 117 760 granite
fill 893 117 761 893 117 763 stone
fill 893 117 764 893 117 767 granite
fill 894 117 640 894 117 648 andesite
894 117 649 granite
fill 894 117 650 894 117 671 stone
894 117 672 iron_ore
894 117 673 iron_ore
fill 894 117 674 894 117 677 stone
894 117 678 granite
fill 894 117 679 894 117 681 stone
fill 894 117 682 894 117 685 andesite
fill 894 117 686 894 117 690 stone
894 117 691 copper_ore
894 117 692 copper_ore
894 117 693 stone
fill 894 117 694 894 117 700 andesite
fill 894 117 701 894 117 728 stone
fill 894 117 729 894 117 740 andesite
894 117 741 stone
894 117 742 stone
fill 894 117 743 894 117 745 andesite
fill 894 117 746 894 117 753 stone
fill 894 117 754 894 117 760 granite
fill 894 117 761 894 117 763 stone
fill 894 117 764 894 117 767 granite
fill 895 117 640 895 117 646 andesite
fill 895 117 647 895 117 650 granite
fill 895 117 651 895 117 665 stone
fill 895 117 668 895 117 672 stone
895 117 673 iron_ore
fill 895 117 674 895 117 683 stone
895 117 684 andesite
fill 895 117 685 895 117 690 stone
895 117 691 copper_ore
895 117 692 stone
895 117 693 stone
fill 895 117 694 895 117 700 andesite
fill 895 117 701 895 117 728 stone
fill 895 117 729 895 117 739 andesite
fill 895 117 740 895 117 754 stone
fill 895 117 755 895 117 760 granite
895 117 761 stone
895 117 762 stone
fill 895 117 763 895 117 767 granite
fill 768 118 640 768 118 642 granite
fill 768 118 643 768 118 654 stone
fill 768 118 655 768 118 658 diorite
fill 768 118 659 768 118 661 stone
fill 768 118 662 768 118 667 water[level=0]
fill 768 118 668 768 118 670 stone
fill 768 118 671 768 118 674 granite
fill 768 118 675 768 118 679 stone
fill 768 118 680 768 118 686 andesite
fill 768 118 687 768 118 699 stone
768 118 700 andesite
fill 768 118 701 768 118 713 stone
fill 768 118 714 768 118 716 andesite
fill 768 118 717 768 118 754 stone
fill 768 118 755 768 118 758 granite
fill 768 118 759 768 118 767 stone
769 118 640 granite
769 118 641 granite
fill 769 118 642 769 118 653 stone
fill 769 118 654 769 118 659 diorite
fill 769 118 660 769 118 662 stone
fill 769 118 663 769 118 667 water[level=0]
fill 769 118 668 769 118 670 stone
fill 769 118 671 769 118 674 granite
fill 769 118 675 769 118 678 stone
fill 769 118 679 769 118 686 andesite
fill 769 118 687 769 118 689 stone
769 118 690 copper_ore
769 118 691 copper_ore
fill 769 118 692 769 118 712 stone
fill 769 118 713 769 118 716 andesite
fill 769 118 717 769 118 754 stone
fill 769 118 755 769 118 759 granite
769 118 760 stone
769 118 761 stone
769 118 762 dirt
fill 769 118 763 769 118 767 stone
770 118 640 granite
fill 770 118 641 770 118 650 stone
770 118 651 copper_ore
fill 770 118 652 770 118 654 stone
fill 770 118 655 770 118 660 diorite
fill 770 118 661 770 118 663 stone
fill 770 118 664 770 118 669 water[level=0]
770 118 670 stone
fill 770 118 671 770 118 675 granite
fill 770 118 676 770 118 678 stone
fill 770 118 679 770 118 687 andesite
770 118 688 stone
fill 770 118 689 770 118 691 copper_ore
fill 770 118 692 770 118 709 stone
770 118 710 coal_ore
770 118 711 stone
770 118 712 stone
fill 770 118 713 770 118 716 andesite
fill 770 118 717 770 118 754 stone
fill 770 118 755 770 118 760 granite
fill 770 118 761 770 118 763 dirt
fill 770 118 764 770 118 767 stone
771 118 640 stone
771 118 641 stone
771 118 642 lapis_ore
fill 771 118 643 771 118 654 stone
fill 771 118 655 771 118 661 diorite
fill 771 118 662 771 118 664 stone
fill 771 118 665 771 118 670 water[level=0]
fill 771 118 671 771 118 674 granite
fill 771 118 675 771 118 678 stone
fill 771 118 679 771 118 687 andesite
fill 771 118 688 771 118 708 stone
771 118 709 coal_ore
771 118 710 coal_ore
fill 771 118 711 771 118 713 stone
771 118 714 andesite
771 118 715 andesite
fill 771 118 716 771 118 731 stone
fill 771 118 732 771 118 734 water[level=0]
fill 771 118 735 771 118 754 stone
fill 771 118 755 771 118 759 granite
fill 771 118 760 771 118 763 dirt
fill 771 118 764 771 118 767 stone
fill 772 118 640 772 118 653 stone
fill 772 118 654 772 118 656 granite
fill 772 118 657 772 118 661 diorite
fill 772 118 662 772 118 666 stone
fill 772 118 667 772 118 670 water[level=0]
fill 772 118 671 772 118 673 granite
fill 772 118 674 772 118 678 stone
fill 772 118 679 772 118 687 andesite
fill 772 118 688 772 118 707 stone
fill 772 118 708 772 118 710 coal_ore
fill 772 118 711 772 118 719 stone
fill 772 118 720 772 118 730 stone
fill 772 118 731 772 118 735 water[level=0]
fill 772 118 736 772 118 754 stone
fill 772 118 755 772 118 758 granite
fill 772 118 759 772 118 763 dirt
fill 772 118 764 772 118 767 stone
fill 773 118 640 773 118 651 stone
fill 773 118 652 773 118 656 granite
fill 773 118 657 773 118 662 diorite
fill 773 118 663 773 118 666 stone
fill 773 118 667 773 118 671 water[level=0]
fill 773 118 672 773 118 674 granite
fill 773 118 675 773 118 678 stone
fill 773 118 679 773 118 686 andesite
fill 773 118 687 773 118 707 stone
fill 773 118 708 773 118 710 coal_ore
fill 773 118 711 773 118 730 stone
fill 773 118 731 773 118 737 water[level=0]
fill 773 118 738 773 118 742 stone
fill 773 118 743 773 118 745 dirt
fill 773 118 746 773 118 754 stone
fill 773 118 755 773 118 758 granite
fill 773 118 759 773 118 763 dirt
fill 773 118 764 773 118 767 stone
fill 774 118 640 774 118 651 stone
fill 774 118 652 774 118 656 granite
fill 774 118 657 774 118 662 diorite
fill 774 118 663 774 118 667 stone
fill 774 118 668 774 118 671 water[level=0]
fill 774 118 672 774 118 674 granite
fill 774 118 675 774 118 678 stone
fill 774 118 679 774 118 686 andesite
fill 774 118 687 774 118 708 stone
774 118 709 coal_ore
fill 774 118 710 774 118 730 stone
fill 774 118 731 774 118 739 water[level=0]
774 118 740 stone
774 118 741 stone
fill 774 118 742 774 118 745 dirt
fill 774 118 746 774 118 754 stone
fill 774 118 755 774 118 757 granite
fill 774 118 758 774 118 762 dirt
fill 774 118 763 774 118 767 stone
fill 775 118 640 775 118 650 stone
fill 775 118 651 775 118 655 granite
fill 775 118 656 775 118 663 diorite
fill 775 118 664 775 118 668 stone
fill 775 118 669 775 118 671 water[level=0]
fill 775 118 672 775 118 678 diorite
fill 775 118 679 775 118 686 andesite
fill 775 118 687 775 118 700 stone
775 118 701 diorite
fill 775 118 702 775 118 731 stone
fill 775 118 732 775 118 740 water[level=0]
775 118 741 stone
fill 775 118 742 775 118 745 dirt
fill 775 118 746 775 118 749 stone
775 118 750 coal_ore
fill 775 118 751 775 118 755 stone
775 118 756 granite
775 118 757 granite
fill 775 118 758 775 118 762 dirt
fill 775 118 763 775 118 767 stone
fill 776 118 640 776 118 650 stone
fill 776 118 651 776 118 654 granite
776 118 655 stone
776 118 656 stone
fill 776 118 657 776 118 662 diorite
776 118 663 iron_ore
fill 776 118 664 776 118 666 stone
fill 776 118 667 776 118 670 diorite
fill 776 118 671 776 118 673 water[level=0]
fill 776 118 674 776 118 678 diorite
fill 776 118 679 776 118 685 andesite
fill 776 118 686 776 118 698 stone
fill 776 118 699 776 118 702 diorite
fill 776 118 703 776 118 731 stone
776 118 732 diorite
fill 776 118 733 776 118 741 water[level=0]
fill 776 118 742 776 118 745 dirt
fill 776 118 746 776 118 755 stone
776 118 756 granite
776 118 757 granite
fill 776 118 758 776 118 761 dirt
fill 776 118 762 776 118 764 stone
776 118 765 diorite
776 118 766 stone
776 118 767 stone
fill 777 118 640 777 118 650 stone
fill 777 118 651 777 118 653 granite
fill 777 118 654 777 118 656 stone
fill 777 118 657 777 118 659 diorite
fill 777 118 660 777 118 665 dirt
fill 777 118 666 777 118 670 diorite
fill 777 118 671 777 118 673 water[level=0]
fill 777 118 674 777 118 678 diorite
fill 777 118 679 777 118 685 andesite
fill 777 118 686 777 118 695 stone
fill 777 118 696 777 118 702 diorite
fill 777 118 703 777 118 730 stone
fill 777 118 731 777 118 733 diorite
fill 777 118 734 777 118 742 water[level=0]
fill 777 118 743 777 118 745 dirt
fill 777 118 746 777 118 757 stone
fill 777 118 758 777 118 760 dirt
fill 777 118 761 777 118 763 stone
fill 777 118 764 777 118 767 diorite
fill 778 118 640 778 118 656 stone
778 118 657 diorite
fill 778 118 658 778 118 665 dirt
fill 778 118 666 778 118 670 diorite
fill 778 118 671 778 118 673 water[level=0]
fill 778 118 674 778 118 678 diorite
fill 778 118 679 778 118 684 andesite
fill 778 118 685 778 118 694 stone
fill 778 118 695 778 118 701 diorite
fill 778 118 702 778 118 729 stone
fill 778 118 730 778 118 734 diorite
778 118 735 stone
fill 778 118 736 778 118 744 water[level=0]
778 118 745 dirt
fill 778 118 746 778 118 757 stone
778 118 758 dirt
778 118 759 dirt
fill 778 118 760 778 118 763 stone
fill 778 118 764 778 118 767 diorite
fill 779 118 640 779 118 657 stone
fill 779 118 658 779 118 663 dirt
fill 779 118 664 779 118 671 diorite
779 118 672 water[level=0]
779 118 673 water[level=0]
fill 779 118 674 779 118 678 diorite
fill 779 118 679 779 118 683 andesite
fill 779 118 684 779 118 693 stone
fill 779 118 694 779 118 701 diorite
fill 779 118 702 779 118 704 stone
fill 779 118 705 779 118 708 gravel
fill 779 118 709 779 118 729 stone
fill 779 118 730 779 118 734 diorite
779 118 735 stone
779 118 736 stone
fill 779 118 737 779 118 745 water[level=0]
fill 779 118 746 779 118 765 stone
779 118 766 diorite
779 118 767 diorite
fill 780 118 640 780 118 656 stone
fill 780 118 657 780 118 663 dirt
fill 780 118 664 780 118 678 diorite
fill 780 118 679 780 118 683 andesite
fill 780 118 684 780 118 692 stone
fill 780 118 693 780 118 701 diorite
780 118 702 stone
fill 780 118 703 780 118 707 gravel
fill 780 118 708 780 118 729 stone
fill 780 118 730 780 118 735 diorite
fill 780 118 736 780 118 738 stone
fill 780 118 739 780 118 746 water[level=0]
fill 780 118 747 780 118 755 stone
fill 780 118 756 780 118 765 stone
780 118 766 diorite
780 118 767 diorite
fill 781 118 640 781 118 657 stone
fill 781 118 658 781 118 660 dirt
fill 781 118 661 781 118 663 diorite
fill 781 118 664 781 118 666 stone
fill 781 118 667 781 118 679 diorite
fill 781 118 680 781 118 682 andesite
fill 781 118 683 781 118 692 stone
fill 781 118 693 781 118 696 diorite
781 118 697 copper_ore
781 118 698 copper_ore
fill 781 118 699 781 118 701 diorite
781 118 702 stone
fill 781 118 703 781 118 705 gravel
fill 781 118 706 781 118 726 stone
781 118 727 copper_ore
781 118 728 stone
781 118 729 stone
fill 781 118 730 781 118 735 diorite
fill 781 118 736 781 118 739 stone
fill 781 118 740 781 118 748 water[level=0]
fill 781 118 749 781 118 766 stone
781 118 767 diorite
fill 782 118 640 782 118 659 stone
fill 782 118 660 782 118 663 diorite
fill 782 118 664 782 118 668 stone
fill 782 118 669 782 118 678 diorite
fill 782 118 679 782 118 691 stone
fill 782 118 692 782 118 696 diorite
782 118 697 copper_ore
782 118 698 copper_ore
782 118 699 diorite
782 118 700 diorite
782 118 701 stone
782 118 702 stone
782 118 703 gravel
782 118 704 gravel
fill 782 118 705 782 118 726 stone
782 118 727 copper_ore
782 118 728 stone
fill 782 118 729 782 118 736 diorite
fill 782 118 737 782 118 740 stone
782 118 741 water[level=0]
782 118 742 water[level=0]
782 118 743 bubble_column[drag=true]
782 118 744 water[level=0]
782 118 745 bubble_column[drag=true]
fill 782 118 746 782 118 750 water[level=0]
fill 782 118 751 782 118 767 stone
fill 783 118 640 783 118 690 stone
fill 783 118 691 783 118 696 diorite
783 118 697 copper_ore
783 118 698 diorite
783 118 699 diorite
fill 783 118 700 783 118 726 stone
fill 783 118 727 783 118 729 coal_ore
fill 783 118 730 783 118 735 diorite
783 118 736 copper_ore
783 118 737 copper_ore
fill 783 118 738 783 118 742 stone
783 118 743 water[level=0]
783 118 744 bubble_column[drag=true]
fill 783 118 745 783 118 753 water[level=0]
fill 783 118 754 783 118 767 stone
784 118 640 stone
784 118 641 dirt
784 118 642 dirt
fill 784 118 643 784 118 690 stone
fill 784 118 691 784 118 699 diorite
fill 784 118 700 784 118 720 stone
fill 784 118 721 784 118 726 diorite
784 118 727 stone
784 118 728 coal_ore
fill 784 118 729 784 118 736 diorite
fill 784 118 737 784 118 743 stone
fill 784 118 744 784 118 761 water[level=0]
fill 784 118 762 784 118 767 stone
fill 785 118 640 785 118 675 stone
fill 785 118 676 785 118 678 andesite
fill 785 118 679 785 118 690 stone
fill 785 118 691 785 118 698 diorite
fill 785 118 699 785 118 720 stone
fill 785 118 721 785 118 736 diorite
fill 785 118 737 785 118 745 stone
fill 785 118 746 785 118 762 water[level=0]
fill 785 118 763 785 118 767 stone
fill 786 118 640 786 118 674 stone
fill 786 118 675 786 118 678 andesite
fill 786 118 679 786 118 689 stone
fill 786 118 690 786 118 697 diorite
fill 786 118 698 786 118 720 stone
fill 786 118 721 786 118 736 diorite
fill 786 118 737 786 118 748 stone
fill 786 118 749 786 118 762 water[level=0]
fill 786 118 763 786 118 767 stone
fill 787 118 640 787 118 668 stone
787 118 669 copper_ore
fill 787 118 670 787 118 674 stone
fill 787 118 675 787 118 679 andesite
fill 787 118 680 787 118 689 stone
fill 787 118 690 787 118 696 diorite
fill 787 118 697 787 118 720 stone
fill 787 118 721 787 118 727 diorite
787 118 728 stone
fill 787 118 729 787 118 736 diorite
fill 787 118 737 787 118 750 stone
fill 787 118 751 787 118 761 water[level=0]
fill 787 118 762 787 118 767 stone
788 118 640 stone
788 118 641 stone
788 118 642 andesite
788 118 643 andesite
fill 788 118 644 788 118 657 stone
788 118 658 coal_ore
fill 788 118 659 788 118 668 stone
788 118 669 copper_ore
788 118 670 copper_ore
fill 788 118 671 788 118 673 stone
fill 788 118 674 788 118 680 andesite
fill 788 118 681 788 118 689 stone
fill 788 118 690 788 118 693 diorite
fill 788 118 694 788 118 724 stone
788 118 725 diorite
fill 788 118 726 788 118 729 stone
fill 788 118 730 788 118 735 diorite
fill 788 118 736 788 118 755 stone
788 118 756 water[level=0]
fill 788 118 757 788 118 767 stone
789 118 640 stone
fill 789 118 641 789 118 645 andesite
fill 789 118 646 789 118 657 stone
fill 789 118 658 789 118 660 coal_ore
fill 789 118 661 789 118 664 stone
fill 789 118 665 789 118 668 stone
789 118 669 copper_ore
789 118 670 copper_ore
fill 789 118 671 789 118 673 stone
fill 789 118 674 789 118 680 andesite
fill 789 118 681 789 118 690 stone
789 118 691 diorite
789 118 692 diorite
fill 789 118 693 789 118 730 stone
fill 789 118 731 789 118 735 diorite
fill 789 118 736 789 118 749 stone
789 118 750 copper_ore
789 118 751 copper_ore
fill 789 118 752 789 118 767 stone
790 118 640 stone
fill 790 118 641 790 118 647 andesite
fill 790 118 648 790 118 659 stone
790 118 660 coal_ore
790 118 661 coal_ore
fill 790 118 662 790 118 669 stone
790 118 670 copper_ore
fill 790 118 671 790 118 674 stone
fill 790 118 675 790 118 680 andesite
fill 790 118 681 790 118 730 stone
fill 790 118 731 790 118 735 diorite
fill 790 118 736 790 118 749 stone
790 118 750 copper_ore
790 118 751 copper_ore
fill 790 118 752 790 118 763 stone
790 118 764 diorite
fill 790 118 765 790 118 767 stone
791 118 640 stone
fill 791 118 641 791 118 648 andesite
fill 791 118 649 791 118 673 stone
fill 791 118 674 791 118 681 andesite
fill 791 118 682 791 118 730 stone
fill 791 118 731 791 118 735 diorite
fill 791 118 736 791 118 741 stone
fill 791 118 742 791 118 744 gravel
fill 791 118 745 791 118 760 stone
fill 791 118 761 791 118 766 diorite
791 118 767 stone
792 118 640 stone
792 118 641 stone
fill 792 118 642 792 118 648 andesite
fill 792 118 649 792 118 661 stone
792 118 662 gravel
792 118 663 gravel
fill 792 118 664 792 118 673 stone
fill 792 118 674 792 118 681 andesite
792 118 682 stone
792 118 683 stone
fill 792 118 684 792 118 686 granite
fill 792 118 687 792 118 730 stone
fill 792 118 731 792 118 734 diorite
fill 792 118 735 792 118 741 stone
fill 792 118 742 792 118 746 gravel
fill 792 118 747 792 118 758 stone
fill 792 118 759 792 118 766 diorite
792 118 767 stone
fill 793 118 640 793 118 645 stone
793 118 646 andesite
793 118 647 andesite
fill 793 118 648 793 118 673 stone
fill 793 118 674 793 118 680 andesite
fill 793 118 681 793 118 687 granite
fill 793 118 688 793 118 732 stone
793 118 733 diorite
fill 793 118 734 793 118 741 stone
fill 793 118 742 793 118 747 gravel
fill 793 118 748 793 118 757 stone
fill 793 118 758 793 118 766 diorite
793 118 767 stone
fill 794 118 640 794 118 663 stone
794 118 664 gravel
fill 794 118 665 794 118 673 stone
fill 794 118 674 794 118 678 andesite
fill 794 118 679 794 118 687 granite
fill 794 118 688 794 118 742 stone
fill 794 118 743 794 118 748 gravel
fill 794 118 749 794 118 756 stone
fill 794 118 757 794 118 765 diorite
794 118 766 stone
794 118 767 stone
fill 795 118 640 795 118 645 stone
795 118 646 dirt
795 118 647 dirt
fill 795 118 648 795 118 663 stone
795 118 664 gravel
795 118 665 gravel
795 118 666 stone
fill 795 118 667 795 118 670 diorite
fill 795 118 671 795 118 673 stone
fill 795 118 674 795 118 677 andesite
fill 795 118 678 795 118 687 granite
fill 795 118 688 795 118 716 stone
795 118 717 copper_ore
795 118 718 copper_ore
fill 795 118 719 795 118 742 stone
fill 795 118 743 795 118 748 gravel
fill 795 118 749 795 118 755 stone
fill 795 118 756 795 118 762 diorite
795 118 763 coal_ore
795 118 764 coal_ore
795 118 765 stone
795 118 766 stone
795 118 767 gravel
fill 796 118 640 796 118 644 stone
fill 796 118 645 796 118 647 dirt
fill 796 118 648 796 118 663 stone
796 118 664 gravel
796 118 665 gravel
fill 796 118 666 796 118 670 diorite
fill 796 118 671 796 118 673 stone
796 118 674 andesite
796 118 675 andesite
fill 796 118 676 796 118 686 granite
fill 796 118 687 796 118 704 stone
796 118 705 copper_ore
fill 796 118 706 796 118 716 stone
fill 796 118 717 796 118 719 copper_ore
fill 796 118 720 796 118 743 stone
fill 796 118 744 796 118 749 gravel
fill 796 118 750 796 118 754 stone
fill 796 118 755 796 118 764 diorite
fill 796 118 765 796 118 767 stone
fill 797 118 640 797 118 644 stone