703 124 207 stone
703 124 208 stone
703 124 209 stone
703 124 210 stone
703 124 211 stone
703 124 212 stone
703 124 213 stone
703 124 214 stone
703 124 215 stone
703 124 216 stone
703 124 217 stone
703 124 218 stone
703 124 219 stone
703 124 220 stone
703 124 221 stone
703 124 222 stone
703 124 223 stone
703 124 224 stone
703 124 225 stone
703 124 226 stone
703 124 227 stone
703 124 228 stone
703 124 229 stone
703 124 230 stone
703 124 231 stone
703 124 232 stone
703 124 233 stone
703 124 234 stone
703 124 235 stone
703 124 236 stone
703 124 237 stone
703 124 238 stone
703 124 239 diorite
703 124 240 diorite
703 124 241 diorite
703 124 242 diorite
703 124 243 diorite
703 124 244 diorite
703 124 245 diorite
703 124 246 diorite
703 124 247 diorite
703 124 248 diorite
703 124 249 diorite
703 124 250 diorite
703 124 251 diorite
703 124 252 gravel
703 124 253 gravel
703 124 254 gravel
703 124 255 gravel
704 124 128 stone
704 124 129 stone
704 124 130 stone
704 124 131 stone
704 124 132 stone
704 124 133 stone
704 124 134 stone
704 124 135 stone
704 124 136 water[level=0]
704 124 137 water[level=0]
704 124 138 water[level=0]
704 124 139 water[level=0]
704 124 140 water[level=0]
704 124 141 water[level=0]
704 124 142 water[level=0]
704 124 143 water[level=0]
704 124 144 water[level=0]
704 124 145 water[level=0]
704 124 146 water[level=0]
704 124 147 water[level=0]
704 124 148 water[level=0]
704 124 149 andesite
704 124 150 andesite
704 124 151 andesite
704 124 152 andesite
704 124 153 andesite
704 124 154 andesite
704 124 155 andesite
704 124 156 stone
704 124 157 dirt
704 124 158 dirt
704 124 159 dirt
704 124 160 dirt
704 124 161 dirt
704 124 162 stone
704 124 163 stone
704 124 164 stone
704 124 165 stone
704 124 166 stone
704 124 167 stone
704 124 168 stone
704 124 169 stone
704 124 170 stone
704 124 171 stone
704 124 172 stone
704 124 173 stone
704 124 174 stone
704 124 175 stone
704 124 176 stone
704 124 177 stone
704 124 178 stone
704 124 179 stone
704 124 180 stone
704 124 181 stone
704 124 182 stone
704 124 183 stone
704 124 184 stone
704 124 185 stone
704 124 186 stone
704 124 187 stone
704 124 188 granite
704 124 189 granite
704 124 190 granite
704 124 191 granite
704 124 192 stone
704 124 193 stone
704 124 194 stone
704 124 195 stone
704 124 196 stone
704 124 197 stone
704 124 198 stone
704 124 199 stone
704 124 200 stone
704 124 201 stone
704 124 202 stone
704 124 203 stone
704 124 204 stone
704 124 205 stone
704 124 206 stone
704 124 207 stone
704 124 208 stone
704 124 209 stone
704 124 210 stone
704 124 211 stone
704 124 212 stone
704 124 213 stone
704 124 214 stone
704 124 215 stone
704 124 216 stone
704 124 217 stone
704 124 218 stone
704 124 219 stone
704 124 220 stone
704 124 221 stone
704 124 222 stone
704 124 223 stone
704 124 224 stone
704 124 225 stone
704 124 226 stone
704 124 227 stone
704 124 228 stone
704 124 229 stone
704 124 230 stone
704 124 231 stone
704 124 232 stone
704 124 233 stone
704 124 234 stone
704 124 235 stone
704 124 236 stone
704 124 237 stone
704 124 238 stone
704 124 239 stone
704 124 240 diorite
704 124 241 diorite
704 124 242 diorite
704 124 243 diorite
704 124 244 diorite
704 124 245 diorite
704 124 246 diorite
704 124 247 diorite
704 124 248 diorite
704 124 249 diorite
704 124 250 diorite
704 124 251 diorite
704 124 252 gravel
704 124 253 gravel
704 124 254 gravel
704 124 255 stone
705 124 128 stone
705 124 129 stone
705 124 130 stone
705 124 131 stone
705 124 132 stone
705 124 133 stone
705 124 134 stone
705 124 135 water[level=0]
705 124 136 water[level=0]
705 124 137 water[level=0]
705 124 138 water[level=0]
705 124 139 water[level=0]
705 124 140 water[level=0]
705 124 141 water[level=0]
705 124 142 water[level=0]
705 124 143 water[level=0]
705 124 144 water[level=0]
705 124 145 water[level=0]
705 124 146 water[level=0]
705 124 147 water[level=0]
705 124 148 water[level=0]
705 124 149 stone
705 124 150 andesite
705 124 151 coal_ore
705 124 152 coal_ore
705 124 153 andesite
705 124 154 andesite
705 124 155 stone
705 124 156 stone
705 124 157 stone
705 124 158 stone
705 124 159 dirt
705 124 160 dirt
705 124 161 dirt
705 124 162 stone
705 124 163 stone
705 124 164 stone
705 124 165 stone
705 124 166 stone
705 124 167 stone
705 124 168 stone
705 124 169 stone
705 124 170 stone
705 124 171 stone
705 124 172 stone
705 124 173 stone
705 124 174 stone
705 124 175 stone
705 124 176 stone
705 124 177 stone
705 124 178 stone
705 124 179 stone
705 124 180 stone
705 124 181 stone
705 124 182 stone
705 124 183 stone
705 124 184 stone
705 124 185 stone
705 124 186 stone
705 124 187 stone
705 124 188 granite
705 124 189 granite
705 124 190 granite
705 124 191 granite
705 124 192 stone
705 124 193 stone
705 124 194 stone
705 124 195 stone
705 124 196 stone
705 124 197 stone
705 124 198 stone
705 124 199 stone
705 124 200 stone
705 124 201 stone
705 124 202 stone
705 124 203 stone
705 124 204 stone
705 124 205 stone
705 124 206 stone
705 124 207 stone
705 124 208 stone
705 124 209 stone
705 124 210 stone
705 124 211 stone
705 124 212 stone
705 124 213 stone
705 124 214 stone
705 124 215 stone
705 124 216 stone
705 124 217 stone
705 124 218 stone
705 124 219 stone
705 124 220 stone
705 124 221 stone
705 124 222 stone
705 124 223 stone
705 124 224 stone
705 124 225 stone
705 124 226 stone
705 124 227 stone
705 124 228 stone
705 124 229 stone
705 124 230 stone
705 124 231 stone
705 124 232 stone
705 124 233 stone
705 124 234 stone
705 124 235 stone
705 124 236 stone
705 124 237 stone
705 124 238 stone
705 124 239 stone
705 124 240 stone
705 124 241 diorite
705 124 242 diorite
705 124 243 diorite
705 124 244 diorite
705 124 245 diorite
705 124 246 diorite
705 124 247 diorite
705 124 248 diorite
705 124 249 diorite
705 124 250 diorite
705 124 251 diorite
705 124 252 diorite
705 124 253 stone
705 124 254 stone
705 124 255 stone
706 124 128 stone
706 124 129 stone
706 124 130 stone
706 124 131 stone
706 124 132 stone
706 124 133 stone
706 124 134 water[level=0]
706 124 135 water[level=0]
706 124 136 water[level=0]
706 124 137 water[level=0]
706 124 138 water[level=0]
706 124 139 water[level=0]
706 124 140 water[level=0]
706 124 141 water[level=0]
706 124 142 water[level=0]
706 124 143 water[level=0]
706 124 144 water[level=0]
706 124 145 water[level=0]
706 124 146 water[level=0]
706 124 147 water[level=0]
706 124 148 stone
706 124 149 stone
706 124 150 coal_ore
706 124 151 coal_ore
706 124 152 coal_ore
706 124 153 andesite
706 124 154 andesite
706 124 155 stone
706 124 156 stone
706 124 157 stone
706 124 158 stone
706 124 159 stone
706 124 160 stone
706 124 161 stone
706 124 162 stone
706 124 163 stone
706 124 164 stone
706 124 165 stone
706 124 166 stone
706 124 167 stone
706 124 168 stone
706 124 169 stone
706 124 170 stone
706 124 171 stone
706 124 172 stone
706 124 173 stone
706 124 174 stone
706 124 175 stone
706 124 176 stone
706 124 177 stone
706 124 178 stone
706 124 179 stone
706 124 180 stone
706 124 181 stone
706 124 182 stone
706 124 183 stone
706 124 184 stone
706 124 185 stone
706 124 186 stone
706 124 187 granite
706 124 188 granite
706 124 189 granite
706 124 190 granite
706 124 191 granite
706 124 192 granite
706 124 193 stone
706 124 194 stone
706 124 195 stone
706 124 196 stone
706 124 197 stone
706 124 198 stone
706 124 199 stone
706 124 200 stone
706 124 201 stone
706 124 202 stone
706 124 203 stone
706 124 204 stone
706 124 205 stone
706 124 206 stone
706 124 207 stone
706 124 208 stone
706 124 209 stone
706 124 210 stone
706 124 211 stone
706 124 212 stone
706 124 213 stone
706 124 214 stone
706 124 215 stone
706 124 216 stone
706 124 217 stone
706 124 218 stone
706 124 219 stone
706 124 220 stone
706 124 221 stone
706 124 222 stone
706 124 223 stone
706 124 224 stone
706 124 225 stone
706 124 226 stone
706 124 227 stone
706 124 228 stone
706 124 229 stone
706 124 230 stone
706 124 231 stone
706 124 232 stone
706 124 233 stone
706 124 234 stone
706 124 235 stone
706 124 236 stone
706 124 237 stone
706 124 238 stone
706 124 239 stone
706 124 240 stone
706 124 241 stone
706 124 242 stone
706 124 243 stone
706 124 244 stone
706 124 245 stone
706 124 246 stone
706 124 247 stone
706 124 248 coal_ore
706 124 249 coal_ore
706 124 250 stone
706 124 251 stone
706 124 252 stone
706 124 253 stone
706 124 254 stone
706 124 255 stone
707 124 128 stone
707 124 129 stone
707 124 130 stone
707 124 131 stone
707 124 132 stone
707 124 133 water[level=0]
707 124 134 water[level=0]
707 124 135 water[level=0]
707 124 136 water[level=0]
707 124 137 water[level=0]
707 124 138 water[level=0]
707 124 139 water[level=0]
707 124 140 water[level=0]
707 124 141 water[level=0]
707 124 142 water[level=0]
707 124 143 water[level=0]
707 124 144 water[level=0]
707 124 145 water[level=0]
707 124 146 water[level=0]
707 124 147 stone
707 124 148 stone
707 124 149 coal_ore
707 124 150 coal_ore
707 124 151 coal_ore
707 124 152 stone
707 124 153 stone
707 124 154 stone
707 124 155 stone
707 124 156 stone
707 124 157 stone
707 124 158 stone
707 124 159 stone
707 124 160 stone
707 124 161 stone
707 124 162 stone
707 124 163 stone
707 124 164 stone
707 124 165 stone
707 124 166 stone
707 124 167 stone
707 124 168 stone
707 124 169 stone
707 124 170 stone
707 124 171 stone
707 124 172 stone
707 124 173 stone
707 124 174 stone
707 124 175 stone
707 124 176 stone
707 124 177 stone
707 124 178 stone
707 124 179 stone
707 124 180 stone
707 124 181 stone
707 124 182 stone
707 124 183 stone
707 124 184 stone
707 124 185 stone
707 124 186 stone
707 124 187 stone
707 124 188 granite
707 124 189 granite
707 124 190 granite
707 124 191 granite
707 124 192 granite
707 124 193 stone
707 124 194 stone
707 124 195 stone
707 124 196 stone
707 124 197 stone
707 124 198 stone
707 124 199 stone
707 124 200 stone
707 124 201 stone
707 124 202 stone
707 124 203 stone
707 124 204 stone
707 124 205 stone
707 124 206 stone
707 124 207 stone
707 124 208 stone
707 124 209 stone
707 124 210 stone
707 124 211 stone
707 124 212 stone
707 124 213 stone
707 124 214 stone
707 124 215 stone
707 124 216 stone
707 124 217 stone
707 124 218 stone
707 124 219 stone
707 124 220 stone
707 124 221 stone
707 124 222 stone
707 124 223 stone
707 124 224 stone
707 124 225 stone
707 124 226 stone
707 124 227 stone
707 124 228 stone
707 124 229 stone
707 124 230 stone
707 124 231 stone
707 124 232 stone
707 124 233 stone
707 124 234 stone
707 124 235 stone
707 124 236 stone
707 124 237 stone
707 124 238 stone
707 124 239 stone
707 124 240 stone
707 124 241 stone
707 124 242 stone
707 124 243 stone
707 124 244 stone
707 124 245 stone
707 124 246 stone
707 124 247 stone
707 124 248 coal_ore
707 124 249 coal_ore
707 124 250 coal_ore
707 124 251 stone
707 124 252 stone
707 124 253 stone
707 124 254 stone
707 124 255 stone
708 124 128 stone
708 124 129 stone
708 124 130 stone
708 124 131 stone
708 124 132 water[level=0]
708 124 133 water[level=0]
708 124 134 water[level=0]
708 124 135 water[level=0]
708 124 136 water[level=0]
708 124 137 water[level=0]
708 124 138 water[level=0]
708 124 139 water[level=0]
708 124 140 water[level=0]
708 124 141 water[level=0]
708 124 142 water[level=0]
708 124 143 water[level=0]
708 124 144 water[level=0]
708 124 145 water[level=0]
708 124 146 water[level=0]
708 124 147 stone
708 124 148 stone
708 124 149 coal_ore
708 124 150 coal_ore
708 124 151 coal_ore
708 124 152 stone
708 124 153 stone
708 124 154 stone
708 124 155 stone
708 124 156 stone
708 124 157 stone
708 124 158 stone
708 124 159 stone
708 124 160 stone
708 124 161 stone
708 124 162 stone
708 124 163 stone
708 124 164 stone
708 124 165 stone
708 124 166 stone
708 124 167 stone
708 124 168 stone
708 124 169 stone
708 124 170 stone
708 124 171 stone
708 124 172 stone
708 124 173 stone
708 124 174 stone
708 124 175 stone
708 124 176 stone
708 124 177 stone
708 124 178 stone
708 124 179 stone
708 124 180 copper_ore
708 124 181 stone
708 124 182 stone
708 124 183 stone
708 124 184 stone
708 124 185 stone
708 124 186 stone
708 124 187 stone
708 124 188 granite
708 124 189 granite
708 124 190 granite
708 124 191 granite
708 124 192 stone
708 124 193 stone
708 124 194 stone
708 124 195 stone
708 124 196 stone
708 124 197 stone
708 124 198 stone
708 124 199 stone
708 124 200 stone
708 124 201 stone
708 124 202 stone
708 124 203 stone
708 124 204 stone
708 124 205 stone
708 124 206 stone
708 124 207 stone
708 124 208 stone
708 124 209 stone
708 124 210 stone
708 124 211 stone
708 124 212 stone
708 124 213 stone
708 124 214 stone
708 124 215 stone
708 124 216 stone
708 124 217 stone
708 124 218 stone
708 124 219 stone
708 124 220 stone
708 124 221 stone
708 124 222 stone
708 124 223 stone
708 124 224 stone
708 124 225 stone
708 124 226 stone
708 124 227 stone
708 124 228 stone
708 124 229 stone
708 124 230 stone
708 124 231 stone
708 124 232 stone
708 124 233 stone
708 124 234 stone
708 124 235 stone
708 124 236 stone
708 124 237 stone
708 124 238 stone
708 124 239 stone
708 124 240 stone
708 124 241 stone
708 124 242 stone
708 124 243 stone
708 124 244 stone
708 124 245 stone
708 124 246 stone
708 124 247 stone
708 124 248 stone
708 124 249 coal_ore
708 124 250 coal_ore
708 124 251 stone
708 124 252 stone
708 124 253 stone
708 124 254 stone
708 124 255 stone
709 124 128 stone
709 124 129 stone
709 124 130 stone
709 124 131 water[level=0]
709 124 132 water[level=0]
709 124 133 water[level=0]
709 124 134 water[level=0]
709 124 135 water[level=0]
709 124 136 water[level=0]
709 124 137 water[level=0]
709 124 138 water[level=0]
709 124 139 water[level=0]
709 124 140 water[level=0]
709 124 141 water[level=0]
709 124 142 water[level=0]
709 124 143 water[level=0]
709 124 144 water[level=0]
709 124 145 water[level=0]
709 124 146 stone
709 124 147 stone
709 124 148 stone
709 124 149 stone
709 124 150 stone
709 124 151 stone
709 124 152 stone
709 124 153 stone
709 124 154 stone
709 124 155 stone
709 124 156 stone
709 124 157 stone
709 124 158 stone
709 124 159 stone
709 124 160 stone
709 124 161 stone
709 124 162 stone
709 124 163 stone
709 124 164 stone
709 124 165 stone
709 124 166 stone
709 124 167 stone
709 124 168 stone
709 124 169 stone
709 124 170 stone
709 124 171 stone
709 124 172 stone
709 124 173 stone
709 124 174 stone
709 124 175 stone
709 124 176 stone
709 124 177 stone
709 124 178 stone
709 124 179 copper_ore
709 124 180 copper_ore
709 124 181 stone
709 124 182 stone
709 124 183 stone
709 124 184 stone
709 124 185 stone
709 124 186 stone
709 124 187 stone
709 124 188 granite
709 124 189 granite
709 124 190 granite
709 124 191 granite
709 124 192 stone
709 124 193 stone
709 124 194 stone
709 124 195 stone
709 124 196 stone
709 124 197 stone
709 124 198 stone
709 124 199 stone
709 124 200 stone
709 124 201 stone
709 124 202 stone
709 124 203 stone
709 124 204 stone
709 124 205 stone
709 124 206 stone
709 124 207 stone
709 124 208 stone
709 124 209 stone
709 124 210 stone
709 124 211 stone
709 124 212 stone
709 124 213 stone
709 124 214 stone
709 124 215 stone
709 124 216 stone
709 124 217 stone
709 124 218 stone
709 124 219 stone
709 124 220 stone
709 124 221 stone
709 124 222 stone
709 124 223 stone
709 124 224 stone
709 124 225 stone
709 124 226 stone
709 124 227 stone
709 124 228 stone
709 124 229 stone
709 124 230 stone
709 124 231 stone
709 124 232 stone
709 124 233 stone
709 124 234 stone
709 124 235 stone
709 124 236 stone
709 124 237 stone
709 124 238 stone
709 124 239 stone
709 124 240 stone
709 124 241 stone
709 124 242 stone
709 124 243 stone
709 124 244 stone
709 124 245 stone
709 124 246 stone
709 124 247 stone
709 124 248 stone
709 124 249 stone
709 124 250 stone
709 124 251 stone
709 124 252 stone
709 124 253 stone
709 124 254 stone
709 124 255 stone
710 124 128 stone
710 124 129 stone
710 124 130 water[level=0]
710 124 131 water[level=0]
710 124 132 water[level=0]
710 124 133 water[level=0]
710 124 134 water[level=0]
710 124 135 water[level=0]
710 124 136 water[level=0]
710 124 137 water[level=0]
710 124 138 water[level=0]
710 124 139 water[level=0]
710 124 140 water[level=0]
710 124 141 water[level=0]
710 124 142 water[level=0]
710 124 143 water[level=0]
710 124 144 water[level=0]
710 124 145 stone
710 124 146 stone
710 124 147 stone
710 124 148 stone
710 124 149 stone
710 124 150 stone
710 124 151 stone
710 124 152 stone
710 124 153 stone
710 124 154 stone
710 124 155 stone
710 124 156 stone
710 124 157 stone
710 124 158 stone
710 124 159 stone
710 124 160 stone
710 124 161 stone
710 124 162 stone
710 124 163 stone
710 124 164 stone
710 124 165 stone
710 124 166 stone
710 124 167 stone
710 124 168 stone
710 124 169 stone
710 124 170 stone
710 124 171 stone
710 124 172 stone
710 124 173 stone
710 124 174 stone
710 124 175 stone
710 124 176 stone
710 124 177 stone
710 124 178 stone
710 124 179 copper_ore
710 124 180 copper_ore
710 124 181 stone
710 124 182 stone
710 124 183 stone
710 124 184 stone
710 124 185 stone
710 124 186 stone
710 124 187 stone
710 124 188 granite
710 124 189 granite
710 124 190 granite
710 124 191 granite
710 124 192 stone
710 124 193 stone
710 124 194 stone
710 124 195 stone
710 124 196 stone
710 124 197 stone
710 124 198 stone
710 124 199 stone
710 124 200 stone
710 124 201 stone
710 124 202 stone
710 124 203 stone
710 124 204 stone
710 124 205 stone
710 124 206 stone
710 124 207 stone
710 124 208 stone
710 124 209 stone
710 124 210 stone
710 124 211 stone
710 124 212 stone
710 124 213 stone
710 124 214 stone
710 124 215 stone
710 124 216 stone
710 124 217 stone
710 124 218 stone
710 124 219 stone
710 124 220 stone
710 124 221 stone
710 124 222 stone
710 124 223 stone
710 124 224 stone
710 124 225 stone
710 124 226 stone
710 124 227 stone
710 124 228 stone
710 124 229 stone
710 124 230 stone
710 124 231 stone
710 124 232 stone
710 124 233 stone
710 124 234 stone
710 124 235 stone
710 124 236 stone
710 124 237 stone
710 124 238 stone
710 124 239 stone
710 124 240 stone
710 124 241 stone
710 124 242 stone
710 124 243 stone
710 124 244 stone
710 124 245 stone
710 124 246 stone
710 124 247 stone
710 124 248 stone
710 124 249 stone
710 124 250 stone
710 124 251 stone
710 124 252 stone
710 124 253 stone
710 124 254 stone
710 124 255 stone
711 124 128 stone
711 124 129 water[level=0]
711 124 130 water[level=0]
711 124 131 water[level=0]
711 124 132 water[level=0]
711 124 133 water[level=0]
711 124 134 water[level=0]
711 124 135 water[level=0]
711 124 136 water[level=0]
711 124 137 water[level=0]
711 124 138 water[level=0]
711 124 139 water[level=0]
711 124 140 water[level=0]
711 124 141 water[level=0]
711 124 142 water[level=0]
711 124 143 water[level=0]
711 124 144 water[level=0]
711 124 145 stone
711 124 146 stone
711 124 147 stone
711 124 148 stone
711 124 149 stone
711 124 150 stone
711 124 151 stone
711 124 152 stone
711 124 153 stone
711 124 154 stone
711 124 155 stone
711 124 156 stone
711 124 157 stone
711 124 158 stone
711 124 159 stone
711 124 160 stone
711 124 161 stone
711 124 162 stone
711 124 163 stone
711 124 164 stone
711 124 165 stone
711 124 166 stone
711 124 167 stone
711 124 168 stone
711 124 169 stone
711 124 170 stone
711 124 171 stone
711 124 172 stone
711 124 173 stone
711 124 174 stone
711 124 175 stone
711 124 176 stone
711 124 177 stone
711 124 178 stone
711 124 179 stone
711 124 180 stone
711 124 181 stone
711 124 182 stone
711 124 183 stone
711 124 184 stone
711 124 185 stone
711 124 186 stone
711 124 187 stone
711 124 188 stone
711 124 189 granite
711 124 190 granite
711 124 191 stone
711 124 192 stone
711 124 193 stone
711 124 194 stone
711 124 195 stone
711 124 196 stone
711 124 197 stone
711 124 198 stone
711 124 199 stone
711 124 200 stone
711 124 201 stone
711 124 202 stone
711 124 203 stone
711 124 204 stone
711 124 205 stone
711 124 206 stone
711 124 207 stone
711 124 208 stone
711 124 209 stone
711 124 210 stone
711 124 211 stone
711 124 212 stone
711 124 213 stone
711 124 214 stone
711 124 215 stone
711 124 216 stone
711 124 217 stone
711 124 218 stone
711 124 219 stone
711 124 220 stone
711 124 221 stone
711 124 222 stone
711 124 223 stone
711 124 224 stone
711 124 225 stone
711 124 226 stone
711 124 227 stone
711 124 228 stone
711 124 229 stone
711 124 230 stone
711 124 231 stone
711 124 232 stone
711 124 233 stone
711 124 234 stone
711 124 235 stone
711 124 236 stone
711 124 237 stone
711 124 238 stone
711 124 239 stone
711 124 240 stone
711 124 241 stone
711 124 242 stone
711 124 243 stone
711 124 244 stone
711 124 245 stone
711 124 246 stone
711 124 247 stone
