688 108 142 gravel
688 108 143 gravel
688 108 144 gravel
688 108 145 gravel
688 108 146 gravel
688 108 147 stone
688 108 148 stone
688 108 149 stone
688 108 150 stone
688 108 151 stone
688 108 152 stone
688 108 153 stone
688 108 154 stone
688 108 155 stone
688 108 156 stone
688 108 157 stone
688 108 158 stone
688 108 159 stone
688 108 160 stone
688 108 161 stone
688 108 162 stone
688 108 163 stone
688 108 164 stone
688 108 165 stone
688 108 166 stone
688 108 167 stone
688 108 168 stone
688 108 169 stone
688 108 170 stone
688 108 171 stone
688 108 172 stone
688 108 173 stone
688 108 174 stone
688 108 175 stone
688 108 176 stone
688 108 177 stone
688 108 178 stone
688 108 179 stone
688 108 180 stone
688 108 181 stone
688 108 182 stone
688 108 183 stone
688 108 184 stone
688 108 185 stone
688 108 186 stone
688 108 187 stone
688 108 188 stone
688 108 189 stone
688 108 190 stone
688 108 191 stone
688 108 192 stone
688 108 193 stone
688 108 194 stone
688 108 195 stone
688 108 196 stone
688 108 197 stone
688 108 198 stone
688 108 199 stone
688 108 200 stone
688 108 201 stone
688 108 202 stone
688 108 203 stone
688 108 204 stone
688 108 205 stone
688 108 206 stone
688 108 207 stone
688 108 208 stone
688 108 209 stone
688 108 210 stone
688 108 211 stone
688 108 212 stone
688 108 213 stone
688 108 214 stone
688 108 215 stone
688 108 216 stone
688 108 217 stone
688 108 218 stone
688 108 219 stone
688 108 220 stone
688 108 221 stone
688 108 222 stone
688 108 223 stone
688 108 224 stone
688 108 225 stone
688 108 226 stone
688 108 227 stone
688 108 228 stone
688 108 229 stone
688 108 230 stone
688 108 231 stone
688 108 232 stone
688 108 233 stone
688 108 234 stone
688 108 235 stone
688 108 236 stone
688 108 237 stone
688 108 238 stone
688 108 239 stone
688 108 240 stone
688 108 241 stone
688 108 242 stone
688 108 243 stone
688 108 244 diorite
688 108 245 diorite
688 108 246 stone
688 108 247 stone
688 108 248 stone
688 108 249 stone
688 108 250 stone
688 108 251 stone
688 108 252 stone
688 108 253 stone
688 108 254 stone
688 108 255 stone
689 108 128 stone
689 108 129 stone
689 108 130 stone
689 108 131 stone
689 108 132 stone
689 108 133 stone
689 108 134 stone
689 108 135 stone
689 108 136 stone
689 108 137 stone
689 108 138 stone
689 108 139 gravel
689 108 140 gravel
689 108 141 gravel
689 108 142 gravel
689 108 143 gravel
689 108 144 gravel
689 108 145 gravel
689 108 146 stone
689 108 147 stone
689 108 148 stone
689 108 149 stone
689 108 150 stone
689 108 151 stone
689 108 152 water[level=0]
689 108 153 dirt
689 108 154 stone
689 108 155 stone
689 108 156 stone
689 108 157 stone
689 108 158 stone
689 108 159 stone
689 108 160 stone
689 108 161 stone
689 108 162 stone
689 108 163 stone
689 108 164 stone
689 108 165 stone
689 108 166 stone
689 108 167 stone
689 108 168 stone
689 108 169 stone
689 108 170 stone
689 108 171 stone
689 108 172 stone
689 108 173 stone
689 108 174 stone
689 108 175 stone
689 108 176 stone
689 108 177 stone
689 108 178 stone
689 108 179 stone
689 108 180 stone
689 108 181 stone
689 108 182 stone
689 108 183 stone
689 108 184 stone
689 108 185 stone
689 108 186 stone
689 108 187 stone
689 108 188 stone
689 108 189 stone
689 108 190 stone
689 108 191 stone
689 108 192 stone
689 108 193 stone
689 108 194 stone
689 108 195 stone
689 108 196 stone
689 108 197 stone
689 108 198 stone
689 108 199 stone
689 108 200 stone
689 108 201 stone
689 108 202 stone
689 108 203 stone
689 108 204 stone
689 108 205 stone
689 108 206 stone
689 108 207 stone
689 108 208 stone
689 108 209 stone
689 108 210 stone
689 108 211 stone
689 108 212 stone
689 108 213 stone
689 108 214 stone
689 108 215 stone
689 108 216 stone
689 108 217 stone
689 108 218 stone
689 108 219 stone
689 108 220 stone
689 108 221 stone
689 108 222 stone
689 108 223 stone
689 108 224 stone
689 108 225 stone
689 108 226 stone
689 108 227 stone
689 108 228 stone
689 108 229 stone
689 108 230 stone
689 108 231 stone
689 108 232 stone
689 108 233 stone
689 108 234 stone
689 108 235 stone
689 108 236 stone
689 108 237 stone
689 108 238 stone
689 108 239 stone
689 108 240 stone
689 108 241 stone
689 108 242 stone
689 108 243 stone
689 108 244 stone
689 108 245 stone
689 108 246 stone
689 108 247 stone
689 108 248 stone
689 108 249 stone
689 108 250 stone
689 108 251 stone
689 108 252 stone
689 108 253 stone
689 108 254 stone
689 108 255 stone
690 108 128 stone
690 108 129 stone
690 108 130 stone
690 108 131 stone
690 108 132 stone
690 108 133 stone
690 108 134 stone
690 108 135 stone
690 108 136 stone
690 108 137 stone
690 108 138 stone
690 108 139 gravel
690 108 140 gravel
690 108 141 gravel
690 108 142 stone
690 108 143 gravel
690 108 144 stone
690 108 145 stone
690 108 146 stone
690 108 147 stone
690 108 148 stone
690 108 149 stone
690 108 150 stone
690 108 151 dirt
690 108 152 water[level=0]
690 108 153 water[level=0]
690 108 154 water[level=0]
690 108 155 stone
690 108 156 stone
690 108 157 stone
690 108 158 stone
690 108 159 stone
690 108 160 stone
690 108 161 stone
690 108 162 stone
690 108 163 stone
690 108 164 stone
690 108 165 stone
690 108 166 stone
690 108 167 stone
690 108 168 stone
690 108 169 stone
690 108 170 stone
690 108 171 stone
690 108 172 stone
690 108 173 stone
690 108 174 stone
690 108 175 stone
690 108 176 stone
690 108 177 stone
690 108 178 stone
690 108 179 stone
690 108 180 stone
690 108 181 stone
690 108 182 stone
690 108 183 stone
690 108 184 stone
690 108 185 stone
690 108 186 stone
690 108 187 stone
690 108 188 stone
690 108 189 stone
690 108 190 stone
690 108 191 stone
690 108 192 stone
690 108 193 stone
690 108 194 stone
690 108 195 stone
690 108 196 stone
690 108 197 stone
690 108 198 stone
690 108 199 stone
690 108 200 stone
690 108 201 stone
690 108 202 stone
690 108 203 stone
690 108 204 stone
690 108 205 stone
690 108 206 stone
690 108 207 stone
690 108 208 stone
690 108 209 stone
690 108 210 stone
690 108 211 stone
690 108 212 stone
690 108 213 stone
690 108 214 stone
690 108 215 stone
690 108 216 stone
690 108 217 stone
690 108 218 stone
690 108 219 stone
690 108 220 stone
690 108 221 stone
690 108 222 stone
690 108 223 stone
690 108 224 stone
690 108 225 stone
690 108 226 stone
690 108 227 stone
690 108 228 stone
690 108 229 stone
690 108 230 stone
690 108 231 stone
690 108 232 stone
690 108 233 stone
690 108 234 stone
690 108 235 stone
690 108 236 stone
690 108 237 stone
690 108 238 stone
690 108 239 iron_ore
690 108 240 iron_ore
690 108 241 stone
690 108 242 stone
690 108 243 stone
690 108 244 stone
690 108 245 stone
690 108 246 stone
690 108 247 stone
690 108 248 stone
690 108 249 stone
690 108 250 stone
690 108 251 stone
690 108 252 stone
690 108 253 stone
690 108 254 stone
690 108 255 stone
691 108 128 stone
691 108 129 stone
691 108 130 stone
691 108 131 stone
691 108 132 stone
691 108 133 stone
691 108 134 stone
691 108 135 stone
691 108 136 stone
691 108 137 stone
691 108 138 stone
691 108 139 stone
691 108 140 stone
691 108 141 stone
691 108 142 stone
691 108 143 stone
691 108 144 stone
691 108 145 stone
691 108 146 stone
691 108 147 stone
691 108 148 copper_ore
691 108 149 copper_ore
691 108 150 water[level=0]
691 108 151 water[level=0]
691 108 152 water[level=0]
691 108 153 water[level=0]
691 108 154 water[level=0]
691 108 155 stone
691 108 156 stone
691 108 157 stone
691 108 158 stone
691 108 159 stone
691 108 160 stone
691 108 161 stone
691 108 162 stone
691 108 163 stone
691 108 164 stone
691 108 165 stone
691 108 166 stone
691 108 167 stone
691 108 168 stone
691 108 169 stone
691 108 170 stone
691 108 171 stone
691 108 172 stone
691 108 173 stone
691 108 174 stone
691 108 175 stone
691 108 176 stone
691 108 177 stone
691 108 178 stone
691 108 179 stone
691 108 180 stone
691 108 181 stone
691 108 182 stone
691 108 183 stone
691 108 184 stone
691 108 185 stone
691 108 186 stone
691 108 187 stone
691 108 188 stone
691 108 189 stone
691 108 190 stone
691 108 191 stone
691 108 192 stone
691 108 193 stone
691 108 194 stone
691 108 195 stone
691 108 196 stone
691 108 197 stone
691 108 198 stone
691 108 199 stone
691 108 200 stone
691 108 201 stone
691 108 202 stone
691 108 203 stone
691 108 204 stone
691 108 205 stone
691 108 206 stone
691 108 207 stone
691 108 208 stone
691 108 209 stone
691 108 210 stone
691 108 211 stone
691 108 212 stone
691 108 213 stone
691 108 214 stone
691 108 215 stone
691 108 216 stone
691 108 217 stone
691 108 218 stone
691 108 219 stone
691 108 220 stone
691 108 221 stone
691 108 222 stone
691 108 223 stone
691 108 224 stone
691 108 225 stone
691 108 226 stone
691 108 227 stone
691 108 228 stone
691 108 229 stone
691 108 230 stone
691 108 231 stone
691 108 232 stone
691 108 233 stone
691 108 234 stone
691 108 235 stone
691 108 236 stone
691 108 237 stone
691 108 238 stone
691 108 239 stone
691 108 240 iron_ore
691 108 241 stone
691 108 242 stone
691 108 243 stone
691 108 244 stone
691 108 245 stone
691 108 246 stone
691 108 247 stone
691 108 248 stone
691 108 249 stone
691 108 250 stone
691 108 251 stone
691 108 252 stone
691 108 253 stone
691 108 254 stone
691 108 255 stone
692 108 128 stone
692 108 129 stone
692 108 130 stone
692 108 131 stone
692 108 132 stone
692 108 133 stone
692 108 134 stone
692 108 135 stone
692 108 136 stone
692 108 137 stone
692 108 138 stone
692 108 139 stone
692 108 140 stone
692 108 141 stone
692 108 142 stone
692 108 143 stone
692 108 144 stone
692 108 145 stone
692 108 146 stone
692 108 147 stone
692 108 148 copper_ore
692 108 149 gravel
692 108 150 gravel
692 108 151 water[level=0]
692 108 152 water[level=0]
692 108 153 water[level=0]
692 108 154 water[level=0]
692 108 155 water[level=0]
692 108 156 stone
692 108 157 stone
692 108 158 stone
692 108 159 stone
692 108 160 stone
692 108 161 stone
692 108 162 stone
692 108 163 stone
692 108 164 stone
692 108 165 stone
692 108 166 stone
692 108 167 stone
692 108 168 stone
692 108 169 stone
692 108 170 stone
692 108 171 stone
692 108 172 stone
692 108 173 stone
692 108 174 stone
692 108 175 stone
692 108 176 stone
692 108 177 stone
692 108 178 stone
692 108 179 stone
692 108 180 stone
692 108 181 stone
692 108 182 stone
692 108 183 stone
692 108 184 stone
692 108 185 stone
692 108 186 stone
692 108 187 stone
692 108 188 stone
692 108 189 stone
692 108 190 stone
692 108 191 stone
692 108 192 stone
692 108 193 stone
692 108 194 stone
692 108 195 stone
692 108 196 stone
692 108 197 stone
692 108 198 stone
692 108 199 stone
692 108 200 stone
692 108 201 stone
692 108 202 stone
692 108 203 stone
692 108 204 stone
692 108 205 stone
692 108 206 stone
692 108 207 stone
692 108 208 stone
692 108 209 stone
692 108 210 stone
692 108 211 stone
692 108 212 stone
692 108 213 stone
692 108 214 stone
692 108 215 stone
692 108 216 stone
692 108 217 stone
692 108 218 stone
692 108 219 stone
692 108 220 stone
692 108 221 stone
692 108 222 stone
692 108 223 stone
692 108 224 stone
692 108 225 stone
692 108 226 stone
692 108 227 stone
692 108 228 stone
692 108 229 stone
692 108 230 stone
692 108 231 stone
692 108 232 stone
692 108 233 stone
692 108 234 stone
692 108 235 stone
692 108 236 stone
692 108 237 stone
692 108 238 stone
692 108 239 stone
692 108 240 stone
692 108 241 stone
692 108 242 stone
692 108 243 stone
692 108 244 stone
692 108 245 stone
692 108 246 stone
692 108 247 stone
692 108 248 stone
692 108 249 stone
692 108 250 stone
692 108 251 stone
692 108 252 stone
692 108 253 stone
692 108 254 stone
692 108 255 stone
693 108 128 stone
693 108 129 stone
693 108 130 stone
693 108 131 stone
693 108 132 stone
693 108 133 stone
693 108 134 stone
693 108 135 stone
693 108 136 stone
693 108 137 stone
693 108 138 stone
693 108 139 stone
693 108 140 stone
693 108 141 stone
693 108 142 stone
693 108 143 stone
693 108 144 stone
693 108 145 stone
693 108 146 stone
693 108 147 stone
693 108 148 stone
693 108 149 gravel
693 108 150 water[level=0]
693 108 151 water[level=0]
693 108 152 water[level=0]
693 108 153 water[level=0]
693 108 154 water[level=0]
693 108 155 water[level=0]
693 108 156 water[level=0]
693 108 157 stone
693 108 158 stone
693 108 159 stone
693 108 160 stone
693 108 161 stone
693 108 162 stone
693 108 163 stone
693 108 164 stone
693 108 165 stone
693 108 166 stone
693 108 167 stone
693 108 168 stone
693 108 169 stone
693 108 170 stone
693 108 171 stone
693 108 172 stone
693 108 173 stone
693 108 174 stone
693 108 175 stone
693 108 176 stone
693 108 177 stone
693 108 178 stone
693 108 179 stone
693 108 180 stone
693 108 181 stone
693 108 182 stone
693 108 183 stone
693 108 184 stone
693 108 185 stone
693 108 186 stone
693 108 187 stone
693 108 188 stone
693 108 189 stone
693 108 190 stone
693 108 191 stone
693 108 192 stone
693 108 193 stone
693 108 194 stone
693 108 195 stone
693 108 196 stone
693 108 197 stone
693 108 198 stone
693 108 199 stone
693 108 200 stone
693 108 201 stone
693 108 202 stone
693 108 203 stone
693 108 204 stone
693 108 205 stone
693 108 206 stone
693 108 207 stone
693 108 208 stone
693 108 209 stone
693 108 210 stone
693 108 211 stone
693 108 212 stone
693 108 213 stone
693 108 214 stone
693 108 215 stone
693 108 216 stone
693 108 217 stone
693 108 218 stone
693 108 219 stone
693 108 220 stone
693 108 221 stone
693 108 222 stone
693 108 223 stone
693 108 224 stone
693 108 225 stone
693 108 226 stone
693 108 227 stone
693 108 228 stone
693 108 229 stone
693 108 230 stone
693 108 231 stone
693 108 232 stone
693 108 233 stone
693 108 234 stone
693 108 235 stone
693 108 236 stone
693 108 237 stone
693 108 238 stone
693 108 239 stone
693 108 240 stone
693 108 241 stone
693 108 242 stone
693 108 243 stone
693 108 244 stone
693 108 245 stone
693 108 246 stone
693 108 247 stone
693 108 248 stone
693 108 249 stone
693 108 250 stone
693 108 251 stone
693 108 252 stone
693 108 253 stone
693 108 254 stone
693 108 255 stone
694 108 128 stone
694 108 129 stone
694 108 130 stone
694 108 131 stone
694 108 132 stone
694 108 133 stone
694 108 134 stone
694 108 135 stone
694 108 136 stone
694 108 137 stone
694 108 138 stone
694 108 139 stone
694 108 140 stone
694 108 141 stone
694 108 142 stone
694 108 143 stone
694 108 144 stone
694 108 145 stone
694 108 146 stone
694 108 147 stone
694 108 148 stone
694 108 149 water[level=0]
694 108 150 water[level=0]
694 108 151 water[level=0]
694 108 152 water[level=0]
694 108 153 water[level=0]
694 108 154 water[level=0]
694 108 155 water[level=0]
694 108 156 water[level=0]
694 108 157 stone
694 108 158 stone
694 108 159 stone
694 108 160 stone
694 108 161 stone
694 108 162 stone
694 108 163 stone
694 108 164 stone
694 108 165 stone
694 108 166 stone
694 108 167 stone
694 108 168 stone
694 108 169 stone
694 108 170 stone
694 108 171 stone
694 108 172 stone
694 108 173 stone
694 108 174 stone
694 108 175 stone
694 108 176 stone
694 108 177 stone
694 108 178 stone
694 108 179 stone
694 108 180 stone
694 108 181 stone
694 108 182 stone
694 108 183 stone
694 108 184 stone
694 108 185 stone
694 108 186 stone
694 108 187 stone
694 108 188 stone
694 108 189 stone
694 108 190 stone
694 108 191 stone
694 108 192 stone
694 108 193 stone
694 108 194 stone
694 108 195 stone
694 108 196 stone
694 108 197 stone
694 108 198 stone
694 108 199 stone
694 108 200 stone
694 108 201 stone
694 108 202 stone
694 108 203 stone
694 108 204 stone
694 108 205 stone
694 108 206 stone
694 108 207 stone
694 108 208 stone
694 108 209 stone
694 108 210 stone
694 108 211 stone
694 108 212 stone
694 108 213 stone
694 108 214 stone
694 108 215 stone
694 108 216 stone
694 108 217 stone
694 108 218 stone
694 108 219 stone
694 108 220 stone
694 108 221 stone
694 108 222 stone
694 108 223 stone
694 108 224 stone
694 108 225 stone
694 108 226 stone
694 108 227 stone
694 108 228 stone
694 108 229 stone
694 108 230 stone
694 108 231 stone
694 108 232 stone
694 108 233 stone
694 108 234 stone
694 108 235 stone
694 108 236 stone
694 108 237 stone
694 108 238 stone
694 108 239 stone
694 108 240 stone
694 108 241 stone
694 108 242 stone
694 108 243 stone
694 108 244 stone
694 108 245 stone
694 108 246 stone
694 108 247 stone
694 108 248 stone
694 108 249 stone
694 108 250 stone
694 108 251 stone
694 108 252 stone
694 108 253 stone
694 108 254 stone
694 108 255 stone
695 108 128 stone
695 108 129 stone
695 108 130 stone
695 108 131 stone
695 108 132 stone
695 108 133 stone
695 108 134 stone
695 108 135 stone
695 108 136 stone
695 108 137 stone
695 108 138 stone
695 108 139 stone
695 108 140 stone
695 108 141 stone
695 108 142 stone
695 108 143 stone
695 108 144 stone
695 108 145 stone
695 108 146 stone
695 108 147 stone
695 108 148 water[level=0]
695 108 149 water[level=0]
695 108 150 water[level=0]
695 108 151 water[level=0]
695 108 152 water[level=0]
695 108 153 water[level=0]
695 108 154 water[level=0]
695 108 155 water[level=0]
695 108 156 water[level=0]
695 108 157 stone
695 108 158 stone
695 108 159 stone
695 108 160 stone
695 108 161 stone
695 108 162 stone
695 108 163 stone
695 108 164 stone
695 108 165 stone
695 108 166 stone
695 108 167 stone
695 108 168 stone
695 108 169 stone
695 108 170 stone
695 108 171 stone
695 108 172 stone
695 108 173 stone
695 108 174 stone
695 108 175 stone
695 108 176 stone
695 108 177 stone
695 108 178 stone
695 108 179 stone
695 108 180 stone
695 108 181 stone
695 108 182 stone
695 108 183 stone
695 108 184 stone
695 108 185 stone
695 108 186 stone
695 108 187 stone
695 108 188 stone
695 108 189 stone
695 108 190 stone
695 108 191 stone
695 108 192 stone
695 108 193 stone
695 108 194 stone
695 108 195 stone
695 108 196 stone
695 108 197 stone
695 108 198 stone
695 108 199 stone
695 108 200 stone
695 108 201 stone
695 108 202 stone
695 108 203 stone
695 108 204 stone
695 108 205 stone
695 108 206 stone
695 108 207 stone
695 108 208 stone
695 108 209 stone
695 108 210 stone
695 108 211 stone
695 108 212 stone
695 108 213 stone
695 108 214 stone
695 108 215 stone
695 108 216 stone
695 108 217 stone
695 108 218 stone
695 108 219 stone
695 108 220 stone
695 108 221 stone
695 108 222 stone
695 108 223 stone
695 108 224 stone
695 108 225 stone
695 108 226 stone
695 108 227 stone
695 108 228 stone
695 108 229 stone
695 108 230 stone
695 108 231 stone
695 108 232 stone
695 108 233 stone
695 108 234 stone
695 108 235 stone
695 108 236 stone
695 108 237 stone
695 108 238 stone
695 108 239 stone
695 108 240 stone
695 108 241 stone
695 108 242 stone
695 108 243 stone
695 108 244 stone
695 108 245 stone
695 108 246 stone
695 108 247 stone
695 108 248 stone
695 108 249 stone
695 108 250 stone
695 108 251 stone
695 108 252 stone
695 108 253 stone
695 108 254 stone
695 108 255 stone
696 108 128 stone
696 108 129 stone
696 108 130 stone
696 108 131 stone
696 108 132 stone
696 108 133 stone
696 108 134 stone
696 108 135 stone
696 108 136 stone
696 108 137 stone
696 108 138 stone
696 108 139 stone
696 108 140 stone
696 108 141 granite
696 108 142 granite
696 108 143 stone
696 108 144 stone
696 108 145 stone
696 108 146 stone
696 108 147 stone
696 108 148 water[level=0]
696 108 149 water[level=0]
696 108 150 water[level=0]
696 108 151 water[level=0]
696 108 152 water[level=0]
696 108 153 water[level=0]
696 108 154 water[level=0]
696 108 155 water[level=0]
696 108 156 water[level=0]
696 108 157 stone
696 108 158 stone
696 108 159 stone
696 108 160 stone
696 108 161 stone
696 108 162 stone
696 108 163 stone
696 108 164 stone
696 108 165 stone
696 108 166 stone
696 108 167 stone
696 108 168 stone
696 108 169 stone
696 108 170 stone
696 108 171 stone
696 108 172 stone
696 108 173 stone
696 108 174 stone
696 108 175 stone
696 108 176 stone
696 108 177 stone
696 108 178 stone
696 108 179 copper_ore
696 108 180 copper_ore
696 108 181 stone
696 108 182 stone
696 108 183 diorite
696 108 184 diorite
696 108 185 diorite
696 108 186 diorite
696 108 187 diorite
696 108 188 stone
696 108 189 stone
696 108 190 stone
696 108 191 stone
696 108 192 stone
696 108 193 stone
696 108 194 stone
696 108 195 stone
696 108 196 stone
696 108 197 stone
696 108 198 stone
696 108 199 stone
696 108 200 stone
696 108 201 stone
696 108 202 stone
696 108 203 stone
696 108 204 stone
696 108 205 stone
696 108 206 stone
696 108 207 stone
696 108 208 stone
696 108 209 stone
696 108 210 stone
696 108 211 stone
696 108 212 stone
696 108 213 stone
696 108 214 stone
696 108 215 stone
696 108 216 stone
696 108 217 stone
696 108 218 stone
696 108 219 stone
696 108 220 stone
696 108 221 stone
696 108 222 stone
696 108 223 stone
696 108 224 stone
696 108 225 stone
696 108 226 stone
696 108 227 stone
