740 110 184 andesite
740 110 185 andesite
740 110 186 andesite
740 110 187 andesite
740 110 188 andesite
740 110 189 andesite
740 110 190 andesite
740 110 191 andesite
740 110 192 andesite
740 110 193 andesite
740 110 194 andesite
740 110 195 stone
740 110 196 stone
740 110 197 stone
740 110 198 stone
740 110 199 stone
740 110 200 stone
740 110 201 stone
740 110 202 stone
740 110 203 stone
740 110 204 stone
740 110 205 stone
740 110 206 stone
740 110 207 stone
740 110 208 stone
740 110 209 stone
740 110 210 stone
740 110 211 stone
740 110 212 stone
740 110 213 stone
740 110 214 stone
740 110 215 stone
740 110 216 stone
740 110 217 stone
740 110 218 stone
740 110 219 stone
740 110 220 stone
740 110 221 stone
740 110 222 stone
740 110 223 stone
740 110 224 stone
740 110 225 stone
740 110 226 stone
740 110 227 stone
740 110 228 stone
740 110 229 stone
740 110 230 stone
740 110 231 stone
740 110 232 stone
740 110 233 stone
740 110 234 stone
740 110 235 stone
740 110 236 stone
740 110 237 stone
740 110 238 stone
740 110 239 stone
740 110 240 stone
740 110 241 stone
740 110 242 stone
740 110 243 andesite
740 110 244 andesite
740 110 245 stone
740 110 246 stone
740 110 247 stone
740 110 248 stone
740 110 249 stone
740 110 250 stone
740 110 251 stone
740 110 252 stone
740 110 253 stone
740 110 254 stone
740 110 255 stone
741 110 128 stone
741 110 129 stone
741 110 130 stone
741 110 131 gravel
741 110 132 gravel
741 110 133 stone
741 110 134 stone
741 110 135 stone
741 110 136 stone
741 110 137 stone
741 110 138 stone
741 110 139 stone
741 110 140 stone
741 110 141 stone
741 110 142 stone
741 110 143 stone
741 110 144 stone
741 110 145 stone
741 110 146 stone
741 110 147 granite
741 110 148 granite
741 110 149 granite
741 110 150 granite
741 110 151 granite
741 110 152 granite
741 110 153 granite
741 110 154 granite
741 110 155 granite
741 110 156 granite
741 110 157 granite
741 110 158 granite
741 110 159 granite
741 110 160 granite
741 110 161 stone
741 110 162 stone
741 110 163 stone
741 110 164 stone
741 110 165 dirt
741 110 166 dirt
741 110 167 dirt
741 110 168 dirt
741 110 169 dirt
741 110 170 dirt
741 110 171 stone
741 110 172 stone
741 110 173 stone
741 110 174 stone
741 110 175 stone
741 110 176 stone
741 110 177 andesite
741 110 178 andesite
741 110 179 andesite
741 110 180 andesite
741 110 181 andesite
741 110 182 andesite
741 110 183 andesite
741 110 184 andesite
741 110 185 andesite
741 110 186 andesite
741 110 187 andesite
741 110 188 andesite
741 110 189 andesite
741 110 190 andesite
741 110 191 andesite
741 110 192 andesite
741 110 193 andesite
741 110 194 stone
741 110 195 stone
741 110 196 stone
741 110 197 stone
741 110 198 stone
741 110 199 stone
741 110 200 stone
741 110 201 stone
741 110 202 stone
741 110 203 stone
741 110 204 stone
741 110 205 stone
741 110 206 stone
741 110 207 stone
741 110 208 copper_ore
741 110 209 copper_ore
741 110 210 stone
741 110 211 stone
741 110 212 stone
741 110 213 stone
741 110 214 stone
741 110 215 stone
741 110 216 stone
741 110 217 stone
741 110 218 stone
741 110 219 stone
741 110 220 stone
741 110 221 stone
741 110 222 stone
741 110 223 stone
741 110 224 stone
741 110 225 stone
741 110 226 stone
741 110 227 stone
741 110 228 stone
741 110 229 stone
741 110 230 stone
741 110 231 stone
741 110 232 stone
741 110 233 stone
741 110 234 stone
741 110 235 stone
741 110 236 stone
741 110 237 stone
741 110 238 stone
741 110 239 stone
741 110 240 stone
741 110 241 stone
741 110 242 andesite
741 110 243 andesite
741 110 244 andesite
741 110 245 andesite
741 110 246 andesite
741 110 247 stone
741 110 248 stone
741 110 249 stone
741 110 250 stone
741 110 251 stone
741 110 252 stone
741 110 253 stone
741 110 254 stone
741 110 255 stone
742 110 128 stone
742 110 129 stone
742 110 130 stone
742 110 131 stone
742 110 132 gravel
742 110 133 stone
742 110 134 stone
742 110 135 stone
742 110 136 stone
742 110 137 stone
742 110 138 stone
742 110 139 stone
742 110 140 stone
742 110 141 stone
742 110 142 stone
742 110 143 stone
742 110 144 stone
742 110 145 stone
742 110 146 stone
742 110 147 stone
742 110 148 granite
742 110 149 granite
742 110 150 granite
742 110 151 granite
742 110 152 granite
742 110 153 granite
742 110 154 granite
742 110 155 granite
742 110 156 granite
742 110 157 granite
742 110 158 granite
742 110 159 granite
742 110 160 granite
742 110 161 granite
742 110 162 stone
742 110 163 stone
742 110 164 dirt
742 110 165 dirt
742 110 166 dirt
742 110 167 dirt
742 110 168 dirt
742 110 169 dirt
742 110 170 gravel
742 110 171 gravel
742 110 172 stone
742 110 173 stone
742 110 174 stone
742 110 175 stone
742 110 176 stone
742 110 177 andesite
742 110 178 andesite
742 110 179 andesite
742 110 180 andesite
742 110 181 andesite
742 110 182 andesite
742 110 183 andesite
742 110 184 andesite
742 110 185 andesite
742 110 186 andesite
742 110 187 andesite
742 110 188 andesite
742 110 189 andesite
742 110 190 andesite
742 110 191 andesite
742 110 192 andesite
742 110 193 stone
742 110 194 stone
742 110 195 stone
742 110 196 stone
742 110 197 stone
742 110 198 stone
742 110 199 stone
742 110 200 stone
742 110 201 stone
742 110 202 stone
742 110 203 stone
742 110 204 stone
742 110 205 stone
742 110 206 stone
742 110 207 stone
742 110 208 copper_ore
742 110 209 copper_ore
742 110 210 stone
742 110 211 stone
742 110 212 stone
742 110 213 stone
742 110 214 stone
742 110 215 stone
742 110 216 stone
742 110 217 stone
742 110 218 stone
742 110 219 stone
742 110 220 stone
742 110 221 stone
742 110 222 stone
742 110 223 stone
742 110 224 stone
742 110 225 stone
742 110 226 stone
742 110 227 stone
742 110 228 stone
742 110 229 stone
742 110 230 stone
742 110 231 stone
742 110 232 stone
742 110 233 stone
742 110 234 stone
742 110 235 stone
742 110 236 stone
742 110 237 stone
742 110 238 stone
742 110 239 stone
742 110 240 stone
742 110 241 stone
742 110 242 andesite
742 110 243 andesite
742 110 244 andesite
742 110 245 andesite
742 110 246 andesite
742 110 247 andesite
742 110 248 andesite
742 110 249 stone
742 110 250 stone
742 110 251 stone
742 110 252 stone
742 110 253 stone
742 110 254 stone
742 110 255 stone
743 110 128 stone
743 110 129 stone
743 110 130 stone
743 110 131 stone
743 110 132 stone
743 110 133 stone
743 110 134 stone
743 110 135 stone
743 110 136 stone
743 110 137 stone
743 110 138 stone
743 110 139 stone
743 110 140 stone
743 110 141 stone
743 110 142 stone
743 110 143 stone
743 110 144 stone
743 110 145 stone
743 110 146 stone
743 110 147 stone
743 110 148 stone
743 110 149 granite
743 110 150 granite
743 110 151 granite
743 110 152 granite
743 110 153 granite
743 110 154 granite
743 110 155 granite
743 110 156 granite
743 110 157 granite
743 110 158 granite
743 110 159 granite
743 110 160 granite
743 110 161 granite
743 110 162 stone
743 110 163 stone
743 110 164 dirt
743 110 165 dirt
743 110 166 dirt
743 110 167 dirt
743 110 168 gravel
743 110 169 gravel
743 110 170 gravel
743 110 171 gravel
743 110 172 gravel
743 110 173 gravel
743 110 174 stone
743 110 175 stone
743 110 176 stone
743 110 177 stone
743 110 178 andesite
743 110 179 andesite
743 110 180 andesite
743 110 181 andesite
743 110 182 andesite
743 110 183 andesite
743 110 184 andesite
743 110 185 andesite
743 110 186 andesite
743 110 187 andesite
743 110 188 andesite
743 110 189 andesite
743 110 190 andesite
743 110 191 andesite
743 110 192 stone
743 110 193 stone
743 110 194 stone
743 110 195 stone
743 110 196 stone
743 110 197 stone
743 110 198 stone
743 110 199 stone
743 110 200 stone
743 110 201 stone
743 110 202 stone
743 110 203 stone
743 110 204 stone
743 110 205 stone
743 110 206 stone
743 110 207 stone
743 110 208 stone
743 110 209 stone
743 110 210 stone
743 110 211 stone
743 110 212 stone
743 110 213 stone
743 110 214 stone
743 110 215 stone
743 110 216 stone
743 110 217 stone
743 110 218 stone
743 110 219 stone
743 110 220 stone
743 110 221 stone
743 110 222 stone
743 110 223 stone
743 110 224 stone
743 110 225 stone
743 110 226 stone
743 110 227 stone
743 110 228 stone
743 110 229 stone
743 110 230 stone
743 110 231 stone
743 110 232 stone
743 110 233 stone
743 110 234 stone
743 110 235 stone
743 110 236 stone
743 110 237 stone
743 110 238 stone
743 110 239 stone
743 110 240 stone
743 110 241 stone
743 110 242 andesite
743 110 243 andesite
743 110 244 andesite
743 110 245 andesite
743 110 246 andesite
743 110 247 andesite
743 110 248 andesite
743 110 249 andesite
743 110 250 stone
743 110 251 stone
743 110 252 stone
743 110 253 stone
743 110 254 stone
743 110 255 stone
744 110 128 stone
744 110 129 stone
744 110 130 stone
744 110 131 stone
744 110 132 stone
744 110 133 stone
744 110 134 stone
744 110 135 stone
744 110 136 stone
744 110 137 stone
744 110 138 stone
744 110 139 stone
744 110 140 stone
744 110 141 stone
744 110 142 stone
744 110 143 stone
744 110 144 stone
744 110 145 stone
744 110 146 stone
744 110 147 stone
744 110 148 stone
744 110 149 stone
744 110 150 stone
744 110 151 granite
744 110 152 granite
744 110 153 granite
744 110 154 granite
744 110 155 granite
744 110 156 granite
744 110 157 granite
744 110 158 granite
744 110 159 granite
744 110 160 granite
744 110 161 granite
744 110 162 stone
744 110 163 stone
744 110 164 stone
744 110 165 stone
744 110 166 stone
744 110 167 andesite
744 110 168 gravel
744 110 169 gravel
744 110 170 gravel
744 110 171 gravel
744 110 172 gravel
744 110 173 andesite
744 110 174 andesite
744 110 175 stone
744 110 176 stone
744 110 177 stone
744 110 178 stone
744 110 179 andesite
744 110 180 andesite
744 110 181 andesite
744 110 182 andesite
744 110 183 andesite
744 110 184 andesite
744 110 185 andesite
744 110 186 andesite
744 110 187 stone
744 110 188 stone
744 110 189 stone
744 110 190 stone
744 110 191 stone
744 110 192 stone
744 110 193 stone
744 110 194 stone
744 110 195 stone
744 110 196 stone
744 110 197 stone
744 110 198 stone
744 110 199 stone
744 110 200 stone
744 110 201 stone
744 110 202 stone
744 110 203 stone
744 110 204 stone
744 110 205 stone
744 110 206 stone
744 110 207 stone
744 110 208 stone
744 110 209 stone
744 110 210 stone
744 110 211 stone
744 110 212 stone
744 110 213 stone
744 110 214 stone
744 110 215 stone
744 110 216 stone
744 110 217 stone
744 110 218 stone
744 110 219 stone
744 110 220 stone
744 110 221 stone
744 110 222 stone
744 110 223 stone
744 110 224 stone
744 110 225 stone
744 110 226 stone
744 110 227 stone
744 110 228 stone
744 110 229 stone
744 110 230 stone
744 110 231 stone
744 110 232 stone
744 110 233 stone
744 110 234 stone
744 110 235 stone
744 110 236 stone
744 110 237 stone
744 110 238 stone
744 110 239 stone
744 110 240 stone
744 110 241 stone
744 110 242 andesite
744 110 243 andesite
744 110 244 andesite
744 110 245 andesite
744 110 246 andesite
744 110 247 andesite
744 110 248 andesite
744 110 249 andesite
744 110 250 andesite
744 110 251 stone
744 110 252 stone
744 110 253 stone
744 110 254 stone
744 110 255 stone
745 110 128 stone
745 110 129 stone
745 110 130 stone
745 110 131 stone
745 110 132 stone
745 110 133 stone
745 110 134 stone
745 110 135 stone
745 110 136 stone
745 110 137 stone
745 110 138 stone
745 110 139 stone
745 110 140 stone
745 110 141 stone
745 110 142 stone
745 110 143 stone
745 110 144 stone
745 110 145 stone
745 110 146 stone
745 110 147 stone
745 110 148 stone
745 110 149 stone
745 110 150 stone
745 110 151 stone
745 110 152 stone
745 110 153 granite
745 110 154 granite
745 110 155 granite
745 110 156 granite
745 110 157 granite
745 110 158 granite
745 110 159 granite
745 110 160 granite
745 110 161 stone
745 110 162 stone
745 110 163 stone
745 110 164 stone
745 110 165 stone
745 110 166 stone
745 110 167 andesite
745 110 168 andesite
745 110 169 andesite
745 110 170 andesite
745 110 171 andesite
745 110 172 andesite
745 110 173 andesite
745 110 174 andesite
745 110 175 andesite
745 110 176 stone
745 110 177 stone
745 110 178 stone
745 110 179 stone
745 110 180 stone
745 110 181 stone
745 110 182 stone
745 110 183 stone
745 110 184 stone
745 110 185 stone
745 110 186 stone
745 110 187 stone
745 110 188 stone
745 110 189 stone
745 110 190 lapis_ore
745 110 191 stone
745 110 192 stone
745 110 193 stone
745 110 194 stone
745 110 195 stone
745 110 196 stone
745 110 197 stone
745 110 198 stone
745 110 199 stone
745 110 200 stone
745 110 201 stone
745 110 202 stone
745 110 203 stone
745 110 204 stone
745 110 205 stone
745 110 206 stone
745 110 207 stone
745 110 208 stone
745 110 209 stone
745 110 210 stone
745 110 211 stone
745 110 212 stone
745 110 213 stone
745 110 214 stone
745 110 215 stone
745 110 216 stone
745 110 217 stone
745 110 218 stone
745 110 219 stone
745 110 220 stone
745 110 221 stone
745 110 222 stone
745 110 223 stone
745 110 224 stone
745 110 225 stone
745 110 226 stone
745 110 227 stone
745 110 228 stone
745 110 229 stone
745 110 230 stone
745 110 231 stone
745 110 232 stone
745 110 233 stone
745 110 234 stone
745 110 235 stone
745 110 236 stone
745 110 237 stone
745 110 238 stone
745 110 239 stone
745 110 240 stone
745 110 241 stone
745 110 242 stone
745 110 243 andesite
745 110 244 andesite
745 110 245 andesite
745 110 246 andesite
745 110 247 andesite
745 110 248 andesite
745 110 249 andesite
745 110 250 andesite
745 110 251 andesite
745 110 252 stone
745 110 253 stone
745 110 254 stone
745 110 255 stone
746 110 128 stone
746 110 129 stone
746 110 130 stone
746 110 131 stone
746 110 132 stone
746 110 133 stone
746 110 134 stone
746 110 135 stone
746 110 136 stone
746 110 137 stone
746 110 138 stone
746 110 139 stone
746 110 140 stone
746 110 141 stone
746 110 142 stone
746 110 143 stone
746 110 144 stone
746 110 145 stone
746 110 146 stone
746 110 147 stone
746 110 148 stone
746 110 149 stone
746 110 150 stone
746 110 151 stone
746 110 152 stone
746 110 153 stone
746 110 154 stone
746 110 155 stone
746 110 156 stone
746 110 157 stone
746 110 158 stone
746 110 159 stone
746 110 160 stone
746 110 161 stone
746 110 162 stone
746 110 163 stone
746 110 164 stone
746 110 165 stone
746 110 166 stone
746 110 167 andesite
746 110 168 andesite
746 110 169 andesite
746 110 170 andesite
746 110 171 andesite
746 110 172 andesite
746 110 173 andesite
746 110 174 andesite
746 110 175 andesite
746 110 176 andesite
746 110 177 andesite
746 110 178 stone
746 110 179 stone
746 110 180 stone
746 110 181 stone
746 110 182 stone
746 110 183 stone
746 110 184 stone
746 110 185 stone
746 110 186 stone
746 110 187 stone
746 110 188 stone
746 110 189 stone
746 110 190 stone
746 110 191 lapis_ore
746 110 192 stone
746 110 193 stone
746 110 194 stone
746 110 195 stone
746 110 196 stone
746 110 197 stone
746 110 198 stone
746 110 199 stone
746 110 200 stone
746 110 201 stone
746 110 202 stone
746 110 203 stone
746 110 204 stone
746 110 205 stone
746 110 206 stone
746 110 207 stone
746 110 208 stone
746 110 209 stone
746 110 210 stone
746 110 211 stone
746 110 212 stone
746 110 213 stone
746 110 214 stone
746 110 215 stone
746 110 216 stone
746 110 217 stone
746 110 218 stone
746 110 219 stone
746 110 220 stone
746 110 221 stone
746 110 222 stone
746 110 223 stone
746 110 224 stone
746 110 225 stone
746 110 226 stone
746 110 227 stone
746 110 228 stone
746 110 229 stone
746 110 230 stone
746 110 231 stone
746 110 232 stone
746 110 233 iron_ore
746 110 234 stone
746 110 235 stone
746 110 236 stone
746 110 237 stone
746 110 238 stone
746 110 239 stone
746 110 240 stone
746 110 241 stone
746 110 242 stone
746 110 243 andesite
746 110 244 andesite
746 110 245 andesite
746 110 246 andesite
746 110 247 andesite
746 110 248 andesite
746 110 249 andesite
746 110 250 andesite
746 110 251 andesite
746 110 252 andesite
746 110 253 stone
746 110 254 stone
746 110 255 stone
747 110 128 stone
747 110 129 stone
747 110 130 stone
747 110 131 stone
747 110 132 stone
747 110 133 stone
747 110 134 stone
747 110 135 stone
747 110 136 stone
747 110 137 stone
747 110 138 stone
747 110 139 stone
747 110 140 stone
747 110 141 stone
747 110 142 stone
747 110 143 stone
747 110 144 stone
747 110 145 stone
747 110 146 stone
747 110 147 stone
747 110 148 stone
747 110 149 stone
747 110 150 stone
747 110 151 stone
747 110 152 stone
747 110 153 stone
747 110 154 stone
747 110 155 stone
747 110 156 stone
747 110 157 stone
747 110 158 stone
747 110 159 stone
747 110 160 stone
747 110 161 stone
747 110 162 stone
747 110 163 stone
747 110 164 stone
747 110 165 stone
747 110 166 stone
747 110 167 andesite
747 110 168 andesite
747 110 169 andesite
747 110 170 andesite
747 110 171 andesite
747 110 172 andesite
747 110 173 andesite
747 110 174 andesite
747 110 175 andesite
747 110 176 andesite
747 110 177 andesite
747 110 178 andesite
747 110 179 andesite
747 110 180 andesite
747 110 181 andesite
747 110 182 andesite
747 110 183 stone
747 110 184 stone
747 110 185 stone
747 110 186 stone
747 110 187 stone
747 110 188 stone
747 110 189 stone
747 110 190 stone
747 110 191 stone
747 110 192 stone
747 110 193 stone
747 110 194 stone
747 110 195 stone
747 110 196 stone
747 110 197 stone
747 110 198 stone
747 110 199 stone
747 110 200 stone
747 110 201 stone
747 110 202 stone
747 110 203 stone
747 110 204 stone
747 110 205 stone
747 110 206 stone
747 110 207 stone
747 110 208 stone
747 110 209 stone
747 110 210 stone
747 110 211 stone
747 110 212 stone
747 110 213 stone
747 110 214 stone
747 110 215 stone
747 110 216 stone
747 110 217 stone
747 110 218 stone
747 110 219 stone
747 110 220 stone
747 110 221 stone
747 110 222 stone
747 110 223 stone
747 110 224 stone
747 110 225 stone
747 110 226 stone
747 110 227 stone
747 110 228 stone
747 110 229 stone
747 110 230 stone
747 110 231 stone
747 110 232 stone
747 110 233 stone
747 110 234 stone
747 110 235 stone
747 110 236 stone
747 110 237 stone
747 110 238 stone
747 110 239 stone
747 110 240 stone
747 110 241 stone
747 110 242 stone
747 110 243 stone
747 110 244 andesite
747 110 245 andesite
747 110 246 andesite
747 110 247 andesite
747 110 248 andesite
747 110 249 andesite
747 110 250 andesite
747 110 251 andesite
747 110 252 andesite
747 110 253 stone
747 110 254 stone
747 110 255 stone
748 110 128 stone
748 110 129 stone
748 110 130 stone
748 110 131 stone
748 110 132 andesite
748 110 133 andesite
748 110 134 andesite
748 110 135 andesite
748 110 136 andesite
748 110 137 andesite
748 110 138 andesite
748 110 139 stone
748 110 140 stone
748 110 141 stone
748 110 142 stone
748 110 143 stone
748 110 144 stone
748 110 145 stone
748 110 146 stone
748 110 147 stone
748 110 148 stone
748 110 149 stone
748 110 150 stone
748 110 151 stone
748 110 152 stone
748 110 153 stone
748 110 154 stone
748 110 155 stone
748 110 156 stone
748 110 157 stone
748 110 158 stone
748 110 159 stone
748 110 160 stone
748 110 161 stone
748 110 162 stone
748 110 163 stone
748 110 164 stone
748 110 165 stone
748 110 166 stone
748 110 167 stone
748 110 168 andesite
748 110 169 andesite
748 110 170 stone
748 110 171 andesite
748 110 172 andesite
748 110 173 andesite
748 110 174 andesite
748 110 175 andesite
748 110 176 andesite
748 110 177 andesite
748 110 178 andesite
748 110 179 andesite
748 110 180 andesite
748 110 181 andesite
748 110 182 andesite
748 110 183 andesite
748 110 184 stone
748 110 185 stone
748 110 186 stone
748 110 187 stone
748 110 188 stone
748 110 189 stone
748 110 190 stone
748 110 191 stone
748 110 192 stone
748 110 193 stone
748 110 194 stone
748 110 195 stone
748 110 196 stone
748 110 197 stone
748 110 198 stone
748 110 199 stone
748 110 200 stone
748 110 201 stone
748 110 202 stone
748 110 203 stone
748 110 204 copper_ore
748 110 205 stone
748 110 206 coal_ore
748 110 207 coal_ore
748 110 208 coal_ore
748 110 209 stone
748 110 210 stone
748 110 211 stone
748 110 212 stone
748 110 213 stone
748 110 214 stone
748 110 215 stone
748 110 216 stone
748 110 217 stone
748 110 218 stone
748 110 219 stone
748 110 220 stone
748 110 221 stone
748 110 222 stone
748 110 223 stone
748 110 224 stone
748 110 225 stone
748 110 226 stone
748 110 227 stone
748 110 228 stone
748 110 229 stone
748 110 230 stone
748 110 231 stone
748 110 232 stone
748 110 233 stone
748 110 234 stone
748 110 235 stone
748 110 236 stone
748 110 237 stone
748 110 238 stone
748 110 239 stone
748 110 240 stone
748 110 241 stone
748 110 242 stone
748 110 243 stone
748 110 244 stone
748 110 245 andesite
748 110 246 andesite
748 110 247 andesite
748 110 248 andesite
748 110 249 andesite
748 110 250 andesite
748 110 251 andesite
748 110 252 andesite
748 110 253 andesite
748 110 254 stone
748 110 255 stone
