788 112 911 stone
788 112 912 stone
788 112 913 stone
788 112 914 stone
788 112 915 stone
788 112 916 stone
788 112 917 stone
788 112 918 stone
788 112 919 stone
788 112 920 stone
788 112 921 stone
788 112 922 stone
788 112 923 stone
788 112 924 stone
788 112 925 stone
788 112 926 stone
788 112 927 stone
788 112 928 stone
788 112 929 stone
788 112 930 stone
788 112 931 stone
788 112 932 stone
788 112 933 stone
788 112 934 stone
788 112 935 stone
788 112 936 stone
788 112 937 stone
788 112 938 stone
788 112 939 stone
788 112 940 stone
788 112 941 stone
788 112 942 stone
788 112 943 stone
788 112 944 stone
788 112 945 stone
788 112 946 stone
788 112 947 stone
788 112 948 stone
788 112 949 stone
788 112 950 stone
788 112 951 stone
788 112 952 stone
788 112 953 stone
788 112 954 stone
788 112 955 stone
788 112 956 stone
788 112 957 stone
788 112 958 water[level=0]
788 112 959 water[level=0]
788 112 960 water[level=0]
788 112 961 water[level=0]
788 112 962 water[level=0]
788 112 963 water[level=0]
788 112 964 seagrass
788 112 965 water[level=0]
788 112 966 stone
788 112 967 stone
788 112 968 stone
788 112 969 stone
788 112 970 stone
788 112 971 stone
788 112 972 stone
788 112 973 stone
788 112 974 stone
788 112 975 stone
788 112 976 stone
788 112 977 stone
788 112 978 stone
788 112 979 stone
788 112 980 stone
788 112 981 stone
788 112 982 stone
788 112 983 stone
788 112 984 stone
788 112 985 stone
788 112 986 stone
788 112 987 andesite
788 112 988 andesite
788 112 989 andesite
788 112 990 andesite
788 112 991 andesite
788 112 992 stone
788 112 993 stone
788 112 994 stone
788 112 995 stone
788 112 996 stone
788 112 997 water[level=0]
788 112 998 water[level=0]
788 112 999 stone
788 112 1000 stone
788 112 1009 dripstone_block
788 112 1010 granite
788 112 1011 granite
788 112 1012 granite
788 112 1013 granite
788 112 1014 granite
788 112 1015 granite
788 112 1016 granite
788 112 1017 granite
788 112 1018 granite
788 112 1019 granite
788 112 1020 granite
788 112 1021 granite
788 112 1022 granite
788 112 1023 stone
788 113 0 stone
788 113 1 stone
788 113 2 stone
788 113 3 stone
788 113 4 stone
788 113 5 stone
788 113 6 stone
788 113 7 stone
788 113 8 stone
788 113 9 stone
788 113 10 stone
788 113 11 stone
788 113 12 stone
788 113 13 stone
788 113 14 stone
788 113 15 stone
788 113 16 water[level=0]
788 113 17 stone
788 113 18 stone
788 113 19 stone
788 113 20 stone
788 113 21 stone
788 113 22 stone
788 113 23 stone
788 113 24 stone
788 113 25 stone
788 113 26 stone
788 113 27 stone
788 113 28 stone
788 113 29 stone
788 113 30 stone
788 113 31 stone
788 113 32 stone
788 113 33 stone
788 113 34 stone
788 113 35 stone
788 113 36 stone
788 113 37 stone
788 113 38 stone
788 113 39 stone
788 113 40 stone
788 113 41 stone
788 113 42 stone
788 113 43 water[level=0]
788 113 44 water[level=0]
788 113 45 water[level=0]
788 113 46 water[level=0]
788 113 47 water[level=0]
788 113 48 stone
788 113 49 stone
788 113 50 stone
788 113 51 stone
788 113 52 stone
788 113 53 stone
788 113 54 stone
788 113 55 stone
788 113 56 stone
788 113 57 stone
788 113 58 stone
788 113 59 stone
788 113 60 stone
788 113 61 stone
788 113 62 stone
788 113 63 stone
788 113 64 stone
788 113 65 stone
788 113 66 stone
788 113 67 stone
788 113 68 stone
788 113 69 stone
788 113 70 stone
788 113 71 stone
788 113 72 stone
788 113 73 stone
788 113 74 stone
788 113 75 stone
788 113 76 stone
788 113 77 stone
788 113 78 stone
788 113 79 stone
788 113 80 stone
788 113 81 stone
788 113 82 stone
788 113 83 stone
788 113 84 stone
788 113 85 stone
788 113 86 stone
788 113 87 stone
788 113 88 stone
788 113 89 stone
788 113 90 stone
788 113 91 stone
788 113 92 stone
788 113 93 stone
788 113 94 stone
788 113 95 stone
788 113 96 stone
788 113 97 stone
788 113 98 stone
788 113 99 stone
788 113 100 coal_ore
788 113 101 stone
788 113 102 stone
788 113 103 stone
788 113 104 stone
788 113 105 water[level=0]
788 113 106 water[level=0]
788 113 107 water[level=0]
788 113 108 stone
788 113 109 andesite
788 113 110 andesite
788 113 111 andesite
788 113 112 andesite
788 113 113 andesite
788 113 114 andesite
788 113 115 andesite
788 113 116 stone
788 113 117 stone
788 113 118 granite
788 113 119 coal_ore
788 113 120 coal_ore
788 113 121 granite
788 113 122 stone
788 113 123 stone
788 113 124 stone
788 113 125 diorite
788 113 126 diorite
788 113 127 diorite
788 113 128 andesite
788 113 129 andesite
788 113 130 andesite
788 113 131 andesite
788 113 132 andesite
788 113 133 andesite
788 113 134 andesite
788 113 135 andesite
788 113 136 andesite
788 113 137 andesite
788 113 138 andesite
788 113 139 granite
788 113 140 granite
788 113 141 granite
788 113 142 granite
788 113 143 granite
788 113 144 granite
788 113 145 granite
788 113 146 granite
788 113 147 granite
788 113 148 granite
788 113 149 granite
788 113 150 granite
788 113 151 granite
788 113 152 stone
788 113 153 stone
788 113 154 stone
788 113 155 stone
788 113 156 stone
788 113 157 stone
788 113 158 stone
788 113 159 stone
788 113 160 stone
788 113 161 stone
788 113 162 stone
788 113 163 stone
788 113 164 stone
788 113 165 stone
788 113 166 copper_ore
788 113 167 copper_ore
788 113 168 stone
788 113 169 stone
788 113 170 stone
788 113 171 stone
788 113 172 stone
788 113 173 stone
788 113 174 stone
788 113 175 stone
788 113 176 stone
788 113 177 stone
788 113 178 stone
788 113 179 stone
788 113 180 stone
788 113 181 stone
788 113 182 stone
788 113 183 stone
788 113 184 stone
788 113 185 stone
788 113 186 stone
788 113 187 stone
788 113 188 stone
788 113 189 stone
788 113 190 stone
788 113 191 stone
788 113 192 stone
788 113 193 stone
788 113 194 stone
788 113 195 stone
788 113 196 copper_ore
788 113 197 stone
788 113 198 stone
788 113 199 stone
788 113 200 stone
788 113 201 stone
788 113 202 stone
788 113 203 stone
788 113 204 stone
788 113 205 granite
788 113 206 granite
788 113 207 granite
788 113 208 granite
788 113 209 granite
788 113 210 granite
788 113 211 granite
788 113 212 stone
788 113 213 stone
788 113 214 granite
788 113 215 granite
788 113 216 granite
788 113 217 granite
788 113 218 granite
788 113 219 granite
788 113 220 stone
788 113 221 stone
788 113 222 stone
788 113 223 stone
788 113 224 stone
788 113 225 stone
788 113 226 stone
788 113 227 stone
788 113 228 stone
788 113 229 stone
788 113 230 stone
788 113 231 andesite
788 113 232 andesite
788 113 233 andesite
788 113 234 andesite
788 113 235 andesite
788 113 236 andesite
788 113 237 andesite
788 113 238 andesite
788 113 239 andesite
788 113 240 stone
788 113 241 stone
788 113 242 stone
788 113 243 stone
788 113 244 stone
788 113 245 stone
788 113 246 stone
788 113 247 stone
788 113 248 stone
788 113 249 stone
788 113 250 stone
788 113 251 stone
788 113 252 stone
788 113 253 stone
788 113 254 stone
788 113 255 stone
788 113 256 stone
788 113 257 stone
788 113 258 stone
788 113 259 diorite
788 113 260 diorite
788 113 261 diorite
788 113 262 diorite
788 113 263 diorite
788 113 264 stone
788 113 265 stone
788 113 266 stone
788 113 267 stone
788 113 268 stone
788 113 269 andesite
788 113 270 andesite
788 113 271 andesite
788 113 272 andesite
788 113 273 andesite
788 113 274 andesite
788 113 275 stone
788 113 276 stone
788 113 277 stone
788 113 278 stone
788 113 279 stone
788 113 280 stone
788 113 281 stone
788 113 282 stone
788 113 283 stone
788 113 284 stone
788 113 285 stone
788 113 286 stone
788 113 287 stone
788 113 288 stone
788 113 289 stone
788 113 290 stone
788 113 291 stone
788 113 292 stone
788 113 293 stone
788 113 294 stone
788 113 295 stone
788 113 296 stone
788 113 297 stone
788 113 298 stone
788 113 299 stone
788 113 300 stone
788 113 301 stone
788 113 302 stone
788 113 303 stone
788 113 304 stone
788 113 305 stone
788 113 306 stone
788 113 307 stone
788 113 308 stone
788 113 309 stone
788 113 310 stone
788 113 311 stone
788 113 312 stone
788 113 313 stone
788 113 314 stone
788 113 315 stone
788 113 316 dirt
788 113 317 dirt
788 113 318 dirt
788 113 319 dirt
788 113 320 dirt
788 113 321 dirt
788 113 322 stone
788 113 323 stone
788 113 324 stone
788 113 325 stone
788 113 326 stone
788 113 327 stone
788 113 328 dirt
788 113 329 dirt
788 113 330 dirt
788 113 331 stone
788 113 332 stone
788 113 333 stone
788 113 334 stone
788 113 335 stone
788 113 336 stone
788 113 337 stone
788 113 338 stone
788 113 339 stone
788 113 340 stone
788 113 341 stone
788 113 342 andesite
788 113 343 andesite
788 113 344 andesite
788 113 345 andesite
788 113 346 andesite
788 113 347 andesite
788 113 348 andesite
788 113 349 stone
788 113 350 stone
788 113 351 stone
788 113 352 stone
788 113 353 stone
788 113 354 stone
788 113 355 stone
788 113 356 stone
788 113 357 stone
788 113 358 stone
788 113 359 stone
788 113 360 granite
788 113 361 granite
788 113 362 granite
788 113 363 granite
788 113 364 andesite
788 113 365 andesite
788 113 381 granite
788 113 382 granite
788 113 383 stone
788 113 384 stone
788 113 385 stone
788 113 386 stone
788 113 387 diorite
788 113 388 diorite
788 113 389 water[level=0]
788 113 390 water[level=0]
788 113 391 water[level=0]
788 113 392 water[level=0]
788 113 393 stone
788 113 394 granite
788 113 395 granite
788 113 396 granite
788 113 397 granite
788 113 398 granite
788 113 399 granite
788 113 400 stone
788 113 401 stone
788 113 402 stone
788 113 403 stone
788 113 404 andesite
788 113 405 andesite
788 113 406 andesite
788 113 407 andesite
788 113 408 andesite
788 113 409 andesite
788 113 410 andesite
788 113 411 andesite
788 113 412 andesite
788 113 413 andesite
788 113 414 andesite
788 113 415 andesite
788 113 416 andesite
788 113 417 andesite
788 113 418 andesite
788 113 419 andesite
788 113 420 andesite
788 113 421 stone
788 113 422 stone
788 113 423 stone
788 113 424 stone
788 113 425 stone
788 113 426 stone
788 113 427 stone
788 113 428 diorite
788 113 429 diorite
788 113 430 diorite
788 113 431 diorite
788 113 432 diorite
788 113 433 diorite
788 113 434 diorite
788 113 435 diorite
788 113 436 stone
788 113 437 stone
788 113 438 stone
788 113 439 stone
788 113 440 stone
788 113 441 stone
788 113 442 stone
788 113 443 stone
788 113 444 stone
788 113 445 stone
788 113 446 stone
788 113 447 stone
788 113 448 stone
788 113 449 stone
788 113 450 stone
788 113 451 andesite
788 113 452 andesite
788 113 453 andesite
788 113 454 dirt
788 113 455 dirt
788 113 456 dirt
788 113 457 dirt
788 113 458 andesite
788 113 459 andesite
788 113 460 stone
788 113 461 stone
788 113 462 stone
788 113 463 stone
788 113 464 stone
788 113 465 stone
788 113 466 stone
788 113 467 stone
788 113 468 stone
788 113 469 stone
788 113 470 stone
788 113 471 stone
788 113 472 stone
788 113 473 stone
788 113 474 stone
788 113 475 stone
788 113 476 stone
788 113 477 stone
788 113 478 stone
788 113 479 stone
788 113 480 stone
788 113 481 andesite
788 113 482 andesite
788 113 483 andesite
788 113 484 andesite
788 113 485 stone
788 113 486 stone
788 113 487 stone
788 113 488 stone
788 113 489 stone
788 113 490 stone
788 113 491 water[level=0]
788 113 492 water[level=0]
788 113 493 tall_seagrass[half=lower]
788 113 494 stone
788 113 495 stone
788 113 496 stone
788 113 497 stone
788 113 498 stone
788 113 499 stone
788 113 500 stone
788 113 501 stone
788 113 502 stone
788 113 503 stone
788 113 504 stone
788 113 505 andesite
788 113 506 andesite
788 113 507 andesite
788 113 508 water[level=0]
788 113 509 water[level=0]
788 113 510 water[level=0]
788 113 511 water[level=0]
788 113 512 water[level=0]
788 113 513 water[level=0]
788 113 514 water[level=0]
788 113 515 water[level=0]
788 113 516 water[level=0]
788 113 517 water[level=0]
788 113 518 water[level=0]
788 113 519 water[level=0]
788 113 520 water[level=0]
788 113 521 water[level=0]
788 113 522 stone
788 113 523 stone
788 113 524 stone
788 113 525 stone
788 113 526 stone
788 113 527 stone
788 113 528 stone
788 113 529 stone
788 113 530 stone
788 113 531 stone
788 113 532 stone
788 113 533 stone
788 113 534 stone
788 113 535 stone
788 113 536 stone
788 113 537 stone
788 113 538 stone
788 113 539 copper_ore
788 113 540 copper_ore
788 113 541 stone
788 113 542 stone
788 113 543 stone
788 113 544 stone
788 113 545 stone
788 113 546 stone
788 113 547 stone
788 113 548 stone
788 113 549 stone
788 113 550 stone
788 113 551 stone
788 113 552 stone
788 113 553 stone
788 113 554 stone
788 113 555 andesite
788 113 556 andesite
788 113 557 andesite
788 113 558 andesite
788 113 559 andesite
788 113 560 andesite
788 113 561 andesite
788 113 562 andesite
788 113 563 stone
788 113 564 stone
788 113 565 stone
788 113 566 stone
788 113 567 stone
788 113 568 stone
788 113 569 andesite
788 113 570 andesite
788 113 571 andesite
788 113 572 andesite
788 113 573 andesite
788 113 574 andesite
788 113 575 water[level=0]
788 113 576 water[level=0]
788 113 577 water[level=0]
788 113 578 stone
788 113 579 stone
788 113 580 stone
788 113 581 stone
788 113 582 stone
788 113 583 stone
788 113 584 stone
788 113 585 stone
788 113 586 stone
788 113 587 stone
788 113 588 stone
788 113 589 stone
788 113 590 stone
788 113 591 stone
788 113 592 stone
788 113 593 stone
788 113 594 stone
788 113 595 stone
788 113 596 stone
788 113 597 stone
788 113 598 stone
788 113 599 stone
788 113 600 stone
788 113 601 stone
788 113 602 stone
788 113 603 stone
788 113 604 stone
788 113 605 stone
788 113 606 stone
788 113 607 stone
788 113 608 stone
788 113 609 stone
788 113 610 stone
788 113 611 stone
788 113 612 stone
788 113 613 stone
788 113 614 stone
788 113 615 stone
788 113 616 stone
788 113 617 stone
788 113 618 stone
788 113 619 stone
788 113 620 stone
788 113 621 stone
788 113 622 stone
788 113 623 stone
788 113 624 stone
788 113 625 stone
788 113 626 stone
788 113 627 stone
788 113 628 stone
788 113 629 stone
788 113 630 stone
788 113 631 stone
788 113 632 stone
788 113 633 stone
788 113 634 stone
788 113 635 stone
788 113 636 dirt
788 113 637 dirt
788 113 638 dirt
788 113 639 stone
788 113 640 stone
788 113 641 stone
788 113 642 stone
788 113 643 stone
788 113 644 stone
788 113 645 stone
788 113 646 stone
788 113 647 stone
788 113 648 stone
788 113 649 stone
788 113 650 stone
788 113 651 stone
788 113 652 stone
788 113 653 stone
788 113 654 stone
788 113 655 stone
788 113 656 stone
788 113 657 stone
788 113 658 stone
788 113 659 stone
788 113 660 stone
788 113 661 stone
788 113 662 stone
788 113 663 stone
788 113 664 stone
788 113 665 stone
788 113 666 stone
788 113 667 stone
788 113 668 stone
788 113 669 stone
788 113 670 stone
788 113 671 stone
788 113 672 stone
788 113 673 stone
788 113 674 stone
788 113 675 stone
788 113 676 stone
788 113 677 stone
788 113 678 stone
788 113 679 stone
788 113 680 stone
788 113 681 stone
788 113 682 stone
788 113 683 stone
788 113 684 stone
788 113 685 stone
788 113 686 stone
788 113 687 stone
788 113 688 stone
788 113 689 stone
788 113 690 stone
788 113 691 stone
788 113 692 stone
788 113 693 stone
788 113 694 stone
788 113 695 stone
788 113 696 stone
788 113 697 stone
788 113 698 stone
788 113 699 stone
788 113 700 stone
788 113 701 stone
788 113 702 stone
788 113 703 stone
788 113 704 stone
788 113 705 stone
788 113 706 stone
788 113 707 stone
788 113 708 stone
788 113 709 stone
788 113 710 stone
788 113 711 stone
788 113 712 stone
788 113 713 stone
788 113 714 stone
788 113 715 stone
788 113 716 stone
788 113 717 stone
788 113 718 stone
788 113 719 stone
788 113 720 stone
788 113 721 stone
788 113 722 stone
788 113 723 stone
788 113 724 stone
788 113 725 stone
788 113 726 stone
788 113 727 stone
788 113 728 stone
788 113 729 stone
788 113 730 stone
788 113 731 stone
788 113 732 stone
788 113 733 stone
788 113 734 stone
788 113 735 stone
788 113 736 stone
788 113 737 stone
788 113 738 stone
788 113 739 stone
788 113 740 stone
788 113 741 stone
788 113 742 stone
788 113 743 stone
788 113 744 stone
788 113 745 stone
788 113 746 stone
788 113 747 stone
788 113 748 stone
788 113 749 stone
788 113 750 stone
788 113 751 stone
788 113 752 stone
788 113 753 stone
788 113 754 stone
788 113 755 stone
788 113 756 stone
788 113 757 stone
788 113 758 stone
788 113 759 stone
788 113 760 stone
788 113 761 stone
788 113 762 stone
788 113 763 stone
788 113 764 stone
788 113 765 stone
788 113 766 stone
788 113 767 stone
788 113 768 stone
788 113 769 stone
788 113 770 granite
788 113 771 granite
788 113 772 stone
788 113 773 stone
788 113 774 stone
788 113 775 stone
788 113 776 stone
788 113 777 stone
788 113 778 stone
788 113 779 water[level=0]
788 113 780 water[level=0]
788 113 781 water[level=0]
788 113 782 stone
788 113 783 stone
788 113 784 stone
788 113 785 water[level=0]
788 113 786 water[level=0]
788 113 787 stone
788 113 788 stone
788 113 789 stone
788 113 790 stone
788 113 791 stone
788 113 792 stone
788 113 793 diorite
788 113 794 diorite
788 113 795 diorite
788 113 796 diorite
788 113 797 diorite
788 113 798 diorite
788 113 799 diorite
788 113 800 diorite
788 113 801 diorite
788 113 802 diorite
788 113 803 diorite
788 113 804 diorite
788 113 805 diorite
788 113 806 stone
788 113 807 stone
788 113 808 stone
788 113 809 stone
788 113 810 stone
788 113 811 stone
788 113 812 stone
788 113 813 stone
788 113 814 stone
788 113 815 stone
788 113 816 stone
788 113 817 stone
788 113 818 stone
788 113 819 stone
788 113 820 stone
788 113 821 stone
788 113 822 stone
788 113 823 stone
788 113 824 stone
788 113 825 stone
788 113 826 stone
788 113 827 stone
788 113 828 stone
788 113 829 dirt
788 113 830 dirt
788 113 831 dirt
788 113 832 dirt
788 113 833 stone
788 113 834 stone
788 113 835 stone
788 113 836 stone
788 113 837 stone
788 113 838 stone
788 113 839 stone
788 113 840 stone
788 113 841 stone
788 113 842 stone
788 113 843 stone
788 113 844 stone
788 113 845 stone
788 113 846 stone
788 113 847 stone
788 113 848 stone
788 113 849 stone
788 113 850 stone
788 113 851 stone
788 113 852 stone
788 113 853 stone
788 113 854 stone
788 113 855 stone
788 113 856 stone
788 113 857 stone
788 113 858 stone
788 113 859 stone
788 113 860 stone
788 113 861 stone
788 113 862 stone
788 113 863 stone
788 113 864 stone
788 113 865 andesite
788 113 866 andesite
788 113 867 stone
788 113 868 stone
788 113 869 stone
788 113 870 stone
788 113 871 stone
788 113 872 stone
788 113 873 stone
788 113 874 stone
788 113 875 stone
788 113 876 stone
788 113 877 stone
788 113 878 stone
788 113 879 stone
788 113 880 stone
788 113 881 granite
788 113 882 granite
788 113 883 granite
788 113 884 granite
788 113 885 diorite
788 113 886 diorite
788 113 887 diorite
788 113 888 diorite
788 113 889 diorite
788 113 890 diorite
788 113 891 diorite
788 113 892 stone
788 113 893 stone
788 113 894 stone
788 113 895 stone
788 113 896 stone
788 113 897 stone
788 113 898 stone
788 113 899 stone
788 113 900 stone
788 113 901 stone
788 113 902 stone
788 113 909 stone
788 113 910 stone
788 113 911 stone
788 113 912 stone
788 113 913 stone
788 113 914 stone
788 113 915 stone
788 113 916 stone
788 113 917 stone
788 113 918 stone
788 113 919 stone
788 113 920 stone
788 113 921 stone
788 113 922 stone
788 113 923 stone
788 113 924 stone
788 113 925 stone
788 113 926 stone
788 113 927 stone
788 113 928 stone
788 113 929 stone
788 113 930 stone
788 113 931 stone
788 113 932 stone
788 113 933 stone
788 113 934 stone
788 113 935 stone
788 113 936 stone
788 113 937 copper_ore
788 113 938 copper_ore
788 113 939 copper_ore
788 113 940 stone
788 113 941 stone
788 113 942 stone
788 113 943 stone
788 113 944 stone
788 113 945 coal_ore
788 113 946 coal_ore
788 113 947 stone
788 113 948 stone
788 113 949 stone
788 113 950 stone
788 113 951 stone
788 113 952 stone
788 113 953 stone
788 113 954 stone
788 113 955 stone
788 113 956 stone
788 113 957 stone
788 113 958 water[level=0]
788 113 959 water[level=0]
788 113 960 water[level=0]
788 113 961 water[level=0]
788 113 962 water[level=0]
788 113 963 water[level=0]
788 113 964 water[level=0]
788 113 965 water[level=0]
788 113 966 gravel
788 113 967 stone
788 113 968 stone
788 113 969 stone
788 113 970 stone
788 113 971 stone
788 113 972 stone
788 113 973 stone
788 113 974 stone
788 113 975 stone
788 113 976 stone
788 113 977 stone
788 113 978 stone
788 113 979 stone
788 113 980 stone
788 113 981 stone
788 113 982 stone
788 113 983 stone
788 113 984 stone
788 113 985 stone
788 113 986 stone
788 113 987 stone
788 113 988 stone
788 113 989 stone
788 113 990 stone
788 113 991 stone
788 113 992 stone
788 113 993 stone
788 113 994 stone
788 113 995 stone
788 113 996 stone
788 113 997 water[level=0]
788 113 998 water[level=0]
788 113 999 stone
