677 101 184 dirt
677 101 185 dirt
677 101 186 dirt
677 101 187 stone
677 101 188 stone
677 101 189 stone
677 101 190 stone
677 101 191 stone
677 101 192 stone
677 101 193 stone
677 101 194 stone
677 101 195 stone
677 101 196 stone
677 101 197 stone
677 101 198 stone
677 101 199 stone
677 101 200 stone
677 101 201 stone
677 101 202 stone
677 101 203 water[level=0]
677 101 204 water[level=0]
677 101 205 water[level=0]
677 101 206 water[level=0]
677 101 207 water[level=0]
677 101 208 stone
677 101 209 stone
677 101 210 stone
677 101 211 andesite
677 101 212 andesite
677 101 213 andesite
677 101 214 andesite
677 101 215 andesite
677 101 216 andesite
677 101 217 andesite
677 101 218 stone
677 101 219 stone
677 101 220 granite
677 101 221 granite
677 101 222 granite
677 101 223 granite
677 101 224 diorite
677 101 225 diorite
677 101 226 diorite
677 101 227 diorite
677 101 228 diorite
677 101 229 diorite
677 101 230 diorite
677 101 231 diorite
677 101 232 granite
677 101 233 granite
677 101 234 granite
677 101 235 granite
677 101 236 granite
677 101 237 stone
677 101 238 stone
677 101 239 stone
677 101 240 stone
677 101 241 stone
677 101 242 stone
677 101 243 stone
677 101 244 stone
677 101 245 stone
677 101 246 granite
677 101 247 stone
677 101 248 stone
677 101 249 stone
677 101 250 stone
677 101 251 stone
677 101 252 stone
677 101 253 stone
677 101 254 diorite
677 101 255 diorite
678 101 128 stone
678 101 129 stone
678 101 130 stone
678 101 131 stone
678 101 132 stone
678 101 133 stone
678 101 134 stone
678 101 135 stone
678 101 136 stone
678 101 137 stone
678 101 138 stone
678 101 139 stone
678 101 140 stone
678 101 141 stone
678 101 142 stone
678 101 143 stone
678 101 144 stone
678 101 145 diorite
678 101 146 diorite
678 101 147 diorite
678 101 148 diorite
678 101 149 diorite
678 101 150 diorite
678 101 151 diorite
678 101 152 diorite
678 101 153 diorite
678 101 154 stone
678 101 155 stone
678 101 156 stone
678 101 157 stone
678 101 158 stone
678 101 159 stone
678 101 160 stone
678 101 161 stone
678 101 162 stone
678 101 163 stone
678 101 164 stone
678 101 165 stone
678 101 166 stone
678 101 167 stone
678 101 168 stone
678 101 169 stone
678 101 170 stone
678 101 171 stone
678 101 172 stone
678 101 173 stone
678 101 174 stone
678 101 175 stone
678 101 176 stone
678 101 177 stone
678 101 178 dirt
678 101 179 dirt
678 101 180 dirt
678 101 181 dirt
678 101 182 dirt
678 101 183 dirt
678 101 184 dirt
678 101 185 stone
678 101 186 stone
678 101 187 stone
678 101 188 stone
678 101 189 stone
678 101 190 stone
678 101 191 stone
678 101 192 stone
678 101 193 stone
678 101 194 stone
678 101 195 stone
678 101 196 stone
678 101 197 stone
678 101 198 stone
678 101 199 stone
678 101 200 stone
678 101 201 stone
678 101 202 stone
678 101 203 water[level=0]
678 101 204 water[level=0]
678 101 205 water[level=0]
678 101 206 water[level=0]
678 101 207 water[level=0]
678 101 208 stone
678 101 209 stone
678 101 210 stone
678 101 211 andesite
678 101 212 andesite
678 101 213 andesite
678 101 214 andesite
678 101 215 andesite
678 101 216 andesite
678 101 217 andesite
678 101 218 stone
678 101 219 granite
678 101 220 granite
678 101 221 granite
678 101 222 granite
678 101 223 granite
678 101 224 granite
678 101 225 diorite
678 101 226 diorite
678 101 227 diorite
678 101 228 diorite
678 101 229 diorite
678 101 230 diorite
678 101 231 diorite
678 101 232 diorite
678 101 233 granite
678 101 234 granite
678 101 235 granite
678 101 236 stone
678 101 237 stone
678 101 238 stone
678 101 239 stone
678 101 240 stone
678 101 241 stone
678 101 242 stone
678 101 243 stone
678 101 244 stone
678 101 245 stone
678 101 246 stone
678 101 247 stone
678 101 248 stone
678 101 249 stone
678 101 250 stone
678 101 251 stone
678 101 252 stone
678 101 253 stone
678 101 254 stone
678 101 255 diorite
679 101 128 stone
679 101 129 stone
679 101 130 stone
679 101 131 stone
679 101 132 stone
679 101 133 stone
679 101 134 stone
679 101 135 stone
679 101 136 stone
679 101 137 stone
679 101 138 stone
679 101 139 stone
679 101 140 stone
679 101 141 stone
679 101 142 stone
679 101 143 stone
679 101 144 stone
679 101 145 diorite
679 101 146 diorite
679 101 147 diorite
679 101 148 diorite
679 101 149 diorite
679 101 150 diorite
679 101 151 diorite
679 101 152 diorite
679 101 153 diorite
679 101 154 diorite
679 101 155 dirt
679 101 156 dirt
679 101 157 dirt
679 101 158 stone
679 101 159 stone
679 101 160 stone
679 101 161 stone
679 101 162 stone
679 101 163 stone
679 101 164 stone
679 101 165 stone
679 101 166 stone
679 101 167 stone
679 101 168 stone
679 101 169 stone
679 101 170 stone
679 101 171 stone
679 101 172 stone
679 101 173 stone
679 101 174 stone
679 101 175 stone
679 101 176 stone
679 101 177 stone
679 101 178 dirt
679 101 179 dirt
679 101 180 dirt
679 101 181 dirt
679 101 182 dirt
679 101 183 dirt
679 101 184 dirt
679 101 185 stone
679 101 186 stone
679 101 187 stone
679 101 188 stone
679 101 189 stone
679 101 190 stone
679 101 191 stone
679 101 192 stone
679 101 193 stone
679 101 194 stone
679 101 195 stone
679 101 196 stone
679 101 197 stone
679 101 198 stone
679 101 199 stone
679 101 200 stone
679 101 201 stone
679 101 202 stone
679 101 203 stone
679 101 204 water[level=0]
679 101 205 water[level=0]
679 101 206 stone
679 101 207 stone
679 101 208 stone
679 101 209 stone
679 101 210 stone
679 101 211 andesite
679 101 212 andesite
679 101 213 andesite
679 101 214 andesite
679 101 215 andesite
679 101 216 andesite
679 101 217 andesite
679 101 218 stone
679 101 219 granite
679 101 220 granite
679 101 221 granite
679 101 222 granite
679 101 223 granite
679 101 224 granite
679 101 225 granite
679 101 226 granite
679 101 227 diorite
679 101 228 diorite
679 101 229 diorite
679 101 230 diorite
679 101 231 diorite
679 101 232 diorite
679 101 233 granite
679 101 234 granite
679 101 235 stone
679 101 236 stone
679 101 237 stone
679 101 238 stone
679 101 239 stone
679 101 240 stone
679 101 241 stone
679 101 242 stone
679 101 243 stone
679 101 244 stone
679 101 245 stone
679 101 246 stone
679 101 247 stone
679 101 248 stone
679 101 249 stone
679 101 250 stone
679 101 251 stone
679 101 252 stone
679 101 253 stone
679 101 254 stone
679 101 255 stone
680 101 128 stone
680 101 129 stone
680 101 130 stone
680 101 131 stone
680 101 132 stone
680 101 133 stone
680 101 134 stone
680 101 135 stone
680 101 136 stone
680 101 137 stone
680 101 138 stone
680 101 139 stone
680 101 140 stone
680 101 141 stone
680 101 142 stone
680 101 143 stone
680 101 144 stone
680 101 145 diorite
680 101 146 diorite
680 101 147 diorite
680 101 148 diorite
680 101 149 diorite
680 101 150 diorite
680 101 151 diorite
680 101 152 diorite
680 101 153 diorite
680 101 154 diorite
680 101 155 dirt
680 101 156 dirt
680 101 157 dirt
680 101 158 dirt
680 101 159 dirt
680 101 160 stone
680 101 161 stone
680 101 162 stone
680 101 163 stone
680 101 164 stone
680 101 165 stone
680 101 166 stone
680 101 167 stone
680 101 168 stone
680 101 169 stone
680 101 170 stone
680 101 171 stone
680 101 172 stone
680 101 173 stone
680 101 174 stone
680 101 175 stone
680 101 176 stone
680 101 177 stone
680 101 178 gravel
680 101 179 dirt
680 101 180 dirt
680 101 181 stone
680 101 182 stone
680 101 183 stone
680 101 184 stone
680 101 185 stone
680 101 186 stone
680 101 187 stone
680 101 188 stone
680 101 189 stone
680 101 190 stone
680 101 191 stone
680 101 192 stone
680 101 193 stone
680 101 194 stone
680 101 195 stone
680 101 196 stone
680 101 197 stone
680 101 198 stone
680 101 199 stone
680 101 200 stone
680 101 201 stone
680 101 202 stone
680 101 203 stone
680 101 204 stone
680 101 205 stone
680 101 206 stone
680 101 207 stone
680 101 208 stone
680 101 209 stone
680 101 210 stone
680 101 211 andesite
680 101 212 andesite
680 101 213 andesite
680 101 214 andesite
680 101 215 andesite
680 101 216 andesite
680 101 217 andesite
680 101 218 stone
680 101 219 granite
680 101 220 granite
680 101 221 granite
680 101 222 granite
680 101 223 granite
680 101 224 granite
680 101 225 granite
680 101 226 granite
680 101 227 granite
680 101 228 diorite
680 101 229 diorite
680 101 230 diorite
680 101 231 diorite
680 101 232 granite
680 101 233 stone
680 101 234 stone
680 101 235 stone
680 101 236 stone
680 101 237 stone
680 101 238 stone
680 101 239 stone
680 101 240 stone
680 101 241 stone
680 101 242 stone
680 101 243 stone
680 101 244 stone
680 101 245 stone
680 101 246 stone
680 101 247 stone
680 101 248 stone
680 101 249 stone
680 101 250 stone
680 101 251 stone
680 101 252 stone
680 101 253 stone
680 101 254 stone
680 101 255 stone
681 101 128 stone
681 101 129 stone
681 101 130 stone
681 101 131 stone
681 101 132 stone
681 101 133 stone
681 101 134 stone
681 101 135 stone
681 101 136 stone
681 101 137 granite
681 101 138 granite
681 101 139 granite
681 101 140 stone
681 101 141 stone
681 101 142 stone
681 101 143 stone
681 101 144 stone
681 101 145 stone
681 101 146 diorite
681 101 147 diorite
681 101 148 diorite
681 101 149 diorite
681 101 150 diorite
681 101 151 diorite
681 101 152 diorite
681 101 153 diorite
681 101 154 diorite
681 101 155 diorite
681 101 156 dirt
681 101 157 dirt
681 101 158 dirt
681 101 159 dirt
681 101 160 dirt
681 101 161 stone
681 101 162 stone
681 101 163 stone
681 101 164 stone
681 101 165 stone
681 101 166 stone
681 101 167 stone
681 101 168 stone
681 101 169 stone
681 101 170 stone
681 101 171 stone
681 101 172 stone
681 101 173 stone
681 101 174 stone
681 101 175 stone
681 101 176 stone
681 101 177 stone
681 101 178 stone
681 101 179 stone
681 101 180 stone
681 101 181 stone
681 101 182 stone
681 101 183 stone
681 101 184 stone
681 101 185 stone
681 101 186 stone
681 101 187 stone
681 101 188 stone
681 101 189 stone
681 101 190 stone
681 101 191 stone
681 101 192 stone
681 101 193 stone
681 101 194 stone
681 101 195 stone
681 101 196 stone
681 101 197 stone
681 101 198 stone
681 101 199 stone
681 101 200 stone
681 101 201 stone
681 101 202 stone
681 101 203 stone
681 101 204 stone
681 101 205 granite
681 101 206 granite
681 101 207 granite
681 101 208 stone
681 101 209 stone
681 101 210 stone
681 101 211 iron_ore
681 101 212 iron_ore
681 101 213 andesite
681 101 214 andesite
681 101 215 andesite
681 101 216 andesite
681 101 217 andesite
681 101 218 stone
681 101 219 granite
681 101 220 granite
681 101 221 granite
681 101 222 granite
681 101 223 granite
681 101 224 granite
681 101 225 granite
681 101 226 granite
681 101 227 granite
681 101 228 granite
681 101 229 granite
681 101 230 granite
681 101 231 stone
681 101 232 stone
681 101 233 stone
681 101 234 stone
681 101 235 stone
681 101 236 stone
681 101 237 stone
681 101 238 stone
681 101 239 stone
681 101 240 stone
681 101 241 stone
681 101 242 stone
681 101 243 stone
681 101 244 stone
681 101 245 stone
681 101 246 stone
681 101 247 stone
681 101 248 stone
681 101 249 stone
681 101 250 stone
681 101 251 stone
681 101 252 stone
681 101 253 stone
681 101 254 stone
681 101 255 stone
682 101 128 stone
682 101 129 stone
682 101 130 stone
682 101 131 stone
682 101 132 stone
682 101 133 stone
682 101 134 stone
682 101 135 granite
682 101 136 granite
682 101 137 granite
682 101 138 granite
682 101 139 granite
682 101 140 granite
682 101 141 stone
682 101 142 stone
682 101 143 stone
682 101 144 stone
682 101 145 stone
682 101 146 stone
682 101 147 diorite
682 101 148 diorite
682 101 149 diorite
682 101 150 diorite
682 101 151 diorite
682 101 152 diorite
682 101 153 diorite
682 101 154 diorite
682 101 155 diorite
682 101 156 diorite
682 101 157 dirt
682 101 158 dirt
682 101 159 dirt
682 101 160 dirt
682 101 161 dirt
682 101 162 stone
682 101 163 stone
682 101 164 stone
682 101 165 stone
682 101 166 stone
682 101 167 stone
682 101 168 stone
682 101 169 stone
682 101 170 stone
682 101 171 stone
682 101 172 stone
682 101 173 stone
682 101 174 stone
682 101 175 stone
682 101 176 stone
682 101 177 stone
682 101 178 stone
682 101 179 stone
682 101 180 stone
682 101 181 stone
682 101 182 stone
682 101 183 stone
682 101 184 stone
682 101 185 stone
682 101 186 stone
682 101 187 granite
682 101 188 granite
682 101 189 granite
682 101 190 granite
682 101 191 stone
682 101 192 stone
682 101 193 stone
682 101 194 stone
682 101 195 stone
682 101 196 stone
682 101 197 stone
682 101 198 stone
682 101 199 stone
682 101 200 stone
682 101 201 stone
682 101 202 stone
682 101 203 stone
682 101 204 granite
682 101 205 granite
682 101 206 granite
682 101 207 granite
682 101 208 granite
682 101 209 stone
682 101 210 stone
682 101 211 iron_ore
682 101 212 iron_ore
682 101 213 andesite
682 101 214 andesite
682 101 215 andesite
682 101 216 andesite
682 101 217 andesite
682 101 218 andesite
682 101 219 stone
682 101 220 stone
682 101 221 stone
682 101 222 stone
682 101 223 granite
682 101 224 granite
682 101 225 stone
682 101 226 stone
682 101 227 stone
682 101 228 stone
682 101 229 stone
682 101 230 stone
682 101 231 stone
682 101 232 stone
682 101 233 stone
682 101 234 stone
682 101 235 stone
682 101 236 stone
682 101 237 stone
682 101 238 stone
682 101 239 stone
682 101 240 stone
682 101 241 stone
682 101 242 stone
682 101 243 stone
682 101 244 stone
682 101 245 stone
682 101 246 stone
682 101 247 stone
682 101 248 stone
682 101 249 stone
682 101 250 stone
682 101 251 stone
682 101 252 stone
682 101 253 stone
682 101 254 stone
682 101 255 stone
683 101 128 stone
683 101 129 stone
683 101 130 stone
683 101 131 stone
683 101 132 stone
683 101 133 stone
683 101 134 granite
683 101 135 granite
683 101 136 granite
683 101 137 granite
683 101 138 granite
683 101 139 granite
683 101 140 granite
683 101 141 stone
683 101 142 stone
683 101 143 stone
683 101 144 stone
683 101 145 stone
683 101 146 stone
683 101 147 stone
683 101 148 diorite
683 101 149 diorite
683 101 150 diorite
683 101 151 diorite
683 101 152 diorite
683 101 153 diorite
683 101 154 diorite
683 101 155 diorite
683 101 156 diorite
683 101 157 stone
683 101 158 stone
683 101 159 dirt
683 101 160 dirt
683 101 161 stone
683 101 162 stone
683 101 163 stone
683 101 164 stone
683 101 165 stone
683 101 166 stone
683 101 167 stone
683 101 168 stone
683 101 169 stone
683 101 170 stone
683 101 171 stone
683 101 172 stone
683 101 173 stone
683 101 174 stone
683 101 175 stone
683 101 176 stone
683 101 177 stone
683 101 178 stone
683 101 179 stone
683 101 180 stone
683 101 181 stone
683 101 182 stone
683 101 183 stone
683 101 184 stone
683 101 185 stone
683 101 186 stone
683 101 187 granite
683 101 188 granite
683 101 189 granite
683 101 190 granite
683 101 191 granite
683 101 192 stone
683 101 193 stone
683 101 194 stone
683 101 195 stone
683 101 196 stone
683 101 197 stone
683 101 198 stone
683 101 199 stone
683 101 200 stone
683 101 201 stone
683 101 202 stone
683 101 203 stone
683 101 204 granite
683 101 205 granite
683 101 206 granite
683 101 207 granite
683 101 208 granite
683 101 209 granite
683 101 210 granite
683 101 211 granite
683 101 212 stone
683 101 213 andesite
683 101 214 andesite
683 101 215 andesite
683 101 216 andesite
683 101 217 andesite
683 101 218 andesite
683 101 219 andesite
683 101 220 granite
683 101 221 stone
683 101 222 stone
683 101 223 stone
683 101 224 stone
683 101 225 stone
683 101 226 stone
683 101 227 stone
683 101 228 stone
683 101 229 stone
683 101 230 stone
683 101 231 stone
683 101 232 stone
683 101 233 stone
683 101 234 stone
683 101 235 stone
683 101 236 stone
683 101 237 stone
683 101 238 stone
683 101 239 stone
683 101 240 stone
683 101 241 stone
683 101 242 stone
683 101 243 stone
683 101 244 stone
683 101 245 stone
683 101 246 stone
683 101 247 stone
683 101 248 stone
683 101 249 stone
683 101 250 diorite
683 101 251 diorite
683 101 252 stone
683 101 253 stone
683 101 254 stone
683 101 255 stone
684 101 128 stone
684 101 129 stone
684 101 130 stone
684 101 131 stone
684 101 132 granite
684 101 133 granite
684 101 134 granite
684 101 135 granite
684 101 136 granite
684 101 137 granite
684 101 138 granite
684 101 139 granite
684 101 140 granite
684 101 141 stone
684 101 142 stone
684 101 143 stone
684 101 144 stone
684 101 145 stone
684 101 146 stone
684 101 147 stone
684 101 148 stone
684 101 149 diorite
684 101 150 diorite
684 101 151 diorite
684 101 152 diorite
684 101 153 diorite
684 101 154 diorite
684 101 155 diorite
684 101 156 diorite
684 101 157 diorite
684 101 158 stone
684 101 159 stone
684 101 160 stone
684 101 161 stone
684 101 162 stone
684 101 163 stone
684 101 164 stone
684 101 165 stone
684 101 166 stone
684 101 167 stone
684 101 168 stone
684 101 169 stone
684 101 170 stone
684 101 171 stone
684 101 172 stone
684 101 173 stone
684 101 174 stone
684 101 175 stone
684 101 176 stone
684 101 177 stone
684 101 178 stone
684 101 179 stone
684 101 180 stone
684 101 181 stone
684 101 182 stone
684 101 183 stone
684 101 184 stone
684 101 185 stone
684 101 186 granite
684 101 187 granite
684 101 188 granite
684 101 189 granite
684 101 190 granite
684 101 191 granite
684 101 192 granite
684 101 193 stone
684 101 194 stone
684 101 195 stone
684 101 196 stone
684 101 197 stone
684 101 198 stone
684 101 199 stone
684 101 200 stone
684 101 201 stone
684 101 202 stone
684 101 203 stone
684 101 204 granite
684 101 205 granite
684 101 206 granite
684 101 207 granite
684 101 208 granite
684 101 209 granite
684 101 210 granite
684 101 211 granite
684 101 212 stone
684 101 213 andesite
684 101 214 andesite
684 101 215 andesite
684 101 216 andesite
684 101 217 andesite
684 101 218 andesite
684 101 219 andesite
684 101 220 granite
684 101 221 stone
684 101 222 stone
684 101 223 stone
684 101 224 stone
684 101 225 stone
684 101 226 stone
684 101 227 stone
684 101 228 stone
684 101 229 stone
684 101 230 stone
684 101 231 stone
684 101 232 stone
684 101 233 stone
684 101 234 stone
684 101 235 stone
684 101 236 stone
684 101 237 stone
684 101 238 stone
684 101 239 stone
684 101 240 stone
684 101 241 stone
684 101 242 stone
684 101 243 stone
684 101 244 stone
684 101 245 stone
684 101 246 stone
684 101 247 stone
684 101 248 diorite
684 101 249 diorite
684 101 250 diorite
684 101 251 diorite
684 101 252 diorite
684 101 253 diorite
684 101 254 diorite
684 101 255 stone
685 101 128 stone
685 101 129 stone
685 101 130 stone
685 101 131 granite
685 101 132 granite
685 101 133 granite
685 101 134 granite
685 101 135 granite
685 101 136 granite
685 101 137 granite
685 101 138 granite
685 101 139 granite
685 101 140 stone
685 101 141 stone
685 101 142 stone
685 101 143 stone
685 101 144 stone
685 101 145 stone
685 101 146 stone
685 101 147 stone
685 101 148 stone
685 101 149 stone
685 101 150 diorite
685 101 151 diorite
685 101 152 diorite
685 101 153 diorite
685 101 154 diorite
685 101 155 diorite
685 101 156 diorite
685 101 157 diorite
685 101 158 stone
685 101 159 stone
685 101 160 stone
685 101 161 stone
685 101 162 stone
685 101 163 stone
685 101 164 stone
685 101 165 stone
685 101 166 stone
685 101 167 stone
685 101 168 stone
685 101 169 stone
685 101 170 stone
685 101 171 stone
685 101 172 stone
685 101 173 stone
685 101 174 stone
685 101 175 stone
685 101 176 stone
685 101 177 stone
685 101 178 stone
685 101 179 stone
685 101 180 stone
685 101 181 stone
685 101 182 stone
685 101 183 gravel
685 101 184 gravel
685 101 185 gravel
685 101 186 granite
685 101 187 granite
685 101 188 granite
685 101 189 granite
685 101 190 granite
685 101 191 granite
685 101 192 granite
685 101 193 granite
685 101 194 stone
685 101 195 stone
685 101 196 stone
685 101 197 stone
685 101 198 stone
685 101 199 stone
685 101 200 stone
685 101 201 stone
685 101 202 stone
685 101 203 lapis_ore
685 101 204 lapis_ore
685 101 205 granite
685 101 206 granite
685 101 207 granite
685 101 208 stone
685 101 209 granite
685 101 210 granite
685 101 211 granite
685 101 212 stone
685 101 213 andesite
685 101 214 andesite
685 101 215 andesite
685 101 216 andesite
685 101 217 andesite
685 101 218 andesite
685 101 219 andesite
685 101 220 andesite
685 101 221 granite
685 101 222 stone
685 101 223 stone
685 101 224 stone
685 101 225 stone
685 101 226 stone
685 101 227 stone
685 101 228 stone
685 101 229 stone
685 101 230 stone
685 101 231 stone
685 101 232 stone
685 101 233 stone
685 101 234 stone
685 101 235 stone
685 101 236 stone
685 101 237 stone
685 101 238 stone
685 101 239 stone
685 101 240 stone
685 101 241 stone
685 101 242 stone
685 101 243 stone
685 101 244 stone
685 101 245 stone
685 101 246 stone
685 101 247 stone
685 101 248 diorite
685 101 249 diorite
685 101 250 diorite
685 101 251 diorite
685 101 252 diorite
