690 112 168 granite
690 112 169 granite
690 112 170 granite
690 112 171 granite
690 112 172 stone
690 112 173 stone
690 112 174 stone
690 112 175 stone
690 112 176 stone
690 112 177 stone
690 112 178 stone
690 112 179 granite
690 112 180 granite
690 112 181 granite
690 112 182 granite
690 112 183 copper_ore
690 112 184 stone
690 112 185 coal_ore
690 112 186 coal_ore
690 112 187 stone
690 112 188 stone
690 112 189 stone
690 112 190 stone
690 112 191 stone
690 112 192 stone
690 112 193 stone
690 112 194 stone
690 112 195 stone
690 112 196 stone
690 112 197 granite
690 112 198 granite
690 112 199 granite
690 112 200 granite
690 112 201 granite
690 112 202 granite
690 112 203 granite
690 112 204 stone
690 112 205 stone
690 112 206 stone
690 112 207 stone
690 112 208 stone
690 112 209 stone
690 112 210 stone
690 112 211 stone
690 112 212 stone
690 112 213 stone
690 112 214 stone
690 112 215 stone
690 112 216 stone
690 112 217 diorite
690 112 218 diorite
690 112 219 diorite
690 112 220 diorite
690 112 221 diorite
690 112 222 diorite
690 112 223 diorite
690 112 224 diorite
690 112 225 diorite
690 112 226 diorite
690 112 227 stone
690 112 228 stone
690 112 229 stone
690 112 230 stone
690 112 231 stone
690 112 232 stone
690 112 233 diorite
690 112 234 diorite
690 112 235 diorite
690 112 236 diorite
690 112 237 coal_ore
690 112 238 coal_ore
690 112 239 coal_ore
690 112 240 stone
690 112 241 stone
690 112 242 stone
690 112 243 stone
690 112 244 stone
690 112 245 stone
690 112 246 stone
690 112 247 stone
690 112 248 stone
690 112 249 stone
690 112 250 stone
690 112 251 stone
690 112 252 stone
690 112 253 stone
690 112 254 stone
690 112 255 stone
691 112 128 stone
691 112 129 stone
691 112 130 stone
691 112 131 stone
691 112 132 stone
691 112 133 stone
691 112 134 stone
691 112 135 stone
691 112 136 stone
691 112 137 stone
691 112 138 stone
691 112 139 stone
691 112 140 stone
691 112 141 stone
691 112 142 stone
691 112 143 stone
691 112 144 stone
691 112 145 stone
691 112 146 stone
691 112 147 stone
691 112 148 stone
691 112 149 stone
691 112 150 stone
691 112 151 stone
691 112 152 water[level=0]
691 112 153 water[level=0]
691 112 154 stone
691 112 155 stone
691 112 156 stone
691 112 157 stone
691 112 158 stone
691 112 159 stone
691 112 160 stone
691 112 161 stone
691 112 162 stone
691 112 163 stone
691 112 164 granite
691 112 165 granite
691 112 166 granite
691 112 167 granite
691 112 168 granite
691 112 169 granite
691 112 170 granite
691 112 171 stone
691 112 172 stone
691 112 173 stone
691 112 174 stone
691 112 175 stone
691 112 176 stone
691 112 177 stone
691 112 178 stone
691 112 179 stone
691 112 180 granite
691 112 181 granite
691 112 182 stone
691 112 183 copper_ore
691 112 184 copper_ore
691 112 185 coal_ore
691 112 186 coal_ore
691 112 187 stone
691 112 188 stone
691 112 189 stone
691 112 190 stone
691 112 191 stone
691 112 192 stone
691 112 193 stone
691 112 194 stone
691 112 195 stone
691 112 196 stone
691 112 197 granite
691 112 198 granite
691 112 199 granite
691 112 200 granite
691 112 201 granite
691 112 202 granite
691 112 203 granite
691 112 204 stone
691 112 205 stone
691 112 206 stone
691 112 207 stone
691 112 208 stone
691 112 209 stone
691 112 210 stone
691 112 211 stone
691 112 212 stone
691 112 213 stone
691 112 214 diorite
691 112 215 diorite
691 112 216 diorite
691 112 217 diorite
691 112 218 diorite
691 112 219 diorite
691 112 220 diorite
691 112 221 diorite
691 112 222 diorite
691 112 223 diorite
691 112 224 diorite
691 112 225 diorite
691 112 226 diorite
691 112 227 stone
691 112 228 stone
691 112 229 stone
691 112 230 stone
691 112 231 stone
691 112 232 stone
691 112 233 stone
691 112 234 diorite
691 112 235 diorite
691 112 236 diorite
691 112 237 coal_ore
691 112 238 coal_ore
691 112 239 stone
691 112 240 stone
691 112 241 stone
691 112 242 stone
691 112 243 stone
691 112 244 stone
691 112 245 stone
691 112 246 stone
691 112 247 stone
691 112 248 stone
691 112 249 stone
691 112 250 stone
691 112 251 stone
691 112 252 stone
691 112 253 stone
691 112 254 stone
691 112 255 stone
692 112 128 stone
692 112 129 stone
692 112 130 stone
692 112 131 stone
692 112 132 stone
692 112 133 stone
692 112 134 stone
692 112 135 stone
692 112 136 stone
692 112 137 stone
692 112 138 stone
692 112 139 stone
692 112 140 stone
692 112 141 stone
692 112 142 stone
692 112 143 stone
692 112 144 stone
692 112 145 stone
692 112 146 stone
692 112 147 stone
692 112 148 stone
692 112 149 stone
692 112 150 stone
692 112 151 water[level=0]
692 112 152 water[level=0]
692 112 153 water[level=0]
692 112 154 stone
692 112 155 stone
692 112 156 stone
692 112 157 stone
692 112 158 stone
692 112 159 stone
692 112 160 stone
692 112 161 stone
692 112 162 stone
692 112 163 stone
692 112 164 granite
692 112 165 granite
692 112 166 granite
692 112 167 granite
692 112 168 granite
692 112 169 granite
692 112 170 granite
692 112 171 stone
692 112 172 stone
692 112 173 stone
692 112 174 stone
692 112 175 stone
692 112 176 stone
692 112 177 stone
692 112 178 stone
692 112 179 stone
692 112 180 stone
692 112 181 stone
692 112 182 stone
692 112 183 copper_ore
692 112 184 copper_ore
692 112 185 coal_ore
692 112 186 coal_ore
692 112 187 stone
692 112 188 stone
692 112 189 stone
692 112 190 stone
692 112 191 stone
692 112 192 stone
692 112 193 stone
692 112 194 stone
692 112 195 stone
692 112 196 stone
692 112 197 granite
692 112 198 granite
692 112 199 granite
692 112 200 granite
692 112 201 granite
692 112 202 granite
692 112 203 stone
692 112 204 stone
692 112 205 stone
692 112 206 stone
692 112 207 stone
692 112 208 stone
692 112 209 stone
692 112 210 stone
692 112 211 stone
692 112 212 stone
692 112 213 diorite
692 112 214 diorite
692 112 215 diorite
692 112 216 diorite
692 112 217 diorite
692 112 218 diorite
692 112 219 diorite
692 112 220 diorite
692 112 221 diorite
692 112 222 diorite
692 112 223 diorite
692 112 224 diorite
692 112 225 diorite
692 112 226 diorite
692 112 227 stone
692 112 228 stone
692 112 229 stone
692 112 230 stone
692 112 231 stone
692 112 232 stone
692 112 233 stone
692 112 234 stone
692 112 235 diorite
692 112 236 diorite
692 112 237 diorite
692 112 238 diorite
692 112 239 stone
692 112 240 stone
692 112 241 stone
692 112 242 stone
692 112 243 stone
692 112 244 stone
692 112 245 stone
692 112 246 stone
692 112 247 stone
692 112 248 stone
692 112 249 stone
692 112 250 stone
692 112 251 stone
692 112 252 stone
692 112 253 stone
692 112 254 stone
692 112 255 stone
693 112 128 stone
693 112 129 stone
693 112 130 stone
693 112 131 stone
693 112 132 stone
693 112 133 stone
693 112 134 stone
693 112 135 stone
693 112 136 stone
693 112 137 stone
693 112 138 stone
693 112 139 stone
693 112 140 stone
693 112 141 copper_ore
693 112 142 copper_ore
693 112 143 copper_ore
693 112 144 stone
693 112 145 stone
693 112 146 stone
693 112 147 stone
693 112 148 stone
693 112 149 stone
693 112 150 stone
693 112 151 water[level=0]
693 112 152 water[level=0]
693 112 153 water[level=0]
693 112 154 stone
693 112 155 stone
693 112 156 stone
693 112 157 stone
693 112 158 stone
693 112 159 stone
693 112 160 stone
693 112 161 stone
693 112 162 stone
693 112 163 stone
693 112 164 granite
693 112 165 granite
693 112 166 granite
693 112 167 granite
693 112 168 granite
693 112 169 granite
693 112 170 stone
693 112 171 stone
693 112 172 stone
693 112 173 stone
693 112 174 stone
693 112 175 stone
693 112 176 stone
693 112 177 stone
693 112 178 stone
693 112 179 stone
693 112 180 stone
693 112 181 stone
693 112 182 stone
693 112 183 stone
693 112 184 copper_ore
693 112 185 coal_ore
693 112 186 coal_ore
693 112 187 stone
693 112 188 stone
693 112 189 stone
693 112 190 stone
693 112 191 stone
693 112 192 stone
693 112 193 stone
693 112 194 stone
693 112 195 stone
693 112 196 stone
693 112 197 granite
693 112 198 granite
693 112 199 granite
693 112 200 granite
693 112 201 granite
693 112 202 stone
693 112 203 stone
693 112 204 stone
693 112 205 stone
693 112 206 stone
693 112 207 stone
693 112 208 stone
693 112 209 stone
693 112 210 stone
693 112 211 diorite
693 112 212 diorite
693 112 213 diorite
693 112 214 diorite
693 112 215 diorite
693 112 216 diorite
693 112 217 diorite
693 112 218 diorite
693 112 219 diorite
693 112 220 diorite
693 112 221 diorite
693 112 222 diorite
693 112 223 diorite
693 112 224 diorite
693 112 225 diorite
693 112 226 stone
693 112 227 stone
693 112 228 stone
693 112 229 stone
693 112 230 stone
693 112 231 stone
693 112 232 stone
693 112 233 stone
693 112 234 stone
693 112 235 stone
693 112 236 stone
693 112 237 stone
693 112 238 stone
693 112 239 stone
693 112 240 stone
693 112 241 stone
693 112 242 stone
693 112 243 stone
693 112 244 stone
693 112 245 stone
693 112 246 stone
693 112 247 stone
693 112 248 stone
693 112 249 stone
693 112 250 stone
693 112 251 stone
693 112 252 stone
693 112 253 stone
693 112 254 stone
693 112 255 stone
694 112 128 stone
694 112 129 stone
694 112 130 stone
694 112 131 stone
694 112 132 stone
694 112 133 stone
694 112 134 stone
694 112 135 stone
694 112 136 stone
694 112 137 stone
694 112 138 stone
694 112 139 stone
694 112 140 stone
694 112 141 stone
694 112 142 copper_ore
694 112 143 copper_ore
694 112 144 copper_ore
694 112 145 stone
694 112 146 stone
694 112 147 stone
694 112 148 stone
694 112 149 stone
694 112 150 water[level=0]
694 112 151 water[level=0]
694 112 152 water[level=0]
694 112 153 water[level=0]
694 112 154 water[level=0]
694 112 155 stone
694 112 156 stone
694 112 157 stone
694 112 158 stone
694 112 159 stone
694 112 160 stone
694 112 161 stone
694 112 162 stone
694 112 163 stone
694 112 164 stone
694 112 165 granite
694 112 166 granite
694 112 167 granite
694 112 168 granite
694 112 169 stone
694 112 170 stone
694 112 171 stone
694 112 172 stone
694 112 173 stone
694 112 174 stone
694 112 175 stone
694 112 176 stone
694 112 177 stone
694 112 178 stone
694 112 179 stone
694 112 180 stone
694 112 181 stone
694 112 182 copper_ore
694 112 183 copper_ore
694 112 184 stone
694 112 185 coal_ore
694 112 186 coal_ore
694 112 187 stone
694 112 188 stone
694 112 189 stone
694 112 190 stone
694 112 191 stone
694 112 192 stone
694 112 193 stone
694 112 194 stone
694 112 195 stone
694 112 196 stone
694 112 197 stone
694 112 198 granite
694 112 199 granite
694 112 200 granite
694 112 201 stone
694 112 202 stone
694 112 203 stone
694 112 204 stone
694 112 205 stone
694 112 206 stone
694 112 207 stone
694 112 208 stone
694 112 209 stone
694 112 210 stone
694 112 211 diorite
694 112 212 diorite
694 112 213 diorite
694 112 214 diorite
694 112 215 diorite
694 112 216 diorite
694 112 217 diorite
694 112 218 diorite
694 112 219 diorite
694 112 220 diorite
694 112 221 diorite
694 112 222 diorite
694 112 223 diorite
694 112 224 diorite
694 112 225 stone
694 112 226 stone
694 112 227 stone
694 112 228 stone
694 112 229 stone
694 112 230 stone
694 112 231 stone
694 112 232 stone
694 112 233 stone
694 112 234 stone
694 112 235 stone
694 112 236 stone
694 112 237 stone
694 112 238 stone
694 112 239 stone
694 112 240 stone
694 112 241 stone
694 112 242 stone
694 112 243 stone
694 112 244 stone
694 112 245 stone
694 112 246 stone
694 112 247 stone
694 112 248 stone
694 112 249 stone
694 112 250 stone
694 112 251 stone
694 112 252 stone
694 112 253 stone
694 112 254 stone
694 112 255 stone
695 112 128 stone
695 112 129 stone
695 112 130 stone
695 112 131 stone
695 112 132 stone
695 112 133 stone
695 112 134 stone
695 112 135 stone
695 112 136 stone
695 112 137 stone
695 112 138 stone
695 112 139 coal_ore
695 112 140 coal_ore
695 112 141 stone
695 112 142 stone
695 112 143 stone
695 112 144 stone
695 112 145 stone
695 112 146 stone
695 112 147 stone
695 112 148 stone
695 112 149 water[level=0]
695 112 150 water[level=0]
695 112 151 water[level=0]
695 112 152 water[level=0]
695 112 153 water[level=0]
695 112 154 water[level=0]
695 112 155 stone
695 112 156 stone
695 112 157 stone
695 112 158 stone
695 112 159 stone
695 112 160 stone
695 112 161 stone
695 112 162 stone
695 112 163 stone
695 112 164 stone
695 112 165 granite
695 112 166 granite
695 112 167 granite
695 112 168 stone
695 112 169 stone
695 112 170 stone
695 112 171 stone
695 112 172 stone
695 112 173 stone
695 112 174 stone
695 112 175 stone
695 112 176 stone
695 112 177 stone
695 112 178 stone
695 112 179 stone
695 112 180 stone
695 112 181 stone
695 112 182 copper_ore
695 112 183 copper_ore
695 112 184 stone
695 112 185 stone
695 112 186 coal_ore
695 112 187 stone
695 112 188 stone
695 112 189 stone
695 112 190 stone
695 112 191 stone
695 112 192 stone
695 112 193 stone
695 112 194 stone
695 112 195 stone
695 112 196 stone
695 112 197 stone
695 112 198 stone
695 112 199 stone
695 112 200 stone
695 112 201 stone
695 112 202 stone
695 112 203 stone
695 112 204 stone
695 112 205 stone
695 112 206 diorite
695 112 207 diorite
695 112 208 stone
695 112 209 diorite
695 112 210 diorite
695 112 211 diorite
695 112 212 diorite
695 112 213 diorite
695 112 214 diorite
695 112 215 diorite
695 112 216 diorite
695 112 217 diorite
695 112 218 diorite
695 112 219 diorite
695 112 220 diorite
695 112 221 diorite
695 112 222 diorite
695 112 223 stone
695 112 224 stone
695 112 225 stone
695 112 226 stone
695 112 227 stone
695 112 228 stone
695 112 229 stone
695 112 230 stone
695 112 231 stone
695 112 232 stone
695 112 233 stone
695 112 234 stone
695 112 235 stone
695 112 236 stone
695 112 237 stone
695 112 238 stone
695 112 239 stone
695 112 240 stone
695 112 241 stone
695 112 242 stone
695 112 243 stone
695 112 244 stone
695 112 245 stone
695 112 246 stone
695 112 247 stone
695 112 248 stone
695 112 249 stone
695 112 250 stone
695 112 251 stone
695 112 252 stone
695 112 253 stone
695 112 254 stone
695 112 255 stone
696 112 128 stone
696 112 129 stone
696 112 130 stone
696 112 131 stone
696 112 132 stone
696 112 133 stone
696 112 134 stone
696 112 135 stone
696 112 136 stone
696 112 137 stone
696 112 138 coal_ore
696 112 139 coal_ore
696 112 140 coal_ore
696 112 141 stone
696 112 142 stone
696 112 143 stone
696 112 144 stone
696 112 145 stone
696 112 146 stone
696 112 147 stone
696 112 148 water[level=0]
696 112 149 water[level=0]
696 112 150 water[level=0]
696 112 151 water[level=0]
696 112 152 water[level=0]
696 112 153 water[level=0]
696 112 154 water[level=0]
696 112 155 water[level=0]
696 112 156 stone
696 112 157 stone
696 112 158 stone
696 112 159 stone
696 112 160 stone
696 112 161 stone
696 112 162 stone
696 112 163 stone
696 112 164 stone
696 112 165 stone
696 112 166 stone
696 112 167 stone
696 112 168 stone
696 112 169 stone
696 112 170 stone
696 112 171 stone
696 112 172 stone
696 112 173 stone
696 112 174 stone
696 112 175 stone
696 112 176 stone
696 112 177 stone
696 112 178 stone
696 112 179 stone
696 112 180 stone
696 112 181 stone
696 112 182 copper_ore
696 112 183 stone
696 112 184 stone
696 112 185 stone
696 112 186 stone
696 112 187 stone
696 112 188 stone
696 112 189 stone
696 112 190 stone
696 112 191 andesite
696 112 192 andesite
696 112 193 andesite
696 112 194 stone
696 112 195 stone
696 112 196 stone
696 112 197 stone
696 112 198 stone
696 112 199 stone
696 112 200 stone
696 112 201 stone
696 112 202 stone
696 112 203 stone
696 112 204 stone
696 112 205 stone
696 112 206 stone
696 112 207 diorite
696 112 208 stone
696 112 209 diorite
696 112 210 diorite
696 112 211 diorite
696 112 212 diorite
696 112 213 diorite
696 112 214 diorite
696 112 215 diorite
696 112 216 diorite
696 112 217 diorite
696 112 218 diorite
696 112 219 diorite
696 112 220 diorite
696 112 221 stone
696 112 222 stone
696 112 223 stone
696 112 224 stone
696 112 225 stone
696 112 226 stone
696 112 227 stone
696 112 228 stone
696 112 229 stone
696 112 230 stone
696 112 231 stone
696 112 232 stone
696 112 233 stone
696 112 234 stone
696 112 235 stone
696 112 236 stone
696 112 237 stone
696 112 238 stone
696 112 239 stone
696 112 240 stone
696 112 241 stone
696 112 242 stone
696 112 243 stone
696 112 244 stone
696 112 245 stone
696 112 246 stone
696 112 247 stone
696 112 248 stone
696 112 249 stone
696 112 250 stone
696 112 251 stone
696 112 252 stone
696 112 253 stone
696 112 254 stone
696 112 255 stone
697 112 128 stone
697 112 129 stone
697 112 130 stone
697 112 131 stone
697 112 132 stone
697 112 133 stone
697 112 134 stone
697 112 135 stone
697 112 136 stone
697 112 137 stone
697 112 138 coal_ore
697 112 139 coal_ore
697 112 140 stone
697 112 141 stone
697 112 142 stone
697 112 143 stone
697 112 144 stone
697 112 145 stone
697 112 146 stone
697 112 147 water[level=0]
697 112 148 water[level=0]
697 112 149 water[level=0]
697 112 150 water[level=0]
697 112 151 water[level=0]
697 112 152 water[level=0]
697 112 153 water[level=0]
697 112 154 water[level=0]
697 112 155 water[level=0]
697 112 156 stone
697 112 157 stone
697 112 158 stone
697 112 159 stone
697 112 160 stone
697 112 161 stone
697 112 162 stone
697 112 163 stone
697 112 164 stone
697 112 165 stone
697 112 166 stone
697 112 167 stone
697 112 168 stone
697 112 169 stone
697 112 170 stone
697 112 171 stone
697 112 172 stone
697 112 173 stone
697 112 174 stone
697 112 175 stone
697 112 176 stone
697 112 177 stone
697 112 178 stone
697 112 179 stone
697 112 180 stone
697 112 181 stone
697 112 182 stone
697 112 183 stone
697 112 184 stone
697 112 185 stone
697 112 186 stone
697 112 187 stone
697 112 188 stone
697 112 189 stone
697 112 190 andesite
697 112 191 andesite
697 112 192 andesite
697 112 193 andesite
697 112 194 copper_ore
697 112 195 copper_ore
697 112 196 stone
697 112 197 stone
697 112 198 stone
697 112 199 stone
697 112 200 stone
697 112 201 stone
697 112 202 stone
697 112 203 stone
697 112 204 stone
697 112 205 stone
697 112 206 stone
697 112 207 stone
697 112 208 stone
697 112 209 diorite
697 112 210 diorite
697 112 211 diorite
697 112 212 diorite
697 112 213 diorite
697 112 214 diorite
697 112 215 diorite
697 112 216 diorite
697 112 217 diorite
697 112 218 diorite
697 112 219 stone
697 112 220 stone
697 112 221 stone
697 112 222 stone
697 112 223 stone
697 112 224 stone
697 112 225 stone
697 112 226 stone
697 112 227 stone
697 112 228 stone
697 112 229 stone
697 112 230 stone
697 112 231 stone
697 112 232 stone
697 112 233 stone
697 112 234 stone
697 112 235 stone
697 112 236 stone
697 112 237 stone
697 112 238 stone
697 112 239 stone
697 112 240 stone
697 112 241 stone
697 112 242 stone
697 112 243 stone
697 112 244 stone
697 112 245 stone
697 112 246 stone
697 112 247 stone
697 112 248 stone
697 112 249 coal_ore
697 112 250 stone
697 112 251 stone
697 112 252 stone
697 112 253 stone
697 112 254 stone
697 112 255 stone
698 112 128 stone
698 112 129 stone
698 112 130 stone
698 112 131 stone
698 112 132 stone
698 112 133 stone
698 112 134 stone
698 112 135 stone
698 112 136 stone
698 112 137 stone
698 112 138 stone
698 112 139 stone
698 112 140 granite
698 112 141 granite
698 112 142 granite
698 112 143 stone
698 112 144 stone
698 112 145 stone
698 112 146 stone
698 112 147 water[level=0]
698 112 148 water[level=0]
698 112 149 water[level=0]
698 112 150 water[level=0]
698 112 151 water[level=0]
698 112 152 water[level=0]
698 112 153 water[level=0]
698 112 154 water[level=0]
698 112 155 water[level=0]
698 112 156 stone
698 112 157 stone
698 112 158 stone
698 112 159 stone
698 112 160 stone
698 112 161 stone
698 112 162 stone
698 112 163 stone
698 112 164 stone
698 112 165 stone
698 112 166 stone
698 112 167 stone
698 112 168 stone
698 112 169 stone
698 112 170 stone
698 112 171 stone
698 112 172 stone
698 112 173 stone
698 112 174 stone
698 112 175 stone
698 112 176 stone
698 112 177 stone
698 112 178 stone
698 112 179 stone
698 112 180 stone
698 112 181 stone
698 112 182 stone
698 112 183 stone
698 112 184 stone
698 112 185 stone
698 112 186 stone
698 112 187 stone
698 112 188 stone
698 112 189 stone
698 112 190 andesite
698 112 191 andesite
698 112 192 andesite
698 112 193 copper_ore
698 112 194 copper_ore
698 112 195 copper_ore
698 112 196 stone
698 112 197 stone
698 112 198 stone
698 112 199 stone
698 112 200 stone
698 112 201 stone
698 112 202 stone
698 112 203 stone
698 112 204 stone
698 112 205 stone
698 112 206 stone
698 112 207 stone
698 112 208 stone
698 112 209 diorite
698 112 210 diorite
698 112 211 diorite
698 112 212 diorite
698 112 213 diorite
698 112 214 diorite
698 112 215 diorite
698 112 216 diorite
698 112 217 diorite
698 112 218 stone
698 112 219 stone
698 112 220 stone
698 112 221 stone
698 112 222 stone
698 112 223 stone
698 112 224 stone
698 112 225 stone
