742 105 151 stone
742 105 152 stone
742 105 153 stone
742 105 154 granite
742 105 155 granite
742 105 156 stone
742 105 157 stone
742 105 158 stone
742 105 159 stone
742 105 160 stone
742 105 161 dirt
742 105 162 dirt
742 105 163 stone
742 105 164 stone
742 105 165 stone
742 105 166 stone
742 105 167 stone
742 105 168 stone
742 105 169 stone
742 105 170 stone
742 105 171 stone
742 105 172 stone
742 105 173 stone
742 105 174 copper_ore
742 105 175 copper_ore
742 105 176 stone
742 105 177 stone
742 105 178 stone
742 105 179 stone
742 105 180 stone
742 105 181 stone
742 105 182 stone
742 105 183 stone
742 105 184 andesite
742 105 185 andesite
742 105 186 granite
742 105 187 granite
742 105 188 granite
742 105 189 granite
742 105 190 stone
742 105 191 stone
742 105 192 stone
742 105 193 stone
742 105 194 stone
742 105 195 stone
742 105 196 stone
742 105 197 stone
742 105 198 gravel
742 105 199 gravel
742 105 200 gravel
742 105 201 gravel
742 105 202 stone
742 105 203 stone
742 105 204 stone
742 105 205 stone
742 105 206 stone
742 105 207 stone
742 105 208 stone
742 105 209 stone
742 105 210 stone
742 105 211 stone
742 105 212 stone
742 105 213 stone
742 105 214 stone
742 105 215 stone
742 105 216 stone
742 105 217 stone
742 105 218 stone
742 105 219 stone
742 105 220 stone
742 105 221 stone
742 105 222 stone
742 105 223 stone
742 105 224 stone
742 105 225 stone
742 105 226 stone
742 105 227 stone
742 105 228 stone
742 105 229 stone
742 105 230 stone
742 105 231 stone
742 105 232 stone
742 105 233 stone
742 105 234 stone
742 105 235 stone
742 105 236 stone
742 105 237 stone
742 105 238 stone
742 105 239 stone
742 105 240 stone
742 105 241 stone
742 105 242 stone
742 105 243 stone
742 105 244 stone
742 105 245 stone
742 105 246 stone
742 105 247 stone
742 105 248 stone
742 105 249 stone
742 105 250 stone
742 105 251 stone
742 105 252 stone
742 105 253 gravel
742 105 254 gravel
742 105 255 gravel
743 105 128 stone
743 105 129 stone
743 105 130 stone
743 105 131 stone
743 105 132 stone
743 105 133 stone
743 105 134 stone
743 105 135 stone
743 105 136 stone
743 105 137 stone
743 105 138 stone
743 105 139 stone
743 105 140 stone
743 105 141 stone
743 105 142 stone
743 105 143 stone
743 105 144 stone
743 105 145 stone
743 105 146 stone
743 105 147 stone
743 105 148 stone
743 105 149 stone
743 105 150 stone
743 105 151 stone
743 105 152 stone
743 105 153 stone
743 105 154 stone
743 105 155 stone
743 105 156 stone
743 105 157 stone
743 105 158 stone
743 105 159 stone
743 105 160 dirt
743 105 161 dirt
743 105 162 dirt
743 105 163 dirt
743 105 164 stone
743 105 165 stone
743 105 166 stone
743 105 167 stone
743 105 168 stone
743 105 169 stone
743 105 170 stone
743 105 171 stone
743 105 172 stone
743 105 173 stone
743 105 174 copper_ore
743 105 175 copper_ore
743 105 176 stone
743 105 177 stone
743 105 178 stone
743 105 179 stone
743 105 180 stone
743 105 181 stone
743 105 182 stone
743 105 183 stone
743 105 184 granite
743 105 185 granite
743 105 186 granite
743 105 187 granite
743 105 188 granite
743 105 189 granite
743 105 190 granite
743 105 191 stone
743 105 192 stone
743 105 193 stone
743 105 194 stone
743 105 195 stone
743 105 196 stone
743 105 197 stone
743 105 198 gravel
743 105 199 gravel
743 105 200 gravel
743 105 201 stone
743 105 202 stone
743 105 203 stone
743 105 204 stone
743 105 205 stone
743 105 206 stone
743 105 207 stone
743 105 208 stone
743 105 209 stone
743 105 210 stone
743 105 211 stone
743 105 212 stone
743 105 213 stone
743 105 214 stone
743 105 215 stone
743 105 216 stone
743 105 217 stone
743 105 218 stone
743 105 219 stone
743 105 220 stone
743 105 221 stone
743 105 222 stone
743 105 223 stone
743 105 224 stone
743 105 225 stone
743 105 226 stone
743 105 227 stone
743 105 228 stone
743 105 229 stone
743 105 230 stone
743 105 231 stone
743 105 232 stone
743 105 233 stone
743 105 234 stone
743 105 235 stone
743 105 236 stone
743 105 237 stone
743 105 238 stone
743 105 239 stone
743 105 240 stone
743 105 241 stone
743 105 242 stone
743 105 243 stone
743 105 244 stone
743 105 245 stone
743 105 246 dirt
743 105 247 dirt
743 105 248 dirt
743 105 249 dirt
743 105 250 stone
743 105 251 stone
743 105 252 stone
743 105 253 gravel
743 105 254 gravel
743 105 255 gravel
744 105 128 stone
744 105 129 stone
744 105 130 stone
744 105 131 stone
744 105 132 stone
744 105 133 stone
744 105 134 stone
744 105 135 stone
744 105 136 stone
744 105 137 stone
744 105 138 stone
744 105 139 stone
744 105 140 stone
744 105 141 stone
744 105 142 stone
744 105 143 stone
744 105 144 stone
744 105 145 stone
744 105 146 stone
744 105 147 stone
744 105 148 stone
744 105 149 stone
744 105 150 stone
744 105 151 stone
744 105 152 stone
744 105 153 stone
744 105 154 stone
744 105 155 stone
744 105 156 iron_ore
744 105 157 iron_ore
744 105 158 stone
744 105 159 stone
744 105 160 stone
744 105 161 dirt
744 105 162 dirt
744 105 163 dirt
744 105 164 dirt
744 105 165 stone
744 105 166 stone
744 105 167 stone
744 105 168 stone
744 105 169 stone
744 105 170 stone
744 105 171 stone
744 105 172 stone
744 105 173 stone
744 105 174 stone
744 105 175 stone
744 105 176 stone
744 105 177 stone
744 105 178 stone
744 105 179 stone
744 105 180 stone
744 105 181 stone
744 105 182 stone
744 105 183 stone
744 105 184 granite
744 105 185 granite
744 105 186 granite
744 105 187 granite
744 105 188 granite
744 105 189 granite
744 105 190 granite
744 105 191 stone
744 105 192 stone
744 105 193 stone
744 105 194 stone
744 105 195 stone
744 105 196 stone
744 105 197 stone
744 105 198 stone
744 105 199 stone
744 105 200 stone
744 105 201 stone
744 105 202 stone
744 105 203 stone
744 105 204 stone
744 105 205 stone
744 105 206 stone
744 105 207 stone
744 105 208 stone
744 105 209 stone
744 105 210 stone
744 105 211 stone
744 105 212 stone
744 105 213 stone
744 105 214 stone
744 105 215 stone
744 105 216 stone
744 105 217 copper_ore
744 105 218 copper_ore
744 105 219 stone
744 105 220 stone
744 105 221 stone
744 105 222 stone
744 105 223 stone
744 105 224 stone
744 105 225 stone
744 105 226 stone
744 105 227 stone
744 105 228 stone
744 105 229 stone
744 105 230 stone
744 105 231 stone
744 105 232 stone
744 105 233 stone
744 105 234 stone
744 105 235 stone
744 105 236 stone
744 105 237 stone
744 105 238 stone
744 105 239 stone
744 105 240 stone
744 105 241 stone
744 105 242 stone
744 105 243 stone
744 105 244 stone
744 105 245 andesite
744 105 246 dirt
744 105 247 dirt
744 105 248 dirt
744 105 249 dirt
744 105 250 stone
744 105 251 stone
744 105 252 stone
744 105 253 gravel
744 105 254 gravel
744 105 255 stone
745 105 128 stone
745 105 129 stone
745 105 130 stone
745 105 131 stone
745 105 132 stone
745 105 133 stone
745 105 134 stone
745 105 135 stone
745 105 136 stone
745 105 137 stone
745 105 138 stone
745 105 139 stone
745 105 140 stone
745 105 141 stone
745 105 142 stone
745 105 143 stone
745 105 144 stone
745 105 145 stone
745 105 146 stone
745 105 147 stone
745 105 148 stone
745 105 149 stone
745 105 150 stone
745 105 151 stone
745 105 152 stone
745 105 153 stone
745 105 154 stone
745 105 155 stone
745 105 156 iron_ore
745 105 157 iron_ore
745 105 158 stone
745 105 159 stone
745 105 160 stone
745 105 161 dirt
745 105 162 dirt
745 105 163 dirt
745 105 164 dirt
745 105 165 dirt
745 105 166 stone
745 105 167 stone
745 105 168 stone
745 105 169 stone
745 105 170 stone
745 105 171 stone
745 105 172 stone
745 105 173 stone
745 105 174 stone
745 105 175 stone
745 105 176 stone
745 105 177 stone
745 105 178 stone
745 105 179 stone
745 105 180 stone
745 105 181 stone
745 105 182 stone
745 105 183 granite
745 105 184 granite
745 105 185 granite
745 105 186 granite
745 105 187 granite
745 105 188 granite
745 105 189 granite
745 105 190 granite
745 105 191 stone
745 105 192 stone
745 105 193 stone
745 105 194 stone
745 105 195 stone
745 105 196 stone
745 105 197 stone
745 105 198 stone
745 105 199 stone
745 105 200 stone
745 105 201 stone
745 105 202 stone
745 105 203 stone
745 105 204 stone
745 105 205 stone
745 105 206 stone
745 105 207 stone
745 105 208 stone
745 105 209 stone
745 105 210 stone
745 105 211 stone
745 105 212 stone
745 105 213 stone
745 105 214 stone
745 105 215 stone
745 105 216 copper_ore
745 105 217 copper_ore
745 105 218 copper_ore
745 105 219 stone
745 105 220 stone
745 105 221 stone
745 105 222 stone
745 105 223 stone
745 105 224 stone
745 105 225 stone
745 105 226 stone
745 105 227 stone
745 105 228 stone
745 105 229 stone
745 105 230 stone
745 105 231 stone
745 105 232 stone
745 105 233 stone
745 105 234 stone
745 105 235 stone
745 105 236 stone
745 105 237 stone
745 105 238 stone
745 105 239 stone
745 105 240 stone
745 105 241 stone
745 105 242 stone
745 105 243 stone
745 105 244 stone
745 105 245 andesite
745 105 246 andesite
745 105 247 andesite
745 105 248 dirt
745 105 249 dirt
745 105 250 stone
745 105 251 stone
745 105 252 stone
745 105 253 stone
745 105 254 stone
745 105 255 stone
746 105 128 stone
746 105 129 stone
746 105 130 stone
746 105 131 stone
746 105 132 stone
746 105 133 stone
746 105 134 stone
746 105 135 stone
746 105 136 stone
746 105 137 stone
746 105 138 stone
746 105 139 stone
746 105 140 stone
746 105 141 stone
746 105 142 stone
746 105 143 stone
746 105 144 stone
746 105 145 stone
746 105 146 stone
746 105 147 stone
746 105 148 stone
746 105 149 stone
746 105 150 stone
746 105 151 stone
746 105 152 stone
746 105 153 stone
746 105 154 stone
746 105 155 stone
746 105 156 stone
746 105 157 stone
746 105 158 stone
746 105 159 stone
746 105 160 stone
746 105 161 dirt
746 105 162 dirt
746 105 163 dirt
746 105 164 dirt
746 105 165 dirt
746 105 166 stone
746 105 167 stone
746 105 168 stone
746 105 169 stone
746 105 170 stone
746 105 171 stone
746 105 172 stone
746 105 173 stone
746 105 174 stone
746 105 175 stone
746 105 176 stone
746 105 177 stone
746 105 178 stone
746 105 179 stone
746 105 180 stone
746 105 181 stone
746 105 182 stone
746 105 183 granite
746 105 184 granite
746 105 185 granite
746 105 186 granite
746 105 187 granite
746 105 188 granite
746 105 189 granite
746 105 190 granite
746 105 191 stone
746 105 192 stone
746 105 193 stone
746 105 194 stone
746 105 195 stone
746 105 196 stone
746 105 197 stone
746 105 198 stone
746 105 199 stone
746 105 200 stone
746 105 201 stone
746 105 202 stone
746 105 203 stone
746 105 204 stone
746 105 205 stone
746 105 206 stone
746 105 207 stone
746 105 208 stone
746 105 209 stone
746 105 210 stone
746 105 211 stone
746 105 212 stone
746 105 213 stone
746 105 214 stone
746 105 215 stone
746 105 216 stone
746 105 217 stone
746 105 218 stone
746 105 219 stone
746 105 220 stone
746 105 221 stone
746 105 222 stone
746 105 223 stone
746 105 224 stone
746 105 225 stone
746 105 226 stone
746 105 227 stone
746 105 228 stone
746 105 229 stone
746 105 230 stone
746 105 231 stone
746 105 232 stone
746 105 233 stone
746 105 234 stone
746 105 235 stone
746 105 236 stone
746 105 237 stone
746 105 238 stone
746 105 239 stone
746 105 240 stone
746 105 241 stone
746 105 242 stone
746 105 243 stone
746 105 244 stone
746 105 245 andesite
746 105 246 andesite
746 105 247 andesite
746 105 248 andesite
746 105 249 andesite
746 105 250 andesite
746 105 251 stone
746 105 252 stone
746 105 253 stone
746 105 254 stone
746 105 255 stone
747 105 128 stone
747 105 129 stone
747 105 130 stone
747 105 131 stone
747 105 132 stone
747 105 133 stone
747 105 134 stone
747 105 135 stone
747 105 136 stone
747 105 137 stone
747 105 138 stone
747 105 139 stone
747 105 140 stone
747 105 141 stone
747 105 142 stone
747 105 143 stone
747 105 144 stone
747 105 145 stone
747 105 146 stone
747 105 147 stone
747 105 148 stone
747 105 149 stone
747 105 150 stone
747 105 151 stone
747 105 152 stone
747 105 153 stone
747 105 154 stone
747 105 155 stone
747 105 156 stone
747 105 157 stone
747 105 158 stone
747 105 159 stone
747 105 160 stone
747 105 161 stone
747 105 162 dirt
747 105 163 dirt
747 105 164 dirt
747 105 165 dirt
747 105 166 stone
747 105 167 stone
747 105 168 stone
747 105 169 stone
747 105 170 stone
747 105 171 stone
747 105 172 stone
747 105 173 stone
747 105 174 stone
747 105 175 stone
747 105 176 stone
747 105 177 stone
747 105 178 stone
747 105 179 stone
747 105 180 stone
747 105 181 stone
747 105 182 stone
747 105 183 granite
747 105 184 granite
747 105 185 granite
747 105 186 granite
747 105 187 granite
747 105 188 granite
747 105 189 granite
747 105 190 granite
747 105 191 stone
747 105 192 stone
747 105 193 stone
747 105 194 stone
747 105 195 stone
747 105 196 stone
747 105 197 stone
747 105 198 stone
747 105 199 stone
747 105 200 dirt
747 105 201 dirt
747 105 202 dirt
747 105 203 dirt
747 105 204 dirt
747 105 205 dirt
747 105 206 stone
747 105 207 stone
747 105 208 stone
747 105 209 stone
747 105 210 stone
747 105 211 stone
747 105 212 stone
747 105 213 stone
747 105 214 stone
747 105 215 stone
747 105 216 stone
747 105 217 stone
747 105 218 stone
747 105 219 stone
747 105 220 stone
747 105 221 stone
747 105 222 stone
747 105 223 stone
747 105 224 stone
747 105 225 stone
747 105 226 stone
747 105 227 stone
747 105 228 stone
747 105 229 stone
747 105 230 stone
747 105 231 stone
747 105 232 stone
747 105 233 stone
747 105 234 stone
747 105 235 stone
747 105 236 stone
747 105 237 stone
747 105 238 stone
747 105 239 stone
747 105 240 stone
747 105 241 stone
747 105 242 stone
747 105 243 stone
747 105 244 stone
747 105 245 stone
747 105 246 andesite
747 105 247 andesite
747 105 248 andesite
747 105 249 andesite
747 105 250 andesite
747 105 251 stone
747 105 252 stone
747 105 253 stone
747 105 254 stone
747 105 255 stone
748 105 128 stone
748 105 129 stone
748 105 130 stone
748 105 131 stone
748 105 132 stone
748 105 133 stone
748 105 134 stone
748 105 135 stone
748 105 136 stone
748 105 137 stone
748 105 138 stone
748 105 139 stone
748 105 140 stone
748 105 141 stone
748 105 142 stone
748 105 143 stone
748 105 144 iron_ore
748 105 145 stone
748 105 146 stone
748 105 147 stone
748 105 148 stone
748 105 149 stone
748 105 150 stone
748 105 151 stone
748 105 152 stone
748 105 153 stone
748 105 154 stone
748 105 155 stone
748 105 156 stone
748 105 157 stone
748 105 158 stone
748 105 159 stone
748 105 160 stone
748 105 161 stone
748 105 162 stone
748 105 163 dirt
748 105 164 dirt
748 105 165 dirt
748 105 166 dirt
748 105 167 stone
748 105 168 stone
748 105 169 stone
748 105 170 stone
748 105 171 stone
748 105 172 stone
748 105 173 stone
748 105 174 stone
748 105 175 stone
748 105 176 stone
748 105 177 stone
748 105 178 stone
748 105 179 stone
748 105 180 stone
748 105 181 stone
748 105 182 stone
748 105 183 granite
748 105 184 granite
748 105 185 granite
748 105 186 granite
748 105 187 granite
748 105 188 granite
748 105 189 granite
748 105 190 granite
748 105 191 stone
748 105 192 stone
748 105 193 stone
748 105 194 stone
748 105 195 stone
748 105 196 stone
748 105 197 stone
748 105 198 stone
748 105 199 dirt
748 105 200 dirt
748 105 201 dirt
748 105 202 dirt
748 105 203 dirt
748 105 204 dirt
748 105 205 dirt
748 105 206 dirt
748 105 207 stone
748 105 208 stone
748 105 209 stone
748 105 210 stone
748 105 211 stone
748 105 212 stone
748 105 213 stone
748 105 214 stone
748 105 215 stone
748 105 216 stone
748 105 217 stone
748 105 218 stone
748 105 219 stone
748 105 220 stone
748 105 221 stone
748 105 222 stone
748 105 223 stone
748 105 224 stone
748 105 225 stone
748 105 226 stone
748 105 227 stone
748 105 228 stone
748 105 229 stone
748 105 230 stone
748 105 231 stone
748 105 232 stone
748 105 233 stone
748 105 234 stone
748 105 235 stone
748 105 236 stone
748 105 237 stone
748 105 238 stone
748 105 239 stone
748 105 240 stone
748 105 241 stone
748 105 242 stone
748 105 243 stone
748 105 244 stone
748 105 245 stone
748 105 246 stone
748 105 247 andesite
748 105 248 andesite
748 105 249 andesite
748 105 250 andesite
748 105 251 stone
748 105 252 stone
748 105 253 stone
748 105 254 stone
748 105 255 stone
749 105 128 stone
749 105 129 stone
749 105 130 stone
749 105 131 stone
749 105 132 stone
749 105 133 stone
749 105 134 stone
749 105 135 stone
749 105 136 stone
749 105 137 stone
749 105 138 stone
749 105 139 stone
749 105 140 stone
749 105 141 stone
749 105 142 stone
749 105 143 iron_ore
749 105 144 stone
749 105 145 stone
749 105 146 stone
749 105 147 stone
749 105 148 stone
749 105 149 stone
749 105 150 stone
749 105 151 stone
749 105 152 stone
749 105 153 stone
749 105 154 stone
749 105 155 stone
749 105 156 stone
749 105 157 stone
749 105 158 stone
749 105 159 stone
749 105 160 stone
749 105 161 stone
749 105 162 stone
749 105 163 stone
749 105 164 stone
749 105 165 dirt
749 105 166 stone
749 105 167 stone
749 105 168 stone
749 105 169 stone
749 105 170 stone
749 105 171 stone
749 105 172 stone
749 105 173 granite
749 105 174 copper_ore
749 105 175 granite
749 105 176 copper_ore
749 105 177 granite
749 105 178 stone
749 105 179 stone
749 105 180 andesite
749 105 181 andesite
749 105 182 stone
749 105 183 granite
749 105 184 granite
749 105 185 granite
749 105 186 granite
749 105 187 granite
749 105 188 granite
749 105 189 granite
749 105 190 granite
749 105 191 stone
749 105 192 stone
749 105 193 stone
749 105 194 stone
749 105 195 stone
749 105 196 stone
749 105 197 stone
749 105 198 stone
749 105 199 dirt
749 105 200 dirt
749 105 201 dirt
749 105 202 dirt
749 105 203 dirt
749 105 204 dirt
749 105 205 dirt
749 105 206 stone
749 105 207 stone
749 105 208 stone
749 105 209 stone
749 105 210 stone
749 105 211 stone
749 105 212 stone
749 105 213 stone
749 105 214 granite
749 105 215 granite
749 105 216 stone
749 105 217 stone
749 105 218 stone
749 105 219 stone
749 105 220 stone
749 105 221 stone
749 105 222 stone
749 105 223 stone
749 105 224 stone
749 105 225 stone
749 105 226 stone
749 105 227 stone
749 105 228 stone
749 105 229 stone
749 105 230 stone
749 105 231 stone
749 105 232 stone
749 105 233 stone
749 105 234 stone
749 105 235 stone
749 105 236 stone
749 105 237 stone
749 105 238 stone
749 105 239 stone
749 105 240 stone
749 105 241 stone
749 105 242 stone
749 105 243 stone
749 105 244 stone
749 105 245 stone
749 105 246 stone
749 105 247 andesite
749 105 248 andesite
749 105 249 andesite
749 105 250 andesite
749 105 251 andesite
749 105 252 stone
749 105 253 stone
749 105 254 stone
749 105 255 stone
750 105 128 stone
750 105 129 stone
750 105 130 stone
750 105 131 stone
750 105 132 stone
750 105 133 stone
750 105 134 stone
750 105 135 stone
750 105 136 stone
750 105 137 andesite
750 105 138 stone
750 105 139 stone
750 105 140 andesite
750 105 141 stone
750 105 142 stone
750 105 143 stone
750 105 144 stone
750 105 145 stone
750 105 146 stone
750 105 147 stone
750 105 148 stone
750 105 149 stone
750 105 150 stone
750 105 151 stone
750 105 152 stone
750 105 153 stone
750 105 154 stone
750 105 155 stone
750 105 156 stone
750 105 157 stone
750 105 158 stone
750 105 159 stone
750 105 160 stone
750 105 161 stone
750 105 162 stone
750 105 163 stone
750 105 164 stone
750 105 165 stone
750 105 166 stone
750 105 167 stone
750 105 168 stone
750 105 169 stone
750 105 170 stone
750 105 171 stone
750 105 172 stone
750 105 173 granite
750 105 174 stone
750 105 175 stone
750 105 176 granite
750 105 177 granite
750 105 178 granite
750 105 179 stone
750 105 180 andesite
750 105 181 andesite
750 105 182 stone
750 105 183 granite
750 105 184 granite
750 105 185 granite
750 105 186 granite
750 105 187 granite
750 105 188 granite
750 105 189 granite
750 105 190 granite
750 105 191 stone
750 105 192 stone
750 105 193 stone
750 105 194 stone
750 105 195 stone
750 105 196 stone
750 105 197 stone
750 105 198 stone
750 105 199 stone
750 105 200 dirt
750 105 201 dirt
750 105 202 dirt
750 105 203 dirt
750 105 204 dirt
750 105 205 stone
750 105 206 stone
750 105 207 stone
750 105 208 stone
750 105 209 stone
750 105 210 stone
750 105 211 stone
750 105 212 granite
750 105 213 granite
750 105 214 granite
750 105 215 granite
750 105 216 granite
750 105 217 stone
750 105 218 stone
750 105 219 stone
750 105 220 stone
750 105 221 stone
750 105 222 stone
750 105 223 stone
750 105 224 stone
750 105 225 stone
750 105 226 stone
750 105 227 stone
750 105 228 stone
750 105 229 stone
750 105 230 stone
750 105 231 stone
750 105 232 stone
750 105 233 stone
750 105 234 stone
750 105 235 stone
750 105 236 stone
750 105 237 stone
750 105 238 stone
750 105 239 stone
750 105 240 stone
750 105 241 stone
750 105 242 stone
750 105 243 stone
750 105 244 stone
750 105 245 stone
750 105 246 stone
750 105 247 stone
750 105 248 stone
