750 112 234 stone
750 112 235 stone
750 112 236 stone
750 112 237 stone
750 112 238 stone
750 112 239 stone
750 112 240 stone
750 112 241 stone
750 112 242 stone
750 112 243 stone
750 112 244 stone
750 112 245 stone
750 112 246 stone
750 112 247 stone
750 112 248 stone
750 112 249 andesite
750 112 250 andesite
750 112 251 stone
750 112 252 stone
750 112 253 stone
750 112 254 stone
750 112 255 stone
751 112 128 andesite
751 112 129 andesite
751 112 130 andesite
751 112 131 andesite
751 112 132 andesite
751 112 133 andesite
751 112 134 stone
751 112 135 stone
751 112 136 stone
751 112 137 andesite
751 112 138 stone
751 112 139 andesite
751 112 140 andesite
751 112 141 andesite
751 112 142 andesite
751 112 143 stone
751 112 144 stone
751 112 145 stone
751 112 146 stone
751 112 147 stone
751 112 148 stone
751 112 149 stone
751 112 150 stone
751 112 151 stone
751 112 152 stone
751 112 153 stone
751 112 154 stone
751 112 155 stone
751 112 156 stone
751 112 157 stone
751 112 158 stone
751 112 159 stone
751 112 160 stone
751 112 161 stone
751 112 162 stone
751 112 163 stone
751 112 164 stone
751 112 165 stone
751 112 166 stone
751 112 167 andesite
751 112 168 andesite
751 112 169 andesite
751 112 170 andesite
751 112 171 stone
751 112 172 stone
751 112 173 stone
751 112 174 stone
751 112 175 stone
751 112 176 stone
751 112 177 stone
751 112 178 stone
751 112 179 stone
751 112 180 andesite
751 112 181 andesite
751 112 182 stone
751 112 183 stone
751 112 184 stone
751 112 185 stone
751 112 186 stone
751 112 187 stone
751 112 188 stone
751 112 189 stone
751 112 190 stone
751 112 191 stone
751 112 192 stone
751 112 193 stone
751 112 194 stone
751 112 195 stone
751 112 196 stone
751 112 197 stone
751 112 198 stone
751 112 199 stone
751 112 200 stone
751 112 201 stone
751 112 202 stone
751 112 203 stone
751 112 204 stone
751 112 205 stone
751 112 206 stone
751 112 207 stone
751 112 208 stone
751 112 209 stone
751 112 210 stone
751 112 211 stone
751 112 212 stone
751 112 213 stone
751 112 214 stone
751 112 215 stone
751 112 216 stone
751 112 217 stone
751 112 218 stone
751 112 219 stone
751 112 220 stone
751 112 221 stone
751 112 222 stone
751 112 223 stone
751 112 224 stone
751 112 225 stone
751 112 226 stone
751 112 227 stone
751 112 228 dirt
751 112 229 dirt
751 112 230 dirt
751 112 231 dirt
751 112 232 stone
751 112 233 stone
751 112 234 stone
751 112 235 stone
751 112 236 stone
751 112 237 stone
751 112 238 stone
751 112 239 stone
751 112 240 stone
751 112 241 stone
751 112 242 stone
751 112 243 stone
751 112 244 stone
751 112 245 stone
751 112 246 stone
751 112 247 granite
751 112 248 granite
751 112 249 granite
751 112 250 granite
751 112 251 stone
751 112 252 stone
751 112 253 stone
751 112 254 stone
751 112 255 stone
752 112 128 andesite
752 112 129 andesite
752 112 130 andesite
752 112 131 andesite
752 112 132 andesite
752 112 133 andesite
752 112 134 stone
752 112 135 stone
752 112 136 stone
752 112 137 stone
752 112 138 stone
752 112 139 andesite
752 112 140 andesite
752 112 141 andesite
752 112 142 andesite
752 112 143 andesite
752 112 144 stone
752 112 145 stone
752 112 146 stone
752 112 147 stone
752 112 148 stone
752 112 149 stone
752 112 150 stone
752 112 151 stone
752 112 152 stone
752 112 153 stone
752 112 154 stone
752 112 155 stone
752 112 156 stone
752 112 157 stone
752 112 158 stone
752 112 159 stone
752 112 160 stone
752 112 161 stone
752 112 162 stone
752 112 163 stone
752 112 164 stone
752 112 165 stone
752 112 166 stone
752 112 167 andesite
752 112 168 andesite
752 112 169 andesite
752 112 170 andesite
752 112 171 stone
752 112 172 stone
752 112 173 stone
752 112 174 stone
752 112 175 stone
752 112 176 stone
752 112 177 stone
752 112 178 stone
752 112 179 stone
752 112 180 stone
752 112 181 stone
752 112 182 stone
752 112 183 stone
752 112 184 stone
752 112 185 stone
752 112 186 stone
752 112 187 stone
752 112 188 stone
752 112 189 stone
752 112 190 stone
752 112 191 stone
752 112 192 stone
752 112 193 stone
752 112 194 stone
752 112 195 stone
752 112 196 stone
752 112 197 stone
752 112 198 stone
752 112 199 stone
752 112 200 stone
752 112 201 stone
752 112 202 stone
752 112 203 stone
752 112 204 stone
752 112 205 stone
752 112 206 stone
752 112 207 stone
752 112 208 stone
752 112 209 stone
752 112 210 stone
752 112 211 stone
752 112 212 stone
752 112 213 stone
752 112 214 stone
752 112 215 stone
752 112 216 stone
752 112 217 stone
752 112 218 stone
752 112 219 stone
752 112 220 stone
752 112 221 stone
752 112 222 stone
752 112 223 stone
752 112 224 stone
752 112 225 stone
752 112 226 stone
752 112 227 stone
752 112 228 stone
752 112 229 dirt
752 112 230 dirt
752 112 231 dirt
752 112 232 dirt
752 112 233 dirt
752 112 234 dirt
752 112 235 stone
752 112 236 stone
752 112 237 stone
752 112 238 stone
752 112 239 stone
752 112 240 stone
752 112 241 stone
752 112 242 stone
752 112 243 stone
752 112 244 stone
752 112 245 stone
752 112 246 stone
752 112 247 granite
752 112 248 granite
752 112 249 granite
752 112 250 granite
752 112 251 stone
752 112 252 stone
752 112 253 stone
752 112 254 stone
752 112 255 stone
753 112 128 andesite
753 112 129 andesite
753 112 130 andesite
753 112 131 andesite
753 112 132 andesite
753 112 133 andesite
753 112 134 stone
753 112 135 stone
753 112 136 stone
753 112 137 stone
753 112 138 stone
753 112 139 andesite
753 112 140 andesite
753 112 141 andesite
753 112 142 andesite
753 112 143 andesite
753 112 144 stone
753 112 145 stone
753 112 146 stone
753 112 147 stone
753 112 148 stone
753 112 149 stone
753 112 150 stone
753 112 151 stone
753 112 152 stone
753 112 153 stone
753 112 154 stone
753 112 155 stone
753 112 156 stone
753 112 157 stone
753 112 158 stone
753 112 159 stone
753 112 160 stone
753 112 161 stone
753 112 162 stone
753 112 163 stone
753 112 164 stone
753 112 165 stone
753 112 166 stone
753 112 167 stone
753 112 168 stone
753 112 169 stone
753 112 170 stone
753 112 171 stone
753 112 172 stone
753 112 173 stone
753 112 174 stone
753 112 175 stone
753 112 176 stone
753 112 177 stone
753 112 178 stone
753 112 179 stone
753 112 180 stone
753 112 181 stone
753 112 182 stone
753 112 183 stone
753 112 184 stone
753 112 185 stone
753 112 186 stone
753 112 187 stone
753 112 188 stone
753 112 189 stone
753 112 190 stone
753 112 191 stone
753 112 192 stone
753 112 193 stone
753 112 194 stone
753 112 195 stone
753 112 196 stone
753 112 197 stone
753 112 198 stone
753 112 199 stone
753 112 200 stone
753 112 201 stone
753 112 202 stone
753 112 203 stone
753 112 204 stone
753 112 205 stone
753 112 206 stone
753 112 207 stone
753 112 208 stone
753 112 209 stone
753 112 210 stone
753 112 211 stone
753 112 212 stone
753 112 213 stone
753 112 214 stone
753 112 215 stone
753 112 216 stone
753 112 217 stone
753 112 218 stone
753 112 219 stone
753 112 220 stone
753 112 221 stone
753 112 222 stone
753 112 223 stone
753 112 224 stone
753 112 225 stone
753 112 226 stone
753 112 227 stone
753 112 228 stone
753 112 229 stone
753 112 230 dirt
753 112 231 dirt
753 112 232 dirt
753 112 233 dirt
753 112 234 dirt
753 112 235 stone
753 112 236 stone
753 112 237 dirt
753 112 238 dirt
753 112 239 dirt
753 112 240 dirt
753 112 241 stone
753 112 242 stone
753 112 243 stone
753 112 244 stone
753 112 245 stone
753 112 246 stone
753 112 247 granite
753 112 248 granite
753 112 249 granite
753 112 250 granite
753 112 251 stone
753 112 252 stone
753 112 253 stone
753 112 254 stone
753 112 255 stone
754 112 128 andesite
754 112 129 andesite
754 112 130 andesite
754 112 131 andesite
754 112 132 andesite
754 112 133 andesite
754 112 134 stone
754 112 135 stone
754 112 136 stone
754 112 137 stone
754 112 138 stone
754 112 139 stone
754 112 140 stone
754 112 141 stone
754 112 142 stone
754 112 143 stone
754 112 144 stone
754 112 145 stone
754 112 146 stone
754 112 147 stone
754 112 148 stone
754 112 149 stone
754 112 150 stone
754 112 151 stone
754 112 152 stone
754 112 153 stone
754 112 154 stone
754 112 155 stone
754 112 156 stone
754 112 157 stone
754 112 158 stone
754 112 159 stone
754 112 160 stone
754 112 161 stone
754 112 162 stone
754 112 163 stone
754 112 164 stone
754 112 165 stone
754 112 166 stone
754 112 167 copper_ore
754 112 168 stone
754 112 169 stone
754 112 170 stone
754 112 171 stone
754 112 172 stone
754 112 173 stone
754 112 174 stone
754 112 175 stone
754 112 176 stone
754 112 177 stone
754 112 178 stone
754 112 179 stone
754 112 180 stone
754 112 181 stone
754 112 182 stone
754 112 183 stone
754 112 184 stone
754 112 185 stone
754 112 186 stone
754 112 187 stone
754 112 188 stone
754 112 189 stone
754 112 190 stone
754 112 191 stone
754 112 192 stone
754 112 193 stone
754 112 194 stone
754 112 195 stone
754 112 196 stone
754 112 197 stone
754 112 198 stone
754 112 199 stone
754 112 200 stone
754 112 201 stone
754 112 202 stone
754 112 203 stone
754 112 204 stone
754 112 205 stone
754 112 206 stone
754 112 207 stone
754 112 208 dirt
754 112 209 stone
754 112 210 stone
754 112 211 stone
754 112 212 stone
754 112 213 stone
754 112 214 stone
754 112 215 stone
754 112 216 stone
754 112 217 stone
754 112 218 stone
754 112 219 stone
754 112 220 stone
754 112 221 stone
754 112 222 stone
754 112 223 stone
754 112 224 stone
754 112 225 stone
754 112 226 stone
754 112 227 stone
754 112 228 stone
754 112 229 stone
754 112 230 stone
754 112 231 stone
754 112 232 dirt
754 112 233 dirt
754 112 234 dirt
754 112 235 dirt
754 112 236 dirt
754 112 237 dirt
754 112 238 dirt
754 112 239 dirt
754 112 240 dirt
754 112 241 dirt
754 112 242 dirt
754 112 243 stone
754 112 244 stone
754 112 245 stone
754 112 246 stone
754 112 247 granite
754 112 248 granite
754 112 249 granite
754 112 250 granite
754 112 251 granite
754 112 252 stone
754 112 253 stone
754 112 254 stone
754 112 255 stone
755 112 128 andesite
755 112 129 andesite
755 112 130 andesite
755 112 131 andesite
755 112 132 andesite
755 112 133 andesite
755 112 134 stone
755 112 135 stone
755 112 136 stone
755 112 137 stone
755 112 138 stone
755 112 139 stone
755 112 140 stone
755 112 141 stone
755 112 142 stone
755 112 143 stone
755 112 144 stone
755 112 145 stone
755 112 146 stone
755 112 147 stone
755 112 148 stone
755 112 149 stone
755 112 150 stone
755 112 151 stone
755 112 152 stone
755 112 153 stone
755 112 154 stone
755 112 155 stone
755 112 156 stone
755 112 157 stone
755 112 158 stone
755 112 159 stone
755 112 160 stone
755 112 161 stone
755 112 162 stone
755 112 163 stone
755 112 164 stone
755 112 165 stone
755 112 166 stone
755 112 167 copper_ore
755 112 168 stone
755 112 169 stone
755 112 170 stone
755 112 171 stone
755 112 172 stone
755 112 173 stone
755 112 174 stone
755 112 175 stone
755 112 176 stone
755 112 177 stone
755 112 178 stone
755 112 179 stone
755 112 180 stone
755 112 181 stone
755 112 182 stone
755 112 183 stone
755 112 184 stone
755 112 185 stone
755 112 186 stone
755 112 187 stone
755 112 188 stone
755 112 189 stone
755 112 190 stone
755 112 191 stone
755 112 192 stone
755 112 193 stone
755 112 194 stone
755 112 195 stone
755 112 196 stone
755 112 197 stone
755 112 198 stone
755 112 199 stone
755 112 200 stone
755 112 201 stone
755 112 202 stone
755 112 203 stone
755 112 204 stone
755 112 205 stone
755 112 206 stone
755 112 207 stone
755 112 208 dirt
755 112 209 dirt
755 112 210 dirt
755 112 211 stone
755 112 212 stone
755 112 213 stone
755 112 214 stone
755 112 215 stone
755 112 216 stone
755 112 217 stone
755 112 218 stone
755 112 219 stone
755 112 220 stone
755 112 221 stone
755 112 222 stone
755 112 223 stone
755 112 224 stone
755 112 225 stone
755 112 226 stone
755 112 227 stone
755 112 228 stone
755 112 229 stone
755 112 230 stone
755 112 231 stone
755 112 232 stone
755 112 233 stone
755 112 234 stone
755 112 235 stone
755 112 236 stone
755 112 237 dirt
755 112 238 dirt
755 112 239 dirt
755 112 240 dirt
755 112 241 dirt
755 112 242 dirt
755 112 243 dirt
755 112 244 stone
755 112 245 stone
755 112 246 granite
755 112 247 granite
755 112 248 granite
755 112 249 granite
755 112 250 granite
755 112 251 granite
755 112 252 granite
755 112 253 stone
755 112 254 stone
755 112 255 stone
756 112 128 andesite
756 112 129 andesite
756 112 130 andesite
756 112 131 andesite
756 112 132 andesite
756 112 133 andesite
756 112 134 diorite
756 112 135 diorite
756 112 136 stone
756 112 137 stone
756 112 138 stone
756 112 139 stone
756 112 140 stone
756 112 141 stone
756 112 142 stone
756 112 143 stone
756 112 144 stone
756 112 145 stone
756 112 146 stone
756 112 147 stone
756 112 148 stone
756 112 149 stone
756 112 150 stone
756 112 151 stone
756 112 152 stone
756 112 153 stone
756 112 154 stone
756 112 155 stone
756 112 156 stone
756 112 157 stone
756 112 158 stone
756 112 159 stone
756 112 160 stone
756 112 161 stone
756 112 162 stone
756 112 163 stone
756 112 164 stone
756 112 165 stone
756 112 166 stone
756 112 167 stone
756 112 168 stone
756 112 169 stone
756 112 170 stone
756 112 171 stone
756 112 172 stone
756 112 173 stone
756 112 174 stone
756 112 175 stone
756 112 176 stone
756 112 177 stone
756 112 178 stone
756 112 179 stone
756 112 180 stone
756 112 181 stone
756 112 182 stone
756 112 183 stone
756 112 184 stone
756 112 185 stone
756 112 186 stone
756 112 187 stone
756 112 188 stone
756 112 189 stone
756 112 190 stone
756 112 191 stone
756 112 192 stone
756 112 193 stone
756 112 194 stone
756 112 195 stone
756 112 196 stone
756 112 197 stone
756 112 198 stone
756 112 199 stone
756 112 200 stone
756 112 201 stone
756 112 202 stone
756 112 203 stone
756 112 204 stone
756 112 205 stone
756 112 206 stone
756 112 207 stone
756 112 208 dirt
756 112 209 dirt
756 112 210 dirt
756 112 211 dirt
756 112 212 stone
756 112 213 coal_ore
756 112 214 stone
756 112 215 stone
756 112 216 stone
756 112 217 stone
756 112 218 stone
756 112 219 stone
756 112 220 stone
756 112 221 stone
756 112 222 stone
756 112 223 stone
756 112 224 stone
756 112 225 stone
756 112 226 stone
756 112 227 stone
756 112 228 stone
756 112 229 stone
756 112 230 stone
756 112 231 stone
756 112 232 stone
756 112 233 stone
756 112 234 stone
756 112 235 stone
756 112 236 stone
756 112 237 stone
756 112 238 dirt
756 112 239 dirt
756 112 240 dirt
756 112 241 dirt
756 112 242 dirt
756 112 243 dirt
756 112 244 dirt
756 112 245 stone
756 112 246 stone
756 112 247 granite
756 112 248 granite
756 112 249 granite
756 112 250 granite
756 112 251 granite
756 112 252 granite
756 112 253 stone
756 112 254 stone
756 112 255 stone
757 112 128 andesite
757 112 129 andesite
757 112 130 andesite
757 112 131 andesite
757 112 132 andesite
757 112 133 andesite
757 112 134 diorite
757 112 135 diorite
757 112 136 stone
757 112 137 stone
757 112 138 stone
757 112 139 stone
757 112 140 stone
757 112 141 stone
757 112 142 stone
757 112 143 stone
757 112 144 stone
757 112 145 stone
757 112 146 stone
757 112 147 stone
757 112 148 stone
757 112 149 stone
757 112 150 stone
757 112 151 stone
757 112 152 stone
757 112 153 stone
757 112 154 stone
757 112 155 stone
757 112 156 stone
757 112 157 stone
757 112 158 stone
757 112 159 stone
757 112 160 stone
757 112 161 stone
757 112 162 stone
757 112 163 stone
757 112 164 stone
757 112 165 stone
757 112 166 stone
757 112 167 stone
757 112 168 stone
757 112 169 stone
757 112 170 stone
757 112 171 stone
757 112 172 stone
757 112 173 stone
757 112 174 stone
757 112 175 stone
757 112 176 stone
757 112 177 stone
757 112 178 stone
757 112 179 stone
757 112 180 stone
757 112 181 stone
757 112 182 stone
757 112 183 stone
757 112 184 stone
757 112 185 stone
757 112 186 stone
757 112 187 stone
757 112 188 stone
757 112 189 stone
757 112 190 stone
757 112 191 stone
757 112 192 stone
757 112 193 stone
757 112 194 stone
757 112 195 stone
757 112 196 stone
757 112 197 stone
757 112 198 stone
757 112 199 stone
757 112 200 stone
757 112 201 stone
757 112 202 stone
757 112 203 stone
757 112 204 stone
757 112 205 stone
757 112 206 stone
757 112 207 stone
757 112 208 dirt
757 112 209 dirt
757 112 210 dirt
757 112 211 dirt
757 112 212 stone
757 112 213 coal_ore
757 112 214 coal_ore
757 112 215 stone
757 112 216 stone
757 112 217 stone
757 112 218 stone
757 112 219 stone
757 112 220 stone
757 112 221 stone
757 112 222 stone
757 112 223 stone
757 112 224 stone
757 112 225 stone
757 112 226 stone
757 112 227 stone
757 112 228 stone
757 112 229 stone
757 112 230 stone
757 112 231 stone
757 112 232 stone
757 112 233 stone
757 112 234 stone
757 112 235 stone
757 112 236 stone
757 112 237 stone
757 112 238 stone
757 112 239 dirt
757 112 240 dirt
757 112 241 dirt
757 112 242 dirt
757 112 243 dirt
757 112 244 dirt
757 112 245 dirt
757 112 246 stone
757 112 247 granite
757 112 248 granite
757 112 249 granite
757 112 250 granite
757 112 251 granite
757 112 252 granite
757 112 253 granite
757 112 254 stone
757 112 255 stone
758 112 128 andesite
758 112 129 andesite
758 112 130 andesite
758 112 131 andesite
758 112 132 andesite
758 112 133 andesite
758 112 134 diorite
758 112 135 diorite
758 112 136 stone
758 112 137 stone
758 112 138 stone
758 112 139 stone
758 112 140 stone
758 112 141 stone
758 112 142 stone
758 112 143 stone
758 112 144 stone
758 112 145 stone
758 112 146 stone
758 112 147 stone
758 112 148 stone
758 112 149 stone
758 112 150 stone
758 112 151 stone
758 112 152 stone
758 112 153 stone
758 112 154 stone
758 112 155 stone
758 112 156 stone
758 112 157 stone
758 112 158 stone
758 112 159 stone
758 112 160 stone
758 112 161 stone
758 112 162 stone
758 112 163 stone
758 112 164 stone
758 112 165 stone
758 112 166 stone
758 112 167 stone
758 112 168 stone
758 112 169 stone
758 112 170 copper_ore
758 112 171 copper_ore
758 112 172 stone
758 112 173 stone
758 112 174 stone
758 112 175 stone
758 112 176 stone
758 112 177 stone
758 112 178 stone
758 112 179 stone
758 112 180 stone
758 112 181 stone
758 112 182 stone
758 112 183 stone
758 112 184 stone
758 112 185 stone
758 112 186 stone
758 112 187 stone
758 112 188 stone
758 112 189 stone
758 112 190 stone
758 112 191 stone
758 112 192 stone
758 112 193 stone
758 112 194 stone
758 112 195 stone
758 112 196 stone
758 112 197 stone
758 112 198 stone
758 112 199 stone
758 112 200 stone
758 112 201 stone
758 112 202 stone
758 112 203 stone
758 112 204 stone
758 112 205 stone
758 112 206 stone
758 112 207 stone
758 112 208 stone
758 112 209 dirt
758 112 210 dirt
758 112 211 dirt
758 112 212 dirt
758 112 213 coal_ore
758 112 214 stone
758 112 215 stone
758 112 216 stone
758 112 217 stone
758 112 218 stone
758 112 219 stone
758 112 220 stone
758 112 221 stone
758 112 222 stone
758 112 223 stone
758 112 224 stone
758 112 225 stone
758 112 226 stone
758 112 227 stone
758 112 228 stone
758 112 229 stone
758 112 230 stone
758 112 231 stone
758 112 232 stone
758 112 233 stone
758 112 234 stone
758 112 235 stone
758 112 236 stone
758 112 237 stone
758 112 238 stone
758 112 239 stone
758 112 240 stone
758 112 241 dirt
758 112 242 dirt
758 112 243 dirt
758 112 244 dirt
758 112 245 dirt
758 112 246 granite
758 112 247 granite
758 112 248 granite
758 112 249 granite
758 112 250 granite
758 112 251 granite
758 112 252 granite
758 112 253 granite
758 112 254 stone
758 112 255 stone
759 112 128 andesite
759 112 129 andesite
759 112 130 andesite
759 112 131 andesite
759 112 132 andesite
759 112 133 andesite
759 112 134 diorite
759 112 135 diorite
759 112 136 diorite
759 112 137 stone
759 112 138 stone
759 112 139 stone
759 112 140 stone
759 112 141 stone
759 112 142 stone
759 112 143 stone
759 112 144 stone
759 112 145 stone
759 112 146 stone
759 112 147 stone
759 112 148 stone
759 112 149 stone
759 112 150 stone
759 112 151 stone
759 112 152 stone
759 112 153 stone
759 112 154 stone
759 112 155 stone
759 112 156 stone
759 112 157 stone
759 112 158 stone
759 112 159 stone
759 112 160 stone
759 112 161 stone
759 112 162 stone
759 112 163 stone
759 112 164 stone
759 112 165 stone
759 112 166 stone
759 112 167 stone
759 112 168 stone
759 112 169 stone
759 112 170 copper_ore
759 112 171 copper_ore
759 112 172 stone
759 112 173 stone
759 112 174 stone
759 112 175 stone
759 112 176 stone
759 112 177 stone
759 112 178 stone
759 112 179 stone
759 112 180 stone
759 112 181 stone
759 112 182 stone
759 112 183 stone
759 112 184 stone
759 112 185 stone
759 112 186 stone
759 112 187 stone
759 112 188 stone
759 112 189 stone
759 112 190 stone
759 112 191 stone
759 112 192 stone
759 112 193 stone
759 112 194 stone
759 112 195 stone
759 112 196 stone
759 112 197 stone
759 112 198 stone
759 112 199 stone
759 112 200 stone
