782 137 617 stone
782 137 618 stone
782 137 619 stone
782 137 620 stone
782 137 621 coal_ore
782 137 622 coal_ore
782 137 623 stone
782 137 624 stone
782 137 625 stone
782 137 626 stone
782 137 627 stone
782 137 628 stone
782 137 629 stone
782 137 630 stone
782 137 631 stone
782 137 632 stone
782 137 633 stone
782 137 634 stone
782 137 635 stone
782 137 636 stone
782 137 637 stone
782 137 638 stone
782 137 639 stone
782 137 640 stone
782 137 641 stone
782 137 642 stone
782 137 643 stone
782 137 644 stone
782 137 645 stone
782 137 646 stone
782 137 647 stone
782 137 648 stone
782 137 649 stone
782 137 650 stone
782 137 651 stone
782 137 652 stone
782 137 653 stone
782 137 654 stone
782 137 655 stone
782 137 656 stone
782 137 657 stone
782 137 658 stone
782 137 659 stone
782 137 660 stone
782 137 661 stone
782 137 662 stone
782 137 663 stone
782 137 664 stone
782 137 665 stone
782 137 666 stone
782 137 667 stone
782 137 668 stone
782 137 669 stone
782 137 670 stone
782 137 671 stone
782 137 672 stone
782 137 673 stone
782 137 674 stone
782 137 675 stone
782 137 676 stone
782 137 677 stone
782 137 678 stone
782 137 679 stone
782 137 680 stone
782 137 681 stone
782 137 682 stone
782 137 683 stone
782 137 684 stone
782 137 685 stone
782 137 686 stone
782 137 687 stone
782 137 688 stone
782 137 689 stone
782 137 690 stone
782 137 691 stone
782 137 692 stone
782 137 693 stone
782 137 694 stone
782 137 695 stone
782 137 696 stone
782 137 697 stone
782 137 698 stone
782 137 699 stone
782 137 700 stone
782 137 701 stone
782 137 702 stone
782 137 703 stone
782 137 704 stone
782 137 705 stone
782 137 706 stone
782 137 707 stone
782 137 708 stone
782 137 709 stone
782 137 710 stone
782 137 711 stone
782 137 712 stone
782 137 713 stone
782 137 714 stone
782 137 715 stone
782 137 716 stone
782 137 717 stone
782 137 718 stone
782 137 719 stone
782 137 720 stone
782 137 721 stone
782 137 722 stone
782 137 723 stone
782 137 724 stone
782 137 725 stone
782 137 726 stone
782 137 731 stone
782 137 732 stone
782 137 733 stone
782 137 734 stone
782 137 735 stone
782 137 736 stone
782 137 737 stone
782 137 738 stone
782 137 739 stone
782 137 740 stone
782 137 741 stone
782 137 742 stone
782 137 743 stone
782 137 744 stone
782 137 752 stone
782 137 753 stone
782 137 754 stone
782 137 755 stone
782 137 756 stone
782 137 757 stone
782 137 758 stone
782 137 759 stone
782 137 760 stone
782 137 761 stone
782 137 762 stone
782 137 763 stone
782 137 764 stone
782 137 765 stone
782 137 766 stone
782 137 767 stone
782 137 768 stone
782 137 769 stone
782 137 770 stone
782 137 771 stone
782 137 772 stone
782 137 773 stone
782 137 774 stone
782 137 775 stone
782 137 776 stone
782 137 777 stone
782 137 778 stone
782 137 779 stone
782 137 780 stone
782 137 781 stone
782 137 782 stone
782 137 783 stone
782 137 784 stone
782 137 785 stone
782 137 786 stone
782 137 787 stone
782 137 788 stone
782 137 789 stone
782 137 790 stone
782 137 791 stone
782 137 792 stone
782 137 793 stone
782 137 794 stone
782 137 795 stone
782 137 796 stone
782 137 797 stone
782 137 798 stone
782 137 799 stone
782 137 800 stone
782 137 801 stone
782 137 802 stone
782 137 803 stone
782 137 804 stone
782 137 805 coal_ore
782 137 806 coal_ore
782 137 807 stone
782 137 808 stone
782 137 809 stone
782 137 810 stone
782 137 811 stone
782 137 812 stone
782 137 813 stone
782 137 814 stone
782 137 815 stone
782 137 816 stone
782 137 817 stone
782 137 818 stone
782 137 819 stone
782 137 820 granite
782 137 821 granite
782 137 822 granite
782 137 823 granite
782 137 824 stone
782 137 825 stone
782 137 826 stone
782 137 827 stone
782 137 828 stone
782 137 829 stone
782 137 830 stone
782 137 831 stone
782 137 832 stone
782 137 833 stone
782 137 834 stone
782 137 835 stone
782 137 836 stone
782 137 837 stone
782 137 838 stone
782 137 839 stone
782 137 840 stone
782 137 841 stone
782 137 842 stone
782 137 843 stone
782 137 844 stone
782 137 845 stone
782 137 846 stone
782 137 847 stone
782 137 848 stone
782 137 849 stone
782 137 850 stone
782 137 851 stone
782 137 852 stone
782 137 853 stone
782 137 854 stone
782 137 855 stone
782 137 856 stone
782 137 859 glow_lichen[down=false,east=false,north=false,south=false,up=true,waterlogged=false,west=false]
782 137 871 stone
782 137 872 stone
782 137 873 stone
782 137 874 stone
782 137 875 stone
782 137 876 stone
782 137 877 stone
782 137 878 stone
782 137 879 stone
782 137 880 stone
782 137 881 stone
782 137 882 stone
782 137 883 stone
782 137 884 stone
782 137 885 stone
782 137 886 stone
782 137 887 diorite
782 137 888 diorite
782 137 889 stone
782 137 890 stone
782 137 891 stone
782 137 892 stone
782 137 893 stone
782 137 894 stone
782 137 895 stone
782 137 896 stone
782 137 897 stone
782 137 898 stone
782 137 899 stone
782 137 900 stone
782 137 901 stone
782 137 902 stone
782 137 903 stone
782 137 904 stone
782 137 905 stone
782 137 906 stone
782 137 907 stone
782 137 908 stone
782 137 909 stone
782 137 910 stone
782 137 911 stone
782 137 912 stone
782 137 913 stone
782 137 914 stone
782 137 915 stone
782 137 916 stone
782 137 917 stone
782 137 918 stone
782 137 919 stone
782 137 920 stone
782 137 921 stone
782 137 922 stone
782 137 923 stone
782 137 924 stone
782 137 925 stone
782 137 926 stone
782 137 951 dirt
782 137 952 dirt
782 137 976 stone
782 137 977 stone
782 137 978 stone
782 137 979 stone
782 137 980 stone
782 137 981 stone
782 137 982 stone
782 137 983 stone
782 137 984 stone
782 137 985 stone
782 137 986 stone
782 137 987 stone
782 137 988 stone
782 137 989 stone
782 137 990 stone
782 137 991 stone
782 137 992 stone
782 137 993 stone
782 137 994 stone
782 137 995 stone
782 137 996 stone
782 137 997 stone
782 137 998 stone
782 137 999 stone
782 137 1000 stone
782 137 1001 stone
782 137 1018 dripstone_block
782 137 1019 dripstone_block
782 137 1020 stone
782 137 1021 dripstone_block
782 137 1022 stone
782 137 1023 stone
782 138 6 dirt
782 138 7 dirt
782 138 8 stone
782 138 9 stone
782 138 10 stone
782 138 11 stone
782 138 12 stone
782 138 13 stone
782 138 14 stone
782 138 15 stone
782 138 16 stone
782 138 17 stone
782 138 18 stone
782 138 19 stone
782 138 20 stone
782 138 21 stone
782 138 22 stone
782 138 26 stone
782 138 27 stone
782 138 28 stone
782 138 29 stone
782 138 30 stone
782 138 31 stone
782 138 32 stone
782 138 33 stone
782 138 34 stone
782 138 35 stone
782 138 36 stone
782 138 37 stone
782 138 38 stone
782 138 39 stone
782 138 40 dirt
782 138 41 dirt
782 138 42 dirt
782 138 43 dirt
782 138 44 dirt
782 138 45 dirt
782 138 46 dirt
782 138 47 dirt
782 138 48 dirt
782 138 49 dirt
782 138 50 dirt
782 138 51 dirt
782 138 52 dirt
782 138 53 dirt
782 138 54 dirt
782 138 55 dirt
782 138 56 dirt
782 138 57 dirt
782 138 58 dirt
782 138 59 dirt
782 138 60 dirt
782 138 61 dirt
782 138 62 dirt
782 138 63 dirt
782 138 64 dirt
782 138 65 dirt
782 138 66 dirt
782 138 67 dirt
782 138 68 grass_block[snowy=false]
782 138 69 grass_block[snowy=false]
782 138 70 grass_block[snowy=false]
782 138 71 grass_block[snowy=false]
782 138 72 grass_block[snowy=false]
782 138 73 dirt
782 138 74 dirt
782 138 75 dirt
782 138 76 dirt
782 138 77 stone
782 138 78 stone
782 138 79 stone
782 138 80 stone
782 138 81 stone
782 138 82 stone
782 138 83 stone
782 138 84 stone
782 138 85 stone
782 138 86 dirt
782 138 87 dirt
782 138 102 tall_grass[half=upper]
782 138 184 grass_block[snowy=false]
782 138 185 grass_block[snowy=false]
782 138 186 grass_block[snowy=false]
782 138 187 grass_block[snowy=false]
782 138 188 grass_block[snowy=false]
782 138 189 dirt
782 138 190 dirt
782 138 191 dirt
782 138 192 stone
782 138 193 stone
782 138 194 stone
782 138 195 stone
782 138 196 stone
782 138 197 stone
782 138 198 stone
782 138 199 stone
782 138 200 stone
782 138 201 stone
782 138 202 stone
782 138 203 stone
782 138 204 stone
782 138 205 stone
782 138 206 stone
782 138 207 stone
782 138 208 stone
782 138 209 stone
782 138 210 stone
782 138 211 stone
782 138 212 stone
782 138 213 stone
782 138 214 stone
782 138 215 stone
782 138 216 stone
782 138 217 stone
782 138 218 stone
782 138 219 stone
782 138 220 stone
782 138 221 stone
782 138 222 stone
782 138 223 stone
782 138 224 stone
782 138 225 stone
782 138 226 stone
782 138 227 stone
782 138 228 stone
782 138 229 stone
782 138 230 stone
782 138 231 stone
782 138 232 stone
782 138 233 stone
782 138 234 stone
782 138 235 stone
782 138 236 stone
782 138 237 stone
782 138 238 stone
782 138 239 stone
782 138 240 stone
782 138 241 stone
782 138 242 stone
782 138 243 stone
782 138 244 stone
782 138 245 stone
782 138 246 stone
782 138 247 stone
782 138 248 stone
782 138 249 stone
782 138 250 stone
782 138 251 stone
782 138 252 stone
782 138 253 stone
782 138 254 stone
782 138 255 stone
782 138 256 stone
782 138 257 stone
782 138 258 stone
782 138 259 stone
782 138 260 stone
782 138 261 stone
782 138 262 stone
782 138 263 stone
782 138 264 stone
782 138 265 stone
782 138 266 stone
782 138 267 stone
782 138 268 stone
782 138 269 stone
782 138 270 stone
782 138 271 stone
782 138 272 stone
782 138 273 stone
782 138 274 stone
782 138 275 stone
782 138 276 stone
782 138 277 stone
782 138 278 stone
782 138 279 stone
782 138 280 stone
782 138 281 stone
782 138 282 stone
782 138 283 stone
782 138 284 stone
782 138 285 stone
782 138 286 stone
782 138 287 stone
782 138 288 stone
782 138 289 stone
782 138 290 stone
782 138 306 stone
782 138 307 stone
782 138 308 stone
782 138 309 stone
782 138 310 stone
782 138 311 stone
782 138 312 stone
782 138 313 andesite
782 138 314 andesite
782 138 315 andesite
782 138 316 andesite
782 138 317 andesite
782 138 318 andesite
782 138 319 andesite
782 138 320 andesite
782 138 321 andesite
782 138 322 stone
782 138 323 stone
782 138 324 stone
782 138 325 stone
782 138 326 stone
782 138 327 stone
782 138 328 stone
782 138 329 stone
782 138 330 stone
782 138 331 stone
782 138 332 stone
782 138 333 stone
782 138 334 stone
782 138 335 stone
782 138 336 stone
782 138 337 stone
782 138 338 stone
782 138 339 stone
782 138 340 stone
782 138 341 stone
782 138 342 stone
782 138 343 stone
782 138 344 stone
782 138 345 stone
782 138 346 stone
782 138 347 stone
782 138 348 stone
782 138 349 stone
782 138 350 stone
782 138 351 stone
782 138 352 copper_ore
782 138 353 copper_ore
782 138 354 copper_ore
782 138 355 stone
782 138 356 stone
782 138 357 stone
782 138 358 stone
782 138 359 stone
782 138 360 stone
782 138 361 coal_ore
782 138 362 coal_ore
782 138 363 coal_ore
782 138 364 coal_ore
782 138 365 stone
782 138 366 stone
782 138 367 stone
782 138 368 stone
782 138 369 stone
782 138 370 stone
782 138 371 stone
782 138 372 stone
782 138 373 copper_ore
782 138 374 copper_ore
782 138 375 copper_ore
782 138 376 stone
782 138 377 stone
782 138 378 stone
782 138 379 stone
782 138 380 stone
782 138 381 dirt
782 138 382 stone
782 138 383 stone
782 138 384 stone
782 138 385 stone
782 138 386 stone
782 138 387 stone
782 138 388 stone
782 138 389 stone
782 138 390 stone
782 138 391 stone
782 138 392 stone
782 138 393 stone
782 138 394 stone
782 138 395 stone
782 138 396 stone
782 138 397 stone
782 138 398 stone
782 138 399 stone
782 138 400 stone
782 138 401 stone
782 138 402 stone
782 138 403 stone
782 138 404 stone
782 138 405 stone
782 138 406 stone
782 138 407 stone
782 138 408 stone
782 138 409 stone
782 138 410 stone
782 138 411 stone
782 138 412 stone
782 138 413 stone
782 138 414 stone
782 138 415 diorite
782 138 416 diorite
782 138 417 diorite
782 138 418 diorite
782 138 419 diorite
782 138 420 diorite
782 138 421 dirt
782 138 422 dirt
782 138 423 dirt
782 138 424 grass_block[snowy=false]
782 138 425 dirt
782 138 426 dirt
782 138 427 dirt
782 138 428 dirt
782 138 429 stone
782 138 430 stone
782 138 431 stone
782 138 432 stone
782 138 433 stone
782 138 434 stone
782 138 435 dirt
782 138 436 dirt
782 138 437 dirt
782 138 438 stone
782 138 439 stone
782 138 440 stone
782 138 441 stone
782 138 442 stone
782 138 443 stone
782 138 444 stone
782 138 445 stone
782 138 446 stone
782 138 447 stone
782 138 448 stone
782 138 449 stone
782 138 450 stone
782 138 451 stone
782 138 452 stone
782 138 453 stone
782 138 454 stone
782 138 455 stone
782 138 456 stone
782 138 457 stone
782 138 458 stone
782 138 459 stone
782 138 460 stone
782 138 461 stone
782 138 462 stone
782 138 463 stone
782 138 464 stone
782 138 465 stone
782 138 466 stone
782 138 467 stone
782 138 468 stone
782 138 469 stone
782 138 470 stone
782 138 471 dirt
782 138 472 dirt
782 138 473 dirt
782 138 474 grass_block[snowy=false]
782 138 519 grass_block[snowy=false]
782 138 520 dirt
782 138 521 dirt
782 138 522 dirt
782 138 523 dirt
782 138 524 dirt
782 138 525 dirt
782 138 526 dirt
782 138 527 grass_block[snowy=false]
782 138 528 grass_block[snowy=false]
782 138 529 short_grass
782 138 536 grass_block[snowy=false]
782 138 537 grass_block[snowy=false]
782 138 538 grass_block[snowy=false]
782 138 539 grass_block[snowy=false]
782 138 540 grass_block[snowy=false]
782 138 547 tall_grass[half=upper]
782 138 554 dirt
782 138 555 dirt
782 138 556 dirt
782 138 557 stone
782 138 558 coal_ore
782 138 559 coal_ore
782 138 560 coal_ore
782 138 561 coal_ore
782 138 562 stone
782 138 563 stone
782 138 564 stone
782 138 565 stone
782 138 566 stone
782 138 567 stone
782 138 568 stone
782 138 569 stone
782 138 570 stone
782 138 571 stone
782 138 572 stone
782 138 573 stone
782 138 574 stone
782 138 575 stone
782 138 576 stone
782 138 577 stone
782 138 578 stone
782 138 579 stone
782 138 580 stone
782 138 581 stone
782 138 582 stone
782 138 583 stone
782 138 584 stone
782 138 585 stone
782 138 586 stone
782 138 587 stone
782 138 588 stone
782 138 589 stone
782 138 590 stone
782 138 591 gravel
782 138 592 gravel
782 138 593 gravel
782 138 594 stone
782 138 595 stone
782 138 596 stone
782 138 597 stone
782 138 598 stone
782 138 599 stone
782 138 600 stone
782 138 601 stone
782 138 602 stone
782 138 603 stone
782 138 604 stone
782 138 605 stone
782 138 606 stone
782 138 607 stone
782 138 608 stone
782 138 609 stone
782 138 610 stone
782 138 611 stone
782 138 612 stone
782 138 613 stone
782 138 614 stone
782 138 615 stone
782 138 616 stone
782 138 617 stone
782 138 618 stone
782 138 619 stone
782 138 620 stone
782 138 621 coal_ore
782 138 622 stone
782 138 623 stone
782 138 624 stone
782 138 625 stone
782 138 626 stone
782 138 627 stone
782 138 628 stone
782 138 629 stone
782 138 630 stone
782 138 631 stone
782 138 632 stone
782 138 633 stone
782 138 634 stone
782 138 635 stone
782 138 636 stone
782 138 637 stone
782 138 638 stone
782 138 639 stone
782 138 640 stone
782 138 641 stone
782 138 642 stone
782 138 643 stone
782 138 644 stone
782 138 645 stone
782 138 646 stone
782 138 647 stone
782 138 648 stone
782 138 649 stone
782 138 650 dirt
782 138 651 stone
782 138 652 stone
782 138 653 stone
782 138 654 stone
782 138 655 stone
782 138 656 stone
782 138 657 stone
782 138 658 stone
782 138 659 stone
782 138 660 stone
782 138 661 stone
782 138 662 stone
782 138 663 stone
782 138 664 stone
782 138 665 stone
782 138 666 stone
782 138 667 stone
782 138 668 stone
782 138 669 stone
782 138 670 stone
782 138 671 stone
782 138 672 stone
782 138 673 stone
782 138 674 stone
782 138 675 stone
782 138 676 stone
782 138 677 stone
782 138 678 stone
782 138 679 stone
782 138 680 stone
782 138 681 stone
782 138 682 stone
782 138 683 stone
782 138 684 stone
782 138 685 stone
782 138 686 stone
782 138 687 stone
782 138 688 stone
782 138 689 stone
782 138 690 stone
782 138 691 stone
782 138 692 stone
782 138 693 stone
782 138 694 stone
782 138 695 stone
782 138 696 stone
782 138 697 stone
782 138 698 stone
782 138 699 stone
782 138 700 stone
782 138 701 stone
782 138 702 stone
782 138 703 stone
782 138 704 stone
782 138 705 stone
782 138 706 stone
782 138 707 stone
782 138 708 stone
782 138 709 stone
782 138 710 stone
782 138 711 stone
782 138 712 stone
782 138 713 stone
782 138 714 stone
782 138 715 stone
782 138 716 stone
782 138 717 stone
782 138 718 stone
782 138 719 stone
782 138 720 stone
782 138 721 stone
782 138 722 stone
782 138 723 stone
782 138 724 stone
782 138 725 stone
782 138 726 stone
782 138 730 stone
782 138 731 stone
782 138 732 stone
782 138 733 stone
782 138 734 stone
782 138 735 stone
782 138 736 stone
782 138 737 stone
782 138 738 stone
782 138 739 stone
782 138 740 stone
782 138 741 stone
782 138 742 stone
782 138 743 stone
782 138 751 stone
782 138 752 stone
782 138 753 stone
782 138 754 stone
782 138 755 stone
782 138 756 stone
782 138 757 stone
782 138 758 stone
782 138 759 stone
782 138 760 stone
782 138 761 stone
782 138 762 stone
782 138 763 stone
782 138 764 stone
782 138 765 stone
782 138 766 stone
782 138 767 stone
782 138 768 stone
782 138 769 stone
782 138 770 stone
782 138 771 stone
782 138 772 stone
782 138 773 stone
782 138 774 stone
782 138 775 stone
782 138 776 stone
782 138 777 stone
782 138 778 stone
782 138 779 stone
782 138 780 stone
782 138 781 stone
782 138 782 stone
782 138 783 stone
782 138 784 stone
782 138 785 stone
782 138 786 stone
782 138 787 stone
782 138 788 stone
782 138 789 stone
782 138 790 stone
782 138 791 stone
782 138 792 stone
782 138 793 diorite
782 138 794 diorite
782 138 795 diorite
782 138 796 diorite
782 138 797 stone
782 138 798 stone
782 138 799 stone
782 138 800 stone
782 138 801 stone
782 138 802 stone
782 138 803 stone
782 138 804 stone
782 138 805 stone
782 138 806 stone
782 138 807 stone
782 138 808 stone
782 138 809 stone
782 138 810 stone
782 138 811 stone
782 138 812 stone
782 138 813 stone
782 138 814 stone
782 138 815 stone
782 138 816 stone
782 138 817 stone
782 138 818 stone
782 138 819 stone
782 138 820 granite
782 138 821 granite
782 138 822 granite
782 138 823 granite
782 138 824 stone
782 138 825 stone
782 138 826 stone
782 138 827 stone
782 138 828 stone
782 138 829 stone
782 138 830 stone
782 138 831 stone
782 138 832 stone
782 138 833 stone
782 138 834 stone
782 138 835 stone
782 138 836 stone
782 138 837 stone
782 138 838 stone
782 138 839 stone
782 138 840 stone
782 138 841 stone
782 138 842 stone
782 138 843 stone
782 138 844 stone
782 138 845 copper_ore
782 138 846 copper_ore
782 138 847 stone
782 138 848 stone
782 138 849 stone
782 138 850 stone
782 138 851 stone
782 138 852 stone
782 138 853 stone
782 138 854 stone
782 138 855 stone
782 138 856 stone
782 138 857 stone
782 138 858 stone
782 138 859 stone
782 138 871 stone
782 138 872 stone
782 138 873 stone
782 138 874 stone
782 138 875 stone
782 138 876 stone
782 138 877 stone
782 138 878 stone
782 138 879 stone
782 138 880 stone
782 138 881 stone
782 138 882 stone
782 138 883 stone
782 138 884 stone
782 138 885 stone
782 138 886 stone
782 138 887 stone
782 138 888 stone
782 138 889 stone
782 138 890 stone
782 138 891 stone
782 138 892 stone
782 138 893 stone
782 138 894 stone
782 138 895 stone
782 138 896 stone
782 138 897 stone
782 138 898 stone
782 138 899 stone
782 138 900 stone
782 138 901 stone
782 138 902 stone
782 138 903 stone
782 138 904 stone
782 138 905 stone
782 138 906 stone
782 138 907 stone
782 138 908 stone
782 138 909 stone
782 138 910 stone
782 138 911 stone
782 138 912 stone
782 138 913 stone
782 138 914 stone
782 138 915 stone
782 138 916 stone
782 138 917 stone
782 138 918 stone
782 138 919 stone
782 138 920 stone
782 138 921 stone
782 138 922 stone
782 138 923 stone
782 138 924 stone
782 138 925 stone
782 138 926 stone
782 138 951 grass_block[snowy=false]
782 138 952 dirt
782 138 976 stone
782 138 977 stone
782 138 978 stone
782 138 979 stone
782 138 980 stone
782 138 981 stone
782 138 982 stone
782 138 983 stone
782 138 984 stone
782 138 985 stone
782 138 986 stone
782 138 987 stone
782 138 988 stone
782 138 989 stone
782 138 990 coal_ore
782 138 991 stone
782 138 992 stone
782 138 993 stone
782 138 994 stone
782 138 995 stone
782 138 996 stone
782 138 997 stone
782 138 998 stone
782 138 999 stone
782 138 1000 stone
782 138 1001 stone
782 138 1018 dripstone_block
782 138 1019 dripstone_block
782 138 1020 stone
782 138 1021 stone
782 138 1022 stone
782 138 1023 stone
782 139 6 grass_block[snowy=false]
782 139 7 dirt
782 139 8 dirt
782 139 9 stone
782 139 10 stone
782 139 11 stone
782 139 12 stone
782 139 13 stone
782 139 14 stone
782 139 15 stone
782 139 16 stone
782 139 17 stone
782 139 18 stone
782 139 19 stone
782 139 20 stone
782 139 21 stone
782 139 22 stone
782 139 23 stone
782 139 27 stone
782 139 28 stone
782 139 29 stone
782 139 30 stone
782 139 31 stone
782 139 32 stone
782 139 33 stone
782 139 34 stone
