782 111 167 stone
782 111 168 stone
782 111 169 stone
782 111 170 stone
782 111 171 stone
782 111 172 stone
782 111 173 stone
782 111 174 stone
782 111 175 stone
782 111 176 stone
782 111 177 stone
782 111 178 stone
782 111 179 stone
782 111 180 stone
782 111 181 stone
782 111 182 stone
782 111 183 stone
782 111 184 stone
782 111 185 stone
782 111 186 stone
782 111 187 stone
782 111 188 stone
782 111 189 stone
782 111 190 stone
782 111 191 stone
782 111 192 stone
782 111 193 diorite
782 111 194 diorite
782 111 195 diorite
782 111 196 diorite
782 111 197 diorite
782 111 198 diorite
782 111 199 diorite
782 111 200 stone
782 111 201 stone
782 111 202 stone
782 111 203 stone
782 111 204 stone
782 111 205 stone
782 111 206 granite
782 111 207 granite
782 111 208 granite
782 111 209 granite
782 111 210 granite
782 111 211 granite
782 111 212 granite
782 111 213 granite
782 111 214 granite
782 111 215 granite
782 111 216 granite
782 111 217 granite
782 111 218 granite
782 111 219 stone
782 111 220 stone
782 111 221 stone
782 111 222 stone
782 111 223 stone
782 111 224 stone
782 111 225 stone
782 111 226 stone
782 111 227 stone
782 111 228 stone
782 111 229 stone
782 111 230 stone
782 111 231 stone
782 111 232 stone
782 111 233 stone
782 111 234 stone
782 111 235 stone
782 111 236 stone
782 111 237 stone
782 111 238 stone
782 111 239 stone
782 111 240 stone
782 111 241 stone
782 111 242 stone
782 111 243 gravel
782 111 244 gravel
782 111 245 gravel
782 111 246 gravel
782 111 247 gravel
782 111 248 gravel
782 111 249 gravel
782 111 250 gravel
782 111 251 stone
782 111 252 stone
782 111 253 stone
782 111 254 stone
782 111 255 stone
782 111 256 stone
782 111 257 stone
782 111 258 stone
782 111 259 stone
782 111 260 stone
782 111 261 diorite
782 111 262 diorite
782 111 263 diorite
782 111 264 diorite
782 111 265 diorite
782 111 266 diorite
782 111 267 stone
782 111 268 stone
782 111 269 stone
782 111 270 granite
782 111 271 granite
782 111 272 granite
782 111 273 granite
782 111 274 granite
782 111 275 stone
782 111 276 stone
782 111 277 stone
782 111 278 stone
782 111 279 stone
782 111 280 stone
782 111 281 stone
782 111 282 stone
782 111 283 stone
782 111 284 stone
782 111 285 stone
782 111 286 stone
782 111 287 stone
782 111 288 stone
782 111 289 diorite
782 111 290 diorite
782 111 291 diorite
782 111 292 diorite
782 111 293 diorite
782 111 294 diorite
782 111 295 diorite
782 111 296 stone
782 111 297 stone
782 111 298 stone
782 111 299 dirt
782 111 300 stone
782 111 301 dirt
782 111 302 dirt
782 111 303 stone
782 111 304 stone
782 111 305 stone
782 111 306 andesite
782 111 307 andesite
782 111 308 andesite
782 111 309 andesite
782 111 310 stone
782 111 311 stone
782 111 312 stone
782 111 313 stone
782 111 314 stone
782 111 315 stone
782 111 316 stone
782 111 317 stone
782 111 318 stone
782 111 319 stone
782 111 320 stone
782 111 321 stone
782 111 322 stone
782 111 323 stone
782 111 324 granite
782 111 325 granite
782 111 326 granite
782 111 327 granite
782 111 328 granite
782 111 329 granite
782 111 330 granite
782 111 331 diorite
782 111 332 diorite
782 111 333 diorite
782 111 334 diorite
782 111 335 diorite
782 111 336 diorite
782 111 337 diorite
782 111 338 diorite
782 111 339 diorite
782 111 340 diorite
782 111 341 diorite
782 111 342 diorite
782 111 343 diorite
782 111 344 diorite
782 111 345 diorite
782 111 346 diorite
782 111 347 diorite
782 111 348 diorite
782 111 349 granite
782 111 350 granite
782 111 351 stone
782 111 352 stone
782 111 353 stone
782 111 354 stone
782 111 355 stone
782 111 356 stone
782 111 357 stone
782 111 358 stone
782 111 359 stone
782 111 360 stone
782 111 361 stone
782 111 396 stone
782 111 397 stone
782 111 398 stone
782 111 399 stone
782 111 400 stone
782 111 401 stone
782 111 402 stone
782 111 403 stone
782 111 404 stone
782 111 405 stone
782 111 406 stone
782 111 407 stone
782 111 408 stone
782 111 409 stone
782 111 410 stone
782 111 411 stone
782 111 412 stone
782 111 413 stone
782 111 414 stone
782 111 415 stone
782 111 416 stone
782 111 417 stone
782 111 418 stone
782 111 419 stone
782 111 420 stone
782 111 421 stone
782 111 422 stone
782 111 423 diorite
782 111 424 diorite
782 111 425 diorite
782 111 426 diorite
782 111 427 dirt
782 111 428 dirt
782 111 429 dirt
782 111 430 diorite
782 111 431 diorite
782 111 432 stone
782 111 433 stone
782 111 434 stone
782 111 435 stone
782 111 436 stone
782 111 437 stone
782 111 438 stone
782 111 439 stone
782 111 440 stone
782 111 441 stone
782 111 442 stone
782 111 443 stone
782 111 444 stone
782 111 445 stone
782 111 446 stone
782 111 447 stone
782 111 448 stone
782 111 449 stone
782 111 450 stone
782 111 451 stone
782 111 452 stone
782 111 453 stone
782 111 454 stone
782 111 455 stone
782 111 456 stone
782 111 457 andesite
782 111 458 gravel
782 111 459 gravel
782 111 460 gravel
782 111 461 gravel
782 111 462 granite
782 111 463 granite
782 111 464 granite
782 111 465 copper_ore
782 111 466 copper_ore
782 111 467 copper_ore
782 111 468 gravel
782 111 469 gravel
782 111 470 gravel
782 111 471 gravel
782 111 472 stone
782 111 473 stone
782 111 474 stone
782 111 475 stone
782 111 476 stone
782 111 477 stone
782 111 478 stone
782 111 479 stone
782 111 480 stone
782 111 481 stone
782 111 482 stone
782 111 483 stone
782 111 484 stone
782 111 485 stone
782 111 486 stone
782 111 487 stone
782 111 488 gravel
782 111 489 gravel
782 111 490 gravel
782 111 491 gravel
782 111 492 seagrass
782 111 493 water[level=0]
782 111 494 seagrass
782 111 495 tall_seagrass[half=lower]
782 111 496 water[level=0]
782 111 497 gravel
782 111 498 stone
782 111 499 stone
782 111 500 stone
782 111 501 stone
782 111 502 stone
782 111 503 granite
782 111 504 water[level=0]
782 111 505 water[level=0]
782 111 506 water[level=0]
782 111 507 water[level=0]
782 111 508 water[level=0]
782 111 509 bubble_column[drag=true]
782 111 510 water[level=0]
782 111 511 water[level=0]
782 111 512 water[level=0]
782 111 513 water[level=0]
782 111 514 water[level=0]
782 111 515 water[level=0]
782 111 516 water[level=0]
782 111 517 water[level=0]
782 111 518 water[level=0]
782 111 519 water[level=0]
782 111 520 stone
782 111 521 stone
782 111 522 stone
782 111 523 stone
782 111 524 stone
782 111 525 stone
782 111 526 stone
782 111 527 stone
782 111 528 stone
782 111 529 stone
782 111 530 stone
782 111 531 stone
782 111 532 stone
782 111 533 stone
782 111 534 stone
782 111 535 stone
782 111 536 stone
782 111 537 stone
782 111 538 stone
782 111 539 stone
782 111 540 stone
782 111 541 stone
782 111 542 stone
782 111 543 stone
782 111 544 stone
782 111 545 stone
782 111 546 stone
782 111 547 stone
782 111 548 stone
782 111 549 stone
782 111 550 stone
782 111 551 stone
782 111 552 stone
782 111 553 stone
782 111 554 stone
782 111 555 stone
782 111 556 stone
782 111 557 stone
782 111 558 andesite
782 111 559 andesite
782 111 560 andesite
782 111 561 andesite
782 111 562 stone
782 111 563 stone
782 111 564 stone
782 111 565 stone
782 111 566 stone
782 111 567 stone
782 111 568 stone
782 111 569 stone
782 111 570 stone
782 111 571 stone
782 111 572 stone
782 111 573 stone
782 111 574 stone
782 111 575 stone
782 111 576 stone
782 111 577 stone
782 111 578 stone
782 111 579 stone
782 111 580 stone
782 111 581 stone
782 111 582 stone
782 111 583 stone
782 111 584 stone
782 111 585 stone
782 111 586 stone
782 111 587 stone
782 111 588 stone
782 111 589 copper_ore
782 111 590 copper_ore
782 111 591 stone
782 111 592 stone
782 111 593 stone
782 111 594 stone
782 111 595 stone
782 111 596 stone
782 111 597 stone
782 111 598 stone
782 111 599 stone
782 111 600 stone
782 111 601 stone
782 111 602 stone
782 111 603 stone
782 111 604 stone
782 111 605 stone
782 111 606 stone
782 111 607 stone
782 111 608 stone
782 111 609 stone
782 111 610 stone
782 111 611 stone
782 111 612 stone
782 111 613 stone
782 111 614 stone
782 111 615 granite
782 111 616 stone
782 111 617 stone
782 111 618 stone
782 111 619 stone
782 111 620 stone
782 111 621 stone
782 111 622 stone
782 111 623 iron_ore
782 111 624 iron_ore
782 111 625 stone
782 111 626 stone
782 111 627 andesite
782 111 628 andesite
782 111 629 andesite
782 111 630 andesite
782 111 631 stone
782 111 632 stone
782 111 633 stone
782 111 634 stone
782 111 635 stone
782 111 636 stone
782 111 637 stone
782 111 638 stone
782 111 639 stone
782 111 640 stone
782 111 641 stone
782 111 642 stone
782 111 643 stone
782 111 644 stone
782 111 645 stone
782 111 646 stone
782 111 647 diorite
782 111 648 diorite
782 111 649 diorite
782 111 650 diorite
782 111 651 diorite
782 111 652 diorite
782 111 653 diorite
782 111 654 stone
782 111 655 stone
782 111 656 stone
782 111 657 stone
782 111 658 stone
782 111 659 stone
782 111 660 stone
782 111 661 stone
782 111 662 andesite
782 111 663 andesite
782 111 664 andesite
782 111 665 andesite
782 111 666 gravel
782 111 667 gravel
782 111 668 gravel
782 111 669 gravel
782 111 670 gravel
782 111 671 andesite
782 111 672 stone
782 111 673 stone
782 111 674 stone
782 111 675 stone
782 111 676 stone
782 111 677 stone
782 111 678 stone
782 111 679 water[level=0]
782 111 680 water[level=0]
782 111 681 water[level=0]
782 111 682 water[level=0]
782 111 683 copper_ore
782 111 684 copper_ore
782 111 685 stone
782 111 686 copper_ore
782 111 687 stone
782 111 688 stone
782 111 689 stone
782 111 690 stone
782 111 691 stone
782 111 692 stone
782 111 693 stone
782 111 694 stone
782 111 695 stone
782 111 696 stone
782 111 697 stone
782 111 698 stone
782 111 699 stone
782 111 700 stone
782 111 701 stone
782 111 702 stone
782 111 703 gravel
782 111 704 gravel
782 111 705 stone
782 111 706 stone
782 111 707 dirt
782 111 708 dirt
782 111 709 dirt
782 111 710 dirt
782 111 711 dirt
782 111 712 dirt
782 111 713 stone
782 111 714 stone
782 111 715 stone
782 111 716 stone
782 111 717 stone
782 111 718 stone
782 111 719 stone
782 111 720 stone
782 111 721 stone
782 111 722 stone
782 111 723 stone
782 111 724 stone
782 111 725 stone
782 111 726 stone
782 111 727 stone
782 111 728 stone
782 111 729 stone
782 111 730 stone
782 111 731 stone
782 111 732 stone
782 111 733 stone
782 111 734 stone
782 111 735 stone
782 111 736 stone
782 111 737 stone
782 111 738 stone
782 111 739 stone
782 111 740 stone
782 111 741 stone
782 111 742 stone
782 111 743 stone
782 111 744 stone
782 111 745 stone
782 111 746 stone
782 111 747 stone
782 111 748 stone
782 111 749 stone
782 111 750 stone
782 111 751 stone
782 111 752 stone
782 111 753 stone
782 111 754 stone
782 111 755 stone
782 111 756 stone
782 111 757 stone
782 111 758 stone
782 111 759 stone
782 111 760 andesite
782 111 761 andesite
782 111 762 andesite
782 111 763 andesite
782 111 764 andesite
782 111 765 coal_ore
782 111 766 coal_ore
782 111 767 stone
782 111 768 stone
782 111 769 stone
782 111 770 stone
782 111 771 diorite
782 111 772 granite
782 111 773 granite
782 111 774 granite
782 111 775 granite
782 111 776 granite
782 111 777 granite
782 111 778 granite
782 111 779 granite
782 111 780 granite
782 111 781 granite
782 111 782 stone
782 111 783 stone
782 111 784 stone
782 111 785 stone
782 111 786 stone
782 111 787 stone
782 111 788 stone
782 111 789 stone
782 111 790 stone
782 111 791 stone
782 111 792 stone
782 111 793 stone
782 111 794 stone
782 111 795 stone
782 111 796 stone
782 111 797 stone
782 111 798 stone
782 111 799 stone
782 111 800 stone
782 111 801 stone
782 111 802 stone
782 111 803 stone
782 111 804 stone
782 111 805 stone
782 111 806 stone
782 111 807 stone
782 111 808 stone
782 111 809 stone
782 111 810 stone
782 111 811 stone
782 111 812 stone
782 111 813 stone
782 111 814 stone
782 111 815 stone
782 111 816 stone
782 111 817 stone
782 111 818 stone
782 111 819 stone
782 111 820 stone
782 111 821 stone
782 111 822 stone
782 111 823 stone
782 111 824 stone
782 111 825 stone
782 111 826 stone
782 111 827 stone
782 111 828 stone
782 111 829 stone
782 111 830 stone
782 111 831 stone
782 111 832 stone
782 111 833 stone
782 111 834 stone
782 111 835 stone
782 111 836 stone
782 111 837 stone
782 111 838 stone
782 111 839 stone
782 111 840 stone
782 111 841 gravel
782 111 842 gravel
782 111 843 gravel
782 111 844 gravel
782 111 845 stone
782 111 846 andesite
782 111 847 andesite
782 111 848 andesite
782 111 849 andesite
782 111 850 andesite
782 111 851 stone
782 111 852 stone
782 111 853 stone
782 111 854 stone
782 111 855 stone
782 111 856 stone
782 111 857 stone
782 111 858 stone
782 111 859 stone
782 111 860 stone
782 111 861 stone
782 111 862 stone
782 111 863 stone
782 111 864 stone
782 111 865 stone
782 111 866 granite
782 111 867 granite
782 111 868 granite
782 111 869 granite
782 111 870 granite
782 111 871 granite
782 111 872 granite
782 111 873 granite
782 111 874 granite
782 111 875 granite
782 111 876 stone
782 111 877 stone
782 111 878 stone
782 111 879 stone
782 111 880 stone
782 111 881 stone
782 111 882 stone
782 111 883 stone
782 111 884 stone
782 111 885 stone
782 111 886 stone
782 111 887 stone
782 111 888 granite
782 111 889 granite
782 111 890 granite
782 111 891 stone
782 111 892 stone
782 111 893 stone
782 111 894 stone
782 111 895 stone
782 111 896 stone
782 111 897 stone
782 111 898 stone
782 111 899 stone
782 111 900 stone
782 111 901 stone
782 111 902 stone
782 111 903 stone
782 111 904 stone
782 111 905 stone
782 111 906 stone
782 111 907 stone
782 111 908 stone
782 111 909 stone
782 111 910 stone
782 111 911 stone
782 111 912 stone
782 111 913 andesite
782 111 914 andesite
782 111 915 andesite
782 111 916 stone
782 111 917 stone
782 111 918 stone
782 111 919 stone
782 111 920 stone
782 111 921 copper_ore
782 111 922 copper_ore
782 111 923 stone
782 111 924 stone
782 111 925 stone
782 111 926 stone
782 111 927 stone
782 111 928 stone
782 111 929 stone
782 111 930 stone
782 111 931 stone
782 111 932 stone
782 111 933 stone
782 111 934 dripstone_block
782 111 935 stone
782 111 936 stone
782 111 937 stone
782 111 938 stone
782 111 939 stone
782 111 940 stone
782 111 941 stone
782 111 942 stone
782 111 943 stone
782 111 944 stone
782 111 945 granite
782 111 946 granite
782 111 947 granite
782 111 948 stone
782 111 949 stone
782 111 950 stone
782 111 951 stone
782 111 952 stone
782 111 953 stone
782 111 954 stone
782 111 955 stone
782 111 956 stone
782 111 957 stone
782 111 958 stone
782 111 959 water[level=0]
782 111 960 water[level=0]
782 111 961 water[level=0]
782 111 962 tall_seagrass[half=upper]
782 111 963 tall_seagrass[half=lower]
782 111 964 gravel
782 111 965 gravel
782 111 966 gravel
782 111 967 gravel
782 111 968 gravel
782 111 969 stone
782 111 970 stone
782 111 971 stone
782 111 972 stone
782 111 973 stone
782 111 974 stone
782 111 975 stone
782 111 976 stone
782 111 977 stone
782 111 978 stone
782 111 979 andesite
782 111 980 andesite
782 111 981 andesite
782 111 982 andesite
782 111 983 andesite
782 111 984 andesite
782 111 985 andesite
782 111 986 andesite
782 111 987 stone
782 111 988 stone
782 111 989 stone
782 111 990 stone
782 111 991 stone
782 111 992 stone
782 111 993 granite
782 111 994 granite
782 111 995 granite
782 111 996 water[level=0]
782 111 997 water[level=0]
782 111 998 water[level=0]
782 111 999 water[level=0]
782 111 1000 water[level=0]
782 111 1001 stone
782 111 1002 stone
782 111 1003 stone
782 111 1004 stone
782 111 1005 stone
782 111 1006 stone
782 111 1007 stone
782 111 1008 stone
782 111 1009 stone
782 111 1010 stone
782 111 1011 stone
782 111 1012 stone
782 111 1013 stone
782 111 1014 stone
782 111 1015 stone
782 111 1016 stone
782 111 1017 stone
782 111 1018 andesite
782 111 1019 andesite
782 111 1020 andesite
782 111 1021 andesite
782 111 1022 andesite
782 111 1023 andesite
782 112 0 granite
782 112 1 granite
782 112 2 granite
782 112 3 stone
782 112 4 stone
782 112 5 stone
782 112 6 stone
782 112 7 stone
782 112 8 stone
782 112 9 stone
782 112 10 stone
782 112 11 stone
782 112 12 stone
782 112 13 stone
782 112 14 stone
782 112 15 stone
782 112 16 stone
782 112 17 stone
782 112 18 stone
782 112 19 stone
782 112 20 copper_ore
782 112 21 copper_ore
782 112 22 copper_ore
782 112 23 stone
782 112 24 stone
782 112 25 stone
782 112 26 stone
782 112 27 stone
782 112 28 stone
782 112 29 stone
782 112 30 stone
782 112 31 stone
782 112 32 stone
782 112 33 stone
782 112 34 stone
782 112 35 stone
782 112 36 stone
782 112 37 stone
782 112 38 stone
782 112 39 stone
782 112 40 stone
782 112 41 stone
782 112 42 stone
782 112 43 water[level=0]
782 112 44 water[level=0]
782 112 45 water[level=0]
782 112 46 water[level=0]
782 112 47 stone
782 112 48 stone
782 112 49 stone
782 112 50 stone
782 112 51 stone
782 112 52 stone
782 112 53 stone
782 112 54 stone
782 112 55 stone
782 112 56 stone
782 112 57 stone
782 112 58 stone
782 112 59 stone
782 112 60 stone
782 112 61 stone
782 112 62 stone
782 112 63 stone
782 112 64 stone
782 112 65 stone
782 112 66 stone
782 112 67 stone
782 112 68 stone
782 112 69 stone
782 112 70 stone
782 112 71 stone
782 112 72 stone
782 112 73 stone
782 112 74 stone
782 112 75 stone
782 112 76 stone
782 112 77 stone
782 112 78 stone
782 112 79 stone
782 112 80 stone
782 112 81 stone
782 112 82 stone
782 112 83 stone
782 112 84 stone
782 112 85 stone
782 112 86 stone
782 112 87 stone
782 112 88 stone
782 112 89 stone
782 112 90 stone
782 112 91 stone
782 112 92 stone
782 112 93 stone
782 112 94 stone
782 112 95 stone
782 112 96 stone
782 112 97 stone
782 112 98 stone
782 112 99 stone
782 112 100 stone
782 112 101 stone
782 112 102 stone
782 112 103 stone
782 112 104 stone
782 112 105 stone
782 112 106 stone
782 112 107 stone
782 112 108 andesite
782 112 109 stone
782 112 110 diorite
782 112 111 diorite
782 112 112 diorite
782 112 113 diorite
782 112 114 diorite
782 112 115 diorite
782 112 116 diorite
782 112 117 diorite
782 112 118 diorite
782 112 119 diorite
782 112 120 diorite
782 112 121 diorite
782 112 122 stone
782 112 123 diorite
782 112 124 diorite
782 112 125 diorite
782 112 126 diorite
782 112 127 diorite
782 112 128 diorite
782 112 129 stone
782 112 130 stone
782 112 131 stone
782 112 139 stone
782 112 140 stone
782 112 141 stone
782 112 142 stone
782 112 143 stone
782 112 144 stone
782 112 145 stone
782 112 146 stone
782 112 147 stone
782 112 148 stone
782 112 149 stone
782 112 150 stone
782 112 151 stone
782 112 152 stone
782 112 153 stone
782 112 154 stone
782 112 155 stone
782 112 156 stone
782 112 157 stone
782 112 158 stone
782 112 159 stone
782 112 160 stone
782 112 161 stone
782 112 162 stone
782 112 163 stone
782 112 164 stone
782 112 165 stone
782 112 166 stone
782 112 167 stone
782 112 168 stone
782 112 169 stone
782 112 170 stone
782 112 171 stone
782 112 172 stone
782 112 173 stone
782 112 174 stone
782 112 175 stone
782 112 176 stone
782 112 177 stone
782 112 178 stone
782 112 179 stone
782 112 180 stone
782 112 181 stone
782 112 182 stone
782 112 183 stone
782 112 184 stone
782 112 185 stone
782 112 186 dirt
782 112 187 dirt
782 112 188 stone
782 112 189 stone
782 112 190 stone
782 112 191 stone
782 112 192 diorite
782 112 193 diorite
782 112 194 diorite
782 112 195 diorite
782 112 196 diorite
782 112 197 diorite
782 112 198 diorite
782 112 199 diorite
782 112 200 diorite
782 112 201 stone
782 112 202 stone
782 112 203 stone
782 112 204 stone
782 112 205 stone
782 112 206 granite
782 112 207 granite
782 112 208 granite
782 112 209 granite
782 112 210 granite
782 112 211 granite
782 112 212 granite
782 112 213 granite
782 112 214 granite
782 112 215 granite
782 112 216 granite
782 112 217 granite
782 112 218 granite
782 112 219 stone
782 112 220 stone
782 112 221 stone
782 112 222 stone
782 112 223 stone
782 112 224 stone
782 112 225 stone
782 112 226 stone
782 112 227 stone
782 112 228 stone
782 112 229 stone
782 112 230 stone
782 112 231 stone
782 112 232 stone
782 112 233 stone
782 112 234 stone
782 112 235 stone
782 112 236 stone
782 112 237 stone
782 112 238 stone
782 112 239 stone
782 112 240 stone
782 112 241 stone
782 112 242 gravel
782 112 243 gravel
782 112 244 gravel
782 112 245 gravel
782 112 246 gravel
782 112 247 gravel
782 112 248 gravel
782 112 249 gravel
782 112 250 stone
782 112 251 stone
782 112 252 stone
782 112 253 stone
782 112 254 stone
782 112 255 stone
782 112 256 stone
782 112 257 stone
782 112 258 stone
782 112 259 stone
782 112 260 stone
782 112 261 stone
782 112 262 diorite
782 112 263 diorite
782 112 264 diorite
782 112 265 diorite
782 112 266 stone
782 112 267 stone
782 112 268 stone
782 112 269 stone
782 112 270 stone
782 112 271 stone
782 112 272 stone
