786 159 918 grass_block[snowy=false]
786 159 919 grass_block[snowy=false]
786 159 920 grass_block[snowy=false]
786 159 921 dirt
786 159 922 dirt
786 159 923 dirt
786 159 924 dirt
786 159 925 stone
786 159 926 stone
786 159 927 stone
786 159 928 stone
786 159 929 stone
786 159 930 stone
786 159 931 stone
786 159 932 stone
786 159 933 stone
786 159 934 stone
786 159 935 stone
786 159 936 stone
786 159 937 stone
786 159 938 stone
786 159 939 stone
786 159 940 stone
786 159 941 stone
786 159 942 stone
786 159 943 stone
786 159 944 stone
786 159 945 stone
786 159 946 stone
786 159 947 dirt
786 159 980 dirt
786 159 981 stone
786 159 982 stone
786 159 983 stone
786 159 984 stone
786 159 985 stone
786 159 986 stone
786 159 987 stone
786 159 988 stone
786 159 989 stone
786 159 990 stone
786 159 991 stone
786 159 992 stone
786 159 993 stone
786 159 994 stone
786 159 995 stone
786 159 996 stone
786 159 997 stone
786 159 998 stone
786 159 999 stone
786 159 1000 stone
786 159 1001 stone
786 159 1002 stone
786 159 1003 stone
786 159 1004 stone
786 159 1005 stone
786 159 1006 stone
786 159 1007 stone
786 159 1008 stone
786 159 1009 stone
786 159 1010 stone
786 159 1011 stone
786 159 1012 stone
786 159 1013 stone
786 159 1014 stone
786 159 1015 stone
786 159 1016 stone
786 159 1017 dirt
786 159 1018 dirt
786 159 1019 dirt
786 159 1020 dirt
786 159 1021 stone
786 159 1022 grass_block[snowy=false]
786 160 336 grass_block[snowy=false]
786 160 337 dirt
786 160 338 coal_ore
786 160 339 coal_ore
786 160 340 coal_ore
786 160 341 stone
786 160 342 stone
786 160 343 stone
786 160 344 stone
786 160 345 stone
786 160 346 stone
786 160 347 stone
786 160 348 stone
786 160 349 stone
786 160 350 stone
786 160 351 stone
786 160 352 stone
786 160 353 stone
786 160 354 stone
786 160 355 stone
786 160 356 stone
786 160 357 stone
786 160 358 stone
786 160 359 stone
786 160 360 stone
786 160 361 stone
786 160 362 stone
786 160 363 stone
786 160 364 stone
786 160 365 stone
786 160 366 stone
786 160 367 stone
786 160 368 stone
786 160 369 stone
786 160 370 stone
786 160 371 stone
786 160 372 stone
786 160 373 stone
786 160 374 stone
786 160 375 stone
786 160 376 stone
786 160 377 stone
786 160 378 stone
786 160 379 stone
786 160 380 stone
786 160 381 dirt
786 160 382 dirt
786 160 399 cherry_leaves[distance=4,persistent=false,waterlogged=false]
786 160 400 cherry_leaves[distance=3,persistent=false,waterlogged=false]
786 160 401 cherry_leaves[distance=4,persistent=false,waterlogged=false]
786 160 800 short_grass
786 160 804 grass_block[snowy=false]
786 160 805 dirt
786 160 806 dirt
786 160 807 dirt
786 160 808 dirt
786 160 809 gravel
786 160 810 gravel
786 160 811 gravel
786 160 812 gravel
786 160 813 gravel
786 160 814 dirt
786 160 815 dirt
786 160 816 dirt
786 160 817 stone
786 160 818 stone
786 160 819 stone
786 160 820 stone
786 160 821 stone
786 160 822 stone
786 160 823 stone
786 160 824 stone
786 160 825 stone
786 160 826 stone
786 160 827 stone
786 160 828 stone
786 160 829 coal_ore
786 160 830 coal_ore
786 160 831 coal_ore
786 160 832 coal_ore
786 160 833 stone
786 160 834 stone
786 160 835 stone
786 160 836 stone
786 160 837 stone
786 160 838 stone
786 160 839 stone
786 160 840 stone
786 160 841 stone
786 160 842 stone
786 160 843 stone
786 160 844 stone
786 160 845 stone
786 160 846 stone
786 160 847 stone
786 160 848 stone
786 160 849 stone
786 160 850 stone
786 160 851 stone
786 160 852 coal_ore
786 160 853 stone
786 160 854 stone
786 160 855 stone
786 160 856 stone
786 160 857 stone
786 160 858 stone
786 160 859 stone
786 160 860 stone
786 160 861 stone
786 160 862 stone
786 160 863 stone
786 160 864 stone
786 160 865 stone
786 160 866 stone
786 160 867 coal_ore
786 160 868 stone
786 160 869 stone
786 160 870 stone
786 160 871 stone
786 160 872 stone
786 160 873 stone
786 160 874 stone
786 160 875 stone
786 160 876 stone
786 160 877 stone
786 160 878 stone
786 160 879 stone
786 160 880 stone
786 160 881 stone
786 160 882 stone
786 160 883 stone
786 160 884 coal_ore
786 160 885 stone
786 160 886 stone
786 160 887 stone
786 160 888 stone
786 160 889 stone
786 160 890 stone
786 160 891 stone
786 160 892 stone
786 160 893 stone
786 160 921 grass_block[snowy=false]
786 160 922 grass_block[snowy=false]
786 160 923 grass_block[snowy=false]
786 160 924 grass_block[snowy=false]
786 160 925 dirt
786 160 926 dirt
786 160 927 stone
786 160 928 stone
786 160 929 stone
786 160 930 stone
786 160 931 stone
786 160 932 stone
786 160 933 stone
786 160 934 stone
786 160 935 stone
786 160 936 stone
786 160 937 stone
786 160 938 stone
786 160 939 stone
786 160 940 stone
786 160 941 stone
786 160 942 stone
786 160 943 stone
786 160 944 stone
786 160 945 stone
786 160 946 dirt
786 160 947 grass_block[snowy=false]
786 160 980 grass_block[snowy=false]
786 160 981 stone
786 160 982 stone
786 160 983 stone
786 160 984 stone
786 160 985 stone
786 160 986 stone
786 160 987 stone
786 160 988 stone
786 160 989 stone
786 160 990 stone
786 160 991 stone
786 160 992 stone
786 160 993 stone
786 160 994 stone
786 160 995 stone
786 160 996 stone
786 160 997 stone
786 160 998 stone
786 160 999 stone
786 160 1000 stone
786 160 1001 stone
786 160 1002 stone
786 160 1003 stone
786 160 1004 stone
786 160 1005 stone
786 160 1006 stone
786 160 1007 stone
786 160 1008 stone
786 160 1009 stone
786 160 1010 stone
786 160 1011 stone
786 160 1012 stone
786 160 1013 stone
786 160 1014 stone
786 160 1015 stone
786 160 1016 stone
786 160 1017 dirt
786 160 1018 dirt
786 160 1019 dirt
786 160 1020 dirt
786 160 1021 stone
786 161 337 grass_block[snowy=false]
786 161 338 dirt
786 161 339 coal_ore
786 161 340 coal_ore
786 161 341 coal_ore
786 161 342 stone
786 161 343 stone
786 161 344 stone
786 161 345 stone
786 161 346 stone
786 161 347 stone
786 161 348 stone
786 161 349 stone
786 161 350 stone
786 161 351 stone
786 161 352 stone
786 161 353 stone
786 161 354 stone
786 161 355 stone
786 161 356 stone
786 161 357 stone
786 161 358 stone
786 161 359 stone
786 161 360 stone
786 161 361 stone
786 161 362 stone
786 161 363 stone
786 161 364 stone
786 161 365 stone
786 161 366 stone
786 161 367 stone
786 161 368 stone
786 161 369 stone
786 161 370 stone
786 161 371 stone
786 161 372 stone
786 161 373 stone
786 161 374 stone
786 161 375 stone
786 161 376 stone
786 161 377 stone
786 161 378 stone
786 161 379 stone
786 161 380 stone
786 161 381 dirt
786 161 382 grass_block[snowy=false]
786 161 804 short_grass
786 161 805 grass_block[snowy=false]
786 161 806 dirt
786 161 807 dirt
786 161 808 dirt
786 161 809 dirt
786 161 810 dirt
786 161 811 gravel
786 161 812 dirt
786 161 813 gravel
786 161 814 dirt
786 161 815 dirt
786 161 816 dirt
786 161 817 dirt
786 161 818 stone
786 161 819 stone
786 161 820 stone
786 161 821 stone
786 161 822 stone
786 161 823 stone
786 161 824 stone
786 161 825 stone
786 161 826 stone
786 161 827 stone
786 161 828 stone
786 161 829 stone
786 161 830 stone
786 161 831 stone
786 161 832 stone
786 161 833 stone
786 161 834 stone
786 161 835 stone
786 161 836 stone
786 161 837 stone
786 161 838 stone
786 161 839 stone
786 161 840 stone
786 161 841 stone
786 161 842 stone
786 161 843 stone
786 161 844 stone
786 161 845 stone
786 161 846 stone
786 161 847 stone
786 161 848 stone
786 161 849 stone
786 161 850 stone
786 161 851 stone
786 161 852 stone
786 161 853 stone
786 161 854 stone
786 161 855 stone
786 161 856 stone
786 161 857 stone
786 161 858 stone
786 161 859 stone
786 161 860 stone
786 161 861 stone
786 161 862 stone
786 161 863 stone
786 161 864 stone
786 161 865 stone
786 161 866 stone
786 161 867 coal_ore
786 161 868 coal_ore
786 161 869 stone
786 161 870 stone
786 161 871 stone
786 161 872 stone
786 161 873 stone
786 161 874 stone
786 161 875 stone
786 161 876 stone
786 161 877 stone
786 161 878 stone
786 161 879 stone
786 161 880 stone
786 161 881 stone
786 161 882 stone
786 161 883 stone
786 161 884 stone
786 161 885 stone
786 161 886 stone
786 161 887 stone
786 161 888 stone
786 161 889 stone
786 161 890 stone
786 161 891 stone
786 161 892 stone
786 161 893 stone
786 161 894 stone
786 161 895 stone
786 161 925 grass_block[snowy=false]
786 161 926 grass_block[snowy=false]
786 161 927 stone
786 161 928 stone
786 161 929 stone
786 161 930 stone
786 161 931 stone
786 161 932 stone
786 161 933 stone
786 161 934 stone
786 161 935 stone
786 161 936 stone
786 161 937 stone
786 161 938 stone
786 161 939 stone
786 161 940 stone
786 161 941 stone
786 161 942 stone
786 161 943 stone
786 161 944 stone
786 161 945 stone
786 161 946 dirt
786 161 981 dirt
786 161 982 stone
786 161 983 stone
786 161 984 stone
786 161 985 stone
786 161 986 stone
786 161 987 stone
786 161 988 stone
786 161 989 stone
786 161 990 stone
786 161 991 stone
786 161 992 stone
786 161 993 stone
786 161 994 stone
786 161 995 stone
786 161 996 stone
786 161 997 stone
786 161 998 stone
786 161 999 stone
786 161 1000 stone
786 161 1001 stone
786 161 1002 stone
786 161 1003 stone
786 161 1004 stone
786 161 1005 stone
786 161 1006 stone
786 161 1007 stone
786 161 1008 stone
786 161 1009 stone
786 161 1010 stone
786 161 1011 stone
786 161 1012 stone
786 161 1013 stone
786 161 1014 stone
786 161 1015 stone
786 161 1016 stone
786 161 1017 dirt
786 161 1018 dirt
786 161 1019 dirt
786 161 1020 dirt
786 161 1021 stone
786 161 1022 stone
786 161 1023 stone
786 162 338 grass_block[snowy=false]
786 162 339 dirt
786 162 340 coal_ore
786 162 341 coal_ore
786 162 342 stone
786 162 343 stone
786 162 344 stone
786 162 345 stone
786 162 346 stone
786 162 347 stone
786 162 348 stone
786 162 349 stone
786 162 350 stone
786 162 351 stone
786 162 352 stone
786 162 353 stone
786 162 354 stone
786 162 355 stone
786 162 356 stone
786 162 357 stone
786 162 358 stone
786 162 359 stone
786 162 360 stone
786 162 361 stone
786 162 362 stone
786 162 363 stone
786 162 364 stone
786 162 365 stone
786 162 366 stone
786 162 367 stone
786 162 368 stone
786 162 369 stone
786 162 370 stone
786 162 371 stone
786 162 372 stone
786 162 373 stone
786 162 374 stone
786 162 375 stone
786 162 376 stone
786 162 377 stone
786 162 378 stone
786 162 379 dirt
786 162 380 dirt
786 162 381 dirt
786 162 805 short_grass
786 162 806 grass_block[snowy=false]
786 162 807 dirt
786 162 808 dirt
786 162 809 dirt
786 162 810 dirt
786 162 811 dirt
786 162 812 dirt
786 162 813 dirt
786 162 814 dirt
786 162 815 dirt
786 162 816 dirt
786 162 817 dirt
786 162 818 stone
786 162 819 stone
786 162 820 stone
786 162 821 stone
786 162 822 stone
786 162 823 stone
786 162 824 stone
786 162 825 stone
786 162 826 stone
786 162 827 stone
786 162 828 stone
786 162 829 stone
786 162 830 stone
786 162 831 stone
786 162 832 stone
786 162 833 stone
786 162 834 stone
786 162 835 stone
786 162 836 stone
786 162 837 stone
786 162 838 stone
786 162 839 stone
786 162 840 stone
786 162 841 stone
786 162 842 stone
786 162 843 stone
786 162 844 stone
786 162 845 stone
786 162 846 stone
786 162 847 stone
786 162 848 stone
786 162 849 stone
786 162 850 stone
786 162 851 stone
786 162 852 stone
786 162 853 stone
786 162 854 stone
786 162 855 stone
786 162 856 stone
786 162 857 stone
786 162 858 stone
786 162 859 stone
786 162 860 stone
786 162 861 stone
786 162 862 stone
786 162 863 stone
786 162 864 stone
786 162 865 stone
786 162 866 stone
786 162 867 coal_ore
786 162 868 coal_ore
786 162 869 stone
786 162 870 stone
786 162 871 stone
786 162 872 stone
786 162 873 stone
786 162 874 stone
786 162 875 stone
786 162 876 stone
786 162 877 stone
786 162 878 stone
786 162 879 stone
786 162 880 stone
786 162 881 stone
786 162 882 stone
786 162 883 stone
786 162 884 stone
786 162 885 stone
786 162 886 stone
786 162 887 stone
786 162 888 stone
786 162 889 stone
786 162 890 coal_ore
786 162 891 coal_ore
786 162 892 stone
786 162 893 stone
786 162 894 stone
786 162 895 stone
786 162 896 stone
786 162 897 stone
786 162 916 copper_ore
786 162 927 dirt
786 162 928 stone
786 162 929 stone
786 162 930 stone
786 162 931 stone
786 162 932 gravel
786 162 933 gravel
786 162 934 gravel
786 162 935 gravel
786 162 936 gravel
786 162 937 stone
786 162 938 stone
786 162 939 stone
786 162 940 stone
786 162 941 stone
786 162 942 stone
786 162 943 stone
786 162 944 stone
786 162 945 stone
786 162 946 grass_block[snowy=false]
786 162 981 dirt
786 162 982 stone
786 162 983 stone
786 162 984 stone
786 162 985 stone
786 162 986 stone
786 162 987 stone
786 162 988 stone
786 162 989 stone
786 162 990 stone
786 162 991 stone
786 162 992 stone
786 162 993 stone
786 162 994 stone
786 162 995 stone
786 162 996 stone
786 162 997 stone
786 162 998 stone
786 162 999 stone
786 162 1000 stone
786 162 1001 stone
786 162 1002 stone
786 162 1003 stone
786 162 1004 stone
786 162 1005 stone
786 162 1006 stone
786 162 1007 stone
786 162 1008 stone
786 162 1009 stone
786 162 1010 stone
786 162 1011 stone
786 162 1012 stone
786 162 1013 stone
786 162 1014 stone
786 162 1015 stone
786 162 1016 stone
786 162 1017 stone
786 162 1018 stone
786 162 1019 stone
786 162 1020 stone
786 162 1021 stone
786 162 1022 stone
786 162 1023 stone
786 163 338 pink_petals[facing=west,flower_amount=1]
786 163 339 grass_block[snowy=false]
786 163 340 dirt
786 163 341 dirt
786 163 342 stone
786 163 343 stone
786 163 344 stone
786 163 345 stone
786 163 346 stone
786 163 347 stone
786 163 348 stone
786 163 349 stone
786 163 350 stone
786 163 351 stone
786 163 352 stone
786 163 353 stone
786 163 354 stone
786 163 355 stone
786 163 356 stone
786 163 357 stone
786 163 358 stone
786 163 359 stone
786 163 360 stone
786 163 361 stone
786 163 362 stone
786 163 363 stone
786 163 364 stone
786 163 365 stone
786 163 366 stone
786 163 367 stone
786 163 368 stone
786 163 369 stone
786 163 370 stone
786 163 371 stone
786 163 372 stone
786 163 373 stone
786 163 374 stone
786 163 375 stone
786 163 376 dirt
786 163 377 dirt
786 163 378 dirt
786 163 379 dirt
786 163 380 dirt
786 163 381 grass_block[snowy=false]
786 163 806 short_grass
786 163 807 grass_block[snowy=false]
786 163 808 grass_block[snowy=false]
786 163 809 dirt
786 163 810 dirt
786 163 811 dirt
786 163 812 dirt
786 163 813 dirt
786 163 814 dirt
786 163 815 dirt
786 163 816 dirt
786 163 817 dirt
786 163 818 dirt
786 163 819 dirt
786 163 820 dirt
786 163 821 dirt
786 163 822 dirt
786 163 823 dirt
786 163 824 coal_ore
786 163 825 coal_ore
786 163 826 coal_ore
786 163 827 stone
786 163 828 stone
786 163 829 stone
786 163 830 stone
786 163 831 stone
786 163 832 stone
786 163 833 stone
786 163 834 stone
786 163 835 stone
786 163 836 stone
786 163 837 stone
786 163 838 stone
786 163 839 stone
786 163 840 stone
786 163 841 stone
786 163 842 stone
786 163 843 stone
786 163 844 stone
786 163 845 stone
786 163 846 stone
786 163 847 stone
786 163 848 stone
786 163 849 stone
786 163 850 stone
786 163 851 stone
786 163 852 stone
786 163 853 stone
786 163 854 stone
786 163 855 stone
786 163 856 stone
786 163 857 stone
786 163 858 stone
786 163 859 stone
786 163 860 stone
786 163 861 stone
786 163 862 stone
786 163 863 stone
786 163 864 stone
786 163 865 stone
786 163 866 stone
786 163 867 stone
786 163 868 stone
786 163 869 stone
786 163 870 stone
786 163 871 stone
786 163 872 stone
786 163 873 stone
786 163 874 stone
786 163 875 stone
786 163 876 stone
786 163 877 stone
786 163 878 stone
786 163 879 stone
786 163 880 stone
786 163 881 stone
786 163 882 stone
786 163 883 stone
786 163 884 stone
786 163 885 stone
786 163 886 stone
786 163 887 stone
786 163 888 stone
786 163 889 stone
786 163 890 coal_ore
786 163 891 coal_ore
786 163 892 stone
786 163 893 stone
786 163 894 stone
786 163 895 stone
786 163 896 stone
786 163 897 stone
786 163 915 stone
786 163 916 stone
786 163 927 grass_block[snowy=false]
786 163 928 stone
786 163 929 stone
786 163 930 stone
786 163 931 stone
786 163 932 gravel
786 163 933 gravel
786 163 934 gravel
786 163 935 gravel
786 163 936 gravel
786 163 937 gravel
786 163 938 stone
786 163 939 stone
786 163 940 stone
786 163 941 stone
786 163 942 stone
786 163 943 stone
786 163 944 stone
786 163 945 stone
786 163 981 dirt
786 163 982 stone
786 163 983 stone
786 163 984 stone
786 163 985 stone
786 163 986 stone
786 163 987 stone
786 163 988 stone
786 163 989 stone
786 163 990 stone
786 163 991 stone
786 163 992 stone
786 163 993 stone
786 163 994 stone
786 163 995 stone
786 163 996 stone
786 163 997 stone
786 163 998 stone
786 163 999 stone
786 163 1000 stone
786 163 1001 stone
786 163 1002 stone
786 163 1003 stone
786 163 1004 stone
786 163 1005 stone
786 163 1006 stone
786 163 1007 stone
786 163 1008 stone
786 163 1009 stone
786 163 1010 stone
786 163 1011 stone
786 163 1012 stone
786 163 1013 stone
786 163 1014 stone
786 163 1015 stone
786 163 1016 stone
786 163 1017 stone
786 163 1018 stone
786 163 1019 stone
786 163 1020 stone
786 163 1021 stone
786 163 1022 stone
786 163 1023 stone
786 164 340 grass_block[snowy=false]
786 164 341 grass_block[snowy=false]
786 164 342 dirt
786 164 343 dirt
786 164 344 dirt
786 164 345 stone
786 164 346 stone
786 164 347 stone
786 164 348 stone
786 164 349 stone
786 164 350 stone
786 164 351 stone
786 164 352 stone
786 164 353 stone
786 164 354 stone
786 164 355 stone
786 164 356 stone
786 164 357 stone
786 164 358 stone
786 164 359 stone
786 164 360 stone
786 164 361 stone
786 164 362 stone
786 164 363 stone
786 164 364 stone
786 164 365 stone
786 164 366 stone
786 164 367 stone
786 164 368 stone
786 164 369 stone
786 164 370 stone
786 164 371 stone
786 164 372 stone
786 164 373 stone
786 164 374 dirt
786 164 375 dirt
786 164 376 dirt
786 164 377 dirt
786 164 378 dirt
786 164 379 dirt
786 164 380 dirt
786 164 381 tall_grass[half=lower]
786 164 808 short_grass
786 164 809 grass_block[snowy=false]
786 164 810 grass_block[snowy=false]
786 164 811 dirt
786 164 812 dirt
786 164 813 dirt
786 164 814 dirt
786 164 815 dirt
786 164 816 dirt
786 164 817 dirt
786 164 818 dirt
786 164 819 dirt
786 164 820 dirt
786 164 821 dirt
786 164 822 dirt
786 164 823 dirt
786 164 824 dirt
786 164 825 dirt
786 164 826 dirt
786 164 827 stone
786 164 828 stone
786 164 829 stone
786 164 830 stone
786 164 831 stone
786 164 832 stone
786 164 833 stone
786 164 834 stone
786 164 835 stone
786 164 836 stone
786 164 837 stone
786 164 838 stone
786 164 839 stone
786 164 840 stone
786 164 841 stone
786 164 842 stone
786 164 843 stone
786 164 844 stone
786 164 845 stone
786 164 846 copper_ore
786 164 847 copper_ore
786 164 848 stone
786 164 849 stone
786 164 850 stone
786 164 851 stone
786 164 852 stone
786 164 853 stone
786 164 854 stone
786 164 855 stone
786 164 856 stone
786 164 857 stone
786 164 858 coal_ore
786 164 859 coal_ore
786 164 860 stone
786 164 861 stone
786 164 862 stone
786 164 863 stone
786 164 864 stone
786 164 865 stone
786 164 866 stone
786 164 867 stone
786 164 868 stone
786 164 869 stone
786 164 870 stone
786 164 871 stone
786 164 872 stone
786 164 873 stone
786 164 874 stone
786 164 875 stone
786 164 876 stone
786 164 877 stone
786 164 878 stone
786 164 879 stone
786 164 880 stone
786 164 881 stone
786 164 882 stone
786 164 883 stone
786 164 884 stone
786 164 885 stone
786 164 886 stone
786 164 887 stone
786 164 888 stone
786 164 889 stone
786 164 890 stone
786 164 891 stone
786 164 892 stone
786 164 893 stone
786 164 894 stone
786 164 895 stone
786 164 896 stone
786 164 914 stone
786 164 915 stone
786 164 916 stone
786 164 917 stone
786 164 928 stone
786 164 929 stone
786 164 930 stone
786 164 931 stone
786 164 932 gravel
786 164 933 gravel
786 164 934 gravel
786 164 935 gravel
786 164 936 gravel
786 164 937 gravel
786 164 938 stone
786 164 939 stone
786 164 940 stone
786 164 941 stone
786 164 942 stone
786 164 943 stone
786 164 944 stone
786 164 945 dirt
786 164 981 grass_block[snowy=false]
786 164 982 dirt
786 164 983 granite
786 164 984 granite
786 164 985 stone
786 164 986 stone
786 164 987 stone
786 164 988 stone
786 164 989 stone
786 164 990 stone
786 164 991 stone
786 164 992 stone
786 164 993 stone
786 164 994 stone
786 164 995 stone
786 164 996 stone
786 164 997 stone
786 164 998 stone
786 164 999 stone
786 164 1000 stone
786 164 1001 stone
786 164 1002 stone
786 164 1003 stone
786 164 1004 stone
786 164 1005 stone
786 164 1006 stone
786 164 1007 stone
786 164 1008 stone
786 164 1009 stone
786 164 1010 stone
786 164 1011 stone
786 164 1012 stone
786 164 1013 stone
786 164 1014 stone
786 164 1015 stone
786 164 1016 stone
786 164 1017 stone
786 164 1018 dirt
786 164 1019 dirt
786 164 1020 dirt
786 164 1021 dirt
786 164 1022 stone
786 164 1023 stone
