785 128 384 stone
785 128 385 stone
785 128 386 stone
785 128 387 stone
785 128 388 stone
785 128 389 stone
785 128 390 stone
785 128 391 stone
785 128 392 andesite
785 128 393 andesite
785 128 394 andesite
785 128 395 andesite
785 128 396 andesite
785 128 397 andesite
785 128 398 andesite
785 128 399 andesite
785 128 400 stone
785 128 401 stone
785 128 402 stone
785 128 403 stone
785 128 404 stone
785 128 405 stone
785 128 406 stone
785 128 407 stone
785 128 408 stone
785 128 409 stone
785 128 410 stone
785 128 411 stone
785 128 412 stone
785 128 413 stone
785 128 414 stone
785 128 415 stone
785 128 416 stone
785 128 417 stone
785 128 418 stone
785 128 419 stone
785 128 420 stone
785 128 421 stone
785 128 422 stone
785 128 423 stone
785 128 424 stone
785 128 425 stone
785 128 426 stone
785 128 427 stone
785 128 428 stone
785 128 429 stone
785 128 430 stone
785 128 431 stone
785 128 432 stone
785 128 433 stone
785 128 434 stone
785 128 435 stone
785 128 436 stone
785 128 437 stone
785 128 438 stone
785 128 439 stone
785 128 440 stone
785 128 441 stone
785 128 442 stone
785 128 443 stone
785 128 444 stone
785 128 445 stone
785 128 446 stone
785 128 447 stone
785 128 448 stone
785 128 449 stone
785 128 450 stone
785 128 451 stone
785 128 452 stone
785 128 453 stone
785 128 454 stone
785 128 455 stone
785 128 456 stone
785 128 457 stone
785 128 458 stone
785 128 459 stone
785 128 460 stone
785 128 466 stone
785 128 467 stone
785 128 468 stone
785 128 469 stone
785 128 470 stone
785 128 471 stone
785 128 472 stone
785 128 473 stone
785 128 474 stone
785 128 475 stone
785 128 476 stone
785 128 477 stone
785 128 478 stone
785 128 479 stone
785 128 480 dirt
785 128 481 grass_block[snowy=false]
785 128 511 grass_block[snowy=false]
785 128 512 dirt
785 128 513 dirt
785 128 514 dirt
785 128 515 stone
785 128 516 stone
785 128 517 stone
785 128 518 stone
785 128 519 stone
785 128 520 stone
785 128 521 stone
785 128 522 stone
785 128 523 stone
785 128 524 stone
785 128 525 stone
785 128 526 stone
785 128 527 stone
785 128 528 stone
785 128 529 stone
785 128 530 stone
785 128 531 stone
785 128 532 stone
785 128 533 stone
785 128 534 stone
785 128 535 stone
785 128 536 stone
785 128 537 stone
785 128 538 stone
785 128 539 stone
785 128 540 stone
785 128 541 stone
785 128 542 stone
785 128 543 stone
785 128 544 stone
785 128 545 stone
785 128 546 stone
785 128 547 stone
785 128 548 stone
785 128 549 stone
785 128 550 stone
785 128 551 stone
785 128 552 stone
785 128 553 stone
785 128 554 stone
785 128 555 stone
785 128 556 stone
785 128 557 stone
785 128 558 stone
785 128 559 stone
785 128 560 stone
785 128 561 stone
785 128 562 stone
785 128 563 stone
785 128 564 stone
785 128 565 stone
785 128 566 stone
785 128 567 stone
785 128 568 stone
785 128 569 stone
785 128 570 stone
785 128 571 stone
785 128 572 stone
785 128 573 stone
785 128 574 stone
785 128 575 stone
785 128 576 stone
785 128 577 stone
785 128 578 stone
785 128 579 stone
785 128 580 stone
785 128 581 stone
785 128 582 stone
785 128 583 stone
785 128 584 stone
785 128 585 stone
785 128 586 stone
785 128 587 stone
785 128 588 stone
785 128 589 stone
785 128 590 stone
785 128 591 stone
785 128 592 stone
785 128 593 coal_ore
785 128 594 coal_ore
785 128 595 stone
785 128 596 stone
785 128 597 stone
785 128 598 stone
785 128 599 stone
785 128 600 stone
785 128 601 stone
785 128 602 stone
785 128 603 stone
785 128 604 stone
785 128 605 stone
785 128 606 stone
785 128 607 stone
785 128 608 stone
785 128 609 stone
785 128 610 stone
785 128 611 stone
785 128 612 stone
785 128 613 stone
785 128 614 stone
785 128 615 stone
785 128 616 stone
785 128 617 stone
785 128 618 stone
785 128 619 gravel
785 128 620 gravel
785 128 621 gravel
785 128 622 gravel
785 128 623 gravel
785 128 624 gravel
785 128 625 stone
785 128 626 stone
785 128 627 stone
785 128 628 stone
785 128 629 stone
785 128 630 stone
785 128 631 stone
785 128 632 stone
785 128 633 stone
785 128 634 stone
785 128 635 stone
785 128 636 stone
785 128 637 stone
785 128 638 stone
785 128 639 stone
785 128 640 stone
785 128 641 stone
785 128 642 stone
785 128 643 stone
785 128 644 stone
785 128 645 stone
785 128 646 stone
785 128 647 stone
785 128 648 stone
785 128 649 stone
785 128 650 stone
785 128 651 stone
785 128 652 stone
785 128 653 stone
785 128 654 stone
785 128 655 stone
785 128 656 stone
785 128 657 stone
785 128 658 stone
785 128 659 stone
785 128 660 stone
785 128 661 stone
785 128 662 stone
785 128 663 stone
785 128 664 stone
785 128 665 stone
785 128 666 stone
785 128 667 stone
785 128 668 stone
785 128 669 stone
785 128 670 stone
785 128 671 stone
785 128 672 stone
785 128 673 stone
785 128 674 stone
785 128 675 stone
785 128 676 stone
785 128 677 stone
785 128 678 stone
785 128 679 copper_ore
785 128 680 copper_ore
785 128 681 copper_ore
785 128 682 stone
785 128 683 stone
785 128 684 stone
785 128 685 stone
785 128 686 stone
785 128 687 stone
785 128 688 stone
785 128 689 granite
785 128 690 granite
785 128 691 granite
785 128 692 granite
785 128 693 granite
785 128 694 granite
785 128 695 granite
785 128 696 stone
785 128 697 stone
785 128 698 stone
785 128 699 stone
785 128 700 stone
785 128 701 stone
785 128 702 stone
785 128 703 stone
785 128 704 stone
785 128 705 stone
785 128 706 stone
785 128 707 stone
785 128 708 stone
785 128 709 stone
785 128 710 stone
785 128 711 copper_ore
785 128 712 copper_ore
785 128 713 stone
785 128 714 stone
785 128 715 stone
785 128 716 stone
785 128 717 stone
785 128 718 stone
785 128 719 stone
785 128 720 stone
785 128 721 stone
785 128 722 stone
785 128 723 stone
785 128 724 stone
785 128 725 stone
785 128 726 stone
785 128 727 stone
785 128 728 stone
785 128 729 stone
785 128 730 stone
785 128 731 stone
785 128 732 stone
785 128 733 stone
785 128 734 stone
785 128 735 stone
785 128 736 stone
785 128 737 stone
785 128 738 stone
785 128 739 stone
785 128 740 stone
785 128 741 stone
785 128 748 stone
785 128 749 stone
785 128 750 stone
785 128 751 stone
785 128 752 stone
785 128 753 stone
785 128 754 stone
785 128 755 stone
785 128 756 stone
785 128 757 stone
785 128 758 dirt
785 128 759 dirt
785 128 760 stone
785 128 761 stone
785 128 762 stone
785 128 763 stone
785 128 764 stone
785 128 765 stone
785 128 766 stone
785 128 767 stone
785 128 768 stone
785 128 769 stone
785 128 770 stone
785 128 771 stone
785 128 772 stone
785 128 773 stone
785 128 774 stone
785 128 775 stone
785 128 776 stone
785 128 777 stone
785 128 778 stone
785 128 779 stone
785 128 780 stone
785 128 781 stone
785 128 782 stone
785 128 783 stone
785 128 784 stone
785 128 785 stone
785 128 786 stone
785 128 787 stone
785 128 788 stone
785 128 789 stone
785 128 790 stone
785 128 791 stone
785 128 792 stone
785 128 793 stone
785 128 794 stone
785 128 795 stone
785 128 796 stone
785 128 797 stone
785 128 798 stone
785 128 799 stone
785 128 800 stone
785 128 801 stone
785 128 802 stone
785 128 803 stone
785 128 804 stone
785 128 805 stone
785 128 806 stone
785 128 807 stone
785 128 808 stone
785 128 809 stone
785 128 810 stone
785 128 811 stone
785 128 812 stone
785 128 813 stone
785 128 814 stone
785 128 815 stone
785 128 816 stone
785 128 817 stone
785 128 818 stone
785 128 819 stone
785 128 820 stone
785 128 821 stone
785 128 822 stone
785 128 823 stone
785 128 824 stone
785 128 825 stone
785 128 826 stone
785 128 827 stone
785 128 828 stone
785 128 829 stone
785 128 830 stone
785 128 831 stone
785 128 832 stone
785 128 833 stone
785 128 834 stone
785 128 835 stone
785 128 836 stone
785 128 837 stone
785 128 838 stone
785 128 839 stone
785 128 840 stone
785 128 841 stone
785 128 842 stone
785 128 843 stone
785 128 844 stone
785 128 845 stone
785 128 846 stone
785 128 847 stone
785 128 848 copper_ore
785 128 849 granite
785 128 850 granite
785 128 851 granite
785 128 852 granite
785 128 853 granite
785 128 854 granite
785 128 855 granite
785 128 856 granite
785 128 857 granite
785 128 858 stone
785 128 859 stone
785 128 860 stone
785 128 861 stone
785 128 862 stone
785 128 863 stone
785 128 864 stone
785 128 865 stone
785 128 866 stone
785 128 867 stone
785 128 868 stone
785 128 869 stone
785 128 870 stone
785 128 871 stone
785 128 872 stone
785 128 873 stone
785 128 874 stone
785 128 875 stone
785 128 876 stone
785 128 877 stone
785 128 878 stone
785 128 879 stone
785 128 880 stone
785 128 881 stone
785 128 882 stone
785 128 883 stone
785 128 884 stone
785 128 885 stone
785 128 886 stone
785 128 887 stone
785 128 888 stone
785 128 889 stone
785 128 890 stone
785 128 891 stone
785 128 892 stone
785 128 893 stone
785 128 894 stone
785 128 895 stone
785 128 896 stone
785 128 897 stone
785 128 898 stone
785 128 899 stone
785 128 900 stone
785 128 901 stone
785 128 902 stone
785 128 903 stone
785 128 904 stone
785 128 905 stone
785 128 906 stone
785 128 907 stone
785 128 908 stone
785 128 909 stone
785 128 910 stone
785 128 911 stone
785 128 912 stone
785 128 913 stone
785 128 914 stone
785 128 915 stone
785 128 916 stone
785 128 917 stone
785 128 918 stone
785 128 919 stone
785 128 920 stone
785 128 921 stone
785 128 922 stone
785 128 923 stone
785 128 924 stone
785 128 925 stone
785 128 926 stone
785 128 927 stone
785 128 928 stone
785 128 929 stone
785 128 930 stone
785 128 931 stone
785 128 932 stone
785 128 933 stone
785 128 934 stone
785 128 935 stone
785 128 936 stone
785 128 937 stone
785 128 938 stone
785 128 939 stone
785 128 940 stone
785 128 941 stone
785 128 942 stone
785 128 943 stone
785 128 944 stone
785 128 945 stone
785 128 946 stone
785 128 947 stone
785 128 948 stone
785 128 949 dirt
785 128 950 stone
785 128 951 stone
785 128 952 stone
785 128 981 stone
785 128 982 stone
785 128 983 stone
785 128 984 stone
785 128 985 stone
785 128 986 stone
785 128 987 stone
785 128 988 stone
785 128 989 stone
785 128 990 stone
785 128 991 stone
785 128 992 stone
785 128 993 stone
785 128 994 stone
785 128 995 stone
785 128 996 stone
785 128 997 stone
785 128 998 stone
785 128 999 stone
785 129 0 stone
785 129 1 stone
785 129 2 stone
785 129 3 stone
785 129 4 stone
785 129 5 stone
785 129 6 stone
785 129 7 stone
785 129 8 stone
785 129 9 stone
785 129 10 stone
785 129 11 stone
785 129 12 stone
785 129 13 stone
785 129 17 stone
785 129 18 stone
785 129 19 stone
785 129 20 diorite
785 129 21 diorite
785 129 22 diorite
785 129 23 diorite
785 129 24 diorite
785 129 25 diorite
785 129 26 coal_ore
785 129 27 coal_ore
785 129 28 coal_ore
785 129 29 coal_ore
785 129 30 stone
785 129 31 stone
785 129 32 stone
785 129 33 stone
785 129 34 stone
785 129 35 stone
785 129 36 stone
785 129 37 stone
785 129 38 stone
785 129 39 stone
785 129 40 stone
785 129 41 stone
785 129 42 stone
785 129 47 stone
785 129 48 stone
785 129 49 stone
785 129 50 stone
785 129 51 stone
785 129 52 stone
785 129 53 stone
785 129 54 stone
785 129 55 stone
785 129 56 stone
785 129 57 stone
785 129 58 stone
785 129 59 stone
785 129 60 stone
785 129 61 stone
785 129 62 stone
785 129 63 stone
785 129 64 stone
785 129 65 stone
785 129 66 stone
785 129 67 stone
785 129 68 stone
785 129 69 stone
785 129 70 gravel
785 129 71 stone
785 129 72 stone
785 129 73 stone
785 129 74 stone
785 129 75 stone
785 129 76 stone
785 129 77 stone
785 129 78 stone
785 129 79 stone
785 129 80 stone
785 129 81 stone
785 129 82 stone
785 129 83 stone
785 129 84 stone
785 129 85 stone
785 129 86 stone
785 129 87 stone
785 129 88 stone
785 129 89 stone
785 129 90 stone
785 129 91 stone
785 129 92 stone
785 129 93 stone
785 129 94 stone
785 129 95 stone
785 129 96 stone
785 129 97 stone
785 129 98 stone
785 129 99 stone
785 129 100 stone
785 129 108 stone
785 129 118 stone
785 129 119 stone
785 129 120 stone
785 129 121 stone
785 129 122 stone
785 129 123 stone
785 129 124 stone
785 129 125 stone
785 129 126 stone
785 129 127 stone
785 129 128 stone
785 129 129 stone
785 129 130 stone
785 129 131 stone
785 129 132 dirt
785 129 133 stone
785 129 134 dirt
785 129 135 stone
785 129 136 stone
785 129 137 stone
785 129 138 stone
785 129 139 stone
785 129 140 stone
785 129 141 stone
785 129 142 stone
785 129 143 stone
785 129 144 stone
785 129 145 stone
785 129 146 stone
785 129 147 stone
785 129 148 stone
785 129 149 stone
785 129 150 stone
785 129 151 stone
785 129 152 stone
785 129 153 stone
785 129 154 stone
785 129 155 stone
785 129 156 stone
785 129 157 stone
785 129 158 stone
785 129 159 stone
785 129 160 coal_ore
785 129 161 coal_ore
785 129 162 coal_ore
785 129 163 coal_ore
785 129 164 coal_ore
785 129 165 stone
785 129 166 stone
785 129 167 stone
785 129 168 stone
785 129 169 stone
785 129 170 stone
785 129 171 stone
785 129 176 stone
785 129 177 stone
785 129 178 stone
785 129 179 stone
785 129 180 stone
785 129 181 stone
785 129 182 stone
785 129 183 stone
785 129 184 stone
785 129 185 stone
785 129 186 stone
785 129 187 stone
785 129 188 stone
785 129 189 stone
785 129 190 stone
785 129 191 stone
785 129 192 stone
785 129 193 stone
785 129 194 stone
785 129 195 stone
785 129 196 stone
785 129 197 stone
785 129 198 stone
785 129 199 stone
785 129 200 stone
785 129 201 stone
785 129 202 stone
785 129 203 stone
785 129 204 stone
785 129 205 stone
785 129 206 stone
785 129 207 stone
785 129 208 stone
785 129 209 stone
785 129 210 stone
785 129 211 stone
785 129 212 stone
785 129 213 stone
785 129 214 stone
785 129 215 stone
785 129 216 stone
785 129 217 stone
785 129 218 stone
785 129 219 stone
785 129 220 stone
785 129 221 stone
785 129 222 stone
785 129 223 stone
785 129 224 stone
785 129 225 stone
785 129 226 stone
785 129 227 stone
785 129 228 stone
785 129 229 stone
785 129 230 stone
785 129 231 stone
785 129 232 stone
785 129 233 stone
785 129 234 stone
785 129 235 stone
785 129 236 stone
785 129 237 stone
785 129 238 stone
785 129 239 stone
785 129 240 stone
785 129 241 coal_ore
785 129 242 coal_ore
785 129 243 stone
785 129 244 stone
785 129 245 stone
785 129 246 stone
785 129 247 stone
785 129 248 stone
785 129 249 stone
785 129 250 stone
785 129 251 stone
785 129 252 stone
785 129 253 stone
785 129 254 stone
785 129 255 stone
785 129 256 stone
785 129 257 coal_ore
785 129 258 coal_ore
785 129 259 stone
785 129 260 stone
785 129 261 stone
785 129 262 stone
785 129 263 stone
785 129 264 stone
785 129 265 stone
785 129 266 stone
785 129 267 stone
785 129 268 stone
785 129 269 stone
785 129 270 stone
785 129 271 stone
785 129 272 stone
785 129 273 stone
785 129 293 stone
785 129 294 stone
785 129 295 stone
785 129 296 stone
785 129 297 stone
785 129 298 stone
785 129 299 stone
785 129 300 stone
785 129 301 stone
785 129 302 stone
785 129 303 stone
785 129 304 stone
785 129 305 stone
785 129 306 stone
785 129 307 stone
785 129 308 stone
785 129 309 stone
785 129 310 stone
785 129 311 stone
785 129 312 coal_ore
785 129 313 coal_ore
785 129 314 stone
785 129 315 stone
785 129 316 stone
785 129 317 stone
785 129 318 stone
785 129 319 stone
785 129 320 stone
785 129 340 stone
785 129 341 stone
785 129 342 stone
785 129 343 stone
785 129 344 stone
785 129 345 stone
785 129 346 stone
785 129 347 stone
785 129 348 stone
785 129 349 stone
785 129 350 stone
785 129 351 stone
785 129 352 stone
785 129 353 stone
785 129 354 stone
785 129 355 stone
785 129 356 stone
785 129 357 stone
785 129 358 stone
785 129 359 stone
785 129 360 stone
785 129 361 stone
785 129 362 stone
785 129 363 stone
785 129 364 stone
785 129 365 stone
785 129 366 stone
785 129 367 stone
785 129 368 stone
785 129 369 stone
785 129 370 stone
785 129 371 stone
785 129 372 stone
785 129 373 stone
785 129 374 stone
785 129 375 stone
785 129 376 stone
785 129 377 stone
785 129 378 stone
785 129 379 stone
785 129 380 stone
785 129 381 stone
785 129 382 stone
785 129 383 stone
785 129 384 stone
785 129 385 stone
785 129 386 stone
785 129 387 stone
785 129 388 stone
785 129 389 stone
785 129 390 stone
785 129 391 stone
785 129 392 andesite
785 129 393 andesite
785 129 394 andesite
785 129 395 andesite
785 129 396 andesite
785 129 397 andesite
785 129 398 andesite
785 129 399 andesite
785 129 400 andesite
785 129 401 stone
785 129 402 stone
785 129 403 stone
785 129 404 stone
785 129 405 stone
785 129 406 stone
785 129 407 stone
785 129 408 stone
785 129 409 stone
785 129 410 stone
785 129 411 stone
785 129 412 stone
785 129 413 stone
785 129 414 stone
785 129 415 stone
785 129 416 stone
785 129 417 stone
785 129 418 stone
785 129 419 stone
785 129 420 stone
785 129 421 stone
785 129 422 stone
785 129 423 stone
785 129 424 stone
785 129 425 stone
785 129 426 stone
785 129 427 stone
785 129 428 stone
785 129 429 stone
785 129 430 stone
785 129 431 stone
785 129 432 stone
785 129 433 stone
785 129 434 stone
785 129 435 stone
785 129 436 stone
785 129 437 stone
785 129 438 stone
785 129 439 stone
785 129 440 stone
785 129 441 stone
785 129 442 stone
785 129 443 stone
785 129 444 stone
785 129 445 stone
785 129 446 stone
785 129 447 stone
785 129 448 stone
785 129 449 stone
785 129 450 stone
785 129 451 stone
785 129 452 stone
785 129 453 stone
785 129 454 stone
785 129 455 stone
785 129 456 stone
785 129 457 stone
785 129 458 stone
785 129 459 stone
785 129 460 stone
785 129 461 stone
785 129 462 stone
785 129 463 stone
785 129 464 stone
785 129 465 stone
785 129 466 stone
785 129 467 stone
785 129 468 stone
785 129 469 stone
785 129 470 stone
785 129 471 stone
785 129 472 stone
785 129 473 stone
785 129 474 stone
785 129 475 stone
785 129 476 stone
785 129 477 stone
785 129 478 stone
785 129 479 stone
785 129 480 grass_block[snowy=false]
785 129 512 dirt
785 129 513 dirt
785 129 514 dirt
785 129 515 stone
785 129 516 stone
785 129 517 stone
785 129 518 stone
785 129 519 stone
785 129 520 stone
785 129 521 stone
785 129 522 stone
785 129 523 stone
785 129 524 stone
785 129 525 stone
785 129 526 stone
785 129 527 stone
785 129 528 stone
785 129 529 stone
785 129 530 stone
785 129 531 stone
785 129 532 stone
785 129 533 stone
785 129 534 stone
785 129 535 stone
785 129 536 stone
785 129 537 stone
785 129 538 stone
785 129 539 stone
785 129 540 stone
785 129 541 stone
785 129 542 stone
785 129 543 stone
785 129 544 stone
785 129 545 stone
785 129 546 stone
785 129 547 stone
785 129 548 stone
785 129 549 stone
785 129 550 stone
785 129 551 stone
785 129 552 stone
785 129 553 stone
785 129 554 stone
785 129 555 stone
785 129 556 stone
785 129 557 stone
785 129 558 stone
785 129 559 stone
785 129 560 stone
785 129 561 coal_ore
785 129 562 stone
785 129 563 stone
785 129 564 stone
785 129 565 stone
785 129 566 stone
785 129 567 stone
785 129 568 stone
785 129 569 stone
785 129 570 stone
785 129 571 stone
785 129 572 gravel
785 129 573 gravel
785 129 574 gravel
785 129 575 gravel
785 129 576 gravel
785 129 577 gravel
785 129 578 stone
785 129 579 stone
785 129 580 stone
785 129 581 stone
785 129 582 stone
785 129 583 stone
785 129 584 stone
785 129 585 stone
785 129 586 stone
785 129 587 stone
785 129 588 stone
785 129 589 stone
785 129 590 stone
785 129 591 coal_ore
785 129 592 stone
785 129 593 stone
785 129 594 stone
785 129 595 stone
785 129 596 stone
785 129 597 stone
785 129 598 stone
785 129 599 stone
785 129 600 stone
785 129 601 stone
785 129 602 stone
785 129 603 stone
785 129 604 stone
785 129 605 stone
785 129 606 stone
785 129 607 stone
785 129 608 stone
785 129 609 stone
785 129 610 stone
785 129 611 stone
785 129 612 stone
785 129 613 stone
785 129 614 stone
785 129 615 stone
785 129 616 stone
785 129 617 stone
785 129 618 gravel
785 129 619 gravel
785 129 620 gravel
785 129 621 gravel
785 129 622 gravel
785 129 623 gravel
785 129 624 gravel
785 129 625 gravel
785 129 626 gravel
785 129 627 gravel
785 129 628 stone
785 129 629 stone
785 129 630 stone
785 129 631 stone
785 129 632 stone
785 129 633 stone
785 129 634 stone
785 129 635 stone
785 129 636 stone
785 129 637 stone
785 129 638 stone
785 129 639 stone
785 129 640 stone
785 129 641 stone
785 129 642 stone
785 129 643 stone
785 129 644 stone
785 129 645 stone
785 129 646 stone
785 129 647 stone
785 129 648 stone
785 129 649 stone
785 129 650 stone
785 129 651 stone
785 129 652 stone
785 129 653 stone
785 129 654 stone
785 129 655 stone
785 129 656 stone
785 129 657 stone
785 129 658 stone
785 129 659 stone
785 129 660 stone
785 129 661 stone
785 129 662 stone
785 129 663 stone
785 129 664 stone
785 129 665 copper_ore
785 129 666 copper_ore
785 129 667 stone
785 129 668 stone
785 129 669 stone
785 129 670 stone
785 129 671 stone
785 129 672 stone
785 129 673 stone
785 129 674 stone
785 129 675 stone
785 129 676 stone
