875 108 300 stone
875 108 301 stone
875 108 302 stone
875 108 303 stone
875 108 304 stone
875 108 305 stone
875 108 306 stone
875 108 307 stone
875 108 308 stone
875 108 309 stone
875 108 313 diorite
875 108 314 diorite
875 108 315 diorite
875 108 316 diorite
875 108 317 glow_lichen[down=false,east=false,north=true,south=false,up=false,waterlogged=false,west=false]
875 108 331 stone
875 108 332 stone
875 108 333 stone
875 108 334 stone
875 108 335 stone
875 108 336 stone
875 108 337 stone
875 108 338 stone
875 108 339 stone
875 108 340 stone
875 108 341 stone
875 108 342 stone
875 108 343 stone
875 108 353 stone
875 108 354 stone
875 108 355 stone
875 108 356 stone
875 108 357 stone
875 108 358 stone
875 108 359 stone
875 108 360 stone
875 108 369 stone
875 108 370 stone
875 108 371 stone
875 108 372 stone
875 108 373 stone
875 108 374 stone
875 108 375 stone
875 108 376 stone
875 108 377 stone
875 108 378 stone
875 108 379 stone
875 108 380 stone
875 108 381 stone
875 108 382 stone
875 108 383 stone
876 108 256 stone
876 108 257 stone
876 108 258 stone
876 108 259 stone
876 108 260 stone
876 108 261 stone
876 108 262 stone
876 108 263 stone
876 108 264 stone
876 108 265 stone
876 108 266 stone
876 108 267 stone
876 108 268 stone
876 108 269 stone
876 108 270 stone
876 108 271 stone
876 108 272 stone
876 108 273 stone
876 108 274 diorite
876 108 275 diorite
876 108 276 diorite
876 108 277 diorite
876 108 278 diorite
876 108 279 diorite
876 108 280 diorite
876 108 281 diorite
876 108 282 stone
876 108 283 stone
876 108 284 stone
876 108 285 stone
876 108 286 stone
876 108 287 stone
876 108 288 stone
876 108 289 stone
876 108 290 stone
876 108 291 stone
876 108 292 stone
876 108 293 stone
876 108 294 stone
876 108 295 stone
876 108 296 stone
876 108 297 stone
876 108 298 stone
876 108 299 stone
876 108 300 stone
876 108 303 andesite
876 108 304 andesite
876 108 305 andesite
876 108 306 andesite
876 108 307 andesite
876 108 308 andesite
876 108 313 stone
876 108 314 diorite
876 108 315 diorite
876 108 331 stone
876 108 332 stone
876 108 333 stone
876 108 334 stone
876 108 335 stone
876 108 336 stone
876 108 337 stone
876 108 338 stone
876 108 339 stone
876 108 340 stone
876 108 341 stone
876 108 342 stone
876 108 343 stone
876 108 353 stone
876 108 354 stone
876 108 355 stone
876 108 356 stone
876 108 357 stone
876 108 358 stone
876 108 359 stone
876 108 360 stone
876 108 369 stone
876 108 370 stone
876 108 371 stone
876 108 372 stone
876 108 373 stone
876 108 374 stone
876 108 375 stone
876 108 376 stone
876 108 377 stone
876 108 378 stone
876 108 379 stone
876 108 380 stone
876 108 381 stone
876 108 382 stone
876 108 383 stone
877 108 256 stone
877 108 257 stone
877 108 258 stone
877 108 259 stone
877 108 260 stone
877 108 261 stone
877 108 262 stone
877 108 263 stone
877 108 264 stone
877 108 265 stone
877 108 266 stone
877 108 267 stone
877 108 268 stone
877 108 269 stone
877 108 270 stone
877 108 271 stone
877 108 272 stone
877 108 273 stone
877 108 274 diorite
877 108 275 diorite
877 108 276 diorite
877 108 277 diorite
877 108 278 diorite
877 108 279 diorite
877 108 280 diorite
877 108 281 diorite
877 108 282 diorite
877 108 283 stone
877 108 284 stone
877 108 285 stone
877 108 286 stone
877 108 287 stone
877 108 288 stone
877 108 289 stone
877 108 290 stone
877 108 291 stone
877 108 292 stone
877 108 293 stone
877 108 294 stone
877 108 295 stone
877 108 296 stone
877 108 297 stone
877 108 298 stone
877 108 299 stone
877 108 300 andesite
877 108 304 andesite
877 108 305 andesite
877 108 306 andesite
877 108 307 andesite
877 108 313 stone
877 108 314 stone
877 108 331 stone
877 108 332 stone
877 108 333 stone
877 108 334 stone
877 108 335 stone
877 108 336 stone
877 108 337 copper_ore
877 108 338 stone
877 108 339 stone
877 108 340 stone
877 108 341 stone
877 108 342 stone
877 108 343 stone
877 108 354 stone
877 108 355 stone
877 108 356 stone
877 108 357 stone
877 108 358 stone
877 108 359 stone
877 108 369 stone
877 108 370 stone
877 108 371 stone
877 108 372 stone
877 108 373 stone
877 108 374 stone
877 108 375 stone
877 108 376 stone
877 108 377 stone
877 108 378 stone
877 108 379 stone
877 108 380 stone
877 108 381 stone
877 108 382 stone
877 108 383 stone
878 108 256 stone
878 108 257 stone
878 108 258 stone
878 108 259 stone
878 108 260 stone
878 108 261 stone
878 108 262 stone
878 108 263 stone
878 108 264 stone
878 108 265 stone
878 108 266 stone
878 108 267 stone
878 108 268 stone
878 108 269 stone
878 108 270 stone
878 108 271 stone
878 108 272 stone
878 108 273 stone
878 108 274 stone
878 108 275 stone
878 108 276 diorite
878 108 277 diorite
878 108 278 diorite
878 108 279 diorite
878 108 280 diorite
878 108 281 diorite
878 108 282 diorite
878 108 283 diorite
878 108 284 stone
878 108 285 stone
878 108 286 stone
878 108 287 stone
878 108 288 stone
878 108 289 stone
878 108 290 stone
878 108 291 stone
878 108 292 stone
878 108 293 stone
878 108 294 stone
878 108 295 stone
878 108 296 stone
878 108 297 stone
878 108 298 stone
878 108 299 andesite
878 108 300 andesite
878 108 304 andesite
878 108 305 andesite
878 108 306 andesite
878 108 313 stone
878 108 331 granite
878 108 332 copper_ore
878 108 333 stone
878 108 334 stone
878 108 335 stone
878 108 336 stone
878 108 337 copper_ore
878 108 338 stone
878 108 339 stone
878 108 340 stone
878 108 341 stone
878 108 342 stone
878 108 343 stone
878 108 354 dirt
878 108 355 dirt
878 108 356 dirt
878 108 357 dirt
878 108 358 stone
878 108 359 stone
878 108 370 stone
878 108 371 stone
878 108 372 stone
878 108 373 stone
878 108 374 stone
878 108 375 stone
878 108 376 stone
878 108 377 stone
878 108 378 stone
878 108 379 stone
878 108 380 stone
878 108 381 stone
878 108 382 stone
878 108 383 stone
879 108 256 stone
879 108 257 stone
879 108 258 stone
879 108 259 stone
879 108 260 stone
879 108 261 stone
879 108 262 stone
879 108 263 stone
879 108 264 stone
879 108 265 stone
879 108 266 stone
879 108 267 stone
879 108 268 stone
879 108 269 stone
879 108 270 stone
879 108 271 stone
879 108 272 stone
879 108 273 stone
879 108 274 stone
879 108 275 stone
879 108 276 stone
879 108 277 stone
879 108 278 diorite
879 108 279 diorite
879 108 280 diorite
879 108 281 diorite
879 108 282 diorite
879 108 283 diorite
879 108 284 stone
879 108 285 stone
879 108 286 stone
879 108 287 stone
879 108 288 stone
879 108 289 stone
879 108 290 stone
879 108 291 stone
879 108 292 stone
879 108 293 stone
879 108 294 stone
879 108 295 stone
879 108 296 stone
879 108 297 andesite
879 108 298 andesite
879 108 299 andesite
879 108 300 andesite
879 108 304 andesite
879 108 312 stone
879 108 313 stone
879 108 331 granite
879 108 332 stone
879 108 333 stone
879 108 334 stone
879 108 335 stone
879 108 336 stone
879 108 337 stone
879 108 338 stone
879 108 339 stone
879 108 340 stone
879 108 341 stone
879 108 342 stone
879 108 343 stone
879 108 354 dirt
879 108 355 dirt
879 108 356 dirt
879 108 357 dirt
879 108 358 stone
879 108 359 stone
879 108 370 stone
879 108 371 stone
879 108 372 stone
879 108 373 stone
879 108 374 stone
879 108 375 stone
879 108 376 stone
879 108 377 diorite
879 108 378 diorite
879 108 379 stone
879 108 380 stone
879 108 381 stone
879 108 382 stone
879 108 383 stone
880 108 256 stone
880 108 257 stone
880 108 258 stone
880 108 259 stone
880 108 260 stone
880 108 261 stone
880 108 262 stone
880 108 263 stone
880 108 264 stone
880 108 265 stone
880 108 266 stone
880 108 267 stone
880 108 268 stone
880 108 269 stone
880 108 270 stone
880 108 271 stone
880 108 272 stone
880 108 273 stone
880 108 274 stone
880 108 275 stone
880 108 276 stone
880 108 277 stone
880 108 278 stone
880 108 279 diorite
880 108 280 diorite
880 108 281 diorite
880 108 282 diorite
880 108 283 diorite
880 108 284 stone
880 108 285 stone
880 108 286 stone
880 108 287 stone
880 108 288 stone
880 108 289 stone
880 108 290 stone
880 108 291 stone
880 108 292 stone
880 108 293 stone
880 108 294 stone
880 108 295 stone
880 108 296 stone
880 108 297 andesite
880 108 298 andesite
880 108 299 andesite
880 108 300 andesite
880 108 311 stone
880 108 312 stone
880 108 313 gravel
880 108 314 gravel
880 108 315 gravel
880 108 331 granite
880 108 332 stone
880 108 333 stone
880 108 334 stone
880 108 335 stone
880 108 336 stone
880 108 337 stone
880 108 338 stone
880 108 339 stone
880 108 340 stone
880 108 341 stone
880 108 342 stone
880 108 343 stone
880 108 354 stone
880 108 355 dirt
880 108 356 stone
880 108 357 stone
880 108 358 stone
880 108 359 stone
880 108 370 stone
880 108 371 stone
880 108 372 stone
880 108 373 stone
880 108 374 stone
880 108 375 stone
880 108 376 diorite
880 108 377 diorite
880 108 378 diorite
880 108 379 stone
880 108 380 stone
880 108 381 stone
880 108 382 stone
880 108 383 stone
881 108 256 stone
881 108 257 stone
881 108 258 stone
881 108 259 stone
881 108 260 stone
881 108 261 stone
881 108 262 stone
881 108 263 stone
881 108 264 stone
881 108 265 stone
881 108 266 stone
881 108 267 stone
881 108 268 stone
881 108 269 stone
881 108 270 stone
881 108 271 stone
881 108 272 stone
881 108 273 stone
881 108 274 stone
881 108 275 stone
881 108 276 stone
881 108 277 stone
881 108 278 stone
881 108 279 stone
881 108 280 stone
881 108 281 stone
881 108 282 diorite
881 108 283 stone
881 108 284 stone
881 108 285 stone
881 108 286 stone
881 108 287 stone
881 108 288 stone
881 108 289 stone
881 108 290 stone
881 108 291 stone
881 108 292 stone
881 108 293 stone
881 108 294 stone
881 108 295 stone
881 108 296 stone
881 108 297 andesite
881 108 298 andesite
881 108 310 stone
881 108 311 stone
881 108 312 gravel
881 108 313 gravel
881 108 314 gravel
881 108 315 gravel
881 108 316 gravel
881 108 330 granite
881 108 331 stone
881 108 332 stone
881 108 333 stone
881 108 334 stone
881 108 335 stone
881 108 336 stone
881 108 337 stone
881 108 338 stone
881 108 339 stone
881 108 340 stone
881 108 341 stone
881 108 342 stone
881 108 343 stone
881 108 355 stone
881 108 356 stone
881 108 357 stone
881 108 358 stone
881 108 359 stone
881 108 370 stone
881 108 371 stone
881 108 372 stone
881 108 373 stone
881 108 374 stone
881 108 375 stone
881 108 376 diorite
881 108 377 diorite
881 108 378 diorite
881 108 379 diorite
881 108 380 stone
881 108 381 stone
881 108 382 stone
881 108 383 stone
882 108 256 stone
882 108 257 stone
882 108 258 stone
882 108 259 stone
882 108 260 stone
882 108 261 stone
882 108 262 stone
882 108 263 stone
882 108 264 stone
882 108 265 stone
882 108 266 stone
882 108 267 stone
882 108 268 stone
882 108 269 stone
882 108 270 stone
882 108 271 stone
882 108 272 stone
882 108 273 stone
882 108 274 stone
882 108 275 stone
882 108 276 stone
882 108 277 stone
882 108 278 stone
882 108 279 stone
882 108 280 stone
882 108 281 stone
882 108 282 stone
882 108 283 stone
882 108 284 stone
882 108 285 stone
882 108 286 stone
882 108 287 stone
882 108 288 stone
882 108 289 stone
882 108 290 stone
882 108 291 stone
882 108 292 stone
882 108 293 stone
882 108 294 stone
882 108 295 stone
882 108 296 stone
882 108 297 andesite
882 108 308 stone
882 108 309 stone
882 108 310 stone
882 108 311 gravel
882 108 312 gravel
882 108 313 gravel
882 108 314 gravel
882 108 315 gravel
882 108 316 gravel
882 108 317 stone
882 108 328 granite
882 108 329 granite
882 108 330 stone
882 108 331 stone
882 108 332 stone
882 108 333 stone
882 108 334 stone
882 108 335 stone
882 108 336 stone
882 108 337 stone
882 108 338 stone
882 108 339 stone
882 108 340 stone
882 108 341 stone
882 108 342 stone
882 108 343 stone
882 108 344 stone
882 108 355 stone
882 108 356 stone
882 108 357 stone
882 108 358 stone
882 108 359 stone
882 108 370 stone
882 108 371 stone
882 108 372 stone
882 108 373 stone
882 108 374 stone
882 108 375 stone
882 108 376 diorite
882 108 377 diorite
882 108 378 diorite
882 108 379 diorite
882 108 380 stone
882 108 381 stone
882 108 382 stone
882 108 383 stone
883 108 256 stone
883 108 257 stone
883 108 258 stone
883 108 259 stone
883 108 260 stone
883 108 261 stone
883 108 262 stone
883 108 263 stone
883 108 264 stone
883 108 265 stone
883 108 266 stone
883 108 267 stone
883 108 268 stone
883 108 269 stone
883 108 270 stone
883 108 271 stone
883 108 272 stone
883 108 273 stone
883 108 274 stone
883 108 275 stone
883 108 276 stone
883 108 277 stone
883 108 278 stone
883 108 279 stone
883 108 280 stone
883 108 281 stone
883 108 282 stone
883 108 283 stone
883 108 284 stone
883 108 285 stone
883 108 286 stone
883 108 287 stone
883 108 288 stone
883 108 289 stone
883 108 290 stone
883 108 291 stone
883 108 292 stone
883 108 293 stone
883 108 294 stone
883 108 295 water[level=0]
883 108 296 stone
883 108 297 stone
883 108 304 stone
883 108 305 stone
883 108 306 stone
883 108 307 stone
883 108 308 stone
883 108 309 stone
883 108 310 stone
883 108 311 gravel
883 108 312 gravel
883 108 313 gravel
883 108 314 gravel
883 108 315 gravel
883 108 316 stone
883 108 329 granite
883 108 330 stone
883 108 331 stone
883 108 332 stone
883 108 333 stone
883 108 334 stone
883 108 335 stone
883 108 336 stone
883 108 337 stone
883 108 338 stone
883 108 339 stone
883 108 340 stone
883 108 341 stone
883 108 342 stone
883 108 343 stone
883 108 344 stone
883 108 355 stone
883 108 356 stone
883 108 357 stone
883 108 358 stone
883 108 359 stone
883 108 361 stone
883 108 362 stone
883 108 363 stone
883 108 364 stone
883 108 365 stone
883 108 366 stone
883 108 370 stone
883 108 371 stone
883 108 372 stone
883 108 373 stone
883 108 374 stone
883 108 375 diorite
883 108 376 diorite
883 108 377 diorite
883 108 378 diorite
883 108 379 diorite
883 108 380 diorite
883 108 381 stone
883 108 382 stone
883 108 383 stone
884 108 256 stone
884 108 257 stone
884 108 258 stone
884 108 259 stone
884 108 260 stone
884 108 261 stone
884 108 262 stone
884 108 263 stone
884 108 264 stone
884 108 265 stone
884 108 266 stone
884 108 267 stone
884 108 268 stone
884 108 269 stone
884 108 270 stone
884 108 271 stone
884 108 272 stone
884 108 273 stone
884 108 274 stone
884 108 275 stone
884 108 276 stone
884 108 277 stone
884 108 278 stone
884 108 279 stone
884 108 280 stone
884 108 281 stone
884 108 282 stone
884 108 283 stone
884 108 284 stone
884 108 285 stone
884 108 286 stone
884 108 287 stone
884 108 288 stone
884 108 289 stone
884 108 290 stone
884 108 291 stone
884 108 292 stone
884 108 293 stone
884 108 294 water[level=0]
884 108 295 water[level=0]
884 108 296 stone
884 108 297 stone
884 108 303 stone
884 108 304 stone
884 108 305 stone
884 108 306 stone
884 108 307 granite
884 108 308 granite
884 108 309 granite
884 108 310 granite
884 108 311 gravel
884 108 312 gravel
884 108 313 gravel
884 108 314 gravel
884 108 315 gravel
884 108 316 granite
884 108 317 granite
884 108 329 stone
884 108 330 stone
884 108 331 stone
884 108 332 stone
884 108 333 stone
884 108 334 stone
884 108 335 stone
884 108 336 stone
884 108 337 stone
884 108 338 stone
884 108 339 stone
884 108 340 stone
884 108 341 stone
884 108 342 stone
884 108 343 stone
884 108 344 stone
884 108 355 stone
884 108 356 stone
884 108 357 stone
884 108 358 stone
884 108 359 stone
884 108 361 stone
884 108 362 stone
884 108 363 stone
884 108 364 stone
884 108 365 stone
884 108 366 stone
884 108 367 stone
884 108 370 stone
884 108 371 stone
884 108 372 stone
884 108 373 stone
884 108 374 stone
884 108 375 diorite
884 108 376 diorite
884 108 377 diorite
884 108 378 diorite
884 108 379 diorite
884 108 380 diorite
884 108 381 stone
884 108 382 stone
884 108 383 stone
885 108 256 andesite
885 108 257 stone
885 108 258 stone
885 108 259 stone
885 108 260 stone
885 108 261 stone
885 108 262 stone
885 108 263 stone
885 108 264 stone
885 108 265 stone
885 108 266 stone
885 108 267 stone
885 108 268 stone
885 108 269 stone
885 108 270 stone
885 108 271 stone
885 108 272 stone
885 108 273 stone
885 108 274 stone
885 108 275 stone
885 108 276 stone
885 108 277 stone
885 108 278 stone
885 108 279 stone
885 108 280 stone
885 108 281 stone
885 108 282 stone
885 108 283 stone
885 108 284 stone
885 108 285 stone
885 108 286 stone
885 108 287 stone
885 108 288 stone
885 108 289 stone
885 108 290 stone
885 108 291 stone
885 108 292 stone
885 108 293 stone
885 108 294 water[level=0]
885 108 295 water[level=0]
885 108 296 water[level=0]
885 108 297 stone
885 108 298 stone
885 108 299 stone
885 108 303 stone
885 108 304 stone
885 108 305 granite
885 108 306 granite
885 108 307 granite
885 108 308 granite
885 108 309 granite
885 108 310 granite
885 108 311 gravel
885 108 312 gravel
885 108 313 gravel
885 108 314 gravel
885 108 315 granite
885 108 316 granite
885 108 317 granite
885 108 318 granite
885 108 319 granite
885 108 329 stone
885 108 330 stone
885 108 331 stone
885 108 332 stone
885 108 333 stone
885 108 334 stone
885 108 335 stone
885 108 336 stone
885 108 337 stone
885 108 338 stone
885 108 339 stone
885 108 340 stone
885 108 341 stone
885 108 342 stone
885 108 343 stone
885 108 344 stone
885 108 355 stone
885 108 356 stone
885 108 357 stone
885 108 358 stone
885 108 359 stone
885 108 360 stone
885 108 361 stone
885 108 362 stone
885 108 363 stone
885 108 364 stone
885 108 365 stone
885 108 366 stone
885 108 367 stone
885 108 370 stone
885 108 371 stone
885 108 372 stone
885 108 373 stone
885 108 374 stone
885 108 375 diorite
885 108 376 diorite
885 108 377 diorite
885 108 378 diorite
885 108 379 diorite
885 108 380 diorite
885 108 381 stone
885 108 382 stone
885 108 383 stone
886 108 256 andesite
886 108 257 stone
886 108 258 stone
886 108 259 stone
886 108 260 stone
886 108 261 stone
886 108 262 copper_ore
886 108 263 copper_ore
886 108 264 stone
886 108 265 stone
886 108 266 stone
886 108 267 stone
886 108 268 stone
886 108 269 stone
886 108 270 stone
886 108 271 stone
886 108 272 stone
886 108 273 stone
886 108 274 stone
886 108 275 stone
886 108 276 stone
886 108 277 stone
886 108 278 stone
886 108 279 stone
886 108 280 stone
886 108 281 stone
886 108 282 stone
886 108 283 stone
886 108 284 stone
886 108 285 stone
886 108 286 stone
886 108 287 stone
886 108 288 stone
886 108 289 stone
886 108 290 stone
886 108 291 stone
886 108 292 stone
886 108 293 water[level=0]
886 108 294 water[level=0]
886 108 295 water[level=0]
886 108 296 water[level=0]
886 108 297 stone
886 108 298 stone
886 108 299 stone
886 108 303 stone
886 108 304 granite
886 108 305 granite
886 108 306 granite
886 108 307 granite
886 108 308 granite
886 108 309 granite
886 108 310 granite
886 108 311 gravel
886 108 312 gravel
886 108 313 gravel
886 108 314 granite
886 108 315 granite
886 108 316 granite
886 108 317 granite
886 108 318 granite
886 108 319 granite
886 108 320 granite
886 108 321 granite
886 108 329 stone
886 108 330 stone
886 108 331 stone
886 108 332 stone
886 108 333 stone
886 108 334 stone
886 108 335 stone
886 108 336 stone
886 108 337 stone
886 108 338 stone
886 108 339 stone
886 108 340 stone
886 108 341 stone
886 108 342 stone
886 108 343 stone
886 108 344 stone
886 108 355 stone
886 108 356 stone
886 108 357 stone
886 108 358 stone
886 108 359 stone
886 108 360 stone
886 108 361 stone
886 108 362 stone
886 108 363 coal_ore
886 108 364 coal_ore
886 108 365 stone
886 108 366 stone
886 108 367 stone
886 108 371 stone
886 108 372 stone
886 108 373 stone
886 108 374 stone
886 108 375 stone
886 108 376 diorite
886 108 377 diorite
886 108 378 diorite
886 108 379 diorite
886 108 380 stone
886 108 381 stone
886 108 382 stone
886 108 383 stone
887 108 256 andesite
887 108 257 stone
887 108 258 stone
887 108 259 stone
887 108 260 stone
887 108 261 stone
887 108 262 stone
887 108 263 copper_ore
887 108 264 stone
887 108 265 stone
887 108 266 stone
887 108 267 stone
887 108 268 stone
887 108 269 stone
887 108 270 stone
887 108 271 stone
887 108 272 stone
887 108 273 stone
887 108 274 stone
887 108 275 stone
887 108 276 stone
887 108 277 stone
887 108 278 stone
887 108 279 stone
887 108 280 stone
887 108 281 stone
887 108 282 stone
887 108 283 stone
887 108 284 stone
887 108 285 stone
887 108 286 stone
887 108 287 stone
887 108 288 stone
887 108 289 stone
887 108 290 water[level=0]
887 108 291 water[level=0]
887 108 292 water[level=0]
887 108 293 water[level=0]
887 108 294 water[level=0]
887 108 295 water[level=0]
887 108 296 water[level=0]
887 108 297 stone
887 108 298 stone
887 108 303 stone
887 108 304 granite
887 108 305 granite
887 108 306 granite
887 108 307 granite
887 108 308 granite
887 108 309 granite
887 108 310 granite
887 108 311 gravel
887 108 312 gravel
887 108 313 granite
