825 105 368 stone
825 105 369 stone
825 105 370 stone
825 105 371 stone
825 105 372 stone
825 105 373 stone
825 105 374 stone
825 105 375 stone
825 105 376 stone
825 105 377 stone
825 105 378 stone
825 105 379 stone
825 105 380 water[level=0]
825 105 381 water[level=0]
825 105 382 water[level=0]
825 105 383 water[level=0]
826 105 256 stone
826 105 257 stone
826 105 258 stone
826 105 259 stone
826 105 260 lapis_ore
826 105 261 stone
826 105 262 stone
826 105 263 stone
826 105 267 stone
826 105 268 stone
826 105 269 stone
826 105 270 stone
826 105 271 stone
826 105 272 stone
826 105 273 stone
826 105 274 stone
826 105 275 stone
826 105 276 stone
826 105 277 stone
826 105 278 stone
826 105 279 stone
826 105 280 stone
826 105 281 stone
826 105 282 stone
826 105 283 stone
826 105 284 stone
826 105 285 stone
826 105 286 stone
826 105 287 stone
826 105 288 stone
826 105 289 stone
826 105 290 stone
826 105 291 stone
826 105 292 copper_ore
826 105 293 copper_ore
826 105 294 stone
826 105 295 stone
826 105 302 stone
826 105 303 copper_ore
826 105 343 stone
826 105 344 stone
826 105 345 stone
826 105 346 stone
826 105 347 stone
826 105 348 stone
826 105 349 stone
826 105 350 stone
826 105 351 stone
826 105 352 granite
826 105 353 granite
826 105 354 granite
826 105 355 granite
826 105 356 granite
826 105 357 granite
826 105 358 granite
826 105 359 stone
826 105 360 stone
826 105 361 stone
826 105 362 stone
826 105 363 stone
826 105 364 stone
826 105 365 stone
826 105 366 stone
826 105 367 stone
826 105 368 stone
826 105 369 stone
826 105 370 stone
826 105 371 stone
826 105 372 stone
826 105 373 stone
826 105 374 stone
826 105 375 stone
826 105 376 stone
826 105 377 stone
826 105 378 stone
826 105 379 water[level=0]
826 105 380 water[level=0]
826 105 381 water[level=0]
826 105 382 water[level=0]
826 105 383 water[level=0]
827 105 256 stone
827 105 257 stone
827 105 258 stone
827 105 259 lapis_ore
827 105 260 stone
827 105 261 stone
827 105 262 stone
827 105 263 stone
827 105 264 stone
827 105 267 stone
827 105 268 stone
827 105 269 stone
827 105 270 stone
827 105 271 stone
827 105 272 stone
827 105 273 stone
827 105 274 stone
827 105 275 stone
827 105 276 stone
827 105 277 stone
827 105 278 stone
827 105 279 stone
827 105 280 stone
827 105 281 stone
827 105 282 stone
827 105 283 stone
827 105 284 stone
827 105 285 stone
827 105 286 stone
827 105 287 stone
827 105 288 stone
827 105 289 stone
827 105 290 stone
827 105 291 stone
827 105 292 copper_ore
827 105 293 stone
827 105 294 stone
827 105 295 stone
827 105 297 stone
827 105 298 stone
827 105 302 copper_ore
827 105 343 stone
827 105 344 stone
827 105 345 stone
827 105 346 stone
827 105 347 stone
827 105 348 stone
827 105 349 stone
827 105 350 stone
827 105 351 granite
827 105 352 granite
827 105 353 granite
827 105 354 granite
827 105 355 granite
827 105 356 granite
827 105 357 granite
827 105 358 granite
827 105 359 stone
827 105 360 stone
827 105 361 stone
827 105 362 stone
827 105 363 stone
827 105 364 stone
827 105 365 stone
827 105 366 stone
827 105 367 stone
827 105 368 stone
827 105 369 stone
827 105 370 stone
827 105 371 stone
827 105 372 stone
827 105 373 stone
827 105 374 stone
827 105 375 stone
827 105 376 stone
827 105 377 stone
827 105 378 stone
827 105 379 water[level=0]
827 105 380 water[level=0]
827 105 381 water[level=0]
827 105 382 water[level=0]
827 105 383 water[level=0]
828 105 256 stone
828 105 257 stone
828 105 258 stone
828 105 259 stone
828 105 260 stone
828 105 261 stone
828 105 262 stone
828 105 263 stone
828 105 264 stone
828 105 267 stone
828 105 268 stone
828 105 269 stone
828 105 270 stone
828 105 271 stone
828 105 272 stone
828 105 273 stone
828 105 274 stone
828 105 275 stone
828 105 276 stone
828 105 277 stone
828 105 278 stone
828 105 279 stone
828 105 280 stone
828 105 281 stone
828 105 282 stone
828 105 283 stone
828 105 284 stone
828 105 285 stone
828 105 286 stone
828 105 287 stone
828 105 288 stone
828 105 289 stone
828 105 290 stone
828 105 291 stone
828 105 292 stone
828 105 293 stone
828 105 294 stone
828 105 297 infested_stone
828 105 298 infested_stone
828 105 299 stone
828 105 300 stone
828 105 301 stone
828 105 302 stone
828 105 342 stone
828 105 343 stone
828 105 344 stone
828 105 345 stone
828 105 346 stone
828 105 347 stone
828 105 348 stone
828 105 349 stone
828 105 350 stone
828 105 351 granite
828 105 352 granite
828 105 353 granite
828 105 354 granite
828 105 355 granite
828 105 356 granite
828 105 357 granite
828 105 358 granite
828 105 359 stone
828 105 360 stone
828 105 361 stone
828 105 362 stone
828 105 363 stone
828 105 364 stone
828 105 365 stone
828 105 366 stone
828 105 367 stone
828 105 368 stone
828 105 369 stone
828 105 370 stone
828 105 371 stone
828 105 372 stone
828 105 373 stone
828 105 374 stone
828 105 375 stone
828 105 376 stone
828 105 377 stone
828 105 378 stone
828 105 379 water[level=0]
828 105 380 water[level=0]
828 105 381 water[level=0]
828 105 382 water[level=0]
828 105 383 water[level=0]
829 105 256 stone
829 105 257 stone
829 105 258 stone
829 105 259 stone
829 105 260 stone
829 105 261 stone
829 105 262 stone
829 105 263 stone
829 105 264 stone
829 105 268 stone
829 105 269 stone
829 105 270 stone
829 105 271 stone
829 105 272 stone
829 105 273 stone
829 105 274 stone
829 105 275 stone
829 105 276 stone
829 105 277 stone
829 105 278 stone
829 105 279 stone
829 105 280 stone
829 105 281 stone
829 105 282 stone
829 105 283 stone
829 105 284 stone
829 105 285 stone
829 105 286 stone
829 105 287 stone
829 105 288 stone
829 105 289 stone
829 105 290 stone
829 105 291 stone
829 105 292 stone
829 105 293 stone
829 105 294 stone
829 105 342 stone
829 105 343 stone
829 105 344 stone
829 105 345 stone
829 105 346 stone
829 105 347 stone
829 105 348 stone
829 105 349 stone
829 105 350 granite
829 105 351 granite
829 105 352 granite
829 105 353 granite
829 105 354 granite
829 105 355 granite
829 105 356 granite
829 105 357 granite
829 105 358 stone
829 105 359 stone
829 105 360 stone
829 105 361 stone
829 105 362 stone
829 105 363 stone
829 105 364 stone
829 105 365 stone
829 105 366 stone
829 105 367 stone
829 105 368 stone
829 105 369 stone
829 105 370 stone
829 105 371 stone
829 105 372 stone
829 105 373 stone
829 105 374 stone
829 105 375 stone
829 105 376 stone
829 105 377 stone
829 105 378 water[level=0]
829 105 379 water[level=0]
829 105 380 water[level=0]
829 105 381 water[level=0]
829 105 382 water[level=0]
829 105 383 water[level=0]
830 105 256 stone
830 105 257 stone
830 105 258 stone
830 105 259 stone
830 105 260 stone
830 105 261 stone
830 105 262 stone
830 105 263 stone
830 105 264 stone
830 105 268 stone
830 105 269 stone
830 105 270 stone
830 105 271 stone
830 105 272 stone
830 105 273 stone
830 105 274 stone
830 105 275 stone
830 105 276 stone
830 105 277 stone
830 105 278 stone
830 105 279 stone
830 105 286 stone
830 105 287 stone
830 105 288 stone
830 105 289 stone
830 105 290 stone
830 105 291 stone
830 105 292 stone
830 105 293 stone
830 105 294 stone
830 105 342 stone
830 105 343 stone
830 105 344 stone
830 105 345 stone
830 105 346 stone
830 105 347 stone
830 105 348 stone
830 105 349 stone
830 105 350 granite
830 105 351 granite
830 105 352 granite
830 105 353 granite
830 105 354 granite
830 105 355 granite
830 105 356 granite
830 105 357 granite
830 105 358 stone
830 105 359 stone
830 105 360 stone
830 105 361 stone
830 105 362 stone
830 105 363 stone
830 105 364 stone
830 105 365 stone
830 105 366 stone
830 105 367 stone
830 105 368 stone
830 105 369 stone
830 105 370 stone
830 105 371 stone
830 105 372 stone
830 105 373 stone
830 105 374 stone
830 105 375 stone
830 105 376 stone
830 105 377 stone
830 105 378 water[level=0]
830 105 379 water[level=0]
830 105 380 water[level=0]
830 105 381 water[level=0]
830 105 382 water[level=0]
830 105 383 water[level=0]
831 105 256 stone
831 105 257 stone
831 105 258 stone
831 105 259 stone
831 105 260 stone
831 105 261 stone
831 105 262 stone
831 105 263 stone
831 105 264 stone
831 105 268 stone
831 105 269 stone
831 105 270 stone
831 105 271 stone
831 105 272 stone
831 105 273 stone
831 105 274 stone
831 105 275 stone
831 105 276 stone
831 105 277 stone
831 105 278 stone
831 105 286 stone
831 105 287 stone
831 105 288 stone
831 105 289 stone
831 105 290 stone
831 105 291 stone
831 105 292 stone
831 105 293 stone
831 105 343 stone
831 105 344 stone
831 105 345 stone
831 105 346 stone
831 105 347 stone
831 105 348 stone
831 105 349 stone
831 105 350 granite
831 105 351 granite
831 105 352 granite
831 105 353 granite
831 105 354 granite
831 105 355 granite
831 105 356 granite
831 105 357 stone
831 105 358 stone
831 105 359 stone
831 105 360 stone
831 105 361 stone
831 105 362 stone
831 105 363 stone
831 105 364 stone
831 105 365 stone
831 105 366 stone
831 105 367 stone
831 105 368 stone
831 105 369 stone
831 105 370 stone
831 105 371 stone
831 105 372 stone
831 105 373 stone
831 105 374 stone
831 105 375 stone
831 105 376 stone
831 105 377 stone
831 105 378 water[level=0]
831 105 379 water[level=0]
831 105 380 water[level=0]
831 105 381 water[level=0]
831 105 382 water[level=0]
831 105 383 water[level=0]
832 105 256 stone
832 105 257 stone
832 105 258 stone
832 105 259 stone
832 105 260 stone
832 105 261 stone
832 105 262 stone
832 105 263 stone
832 105 264 stone
832 105 265 stone
832 105 268 stone
832 105 269 stone
832 105 270 stone
832 105 271 stone
832 105 272 stone
832 105 273 stone
832 105 274 stone
832 105 275 stone
832 105 276 stone
832 105 277 stone
832 105 285 stone
832 105 286 stone
832 105 287 stone
832 105 288 stone
832 105 289 stone
832 105 290 stone
832 105 291 stone
832 105 292 stone
832 105 343 stone
832 105 344 stone
832 105 345 stone
832 105 346 stone
832 105 347 stone
832 105 348 stone
832 105 349 stone
832 105 350 granite
832 105 351 granite
832 105 352 granite
832 105 353 granite
832 105 354 granite
832 105 355 granite
832 105 356 granite
832 105 357 stone
832 105 358 stone
832 105 359 stone
832 105 360 stone
832 105 361 stone
832 105 362 stone
832 105 363 stone
832 105 364 stone
832 105 365 stone
832 105 366 stone
832 105 367 stone
832 105 368 stone
832 105 369 stone
832 105 370 stone
832 105 371 stone
832 105 372 stone
832 105 373 stone
832 105 374 stone
832 105 375 stone
832 105 376 stone
832 105 377 stone
832 105 378 stone
832 105 379 water[level=0]
832 105 380 water[level=0]
832 105 381 water[level=0]
832 105 382 stone
832 105 383 stone
833 105 256 stone
833 105 257 stone
833 105 258 stone
833 105 259 stone
833 105 260 stone
833 105 261 stone
833 105 262 stone
833 105 263 stone
833 105 264 coal_ore
833 105 265 stone
833 105 269 stone
833 105 270 stone
833 105 271 stone
833 105 272 stone
833 105 273 stone
833 105 274 stone
833 105 275 stone
833 105 276 stone
833 105 284 stone
833 105 285 stone
833 105 286 stone
833 105 287 stone
833 105 288 stone
833 105 289 stone
833 105 290 stone
833 105 291 infested_stone
833 105 344 stone
833 105 345 stone
833 105 346 stone
833 105 347 stone
833 105 348 stone
833 105 349 granite
833 105 350 granite
833 105 351 granite
833 105 352 granite
833 105 353 granite
833 105 354 granite
833 105 355 granite
833 105 356 stone
833 105 357 stone
833 105 358 stone
833 105 359 stone
833 105 360 stone
833 105 361 stone
833 105 362 stone
833 105 363 stone
833 105 364 stone
833 105 365 stone
833 105 366 stone
833 105 367 stone
833 105 368 stone
833 105 369 stone
833 105 370 stone
833 105 371 stone
833 105 372 stone
833 105 373 stone
833 105 374 stone
833 105 375 stone
833 105 376 stone
833 105 377 stone
833 105 378 stone
833 105 379 stone
833 105 380 stone
833 105 381 stone
833 105 382 stone
833 105 383 stone
834 105 256 stone
834 105 257 stone
834 105 258 stone
834 105 259 stone
834 105 260 stone
834 105 261 stone
834 105 262 stone
834 105 263 coal_ore
834 105 264 coal_ore
834 105 265 stone
834 105 271 stone
834 105 272 stone
834 105 273 stone
834 105 274 stone
834 105 275 stone
834 105 276 copper_ore
834 105 284 stone
834 105 285 stone
834 105 286 stone
834 105 287 stone
834 105 288 stone
834 105 289 stone
834 105 290 stone
834 105 291 stone
834 105 345 stone
834 105 346 stone
834 105 347 stone
834 105 348 stone
834 105 349 granite
834 105 350 granite
834 105 351 granite
834 105 352 granite
834 105 353 granite
834 105 354 granite
834 105 355 stone
834 105 356 stone
834 105 357 stone
834 105 358 stone
834 105 359 stone
834 105 360 copper_ore
834 105 361 copper_ore
834 105 362 stone
834 105 363 stone
834 105 364 stone
834 105 365 stone
834 105 366 stone
834 105 367 stone
834 105 368 stone
834 105 369 stone
834 105 370 stone
834 105 371 stone
834 105 372 stone
834 105 373 stone
834 105 374 stone
834 105 375 stone
834 105 376 stone
834 105 377 stone
834 105 378 stone
834 105 379 stone
834 105 380 stone
834 105 381 stone
834 105 382 stone
834 105 383 stone
835 105 256 stone
835 105 257 stone
835 105 258 stone
835 105 259 stone
835 105 260 stone
835 105 261 stone
835 105 262 coal_ore
835 105 263 coal_ore
835 105 264 coal_ore
835 105 265 stone
835 105 266 stone
835 105 283 stone
835 105 284 stone
835 105 285 stone
835 105 286 stone
835 105 287 stone
835 105 288 stone
835 105 289 stone
835 105 290 stone
835 105 291 stone
835 105 345 stone
835 105 346 stone
835 105 347 stone
835 105 348 stone
835 105 349 granite
835 105 350 granite
835 105 351 granite
835 105 352 granite
835 105 353 granite
835 105 354 stone
835 105 355 stone
835 105 356 stone
835 105 357 stone
835 105 358 stone
835 105 359 copper_ore
835 105 360 copper_ore
835 105 361 copper_ore
835 105 362 stone
835 105 363 stone
835 105 364 stone
835 105 365 stone
835 105 366 stone
835 105 367 stone
835 105 368 stone
835 105 369 stone
835 105 370 stone
835 105 371 stone
835 105 372 stone
835 105 373 stone
835 105 374 stone
835 105 375 stone
835 105 376 stone
835 105 377 stone
835 105 378 stone
835 105 379 stone
835 105 380 stone
835 105 381 stone
835 105 382 stone
835 105 383 stone
836 105 256 stone
836 105 257 stone
836 105 258 stone
836 105 259 stone
836 105 260 stone
836 105 261 stone
836 105 262 coal_ore
836 105 263 coal_ore
836 105 264 stone
836 105 265 stone
836 105 266 stone
836 105 282 stone
836 105 283 stone
836 105 284 stone
836 105 285 stone
836 105 286 stone
836 105 287 stone
836 105 288 stone
836 105 289 stone
836 105 290 stone
836 105 291 stone
836 105 303 stone
836 105 304 stone
836 105 305 stone
836 105 345 stone
836 105 346 stone
836 105 347 stone
836 105 348 stone
836 105 349 stone
836 105 350 granite
836 105 351 granite
836 105 352 granite
836 105 353 granite
836 105 354 stone
836 105 355 stone
836 105 356 stone
836 105 357 stone
836 105 358 stone
836 105 359 stone
836 105 360 stone
836 105 361 stone
836 105 362 stone
836 105 363 stone
836 105 364 stone
836 105 365 stone
836 105 366 stone
836 105 367 stone
836 105 368 stone
836 105 369 stone
836 105 370 stone
836 105 371 stone
836 105 372 stone
836 105 373 stone
836 105 374 stone
836 105 375 stone
836 105 376 stone
836 105 377 stone
836 105 378 stone
836 105 379 stone
836 105 380 stone
836 105 381 copper_ore
836 105 382 copper_ore
836 105 383 stone
837 105 256 stone
837 105 257 stone
837 105 258 stone
837 105 259 stone
837 105 260 stone
837 105 261 stone
837 105 262 stone
837 105 263 stone
837 105 264 stone
837 105 265 stone
837 105 266 stone
837 105 267 stone
837 105 282 stone
837 105 283 stone
837 105 284 stone
837 105 285 stone
837 105 286 stone
837 105 287 stone
837 105 288 stone
837 105 289 stone
837 105 290 stone
837 105 291 stone
837 105 292 stone
837 105 293 stone
837 105 299 stone
837 105 300 stone
837 105 301 stone
837 105 302 stone
837 105 303 stone
837 105 304 stone
837 105 305 stone
837 105 306 stone
837 105 346 stone
837 105 347 stone
837 105 348 stone
837 105 349 stone
837 105 350 stone
837 105 351 stone
837 105 352 stone
837 105 353 stone
837 105 354 stone
837 105 355 stone
837 105 356 stone
837 105 357 stone
837 105 358 stone
837 105 359 stone
837 105 360 stone
837 105 361 stone
837 105 362 stone
837 105 363 stone
837 105 364 stone
837 105 365 stone
837 105 366 stone
837 105 367 stone
837 105 368 stone
837 105 369 stone
837 105 370 stone
837 105 371 stone
837 105 372 stone
837 105 373 stone
837 105 374 stone
837 105 375 stone
837 105 376 stone
837 105 377 stone
837 105 378 stone
837 105 379 stone
837 105 380 stone
837 105 381 stone
837 105 382 copper_ore
837 105 383 copper_ore
838 105 256 granite
838 105 257 stone
838 105 258 stone
838 105 259 stone
838 105 260 stone
838 105 261 stone
838 105 262 stone
838 105 263 stone
838 105 264 stone
838 105 265 stone
838 105 266 stone
838 105 267 stone
838 105 268 stone
838 105 278 stone
838 105 280 stone
838 105 281 stone
838 105 282 stone
838 105 283 stone
838 105 284 stone
838 105 285 stone
838 105 286 stone
838 105 287 stone
838 105 288 stone
838 105 289 stone
838 105 290 stone
838 105 291 stone
838 105 292 stone
838 105 293 stone
838 105 294 stone
838 105 295 stone
838 105 296 stone
838 105 297 stone
838 105 298 stone
838 105 299 stone
838 105 300 stone
838 105 301 stone
838 105 302 stone
838 105 303 stone
838 105 304 stone
838 105 305 stone
838 105 306 stone
838 105 307 stone
838 105 346 stone
838 105 347 stone
838 105 348 stone
838 105 349 stone
838 105 350 stone
838 105 351 stone
838 105 352 stone
838 105 353 stone
838 105 354 stone
838 105 355 stone
838 105 356 stone
838 105 357 stone
838 105 358 stone
838 105 359 stone
838 105 360 stone
838 105 361 stone
838 105 362 stone
838 105 363 stone
838 105 364 stone
838 105 365 dirt
838 105 366 dirt
838 105 367 stone
838 105 368 stone
838 105 369 stone
838 105 370 stone
838 105 371 stone
838 105 372 stone
838 105 373 stone
838 105 374 stone
838 105 375 stone
838 105 376 stone
838 105 377 stone
838 105 378 stone
838 105 379 stone
838 105 380 stone
838 105 381 stone
838 105 382 stone
838 105 383 stone
839 105 256 granite
839 105 257 stone
839 105 258 stone
839 105 259 stone
839 105 260 stone
839 105 261 stone
839 105 262 stone
839 105 263 stone
839 105 264 stone
839 105 265 stone
839 105 266 stone
839 105 267 stone
839 105 268 stone
839 105 269 stone
839 105 278 stone
839 105 279 stone
839 105 280 stone
839 105 281 stone
839 105 282 stone
839 105 283 stone
839 105 284 stone
839 105 285 stone
839 105 286 stone
839 105 287 stone
839 105 288 stone
839 105 289 stone
839 105 290 stone
839 105 291 stone
839 105 292 stone
839 105 293 stone
839 105 294 stone
839 105 295 stone
839 105 296 stone
839 105 297 stone
839 105 298 stone
839 105 299 stone
839 105 300 stone
839 105 301 stone
839 105 302 stone
839 105 303 stone
839 105 304 stone
839 105 305 stone
839 105 306 stone
839 105 307 stone
839 105 345 stone
839 105 346 stone
839 105 347 stone
839 105 348 stone
839 105 349 stone
839 105 350 stone
839 105 351 stone
839 105 352 stone
839 105 353 stone
839 105 354 stone
839 105 355 stone
839 105 356 stone
839 105 357 stone
839 105 358 stone
839 105 359 stone
839 105 360 stone
839 105 361 stone
839 105 362 stone
839 105 363 stone
839 105 364 dirt
839 105 365 dirt
839 105 366 dirt
839 105 367 dirt
839 105 368 dirt
839 105 369 stone
839 105 370 stone
839 105 371 stone
839 105 372 stone
839 105 373 stone
839 105 374 stone
839 105 375 stone
839 105 376 stone
839 105 377 stone
839 105 378 stone
839 105 379 stone
839 105 380 stone
839 105 381 stone
839 105 382 stone
839 105 383 stone
840 105 256 granite
840 105 257 granite
840 105 258 iron_ore
840 105 259 stone
840 105 260 stone
840 105 261 stone
840 105 262 stone
840 105 263 stone
840 105 264 stone
840 105 265 stone
840 105 266 stone
840 105 267 stone
840 105 268 stone
840 105 269 stone
840 105 270 stone
840 105 277 stone
840 105 278 stone
840 105 279 stone
840 105 280 stone
840 105 281 stone
840 105 282 stone
840 105 283 stone
840 105 284 stone
840 105 285 stone
840 105 286 stone
840 105 287 granite
840 105 288 granite
840 105 289 granite
840 105 290 granite
840 105 291 granite
840 105 292 stone
840 105 293 stone
840 105 294 stone
840 105 295 stone
840 105 296 stone
840 105 297 stone
840 105 298 stone
840 105 299 stone
840 105 300 stone
840 105 301 stone
840 105 302 stone
840 105 303 stone
840 105 304 stone
840 105 305 stone
840 105 306 stone
840 105 307 stone
840 105 345 stone
840 105 346 stone
840 105 347 stone
840 105 348 stone
840 105 349 stone
840 105 350 stone
840 105 351 stone
840 105 352 stone
840 105 353 stone
840 105 354 stone
840 105 355 stone
840 105 356 stone
840 105 357 stone
840 105 358 stone
840 105 359 stone
840 105 360 stone
840 105 361 stone
840 105 362 dirt
840 105 363 dirt
840 105 364 dirt
