526 100 849 stone
526 100 850 stone
526 100 851 stone
526 100 852 gravel
526 100 853 gravel
526 100 854 gravel
526 100 855 gravel
526 100 856 gravel
526 100 857 stone
526 100 858 stone
526 100 859 stone
526 100 860 stone
526 100 861 stone
526 100 862 stone
526 100 863 stone
526 100 864 stone
526 100 865 stone
526 100 866 stone
526 100 869 copper_ore
526 100 870 stone
526 100 871 stone
526 100 872 stone
526 100 873 stone
526 100 874 stone
526 100 875 stone
526 100 876 stone
526 100 877 stone
526 100 878 stone
526 100 879 stone
526 100 880 stone
526 100 881 stone
526 100 882 stone
526 100 883 stone
526 100 884 stone
526 100 885 stone
526 100 886 stone
526 100 887 stone
526 100 888 stone
526 100 889 stone
526 100 890 stone
526 100 891 granite
526 100 892 granite
526 100 893 granite
526 100 894 granite
526 100 895 granite
527 100 768 stone
527 100 769 stone
527 100 770 stone
527 100 771 stone
527 100 772 stone
527 100 773 stone
527 100 774 stone
527 100 775 granite
527 100 776 granite
527 100 777 granite
527 100 778 granite
527 100 779 granite
527 100 780 granite
527 100 781 granite
527 100 782 granite
527 100 783 granite
527 100 784 granite
527 100 785 granite
527 100 786 granite
527 100 787 granite
527 100 788 stone
527 100 789 stone
527 100 790 stone
527 100 791 stone
527 100 792 stone
527 100 793 stone
527 100 794 stone
527 100 795 stone
527 100 796 stone
527 100 797 coal_ore
527 100 798 coal_ore
527 100 799 coal_ore
527 100 800 stone
527 100 801 stone
527 100 802 stone
527 100 803 stone
527 100 804 stone
527 100 805 stone
527 100 806 stone
527 100 807 stone
527 100 808 stone
527 100 809 stone
527 100 810 stone
527 100 811 stone
527 100 812 stone
527 100 813 stone
527 100 814 stone
527 100 815 stone
527 100 816 stone
527 100 817 stone
527 100 818 diorite
527 100 819 diorite
527 100 820 stone
527 100 821 stone
527 100 822 stone
527 100 823 stone
527 100 824 stone
527 100 825 stone
527 100 826 stone
527 100 827 stone
527 100 828 stone
527 100 829 stone
527 100 830 stone
527 100 831 stone
527 100 832 stone
527 100 833 diorite
527 100 834 diorite
527 100 835 diorite
527 100 836 diorite
527 100 837 diorite
527 100 838 diorite
527 100 839 diorite
527 100 840 diorite
527 100 844 stone
527 100 845 stone
527 100 846 stone
527 100 847 stone
527 100 848 stone
527 100 849 stone
527 100 850 stone
527 100 851 stone
527 100 852 gravel
527 100 853 gravel
527 100 854 gravel
527 100 855 gravel
527 100 856 gravel
527 100 857 stone
527 100 858 stone
527 100 859 stone
527 100 860 stone
527 100 861 stone
527 100 862 stone
527 100 863 stone
527 100 864 stone
527 100 865 stone
527 100 869 stone
527 100 870 stone
527 100 871 stone
527 100 872 stone
527 100 873 stone
527 100 874 stone
527 100 875 stone
527 100 876 stone
527 100 877 stone
527 100 878 stone
527 100 879 stone
527 100 880 stone
527 100 881 stone
527 100 882 stone
527 100 883 stone
527 100 884 stone
527 100 885 stone
527 100 886 stone
527 100 887 stone
527 100 888 stone
527 100 889 stone
527 100 890 stone
527 100 891 granite
527 100 892 granite
527 100 893 granite
527 100 894 granite
527 100 895 granite
528 100 768 stone
528 100 769 stone
528 100 770 stone
528 100 771 stone
528 100 772 stone
528 100 773 stone
528 100 774 stone
528 100 775 stone
528 100 776 granite
528 100 777 granite
528 100 778 granite
528 100 779 granite
528 100 780 granite
528 100 781 granite
528 100 782 granite
528 100 783 granite
528 100 784 granite
528 100 785 granite
528 100 786 granite
528 100 787 granite
528 100 788 stone
528 100 789 stone
528 100 790 stone
528 100 791 stone
528 100 792 stone
528 100 793 stone
528 100 794 stone
528 100 795 stone
528 100 796 coal_ore
528 100 797 coal_ore
528 100 798 coal_ore
528 100 799 coal_ore
528 100 800 stone
528 100 801 stone
528 100 802 stone
528 100 803 stone
528 100 804 stone
528 100 805 stone
528 100 806 stone
528 100 807 stone
528 100 808 stone
528 100 809 stone
528 100 810 stone
528 100 811 stone
528 100 812 stone
528 100 813 stone
528 100 814 stone
528 100 815 stone
528 100 816 stone
528 100 817 stone
528 100 818 stone
528 100 819 stone
528 100 820 stone
528 100 821 stone
528 100 822 stone
528 100 823 stone
528 100 824 diorite
528 100 825 diorite
528 100 826 diorite
528 100 827 stone
528 100 828 stone
528 100 829 stone
528 100 830 stone
528 100 831 stone
528 100 832 stone
528 100 833 stone
528 100 834 diorite
528 100 835 diorite
528 100 836 diorite
528 100 837 diorite
528 100 838 diorite
528 100 839 diorite
528 100 840 diorite
528 100 843 stone
528 100 844 stone
528 100 845 stone
528 100 846 stone
528 100 847 stone
528 100 848 stone
528 100 849 stone
528 100 850 stone
528 100 851 stone
528 100 852 stone
528 100 853 gravel
528 100 854 gravel
528 100 855 gravel
528 100 856 gravel
528 100 857 gravel
528 100 858 stone
528 100 859 stone
528 100 860 stone
528 100 861 stone
528 100 862 stone
528 100 863 stone
528 100 868 glow_lichen[down=false,east=false,north=false,south=true,up=false,waterlogged=false,west=false]
528 100 869 stone
528 100 870 stone
528 100 871 stone
528 100 872 stone
528 100 873 stone
528 100 874 stone
528 100 875 stone
528 100 876 stone
528 100 877 stone
528 100 878 stone
528 100 879 stone
528 100 880 stone
528 100 881 stone
528 100 882 stone
528 100 883 stone
528 100 884 stone
528 100 885 stone
528 100 886 stone
528 100 887 stone
528 100 888 stone
528 100 889 stone
528 100 890 granite
528 100 891 granite
528 100 892 granite
528 100 893 granite
528 100 894 granite
528 100 895 granite
529 100 768 stone
529 100 769 stone
529 100 770 stone
529 100 771 stone
529 100 772 stone
529 100 773 stone
529 100 774 stone
529 100 775 stone
529 100 776 granite
529 100 777 granite
529 100 778 granite
529 100 779 granite
529 100 780 granite
529 100 781 granite
529 100 782 granite
529 100 783 granite
529 100 784 granite
529 100 785 granite
529 100 786 granite
529 100 787 granite
529 100 788 granite
529 100 789 granite
529 100 790 stone
529 100 791 stone
529 100 792 stone
529 100 793 stone
529 100 794 stone
529 100 795 stone
529 100 796 stone
529 100 797 stone
529 100 798 stone
529 100 799 stone
529 100 800 stone
529 100 801 stone
529 100 802 stone
529 100 803 stone
529 100 804 stone
529 100 805 stone
529 100 806 stone
529 100 807 stone
529 100 808 stone
529 100 809 stone
529 100 810 stone
529 100 811 stone
529 100 812 stone
529 100 813 stone
529 100 814 stone
529 100 815 stone
529 100 816 stone
529 100 817 stone
529 100 818 stone
529 100 819 stone
529 100 820 stone
529 100 821 stone
529 100 822 stone
529 100 823 diorite
529 100 824 diorite
529 100 825 diorite
529 100 826 diorite
529 100 827 stone
529 100 828 stone
529 100 829 stone
529 100 830 stone
529 100 831 stone
529 100 832 stone
529 100 833 stone
529 100 834 stone
529 100 835 diorite
529 100 836 diorite
529 100 837 diorite
529 100 838 diorite
529 100 839 diorite
529 100 840 diorite
529 100 842 stone
529 100 843 stone
529 100 844 stone
529 100 845 stone
529 100 846 stone
529 100 847 stone
529 100 848 stone
529 100 849 stone
529 100 850 stone
529 100 851 stone
529 100 852 stone
529 100 853 gravel
529 100 854 gravel
529 100 855 gravel
529 100 856 gravel
529 100 857 gravel
529 100 858 diorite
529 100 859 diorite
529 100 860 diorite
529 100 861 iron_ore
529 100 862 iron_ore
529 100 863 diorite
529 100 870 stone
529 100 871 stone
529 100 872 stone
529 100 873 stone
529 100 874 stone
529 100 875 stone
529 100 876 stone
529 100 877 stone
529 100 878 stone
529 100 879 stone
529 100 880 stone
529 100 881 stone
529 100 882 stone
529 100 883 stone
529 100 884 stone
529 100 885 stone
529 100 886 stone
529 100 887 stone
529 100 888 stone
529 100 889 stone
529 100 890 granite
529 100 891 granite
529 100 892 granite
529 100 893 granite
529 100 894 granite
529 100 895 granite
530 100 768 stone
530 100 769 stone
530 100 770 stone
530 100 771 stone
530 100 772 stone
530 100 773 stone
530 100 774 stone
530 100 775 granite
530 100 776 granite
530 100 777 granite
530 100 778 granite
530 100 779 granite
530 100 780 granite
530 100 781 granite
530 100 782 granite
530 100 783 granite
530 100 784 granite
530 100 785 granite
530 100 786 granite
530 100 787 granite
530 100 788 granite
530 100 789 granite
530 100 790 granite
530 100 791 stone
530 100 792 stone
530 100 793 stone
530 100 794 stone
530 100 795 stone
530 100 796 stone
530 100 797 stone
530 100 798 stone
530 100 799 stone
530 100 800 stone
530 100 801 stone
530 100 802 stone
530 100 803 stone
530 100 804 stone
530 100 805 stone
530 100 806 stone
530 100 807 stone
530 100 808 stone
530 100 809 stone
530 100 810 stone
530 100 811 stone
530 100 812 stone
530 100 813 stone
530 100 814 stone
530 100 815 stone
530 100 816 stone
530 100 817 stone
530 100 818 stone
530 100 819 stone
530 100 820 stone
530 100 821 stone
530 100 822 stone
530 100 823 stone
530 100 824 diorite
530 100 825 diorite
530 100 826 diorite
530 100 827 diorite
530 100 828 diorite
530 100 829 stone
530 100 830 stone
530 100 831 stone
530 100 832 stone
530 100 833 stone
530 100 834 stone
530 100 835 diorite
530 100 836 diorite
530 100 837 diorite
530 100 838 diorite
530 100 839 diorite
530 100 840 diorite
530 100 841 diorite
530 100 842 stone
530 100 843 stone
530 100 844 stone
530 100 845 stone
530 100 846 stone
530 100 847 stone
530 100 848 stone
530 100 849 stone
530 100 850 stone
530 100 851 stone
530 100 852 stone
530 100 853 stone
530 100 854 gravel
530 100 855 gravel
530 100 856 gravel
530 100 857 gravel
530 100 858 diorite
530 100 859 diorite
530 100 860 diorite
530 100 861 water[level=0]
530 100 862 iron_ore
530 100 863 diorite
530 100 876 stone
530 100 877 stone
530 100 878 stone
530 100 879 stone
530 100 880 stone
530 100 881 stone
530 100 882 stone
530 100 883 stone
530 100 884 stone
530 100 885 stone
530 100 886 stone
530 100 887 stone
530 100 888 stone
530 100 889 stone
530 100 890 granite
530 100 891 granite
530 100 892 granite
530 100 893 granite
530 100 894 granite
530 100 895 granite
531 100 768 stone
531 100 769 stone
531 100 770 stone
531 100 771 stone
531 100 772 stone
531 100 773 stone
531 100 774 granite
531 100 775 granite
531 100 776 granite
531 100 777 granite
531 100 778 granite
531 100 779 granite
531 100 780 granite
531 100 781 granite
531 100 782 granite
531 100 783 granite
531 100 784 granite
531 100 785 granite
531 100 789 granite
531 100 790 granite
531 100 791 stone
531 100 792 stone
531 100 793 stone
531 100 794 stone
531 100 795 stone
531 100 796 stone
531 100 797 stone
531 100 798 stone
531 100 799 stone
531 100 800 stone
531 100 801 stone
531 100 802 stone
531 100 803 stone
531 100 804 stone
531 100 805 stone
531 100 806 stone
531 100 807 stone
531 100 808 stone
531 100 809 stone
531 100 810 stone
531 100 811 stone
531 100 812 stone
531 100 813 stone
531 100 814 stone
531 100 815 stone
531 100 816 stone
531 100 817 stone
531 100 818 stone
531 100 819 stone
531 100 820 stone
531 100 821 stone
531 100 822 stone
531 100 823 stone
531 100 824 stone
531 100 825 diorite
531 100 826 diorite
531 100 827 diorite
531 100 828 diorite
531 100 829 diorite
531 100 830 stone
531 100 831 stone
531 100 832 stone
531 100 833 stone
531 100 834 stone
531 100 835 stone
531 100 836 diorite
531 100 837 diorite
531 100 838 diorite
531 100 839 diorite
531 100 840 diorite
531 100 841 diorite
531 100 842 stone
531 100 843 stone
531 100 844 stone
531 100 845 stone
531 100 846 stone
531 100 847 stone
531 100 848 stone
531 100 849 stone
531 100 850 stone
531 100 851 stone
531 100 852 stone
531 100 853 stone
531 100 854 stone
531 100 855 gravel
531 100 856 gravel
531 100 857 gravel
531 100 858 diorite
531 100 859 diorite
531 100 860 water[level=0]
531 100 861 water[level=0]
531 100 862 diorite
531 100 863 diorite
531 100 875 stone
531 100 876 stone
531 100 877 stone
531 100 878 stone
531 100 879 stone
531 100 880 stone
531 100 881 stone
531 100 882 stone
531 100 883 stone
531 100 884 stone
531 100 885 stone
531 100 886 stone
531 100 887 stone
531 100 888 stone
531 100 889 stone
531 100 890 granite
531 100 891 granite
531 100 892 granite
531 100 893 granite
531 100 894 granite
531 100 895 granite
532 100 768 stone
532 100 769 stone
532 100 770 stone
532 100 771 stone
532 100 772 stone
532 100 773 stone
532 100 774 granite
532 100 775 granite
532 100 776 granite
532 100 777 granite
532 100 778 granite
532 100 779 granite
532 100 780 granite
532 100 781 granite
532 100 782 granite
532 100 783 granite
532 100 790 granite
532 100 791 stone
532 100 792 stone
532 100 793 stone
532 100 794 stone
532 100 795 stone
532 100 796 stone
532 100 797 stone
532 100 798 stone
532 100 799 stone
532 100 800 stone
532 100 801 stone
532 100 802 stone
532 100 803 stone
532 100 804 stone
532 100 805 stone
532 100 806 stone
532 100 807 stone
532 100 808 stone
532 100 809 stone
532 100 810 stone
532 100 811 stone
532 100 812 stone
532 100 813 stone
532 100 814 stone
532 100 815 stone
532 100 816 stone
532 100 817 stone
532 100 818 stone
532 100 819 stone
532 100 820 stone
532 100 821 stone
532 100 822 stone
532 100 823 stone
532 100 824 stone
532 100 825 diorite
532 100 826 iron_ore
532 100 827 diorite
532 100 828 diorite
532 100 829 diorite
532 100 830 stone
532 100 831 stone
532 100 832 stone
532 100 833 stone
532 100 834 stone
532 100 835 stone
532 100 836 stone
532 100 837 stone
532 100 838 diorite
532 100 839 diorite
532 100 840 diorite
532 100 841 stone
532 100 842 stone
532 100 843 stone
532 100 844 stone
532 100 845 stone
532 100 846 stone
532 100 847 stone
532 100 848 stone
532 100 849 stone
532 100 850 stone
532 100 851 stone
532 100 852 stone
532 100 853 stone
532 100 854 diorite
532 100 855 diorite
532 100 856 gravel
532 100 857 gravel
532 100 858 diorite
532 100 859 diorite
532 100 860 water[level=0]
532 100 861 water[level=0]
532 100 862 diorite
532 100 863 diorite
532 100 875 stone
532 100 876 stone
532 100 877 stone
532 100 878 stone
532 100 879 stone
532 100 880 stone
532 100 881 stone
532 100 882 stone
532 100 883 stone
532 100 884 stone
532 100 885 stone
532 100 886 stone
532 100 887 stone
532 100 888 stone
532 100 889 stone
532 100 890 granite
532 100 891 granite
532 100 892 granite
532 100 893 granite
532 100 894 granite
532 100 895 granite
533 100 768 stone
533 100 769 stone
533 100 770 stone
533 100 771 stone
533 100 772 stone
533 100 773 stone
533 100 774 granite
533 100 775 granite
533 100 776 granite
533 100 777 granite
533 100 778 granite
533 100 779 granite
533 100 780 granite
533 100 781 granite
533 100 782 granite
533 100 783 granite
533 100 789 granite
533 100 790 granite
533 100 791 stone
533 100 792 stone
533 100 793 stone
533 100 794 stone
533 100 795 stone
533 100 796 stone
533 100 797 iron_ore
533 100 798 stone
533 100 799 stone
533 100 800 stone
533 100 801 stone
533 100 802 stone
533 100 803 stone
533 100 804 stone
533 100 805 stone
533 100 806 stone
533 100 807 stone
533 100 808 stone
533 100 809 stone
533 100 810 stone
533 100 811 stone
533 100 812 stone
533 100 813 stone
533 100 814 stone
533 100 815 stone
533 100 816 stone
533 100 817 stone
533 100 818 stone
533 100 819 stone
533 100 820 stone
533 100 821 stone
533 100 822 stone
533 100 823 stone
533 100 824 stone
533 100 825 coal_ore
533 100 826 coal_ore
533 100 827 coal_ore
533 100 828 coal_ore
533 100 829 diorite
533 100 830 stone
533 100 831 stone
533 100 832 stone
533 100 833 stone
533 100 834 stone
533 100 835 stone
533 100 836 stone
533 100 837 andesite
533 100 838 stone
533 100 839 stone
533 100 840 stone
533 100 841 stone
533 100 842 stone
533 100 843 stone
533 100 844 stone
533 100 845 stone
533 100 846 stone
533 100 847 stone
533 100 848 stone
533 100 849 stone
533 100 850 stone
533 100 851 stone
533 100 852 stone
533 100 853 diorite
533 100 854 diorite
533 100 855 diorite
533 100 856 diorite
533 100 857 diorite
533 100 858 diorite
533 100 859 diorite
533 100 860 water[level=0]
533 100 861 water[level=0]
533 100 862 diorite
533 100 863 diorite
533 100 875 stone
533 100 876 stone
533 100 877 stone
533 100 878 stone
533 100 879 stone
533 100 880 stone
533 100 881 stone
533 100 882 stone
533 100 883 stone
533 100 884 stone
533 100 885 stone
533 100 886 stone
533 100 887 stone
533 100 888 stone
533 100 889 granite
533 100 890 granite
533 100 891 granite
533 100 892 granite
533 100 893 granite
533 100 894 granite
533 100 895 granite
534 100 768 stone
534 100 769 stone
534 100 770 stone
534 100 771 stone
534 100 772 stone
534 100 773 stone
534 100 774 granite
534 100 775 granite
534 100 776 granite
534 100 777 granite
534 100 778 granite
534 100 779 granite
534 100 780 granite
534 100 781 granite
534 100 782 granite
534 100 783 stone
534 100 784 stone
534 100 787 stone
534 100 788 granite
534 100 789 stone
534 100 790 stone
534 100 791 stone
534 100 792 stone
534 100 793 stone
534 100 794 stone
534 100 795 stone
534 100 796 iron_ore
534 100 797 stone
534 100 798 stone
534 100 799 stone
534 100 800 stone
534 100 801 stone
534 100 802 stone
534 100 803 stone
534 100 804 stone
534 100 805 stone
534 100 806 stone
534 100 807 stone
534 100 808 stone
534 100 809 stone
534 100 810 stone
534 100 811 stone
534 100 812 stone
534 100 813 stone
534 100 814 stone
534 100 815 stone
534 100 816 stone
534 100 817 stone
534 100 818 stone
534 100 819 stone
534 100 820 stone
534 100 821 stone
534 100 822 stone
534 100 823 stone
534 100 824 coal_ore
534 100 825 coal_ore
534 100 826 coal_ore
534 100 827 coal_ore
534 100 828 diorite
534 100 829 diorite
534 100 830 stone
534 100 831 stone
534 100 832 stone
534 100 833 stone
534 100 834 stone
534 100 835 stone
534 100 836 andesite
534 100 837 andesite
534 100 838 andesite
534 100 839 andesite
534 100 843 stone
534 100 844 stone
534 100 845 stone
534 100 846 stone
534 100 847 stone
534 100 848 stone
534 100 849 stone
534 100 850 stone
534 100 851 stone
534 100 852 stone
534 100 853 diorite
534 100 854 diorite
534 100 855 diorite
534 100 856 diorite
534 100 857 diorite
534 100 858 diorite
534 100 859 diorite
534 100 860 water[level=0]
534 100 861 water[level=0]
534 100 862 diorite
534 100 876 stone
534 100 877 stone
534 100 878 stone
534 100 879 stone
534 100 880 stone
534 100 881 stone
534 100 882 stone
534 100 883 stone
534 100 884 stone
534 100 885 stone
534 100 886 stone
534 100 887 stone
534 100 888 stone
534 100 889 granite
534 100 890 granite
534 100 891 granite
534 100 892 granite
534 100 893 granite
534 100 894 granite
534 100 895 granite
535 100 768 stone
535 100 769 stone
535 100 770 stone
535 100 771 stone
535 100 772 stone
535 100 773 granite
535 100 774 granite
535 100 775 granite
535 100 776 granite
535 100 777 granite
535 100 778 granite
535 100 779 granite
535 100 780 coal_ore
535 100 781 coal_ore
535 100 782 stone
535 100 783 stone
535 100 784 stone
535 100 785 stone
535 100 786 stone
535 100 787 stone
535 100 788 stone
535 100 789 stone
535 100 790 stone
535 100 791 stone
535 100 792 stone
535 100 793 stone
535 100 794 stone
535 100 795 stone
535 100 796 stone
535 100 797 stone
535 100 798 stone
535 100 799 stone
535 100 800 stone
535 100 801 stone
535 100 802 stone
535 100 803 stone
535 100 804 stone
535 100 805 stone
535 100 806 stone
535 100 807 stone
535 100 808 stone
535 100 809 stone
535 100 810 stone
535 100 811 stone
535 100 812 stone
535 100 813 stone
535 100 814 stone
535 100 815 stone
535 100 816 stone
535 100 817 stone
535 100 818 stone
535 100 819 stone
535 100 820 stone
535 100 821 stone
535 100 822 stone
535 100 823 stone
535 100 824 stone
535 100 825 stone
535 100 826 stone
535 100 827 diorite
535 100 828 diorite
535 100 829 diorite
535 100 830 diorite
535 100 831 stone
535 100 832 stone
535 100 833 stone
535 100 834 stone
535 100 835 stone
535 100 836 andesite
535 100 837 andesite
535 100 838 andesite
535 100 839 andesite
535 100 843 stone
535 100 844 stone
535 100 845 stone
535 100 846 stone
535 100 847 stone
535 100 848 stone
535 100 849 stone
535 100 850 stone
535 100 851 stone
535 100 852 stone
535 100 853 stone
535 100 854 diorite
535 100 855 diorite
535 100 856 diorite
535 100 857 diorite
535 100 858 diorite
535 100 859 diorite
535 100 860 water[level=0]
535 100 861 diorite
535 100 862 diorite
535 100 863 diorite
535 100 876 stone
535 100 877 stone
535 100 878 stone
535 100 879 stone
535 100 880 stone
535 100 881 stone
535 100 882 stone
535 100 883 stone
535 100 884 stone
535 100 885 stone
535 100 886 stone
535 100 887 stone
535 100 888 stone
535 100 889 granite
535 100 890 granite
535 100 891 granite
535 100 892 granite
535 100 893 granite
535 100 894 granite
536 100 768 stone
536 100 769 stone
536 100 770 stone
536 100 771 stone
