744 101 361 stone
744 101 362 stone
744 101 363 stone
744 101 364 stone
744 101 365 stone
744 101 366 stone
744 101 367 andesite
744 101 368 andesite
744 101 369 andesite
744 101 370 andesite
744 101 371 andesite
744 101 372 andesite
744 101 373 andesite
744 101 374 andesite
744 101 375 andesite
744 101 376 granite
744 101 377 granite
744 101 378 stone
744 101 379 stone
744 101 380 stone
744 101 381 stone
744 101 382 stone
744 101 383 stone
744 101 384 stone
744 101 385 stone
744 101 386 stone
744 101 387 stone
744 101 388 stone
744 101 389 stone
744 101 390 stone
744 101 391 stone
744 101 392 stone
744 101 393 stone
744 101 394 stone
744 101 395 stone
744 101 396 stone
744 101 397 stone
744 101 398 stone
744 101 399 stone
744 101 400 stone
744 101 401 stone
744 101 402 stone
744 101 403 stone
744 101 404 stone
744 101 405 stone
744 101 406 stone
744 101 407 stone
744 101 408 stone
744 101 409 stone
744 101 410 stone
744 101 411 stone
744 101 412 stone
744 101 413 stone
744 101 414 stone
744 101 415 stone
744 101 416 stone
744 101 417 stone
744 101 418 stone
744 101 419 stone
744 101 420 stone
744 101 421 stone
744 101 422 stone
744 101 423 stone
744 101 424 stone
744 101 425 stone
744 101 426 stone
744 101 427 stone
744 101 428 stone
744 101 429 stone
744 101 430 stone
744 101 431 stone
744 101 432 stone
744 101 433 stone
744 101 434 stone
744 101 435 stone
744 101 436 stone
744 101 437 diorite
744 101 438 diorite
744 101 439 diorite
744 101 440 diorite
744 101 441 diorite
744 101 442 diorite
744 101 443 diorite
744 101 444 diorite
744 101 445 stone
744 101 446 stone
744 101 447 stone
744 101 448 stone
744 101 449 stone
744 101 450 stone
744 101 451 stone
744 101 452 stone
744 101 453 stone
744 101 454 stone
744 101 455 stone
744 101 456 stone
744 101 457 stone
744 101 458 stone
744 101 459 stone
744 101 460 stone
744 101 461 stone
744 101 462 stone
744 101 463 stone
744 101 464 stone
744 101 465 stone
744 101 466 stone
744 101 467 stone
744 101 468 stone
744 101 469 stone
744 101 470 stone
744 101 471 stone
744 101 472 stone
744 101 473 stone
744 101 474 stone
744 101 481 stone
744 101 484 stone
744 101 485 stone
744 101 486 stone
744 101 487 stone
744 101 488 stone
744 101 491 stone
744 101 492 stone
744 101 493 stone
744 101 494 stone
744 101 495 stone
744 101 496 stone
744 101 497 stone
744 101 498 stone
744 101 499 stone
744 101 500 stone
744 101 501 stone
744 101 502 stone
744 101 503 stone
744 101 504 stone
744 101 505 stone
744 101 506 stone
744 101 507 stone
744 101 508 stone
744 101 509 stone
744 101 510 stone
744 101 511 stone
744 101 512 stone
744 101 513 stone
744 101 514 stone
744 101 515 granite
744 101 516 granite
744 101 517 granite
744 101 518 granite
744 101 519 granite
744 101 520 granite
744 101 521 granite
744 101 522 granite
744 101 523 granite
744 101 524 stone
744 101 525 stone
744 101 526 stone
744 101 527 stone
744 101 528 stone
744 101 529 stone
744 101 530 stone
744 101 531 stone
744 101 532 stone
744 101 533 stone
744 101 534 stone
744 101 535 diorite
744 101 536 diorite
744 101 537 diorite
744 101 538 diorite
744 101 539 stone
744 101 540 stone
744 101 541 stone
744 101 542 stone
744 101 543 stone
744 101 544 stone
744 101 545 stone
744 101 546 stone
744 101 547 stone
744 101 548 stone
744 101 549 stone
744 101 550 stone
744 101 551 stone
744 101 552 stone
744 101 562 stone
744 101 563 stone
744 101 564 stone
744 101 565 stone
744 101 566 stone
744 101 567 stone
744 101 568 stone
744 101 569 stone
744 101 570 stone
744 101 571 stone
744 101 572 stone
744 101 573 stone
744 101 574 stone
744 101 575 stone
744 101 576 stone
744 101 577 stone
744 101 578 stone
744 101 579 stone
744 101 580 stone
744 101 581 stone
744 101 582 stone
744 101 583 stone
744 101 584 stone
744 101 585 stone
744 101 586 stone
744 101 587 stone
744 101 588 stone
744 101 589 stone
744 101 590 stone
744 101 591 stone
744 101 592 stone
744 101 593 stone
744 101 594 stone
744 101 595 stone
744 101 596 granite
744 101 597 copper_ore
744 101 598 granite
744 101 599 stone
744 101 600 stone
744 101 601 stone
744 101 602 stone
744 101 603 stone
744 101 604 stone
744 101 605 stone
744 101 606 stone
744 101 607 stone
744 101 608 stone
744 101 609 stone
744 101 610 stone
744 101 611 stone
744 101 612 stone
744 101 613 stone
744 101 614 stone
744 101 615 stone
744 101 616 stone
744 101 617 diorite
744 101 618 diorite
744 101 619 diorite
744 101 620 diorite
744 101 621 diorite
744 101 622 diorite
744 101 623 diorite
744 101 624 stone
744 101 625 diorite
744 101 626 diorite
744 101 627 diorite
744 101 628 diorite
744 101 629 diorite
744 101 630 diorite
744 101 631 stone
744 101 632 stone
744 101 633 stone
744 101 634 stone
744 101 635 stone
744 101 636 stone
744 101 637 stone
744 101 638 stone
744 101 639 stone
744 101 640 stone
744 101 641 stone
744 101 642 stone
744 101 643 stone
744 101 644 stone
744 101 645 stone
744 101 646 stone
744 101 647 stone
744 101 648 stone
744 101 649 stone
744 101 650 stone
744 101 651 stone
744 101 652 stone
744 101 653 stone
744 101 654 stone
744 101 655 iron_ore
744 101 656 iron_ore
744 101 657 stone
744 101 658 stone
744 101 659 stone
744 101 660 diorite
744 101 661 andesite
744 101 662 andesite
744 101 663 andesite
744 101 664 andesite
744 101 665 copper_ore
744 101 666 copper_ore
744 101 667 diorite
744 101 668 diorite
744 101 669 stone
744 101 670 stone
744 101 671 stone
744 101 672 stone
744 101 673 stone
744 101 674 stone
744 101 675 stone
744 101 676 stone
744 101 677 stone
744 101 678 stone
744 101 679 stone
744 101 680 stone
744 101 681 stone
744 101 682 stone
744 101 683 stone
744 101 684 stone
744 101 685 stone
744 101 686 stone
744 101 687 stone
744 101 688 stone
744 101 689 stone
744 101 690 stone
744 101 691 stone
744 101 692 stone
744 101 693 stone
744 101 694 stone
744 101 695 stone
744 101 696 stone
744 101 697 stone
744 101 698 stone
744 101 699 stone
744 101 700 stone
744 101 701 stone
744 101 702 stone
744 101 703 stone
744 101 704 stone
744 101 705 stone
744 101 706 stone
744 101 707 stone
744 101 708 stone
744 101 709 diorite
744 101 710 diorite
744 101 711 andesite
744 101 712 andesite
744 101 713 andesite
744 101 714 stone
744 101 715 granite
744 101 716 granite
744 101 717 granite
744 101 718 granite
744 101 719 stone
744 101 720 stone
744 101 721 stone
744 101 722 stone
744 101 723 dirt
744 101 724 dirt
744 101 725 dirt
744 101 726 dirt
744 101 727 stone
744 101 728 stone
744 101 729 stone
744 101 730 stone
744 101 731 stone
744 101 732 stone
744 101 733 stone
744 101 734 stone
744 101 735 stone
744 101 736 stone
744 101 737 stone
744 101 738 stone
744 101 739 stone
744 101 740 stone
744 101 741 stone
744 101 742 stone
744 101 743 stone
744 101 744 stone
744 101 745 stone
744 101 746 stone
744 101 747 stone
744 101 748 stone
744 101 749 stone
744 101 750 gravel
744 101 751 gravel
744 101 752 gravel
744 101 753 gravel
744 101 754 gravel
744 101 755 stone
744 101 756 stone
744 101 757 stone
744 101 758 stone
744 101 759 stone
744 101 760 stone
744 101 761 stone
744 101 762 stone
744 101 763 stone
744 101 764 stone
744 101 765 stone
744 101 766 stone
744 101 767 water[level=0]
744 101 768 water[level=0]
744 101 769 water[level=0]
744 101 770 water[level=0]
744 101 771 water[level=0]
744 101 772 water[level=0]
744 101 773 water[level=0]
744 101 774 stone
744 101 775 stone
744 101 776 stone
744 101 777 diorite
744 101 778 diorite
744 101 779 diorite
744 101 780 diorite
744 101 781 diorite
744 101 782 diorite
744 101 783 diorite
744 101 784 diorite
744 101 785 stone
744 101 786 stone
744 101 787 stone
744 101 788 stone
744 101 789 stone
744 101 790 dirt
744 101 791 water[level=0]
744 101 792 water[level=0]
744 101 793 water[level=0]
744 101 794 water[level=0]
744 101 795 stone
744 101 796 stone
744 101 797 stone
744 101 798 stone
744 101 799 stone
744 101 800 stone
744 101 801 stone
744 101 802 stone
744 101 803 stone
744 101 804 stone
744 101 805 stone
744 101 806 stone
744 101 807 stone
744 101 808 stone
744 101 809 stone
744 101 810 water[level=0]
744 101 811 water[level=0]
744 101 812 water[level=0]
744 101 813 water[level=0]
744 101 814 water[level=0]
744 101 815 water[level=0]
744 101 816 stone
744 101 817 stone
744 101 818 stone
744 101 819 stone
744 101 820 stone
744 101 821 stone
744 101 822 stone
744 101 823 stone
744 101 824 stone
744 101 825 stone
744 101 826 stone
744 101 827 stone
744 101 828 stone
744 101 829 stone
744 101 830 stone
744 101 831 diorite
744 101 832 diorite
744 101 833 diorite
744 101 834 diorite
744 101 835 diorite
744 101 836 diorite
744 101 837 diorite
744 101 838 diorite
744 101 839 stone
744 101 840 stone
744 101 841 stone
744 101 842 stone
744 101 843 stone
744 101 844 stone
744 101 845 stone
744 101 846 stone
744 101 847 stone
744 101 848 stone
744 101 849 stone
744 101 850 stone
744 101 851 stone
744 101 852 stone
744 101 853 stone
744 101 854 stone
744 101 855 stone
744 101 856 andesite
744 101 857 andesite
744 101 858 andesite
744 101 859 andesite
744 101 860 andesite
744 101 861 andesite
744 101 862 andesite
744 101 863 andesite
744 101 864 stone
744 101 865 stone
744 101 866 stone
744 101 867 stone
744 101 868 stone
744 101 869 stone
744 101 870 copper_ore
744 101 871 stone
744 101 872 stone
744 101 873 stone
744 101 874 stone
744 101 875 stone
744 101 876 stone
744 101 877 stone
744 101 878 stone
744 101 879 stone
744 101 880 stone
744 101 881 stone
744 101 882 stone
744 101 883 stone
744 101 884 stone
744 101 885 stone
744 101 886 stone
744 101 887 stone
744 101 888 stone
744 101 889 stone
744 101 890 stone
744 101 891 stone
744 101 892 stone
744 101 893 stone
744 101 894 stone
744 101 895 stone
744 101 896 stone
744 101 897 stone
744 101 898 stone
744 101 899 iron_ore
744 101 900 iron_ore
744 101 901 stone
744 101 902 stone
744 101 903 stone
744 101 904 stone
744 101 905 stone
744 101 906 stone
744 101 907 stone
744 101 908 stone
744 101 909 stone
744 101 910 stone
744 101 911 stone
744 101 913 pointed_dripstone[thickness=tip,vertical_direction=up,waterlogged=false]
744 101 914 dripstone_block
744 101 915 dripstone_block
744 101 918 dripstone_block
744 101 926 granite
744 101 927 granite
744 101 928 stone
744 101 929 stone
744 101 930 stone
744 101 931 stone
744 101 932 granite
744 101 933 granite
744 101 934 granite
744 101 935 stone
744 101 936 stone
744 101 937 stone
744 101 938 stone
744 101 939 stone
744 101 940 stone
744 101 941 stone
744 101 942 stone
744 101 943 stone
744 101 944 stone
744 101 945 stone
744 101 946 stone
744 101 947 stone
744 101 948 stone
744 101 949 stone
744 101 950 stone
744 101 951 stone
744 101 952 stone
744 101 953 stone
744 101 954 stone
744 101 955 stone
744 101 956 stone
744 101 957 stone
744 101 958 stone
744 101 959 stone
744 101 960 stone
744 101 961 stone
744 101 962 stone
744 101 963 stone
744 101 964 stone
744 101 965 stone
744 101 966 stone
744 101 967 stone
744 101 968 stone
744 101 969 stone
744 101 970 stone
744 101 971 stone
744 101 972 stone
744 101 973 stone
744 101 974 stone
744 101 975 stone
744 101 976 stone
744 101 977 stone
744 101 978 stone
744 101 979 stone
744 101 980 stone
744 101 981 stone
744 101 982 stone
744 101 983 stone
744 101 984 stone
744 101 985 stone
744 101 986 stone
744 101 987 stone
744 101 988 stone
744 101 989 stone
744 101 990 stone
744 101 991 stone
744 101 992 stone
744 101 993 stone
744 101 994 stone
744 101 995 stone
744 101 996 stone
744 101 997 stone
744 101 998 stone
744 101 999 stone
744 101 1000 stone
744 101 1001 stone
744 101 1002 stone
744 101 1003 stone
744 101 1004 stone
744 101 1005 stone
744 101 1006 stone
744 101 1007 stone
744 101 1008 stone
744 101 1009 stone
744 101 1010 diorite
744 101 1011 diorite
744 101 1012 diorite
744 101 1013 diorite
744 101 1014 diorite
744 101 1015 stone
744 101 1016 stone
744 101 1017 stone
744 101 1018 stone
744 101 1019 stone
744 101 1020 stone
744 101 1021 stone
744 101 1022 copper_ore
744 101 1023 copper_ore
744 102 0 stone
744 102 1 stone
744 102 2 stone
744 102 3 stone
744 102 4 diorite
744 102 5 diorite
744 102 6 diorite
744 102 7 diorite
744 102 8 diorite
744 102 9 stone
744 102 10 stone
744 102 11 stone
744 102 12 stone
744 102 13 stone
744 102 14 stone
744 102 15 stone
744 102 16 stone
744 102 17 stone
744 102 18 stone
744 102 19 stone
744 102 20 stone
744 102 21 stone
744 102 22 stone
744 102 23 stone
744 102 24 stone
744 102 25 stone
744 102 26 stone
744 102 27 stone
744 102 28 stone
744 102 29 stone
744 102 30 stone
744 102 31 stone
744 102 32 stone
744 102 33 stone
744 102 34 stone
744 102 35 stone
744 102 36 stone
744 102 37 stone
744 102 38 stone
744 102 39 stone
744 102 40 stone
744 102 41 stone
744 102 42 stone
744 102 43 stone
744 102 44 coal_ore
744 102 45 coal_ore
744 102 46 stone
744 102 47 stone
744 102 48 stone
744 102 49 stone
744 102 50 stone
744 102 51 stone
744 102 52 stone
744 102 53 stone
744 102 54 stone
744 102 55 stone
744 102 56 stone
744 102 57 stone
744 102 58 stone
744 102 59 stone
744 102 60 dirt
744 102 61 dirt
744 102 62 stone
744 102 63 stone
744 102 64 stone
744 102 65 stone
744 102 66 stone
744 102 67 stone
744 102 68 stone
744 102 69 stone
744 102 70 stone
744 102 71 stone
744 102 72 stone
744 102 73 stone
744 102 74 stone
744 102 75 stone
744 102 76 stone
744 102 77 stone
744 102 78 stone
744 102 79 stone
744 102 80 diorite
744 102 81 diorite
744 102 82 diorite
744 102 83 diorite
744 102 84 stone
744 102 85 stone
744 102 86 stone
744 102 87 stone
744 102 88 stone
744 102 89 stone
744 102 90 stone
744 102 91 stone
744 102 92 stone
744 102 93 stone
744 102 94 stone
744 102 95 stone
744 102 96 stone
744 102 97 stone
744 102 98 stone
744 102 99 stone
744 102 100 stone
744 102 101 stone
744 102 102 stone
744 102 103 stone
744 102 104 stone
744 102 105 stone
744 102 106 stone
744 102 107 diorite
744 102 108 diorite
744 102 109 diorite
744 102 110 diorite
744 102 111 diorite
744 102 112 diorite
744 102 113 andesite
744 102 114 andesite
744 102 115 andesite
744 102 116 andesite
744 102 117 andesite
744 102 118 andesite
744 102 119 diorite
744 102 120 diorite
744 102 121 diorite
744 102 122 diorite
744 102 123 diorite
744 102 124 diorite
744 102 125 diorite
744 102 126 diorite
744 102 127 diorite
744 102 128 diorite
744 102 129 diorite
744 102 130 diorite
744 102 131 diorite
744 102 132 stone
744 102 133 stone
744 102 134 stone
744 102 135 stone
744 102 136 stone
744 102 137 stone
744 102 138 andesite
744 102 139 andesite
744 102 140 stone
744 102 141 stone
744 102 142 stone
744 102 143 stone
744 102 144 stone
744 102 145 stone
744 102 146 copper_ore
744 102 147 copper_ore
744 102 148 stone
744 102 149 stone
744 102 150 stone
744 102 151 stone
744 102 152 stone
744 102 153 stone
744 102 154 stone
744 102 155 stone
744 102 156 stone
744 102 157 stone
744 102 158 stone
744 102 159 stone
744 102 160 stone
744 102 161 stone
744 102 162 stone
744 102 163 stone
744 102 164 stone
744 102 165 stone
744 102 166 stone
744 102 167 stone
744 102 168 stone
744 102 169 stone
744 102 170 stone
744 102 171 stone
744 102 172 stone
744 102 173 stone
744 102 174 stone
744 102 175 stone
744 102 176 stone
744 102 177 stone
744 102 178 stone
744 102 179 stone
744 102 180 stone
744 102 181 stone
744 102 182 stone
744 102 183 stone
744 102 184 granite
744 102 185 granite
744 102 186 granite
744 102 187 granite
744 102 188 granite
744 102 189 granite
744 102 190 granite
744 102 191 stone
744 102 192 stone
744 102 193 andesite
744 102 194 andesite
744 102 195 andesite
744 102 196 stone
744 102 197 stone
744 102 198 stone
744 102 199 stone
744 102 200 stone
744 102 201 stone
744 102 202 stone
744 102 203 stone
744 102 204 stone
744 102 205 stone
744 102 206 stone
744 102 207 stone
744 102 208 stone
744 102 209 stone
744 102 210 stone
744 102 211 stone
744 102 212 stone
744 102 213 stone
744 102 214 stone
744 102 215 stone
744 102 216 stone
744 102 217 stone
744 102 218 stone
744 102 219 stone
744 102 220 stone
744 102 221 stone
744 102 222 stone
744 102 223 stone
744 102 224 stone
744 102 225 stone
744 102 226 stone
744 102 227 stone
744 102 228 stone
744 102 229 stone
744 102 230 stone
744 102 231 stone
744 102 232 stone
744 102 233 stone
744 102 234 andesite
744 102 235 stone
744 102 236 stone
744 102 237 stone
744 102 238 stone
744 102 239 stone
744 102 240 stone
744 102 241 stone
744 102 242 stone
744 102 243 dirt
744 102 244 dirt
744 102 245 dirt
744 102 246 dirt
744 102 247 dirt
744 102 248 dirt
744 102 249 dirt
744 102 250 dirt
744 102 251 stone
744 102 252 stone
744 102 253 stone
744 102 254 stone
744 102 255 stone
744 102 256 stone
744 102 257 stone
744 102 258 dirt
744 102 259 dirt
744 102 260 dirt
744 102 261 stone
744 102 262 granite
744 102 263 stone
744 102 264 stone
744 102 265 granite
744 102 266 granite
744 102 267 granite
744 102 268 granite
744 102 269 granite
744 102 270 granite
744 102 271 stone
744 102 272 stone
744 102 273 stone
744 102 274 stone
744 102 275 stone
744 102 276 stone
744 102 277 stone
744 102 278 stone
744 102 279 stone
744 102 280 stone
744 102 281 stone
744 102 282 stone
744 102 283 stone
744 102 284 stone
744 102 285 stone
744 102 286 stone
744 102 287 stone
744 102 288 stone
744 102 289 stone
744 102 290 stone
744 102 291 stone
744 102 292 stone
744 102 293 stone
744 102 294 stone
744 102 295 stone
744 102 296 stone
744 102 297 stone
744 102 298 stone
744 102 299 andesite
744 102 300 andesite
744 102 301 andesite
744 102 302 andesite
744 102 303 andesite
744 102 304 andesite
744 102 305 andesite
744 102 306 andesite
744 102 307 andesite
744 102 308 stone
744 102 309 stone
744 102 310 stone
744 102 311 stone
744 102 312 stone
744 102 313 stone
744 102 314 stone
744 102 315 stone
744 102 316 stone
744 102 317 stone
744 102 318 stone
744 102 319 stone
744 102 320 stone
744 102 321 stone
744 102 322 stone
744 102 323 stone
744 102 324 stone
744 102 325 stone
744 102 326 stone
744 102 327 stone
744 102 328 stone
744 102 329 gravel
744 102 330 gravel
744 102 331 gravel
744 102 332 gravel
744 102 333 gravel
744 102 334 gravel
744 102 335 stone
744 102 336 stone
744 102 337 stone
744 102 338 stone
744 102 339 stone
744 102 340 stone
744 102 341 stone
744 102 342 stone
744 102 343 stone
744 102 344 stone
744 102 345 stone
744 102 346 stone
744 102 347 stone
744 102 348 stone
744 102 349 stone
744 102 350 stone
744 102 351 stone
744 102 352 stone
744 102 353 stone
744 102 354 stone
744 102 355 stone
744 102 356 stone
744 102 357 stone
744 102 358 stone
744 102 359 stone
744 102 360 diorite
744 102 361 diorite
744 102 362 diorite
744 102 363 diorite
744 102 364 diorite
744 102 365 diorite
744 102 366 diorite
744 102 367 diorite
744 102 368 stone
744 102 369 andesite
744 102 370 andesite
744 102 371 andesite
744 102 372 andesite
744 102 373 granite
744 102 374 granite
744 102 375 granite
744 102 376 granite
744 102 377 granite
744 102 378 stone
744 102 379 stone
744 102 380 stone
744 102 381 stone
744 102 382 stone
744 102 383 stone
744 102 384 stone
744 102 385 stone
744 102 386 stone
744 102 387 stone
744 102 388 stone
744 102 389 stone
744 102 390 stone
744 102 391 stone
744 102 392 stone
744 102 393 stone
744 102 394 stone
744 102 395 stone
744 102 396 stone
744 102 397 stone
744 102 398 stone
744 102 399 stone
744 102 400 stone
744 102 401 stone
744 102 402 diorite
744 102 403 diorite
744 102 404 diorite
744 102 405 diorite
744 102 406 stone
744 102 407 diorite
744 102 408 diorite
744 102 409 diorite
744 102 410 stone
744 102 411 stone
744 102 412 stone
744 102 413 stone
744 102 414 stone
744 102 415 stone
744 102 416 stone
744 102 417 stone
744 102 418 stone
744 102 419 stone
744 102 420 stone
744 102 421 stone
744 102 422 stone
744 102 423 stone
744 102 424 stone
744 102 425 stone
744 102 426 stone
744 102 427 stone
744 102 428 stone
744 102 429 stone
744 102 430 stone
744 102 431 stone
744 102 432 stone
744 102 433 stone
744 102 434 stone
744 102 435 stone
744 102 436 diorite
744 102 437 diorite
744 102 438 diorite
744 102 439 diorite
744 102 440 diorite
744 102 441 diorite
744 102 442 diorite
744 102 443 diorite
744 102 444 diorite
744 102 445 diorite
744 102 446 diorite
744 102 447 diorite
744 102 448 stone
744 102 449 stone
744 102 450 stone
744 102 451 stone
744 102 452 stone
744 102 453 stone
744 102 454 stone
744 102 455 stone
744 102 456 stone
744 102 457 stone
744 102 458 stone
744 102 459 stone
744 102 460 stone
744 102 461 stone
744 102 462 stone
744 102 463 stone
744 102 464 stone
744 102 465 stone
744 102 466 stone
