624 109 886 stone
624 109 887 stone
624 109 888 stone
624 109 889 stone
624 109 890 stone
624 109 891 dripstone_block
624 109 892 stone
624 109 893 stone
624 109 894 stone
624 109 895 stone
625 109 768 stone
625 109 769 stone
625 109 770 stone
625 109 771 stone
625 109 772 stone
625 109 773 stone
625 109 774 stone
625 109 775 stone
625 109 776 stone
625 109 777 stone
625 109 778 stone
625 109 779 stone
625 109 780 stone
625 109 781 stone
625 109 782 stone
625 109 783 stone
625 109 784 stone
625 109 785 stone
625 109 786 stone
625 109 787 stone
625 109 788 stone
625 109 789 stone
625 109 790 stone
625 109 794 stone
625 109 795 stone
625 109 796 stone
625 109 797 stone
625 109 798 stone
625 109 799 copper_ore
625 109 800 stone
625 109 801 stone
625 109 802 stone
625 109 811 stone
625 109 812 stone
625 109 813 stone
625 109 814 stone
625 109 815 stone
625 109 816 stone
625 109 817 stone
625 109 818 stone
625 109 819 stone
625 109 820 stone
625 109 821 stone
625 109 822 stone
625 109 823 stone
625 109 824 stone
625 109 825 stone
625 109 826 stone
625 109 827 stone
625 109 828 stone
625 109 829 stone
625 109 830 stone
625 109 831 stone
625 109 832 stone
625 109 833 stone
625 109 834 stone
625 109 835 stone
625 109 836 stone
625 109 837 stone
625 109 838 stone
625 109 839 stone
625 109 840 stone
625 109 841 stone
625 109 842 stone
625 109 843 stone
625 109 844 stone
625 109 845 stone
625 109 846 stone
625 109 847 stone
625 109 848 stone
625 109 849 stone
625 109 850 stone
625 109 851 stone
625 109 852 stone
625 109 853 stone
625 109 854 stone
625 109 855 stone
625 109 856 stone
625 109 857 stone
625 109 858 stone
625 109 859 stone
625 109 860 stone
625 109 861 stone
625 109 862 stone
625 109 863 stone
625 109 864 stone
625 109 865 stone
625 109 866 stone
625 109 867 stone
625 109 868 stone
625 109 869 stone
625 109 870 stone
625 109 871 stone
625 109 872 stone
625 109 873 stone
625 109 874 stone
625 109 875 stone
625 109 876 stone
625 109 877 stone
625 109 878 stone
625 109 879 stone
625 109 880 stone
625 109 881 stone
625 109 882 stone
625 109 883 stone
625 109 884 stone
625 109 885 stone
625 109 886 stone
625 109 887 stone
625 109 888 stone
625 109 889 stone
625 109 890 dripstone_block
625 109 891 dripstone_block
625 109 892 stone
625 109 893 stone
625 109 894 stone
625 109 895 stone
626 109 768 stone
626 109 769 stone
626 109 770 stone
626 109 771 stone
626 109 772 stone
626 109 773 stone
626 109 774 stone
626 109 775 stone
626 109 776 stone
626 109 777 stone
626 109 778 stone
626 109 779 stone
626 109 780 stone
626 109 781 stone
626 109 782 stone
626 109 783 stone
626 109 784 stone
626 109 785 stone
626 109 786 stone
626 109 787 stone
626 109 788 stone
626 109 789 stone
626 109 796 stone
626 109 797 stone
626 109 798 stone
626 109 799 stone
626 109 800 stone
626 109 801 stone
626 109 809 iron_ore
626 109 810 iron_ore
626 109 811 stone
626 109 812 stone
626 109 813 stone
626 109 814 stone
626 109 815 stone
626 109 816 stone
626 109 817 stone
626 109 818 stone
626 109 819 stone
626 109 820 stone
626 109 821 stone
626 109 822 stone
626 109 823 stone
626 109 824 stone
626 109 825 stone
626 109 826 stone
626 109 827 stone
626 109 828 stone
626 109 829 stone
626 109 830 stone
626 109 831 stone
626 109 832 stone
626 109 833 stone
626 109 834 stone
626 109 835 stone
626 109 836 stone
626 109 837 stone
626 109 838 stone
626 109 839 stone
626 109 840 stone
626 109 841 stone
626 109 842 stone
626 109 843 stone
626 109 844 stone
626 109 845 stone
626 109 846 stone
626 109 847 stone
626 109 848 stone
626 109 849 stone
626 109 850 stone
626 109 851 stone
626 109 852 stone
626 109 853 stone
626 109 854 stone
626 109 855 stone
626 109 856 stone
626 109 857 stone
626 109 858 stone
626 109 859 stone
626 109 860 stone
626 109 861 stone
626 109 862 stone
626 109 863 stone
626 109 864 stone
626 109 865 stone
626 109 866 stone
626 109 867 stone
626 109 868 stone
626 109 869 stone
626 109 870 stone
626 109 871 stone
626 109 872 stone
626 109 873 stone
626 109 874 stone
626 109 875 stone
626 109 876 stone
626 109 877 stone
626 109 878 stone
626 109 879 stone
626 109 880 stone
626 109 881 stone
626 109 882 stone
626 109 883 stone
626 109 884 stone
626 109 885 stone
626 109 886 stone
626 109 887 stone
626 109 888 stone
626 109 889 stone
626 109 890 stone
626 109 891 dripstone_block
626 109 892 stone
626 109 893 stone
626 109 894 stone
626 109 895 stone
627 109 768 stone
627 109 769 stone
627 109 770 stone
627 109 771 stone
627 109 772 stone
627 109 773 stone
627 109 774 stone
627 109 775 stone
627 109 776 stone
627 109 777 stone
627 109 778 stone
627 109 779 stone
627 109 780 stone
627 109 781 stone
627 109 782 stone
627 109 783 stone
627 109 784 stone
627 109 785 stone
627 109 786 stone
627 109 787 stone
627 109 788 stone
627 109 789 stone
627 109 796 stone
627 109 797 stone
627 109 798 stone
627 109 799 stone
627 109 800 stone
627 109 807 stone
627 109 808 stone
627 109 809 iron_ore
627 109 810 iron_ore
627 109 811 stone
627 109 812 stone
627 109 813 stone
627 109 814 stone
627 109 815 stone
627 109 816 stone
627 109 817 stone
627 109 818 stone
627 109 819 stone
627 109 820 stone
627 109 821 stone
627 109 822 stone
627 109 823 stone
627 109 824 stone
627 109 825 stone
627 109 826 stone
627 109 827 stone
627 109 828 stone
627 109 829 stone
627 109 830 stone
627 109 831 stone
627 109 832 stone
627 109 833 stone
627 109 834 stone
627 109 835 stone
627 109 836 stone
627 109 837 stone
627 109 838 stone
627 109 839 stone
627 109 840 stone
627 109 841 stone
627 109 842 stone
627 109 843 stone
627 109 844 stone
627 109 845 stone
627 109 846 stone
627 109 847 stone
627 109 848 stone
627 109 849 stone
627 109 850 stone
627 109 851 stone
627 109 852 stone
627 109 853 stone
627 109 854 stone
627 109 855 stone
627 109 856 stone
627 109 857 stone
627 109 858 stone
627 109 859 stone
627 109 860 stone
627 109 861 stone
627 109 862 stone
627 109 863 stone
627 109 864 stone
627 109 865 stone
627 109 866 stone
627 109 867 stone
627 109 868 stone
627 109 869 stone
627 109 870 stone
627 109 871 stone
627 109 872 stone
627 109 873 stone
627 109 874 stone
627 109 875 stone
627 109 876 stone
627 109 877 stone
627 109 878 stone
627 109 879 stone
627 109 880 stone
627 109 881 stone
627 109 882 stone
627 109 883 stone
627 109 884 stone
627 109 885 stone
627 109 886 stone
627 109 887 stone
627 109 888 stone
627 109 889 stone
627 109 891 dripstone_block
627 109 892 stone
627 109 893 stone
627 109 894 stone
627 109 895 stone
628 109 768 stone
628 109 769 stone
628 109 770 stone
628 109 771 stone
628 109 772 stone
628 109 773 stone
628 109 774 stone
628 109 775 stone
628 109 776 stone
628 109 777 stone
628 109 778 stone
628 109 779 stone
628 109 780 stone
628 109 781 stone
628 109 782 stone
628 109 783 stone
628 109 784 stone
628 109 785 stone
628 109 786 stone
628 109 787 stone
628 109 788 stone
628 109 789 stone
628 109 790 stone
628 109 797 stone
628 109 798 stone
628 109 799 stone
628 109 805 stone
628 109 806 stone
628 109 807 stone
628 109 808 coal_ore
628 109 809 coal_ore
628 109 810 coal_ore
628 109 811 coal_ore
628 109 812 coal_ore
628 109 813 stone
628 109 814 stone
628 109 815 stone
628 109 816 stone
628 109 817 stone
628 109 818 stone
628 109 819 stone
628 109 820 stone
628 109 821 stone
628 109 822 stone
628 109 823 stone
628 109 824 stone
628 109 825 stone
628 109 826 stone
628 109 827 stone
628 109 828 stone
628 109 829 stone
628 109 830 stone
628 109 831 stone
628 109 832 stone
628 109 833 stone
628 109 834 stone
628 109 835 stone
628 109 836 stone
628 109 837 stone
628 109 838 stone
628 109 839 stone
628 109 840 stone
628 109 841 stone
628 109 842 stone
628 109 843 stone
628 109 844 stone
628 109 845 stone
628 109 846 stone
628 109 847 stone
628 109 848 stone
628 109 849 stone
628 109 850 stone
628 109 851 stone
628 109 852 stone
628 109 853 stone
628 109 854 stone
628 109 855 stone
628 109 856 stone
628 109 857 stone
628 109 858 stone
628 109 859 stone
628 109 860 stone
628 109 861 stone
628 109 862 stone
628 109 863 stone
628 109 864 stone
628 109 865 stone
628 109 866 stone
628 109 867 stone
628 109 868 stone
628 109 869 stone
628 109 870 stone
628 109 871 stone
628 109 872 stone
628 109 873 stone
628 109 874 stone
628 109 875 stone
628 109 876 stone
628 109 877 stone
628 109 878 stone
628 109 879 stone
628 109 880 stone
628 109 881 stone
628 109 882 stone
628 109 883 stone
628 109 884 stone
628 109 885 stone
628 109 886 stone
628 109 887 stone
628 109 890 stone
628 109 891 stone
628 109 892 stone
628 109 893 stone
628 109 894 stone
628 109 895 stone
629 109 768 stone
629 109 769 stone
629 109 770 stone
629 109 771 stone
629 109 772 stone
629 109 773 stone
629 109 774 stone
629 109 775 stone
629 109 776 stone
629 109 777 stone
629 109 778 stone
629 109 779 stone
629 109 780 stone
629 109 781 stone
629 109 782 stone
629 109 783 stone
629 109 784 stone
629 109 785 stone
629 109 786 stone
629 109 787 stone
629 109 788 stone
629 109 789 stone
629 109 790 stone
629 109 797 stone
629 109 798 stone
629 109 804 stone
629 109 805 stone
629 109 806 stone
629 109 807 stone
629 109 808 coal_ore
629 109 809 coal_ore
629 109 810 coal_ore
629 109 811 coal_ore
629 109 812 coal_ore
629 109 813 stone
629 109 814 stone
629 109 815 stone
629 109 816 stone
629 109 817 stone
629 109 818 stone
629 109 819 stone
629 109 820 stone
629 109 821 stone
629 109 822 stone
629 109 823 stone
629 109 824 stone
629 109 825 stone
629 109 826 stone
629 109 827 stone
629 109 828 stone
629 109 829 stone
629 109 830 stone
629 109 831 stone
629 109 832 stone
629 109 833 stone
629 109 834 stone
629 109 835 stone
629 109 836 stone
629 109 837 stone
629 109 838 stone
629 109 839 stone
629 109 840 stone
629 109 841 stone
629 109 842 stone
629 109 843 stone
629 109 844 stone
629 109 845 stone
629 109 846 stone
629 109 847 stone
629 109 848 stone
629 109 849 stone
629 109 850 stone
629 109 851 stone
629 109 852 stone
629 109 853 stone
629 109 854 stone
629 109 855 stone
629 109 856 stone
629 109 857 stone
629 109 858 stone
629 109 859 stone
629 109 860 stone
629 109 861 stone
629 109 862 stone
629 109 863 stone
629 109 864 stone
629 109 865 stone
629 109 866 stone
629 109 867 stone
629 109 868 stone
629 109 869 stone
629 109 870 stone
629 109 871 stone
629 109 872 stone
629 109 873 stone
629 109 874 stone
629 109 875 stone
629 109 876 stone
629 109 877 stone
629 109 878 stone
629 109 879 stone
629 109 880 stone
629 109 881 stone
629 109 882 stone
629 109 883 stone
629 109 884 stone
629 109 885 stone
629 109 886 stone
629 109 890 stone
629 109 891 stone
629 109 892 stone
629 109 893 stone
629 109 894 stone
629 109 895 stone
630 109 768 stone
630 109 769 stone
630 109 770 stone
630 109 771 stone
630 109 772 stone
630 109 773 stone
630 109 774 stone
630 109 775 stone
630 109 776 stone
630 109 777 stone
630 109 778 stone
630 109 779 stone
630 109 780 stone
630 109 781 stone
630 109 782 stone
630 109 783 stone
630 109 784 stone
630 109 785 stone
630 109 786 stone
630 109 787 stone
630 109 788 stone
630 109 789 stone
630 109 790 stone
630 109 791 stone
630 109 797 stone
630 109 798 stone
630 109 799 stone
630 109 800 stone
630 109 801 stone
630 109 803 stone
630 109 804 stone
630 109 805 stone
630 109 806 stone
630 109 807 stone
630 109 808 stone
630 109 809 stone
630 109 810 stone
630 109 811 copper_ore
630 109 812 copper_ore
630 109 813 stone
630 109 814 stone
630 109 815 stone
630 109 816 stone
630 109 817 stone
630 109 818 stone
630 109 819 stone
630 109 820 stone
630 109 821 stone
630 109 822 stone
630 109 823 stone
630 109 824 stone
630 109 825 stone
630 109 826 stone
630 109 827 stone
630 109 828 stone
630 109 829 stone
630 109 830 stone
630 109 831 stone
630 109 832 stone
630 109 833 stone
630 109 834 stone
630 109 835 stone
630 109 836 stone
630 109 837 stone
630 109 838 stone
630 109 839 stone
630 109 840 stone
630 109 841 stone
630 109 842 stone
630 109 843 stone
630 109 844 stone
630 109 845 stone
630 109 846 stone
630 109 847 stone
630 109 848 stone
630 109 849 stone
630 109 850 stone
630 109 851 stone
630 109 852 stone
630 109 853 stone
630 109 854 stone
630 109 855 stone
630 109 856 stone
630 109 857 stone
630 109 858 stone
630 109 859 stone
630 109 860 stone
630 109 861 stone
630 109 862 stone
630 109 863 stone
630 109 864 stone
630 109 865 stone
630 109 866 stone
630 109 867 stone
630 109 868 stone
630 109 869 stone
630 109 870 stone
630 109 871 stone
630 109 872 stone
630 109 873 stone
630 109 874 stone
630 109 875 stone
630 109 876 stone
630 109 877 stone
630 109 878 stone
630 109 879 stone
630 109 880 stone
630 109 881 stone
630 109 882 stone
630 109 883 stone
630 109 884 stone
630 109 885 stone
630 109 889 stone
630 109 890 stone
630 109 891 stone
630 109 892 stone
630 109 893 stone
630 109 894 stone
630 109 895 stone
631 109 768 stone
631 109 769 stone
631 109 770 stone
631 109 771 stone
631 109 772 stone
631 109 773 stone
631 109 774 stone
631 109 775 stone
631 109 776 stone
631 109 777 stone
631 109 778 stone
631 109 779 stone
631 109 780 stone
631 109 781 stone
631 109 782 stone
631 109 783 stone
631 109 784 stone
631 109 785 stone
631 109 786 stone
631 109 787 stone
631 109 788 stone
631 109 789 stone
631 109 790 stone
631 109 791 stone
631 109 792 stone
631 109 797 stone
631 109 798 stone
631 109 799 stone
631 109 800 stone
631 109 801 stone
631 109 802 stone
631 109 803 stone
631 109 804 stone
631 109 805 stone
631 109 806 stone
631 109 807 stone
631 109 808 stone
631 109 809 stone
631 109 810 stone
631 109 811 stone
631 109 812 stone
631 109 813 stone
631 109 814 stone
631 109 815 stone
631 109 816 stone
631 109 817 stone
631 109 818 stone
631 109 819 stone
631 109 820 stone
631 109 821 stone
631 109 822 stone
631 109 823 stone
631 109 824 stone
631 109 825 stone
631 109 826 stone
631 109 827 stone
631 109 828 stone
631 109 829 stone
631 109 830 stone
631 109 831 stone
631 109 832 stone
631 109 833 stone
631 109 834 stone
631 109 835 stone
631 109 836 stone
631 109 837 stone
631 109 838 stone
631 109 839 stone
631 109 840 stone
631 109 841 stone
631 109 842 stone
631 109 843 stone
631 109 844 stone
631 109 845 stone
631 109 846 stone
631 109 847 stone
631 109 848 stone
631 109 849 stone
631 109 850 stone
631 109 851 stone
631 109 852 stone
631 109 853 stone
631 109 854 stone
631 109 855 stone
631 109 856 stone
631 109 857 stone
631 109 858 stone
631 109 859 stone
631 109 860 stone
631 109 861 stone
631 109 862 stone
631 109 863 stone
631 109 864 stone
631 109 865 stone
631 109 866 stone
631 109 867 stone
631 109 868 stone
631 109 869 stone
631 109 870 stone
631 109 871 stone
631 109 872 stone
631 109 873 stone
631 109 874 stone
631 109 875 stone
631 109 876 stone
631 109 877 stone
631 109 878 stone
631 109 879 stone
631 109 880 stone
631 109 881 stone
631 109 882 stone
631 109 883 stone
631 109 884 stone
631 109 889 stone
631 109 890 stone
631 109 891 stone
631 109 892 stone
631 109 893 stone
631 109 894 stone
631 109 895 stone
632 109 768 stone
632 109 769 stone
632 109 770 stone
632 109 771 stone
632 109 772 stone
632 109 773 stone
632 109 774 stone
632 109 775 stone
632 109 776 stone
632 109 777 stone
632 109 778 stone
632 109 779 dirt
632 109 780 dirt
632 109 781 dirt
632 109 782 dirt
632 109 783 stone
632 109 784 stone
632 109 785 stone
632 109 786 stone
632 109 787 stone
632 109 788 stone
632 109 789 stone
632 109 790 stone
632 109 791 stone
632 109 792 stone
632 109 793 stone
632 109 794 stone
632 109 797 stone
632 109 798 stone
632 109 799 stone
632 109 800 stone
632 109 801 stone
632 109 802 stone
632 109 803 stone
632 109 804 stone
632 109 805 stone
632 109 806 stone
632 109 807 stone
632 109 808 stone
632 109 809 stone
632 109 810 stone
632 109 811 stone
632 109 812 stone
632 109 813 stone
632 109 814 stone
632 109 815 stone
632 109 816 stone
632 109 817 stone
632 109 818 stone
632 109 819 stone
632 109 820 stone
632 109 821 stone
632 109 822 stone
632 109 823 stone
632 109 824 stone
632 109 825 stone
632 109 826 stone
632 109 827 stone
632 109 828 stone
632 109 829 stone
632 109 830 stone
632 109 831 stone
632 109 832 stone
632 109 833 stone
632 109 834 stone
632 109 835 stone
632 109 836 stone
632 109 837 stone
632 109 838 stone
632 109 839 stone
632 109 840 stone
632 109 841 stone
632 109 842 stone
632 109 843 stone
632 109 844 stone
632 109 845 stone
632 109 846 stone
632 109 847 stone
632 109 848 stone
632 109 849 stone
632 109 850 stone
632 109 851 stone
632 109 852 stone
632 109 853 stone
632 109 854 stone
632 109 855 stone
632 109 856 stone
632 109 857 stone
632 109 858 stone
632 109 859 stone
632 109 860 stone
632 109 861 stone
632 109 862 stone
632 109 863 stone
632 109 864 stone
632 109 865 stone
632 109 866 stone
632 109 867 stone
632 109 868 stone
632 109 869 stone
632 109 870 stone
632 109 871 stone
632 109 872 stone
632 109 873 stone
632 109 874 stone
632 109 875 stone
632 109 876 stone
632 109 877 stone
632 109 878 stone
632 109 879 stone
632 109 880 stone
632 109 881 stone
632 109 882 stone
632 109 883 stone
632 109 888 granite
632 109 889 granite
632 109 890 granite
632 109 891 granite
632 109 892 granite
632 109 893 granite
632 109 894 granite
632 109 895 granite
633 109 768 stone
633 109 769 stone
633 109 770 stone
633 109 771 stone
633 109 772 stone
633 109 773 stone
633 109 774 stone
633 109 775 stone
633 109 776 stone
633 109 777 dirt
633 109 778 dirt
633 109 779 dirt
633 109 780 dirt
633 109 781 dirt
633 109 782 dirt
633 109 783 stone
633 109 784 stone
633 109 785 stone
633 109 786 stone
633 109 787 stone
633 109 788 stone
633 109 789 stone
633 109 790 stone
633 109 791 stone
633 109 792 stone
633 109 793 stone
633 109 794 stone
633 109 795 stone
633 109 796 stone
633 109 797 stone
633 109 798 stone
633 109 799 stone
633 109 800 stone
633 109 801 stone
633 109 802 stone
633 109 803 stone
633 109 804 stone
633 109 805 stone
633 109 806 stone
633 109 807 stone
633 109 808 stone
633 109 809 stone
633 109 810 stone
633 109 811 stone
633 109 812 stone
633 109 813 stone
633 109 814 stone
633 109 815 stone
633 109 816 stone
633 109 817 stone
633 109 818 stone
633 109 819 stone
633 109 820 stone
633 109 821 stone
633 109 822 stone
633 109 823 stone
633 109 824 stone
633 109 825 stone
633 109 826 stone
633 109 827 stone
633 109 828 stone
633 109 829 stone
633 109 830 stone
633 109 831 stone
633 109 832 stone
633 109 833 stone
633 109 834 stone
633 109 835 stone
633 109 836 stone
633 109 837 stone
633 109 838 stone
633 109 839 stone
633 109 840 stone
633 109 841 stone
633 109 842 stone
633 109 843 stone
633 109 844 stone
633 109 845 stone
633 109 846 stone
633 109 847 stone
633 109 848 stone
633 109 849 stone
633 109 850 stone
633 109 851 stone
633 109 852 stone
633 109 853 stone
633 109 854 stone
633 109 855 stone
633 109 856 stone
633 109 857 stone
633 109 858 dirt
633 109 859 stone
633 109 860 stone
633 109 861 stone
633 109 862 stone
633 109 863 stone
633 109 864 stone
633 109 865 stone
633 109 866 stone
633 109 867 stone
633 109 868 stone
633 109 869 stone
633 109 870 stone
633 109 871 dirt
633 109 872 dirt
633 109 873 stone
633 109 874 stone
633 109 875 stone
633 109 876 stone
633 109 877 stone
633 109 878 stone
633 109 879 stone
633 109 880 stone
633 109 881 stone
633 109 882 stone
633 109 883 stone
633 109 888 granite
633 109 889 granite
633 109 890 granite
633 109 891 granite
633 109 892 granite
633 109 893 granite
633 109 894 granite
633 109 895 granite
634 109 768 stone
634 109 769 stone
634 109 770 stone
634 109 771 stone
634 109 772 stone
634 109 773 stone
634 109 774 stone
634 109 775 stone
634 109 776 stone
634 109 777 dirt
634 109 778 dirt
634 109 779 dirt
634 109 780 dirt
634 109 781 dirt
634 109 782 stone
634 109 783 stone
634 109 784 stone
634 109 785 stone
634 109 786 stone
634 109 787 stone
634 109 788 stone
634 109 789 stone
634 109 790 stone
634 109 791 stone
634 109 792 stone
634 109 793 stone
634 109 794 stone
634 109 795 stone
634 109 796 stone
634 109 797 stone
634 109 798 stone
634 109 799 stone
634 109 800 stone
634 109 801 stone
634 109 802 stone
634 109 803 stone
634 109 804 stone
634 109 805 stone
634 109 806 stone
634 109 807 stone
634 109 808 stone
634 109 809 stone
634 109 810 stone
634 109 811 stone
634 109 812 stone
634 109 813 stone
634 109 814 stone
634 109 815 stone
634 109 816 stone
634 109 817 stone
634 109 818 stone
634 109 819 stone
634 109 820 stone
634 109 821 stone
634 109 822 stone
634 109 823 stone
634 109 824 stone
634 109 825 stone
634 109 826 stone
634 109 827 stone
