595 105 895 granite
596 105 768 stone
596 105 769 stone
596 105 770 stone
596 105 771 stone
596 105 772 stone
596 105 773 stone
596 105 774 stone
596 105 775 stone
596 105 776 stone
596 105 777 stone
596 105 778 stone
596 105 779 stone
596 105 780 stone
596 105 781 stone
596 105 782 stone
596 105 783 stone
596 105 784 stone
596 105 785 stone
596 105 786 stone
596 105 787 stone
596 105 788 stone
596 105 789 stone
596 105 790 stone
596 105 791 stone
596 105 792 stone
596 105 793 stone
596 105 794 stone
596 105 795 stone
596 105 796 stone
596 105 797 stone
596 105 798 stone
596 105 799 stone
596 105 800 stone
596 105 801 stone
596 105 802 stone
596 105 803 stone
596 105 804 stone
596 105 805 stone
596 105 806 stone
596 105 807 stone
596 105 808 stone
596 105 809 stone
596 105 810 stone
596 105 811 stone
596 105 812 andesite
596 105 813 andesite
596 105 814 andesite
596 105 815 andesite
596 105 816 andesite
596 105 817 stone
596 105 818 stone
596 105 819 stone
596 105 820 stone
596 105 821 stone
596 105 822 stone
596 105 823 stone
596 105 824 stone
596 105 825 stone
596 105 826 stone
596 105 827 stone
596 105 828 stone
596 105 829 stone
596 105 830 stone
596 105 831 stone
596 105 832 stone
596 105 833 stone
596 105 834 stone
596 105 835 stone
596 105 836 stone
596 105 837 stone
596 105 838 stone
596 105 839 stone
596 105 840 stone
596 105 841 stone
596 105 842 stone
596 105 843 stone
596 105 844 stone
596 105 845 stone
596 105 846 stone
596 105 847 stone
596 105 848 stone
596 105 849 stone
596 105 850 granite
596 105 851 granite
596 105 852 granite
596 105 853 granite
596 105 854 granite
596 105 855 granite
596 105 856 granite
596 105 857 granite
596 105 858 andesite
596 105 859 andesite
596 105 860 andesite
596 105 861 andesite
596 105 862 stone
596 105 863 stone
596 105 864 stone
596 105 865 stone
596 105 866 stone
596 105 867 stone
596 105 868 stone
596 105 869 stone
596 105 870 stone
596 105 871 stone
596 105 872 stone
596 105 873 stone
596 105 874 stone
596 105 875 stone
596 105 876 stone
596 105 877 stone
596 105 878 stone
596 105 879 granite
596 105 880 granite
596 105 881 copper_ore
596 105 882 copper_ore
596 105 883 granite
596 105 884 granite
596 105 885 copper_ore
596 105 886 copper_ore
596 105 887 granite
596 105 888 granite
596 105 889 granite
596 105 890 granite
596 105 891 granite
596 105 892 granite
596 105 893 granite
596 105 894 granite
596 105 895 granite
597 105 768 stone
597 105 769 stone
597 105 770 stone
597 105 771 stone
597 105 772 stone
597 105 773 stone
597 105 774 stone
597 105 775 stone
597 105 776 stone
597 105 777 stone
597 105 778 stone
597 105 779 stone
597 105 780 stone
597 105 781 stone
597 105 782 stone
597 105 783 stone
597 105 784 stone
597 105 785 stone
597 105 786 stone
597 105 787 stone
597 105 788 stone
597 105 789 stone
597 105 790 stone
597 105 791 stone
597 105 792 stone
597 105 793 stone
597 105 794 stone
597 105 795 stone
597 105 796 stone
597 105 797 stone
597 105 798 stone
597 105 799 stone
597 105 800 stone
597 105 801 stone
597 105 802 stone
597 105 803 stone
597 105 804 stone
597 105 805 stone
597 105 806 stone
597 105 807 stone
597 105 808 stone
597 105 809 stone
597 105 810 stone
597 105 811 andesite
597 105 812 andesite
597 105 813 andesite
597 105 814 andesite
597 105 815 andesite
597 105 816 andesite
597 105 817 stone
597 105 818 stone
597 105 819 stone
597 105 820 stone
597 105 821 stone
597 105 822 stone
597 105 823 stone
597 105 824 stone
597 105 825 stone
597 105 826 stone
597 105 827 stone
597 105 828 stone
597 105 829 stone
597 105 830 stone
597 105 831 stone
597 105 832 stone
597 105 833 stone
597 105 834 stone
597 105 835 stone
597 105 836 stone
597 105 837 stone
597 105 838 stone
597 105 839 stone
597 105 840 stone
597 105 841 stone
597 105 842 stone
597 105 843 stone
597 105 844 stone
597 105 845 stone
597 105 846 stone
597 105 847 stone
597 105 848 stone
597 105 849 stone
597 105 850 stone
597 105 851 stone
597 105 852 stone
597 105 853 granite
597 105 854 granite
597 105 855 granite
597 105 856 granite
597 105 857 stone
597 105 858 stone
597 105 859 stone
597 105 860 stone
597 105 861 stone
597 105 862 stone
597 105 863 stone
597 105 864 stone
597 105 865 stone
597 105 866 stone
597 105 867 stone
597 105 868 stone
597 105 869 stone
597 105 870 stone
597 105 871 stone
597 105 872 stone
597 105 873 stone
597 105 874 stone
597 105 875 stone
597 105 876 stone
597 105 877 stone
597 105 878 stone
597 105 879 stone
597 105 880 granite
597 105 881 granite
597 105 882 copper_ore
597 105 883 granite
597 105 884 granite
597 105 885 copper_ore
597 105 886 copper_ore
597 105 887 copper_ore
597 105 888 granite
597 105 889 granite
597 105 890 granite
597 105 891 granite
597 105 892 granite
597 105 893 granite
597 105 894 granite
597 105 895 granite
598 105 768 stone
598 105 769 stone
598 105 770 stone
598 105 771 stone
598 105 772 stone
598 105 773 stone
598 105 774 stone
598 105 775 stone
598 105 776 stone
598 105 777 stone
598 105 778 stone
598 105 779 stone
598 105 780 stone
598 105 781 stone
598 105 782 stone
598 105 783 stone
598 105 784 stone
598 105 785 stone
598 105 786 stone
598 105 787 stone
598 105 788 stone
598 105 789 stone
598 105 790 stone
598 105 791 stone
598 105 792 stone
598 105 793 stone
598 105 794 stone
598 105 795 stone
598 105 796 stone
598 105 797 stone
598 105 798 stone
598 105 799 stone
598 105 800 stone
598 105 801 stone
598 105 802 stone
598 105 803 stone
598 105 804 stone
598 105 805 stone
598 105 806 stone
598 105 807 stone
598 105 808 stone
598 105 809 stone
598 105 810 stone
598 105 811 andesite
598 105 812 andesite
598 105 813 andesite
598 105 814 andesite
598 105 815 andesite
598 105 816 andesite
598 105 817 andesite
598 105 818 stone
598 105 819 stone
598 105 820 stone
598 105 821 stone
598 105 822 stone
598 105 823 stone
598 105 824 stone
598 105 825 stone
598 105 826 stone
598 105 827 stone
598 105 828 stone
598 105 829 stone
598 105 830 stone
598 105 831 stone
598 105 832 stone
598 105 833 stone
598 105 834 stone
598 105 835 stone
598 105 836 stone
598 105 837 stone
598 105 838 stone
598 105 839 stone
598 105 840 stone
598 105 841 stone
598 105 842 stone
598 105 843 stone
598 105 844 stone
598 105 845 stone
598 105 846 stone
598 105 847 stone
598 105 848 stone
598 105 849 stone
598 105 850 stone
598 105 851 stone
598 105 852 stone
598 105 853 stone
598 105 854 stone
598 105 855 stone
598 105 856 stone
598 105 857 stone
598 105 858 stone
598 105 859 stone
598 105 860 stone
598 105 861 stone
598 105 862 stone
598 105 863 stone
598 105 864 stone
598 105 865 stone
598 105 866 stone
598 105 867 stone
598 105 868 stone
598 105 869 stone
598 105 870 stone
598 105 871 stone
598 105 872 stone
598 105 873 stone
598 105 874 stone
598 105 875 stone
598 105 876 stone
598 105 877 stone
598 105 878 stone
598 105 879 stone
598 105 880 stone
598 105 881 granite
598 105 882 granite
598 105 883 granite
598 105 884 granite
598 105 885 granite
598 105 886 granite
598 105 887 granite
598 105 888 granite
598 105 889 granite
598 105 890 granite
598 105 891 granite
598 105 892 granite
598 105 893 stone
598 105 894 granite
598 105 895 granite
599 105 768 stone
599 105 769 stone
599 105 770 stone
599 105 771 stone
599 105 772 stone
599 105 773 stone
599 105 774 stone
599 105 775 stone
599 105 776 stone
599 105 777 stone
599 105 778 stone
599 105 779 stone
599 105 780 stone
599 105 781 stone
599 105 782 stone
599 105 783 stone
599 105 784 stone
599 105 785 stone
599 105 786 stone
599 105 787 stone
599 105 788 stone
599 105 789 stone
599 105 790 stone
599 105 791 stone
599 105 792 stone
599 105 793 stone
599 105 794 stone
599 105 795 stone
599 105 796 stone
599 105 797 stone
599 105 798 stone
599 105 799 stone
599 105 800 stone
599 105 801 stone
599 105 802 stone
599 105 803 stone
599 105 804 stone
599 105 805 stone
599 105 806 stone
599 105 807 stone
599 105 808 stone
599 105 809 stone
599 105 810 stone
599 105 811 andesite
599 105 812 andesite
599 105 813 andesite
599 105 814 andesite
599 105 815 andesite
599 105 816 andesite
599 105 817 andesite
599 105 818 stone
599 105 819 stone
599 105 820 stone
599 105 821 stone
599 105 822 stone
599 105 823 stone
599 105 824 stone
599 105 825 coal_ore
599 105 826 coal_ore
599 105 827 stone
599 105 828 stone
599 105 829 stone
599 105 830 stone
599 105 831 stone
599 105 832 stone
599 105 833 stone
599 105 834 stone
599 105 835 stone
599 105 836 stone
599 105 837 stone
599 105 838 stone
599 105 839 stone
599 105 840 stone
599 105 841 stone
599 105 842 stone
599 105 843 stone
599 105 844 stone
599 105 845 stone
599 105 846 stone
599 105 847 stone
599 105 848 stone
599 105 849 stone
599 105 850 stone
599 105 851 stone
599 105 852 stone
599 105 853 stone
599 105 854 stone
599 105 855 stone
599 105 856 stone
599 105 857 stone
599 105 858 stone
599 105 859 stone
599 105 860 stone
599 105 861 stone
599 105 862 stone
599 105 863 stone
599 105 864 stone
599 105 865 stone
599 105 866 stone
599 105 867 stone
599 105 868 stone
599 105 869 stone
599 105 870 stone
599 105 871 stone
599 105 872 stone
599 105 873 stone
599 105 874 stone
599 105 875 stone
599 105 876 stone
599 105 877 stone
599 105 878 stone
599 105 879 stone
599 105 880 stone
599 105 881 stone
599 105 882 stone
599 105 883 stone
599 105 884 granite
599 105 885 granite
599 105 886 granite
599 105 887 granite
599 105 888 granite
599 105 889 granite
599 105 890 granite
599 105 891 granite
599 105 892 stone
599 105 893 stone
599 105 894 stone
599 105 895 stone
600 105 768 stone
600 105 769 stone
600 105 770 stone
600 105 771 stone
600 105 772 stone
600 105 773 stone
600 105 774 stone
600 105 775 stone
600 105 776 stone
600 105 777 stone
600 105 778 stone
600 105 779 stone
600 105 780 stone
600 105 781 stone
600 105 782 stone
600 105 783 stone
600 105 784 stone
600 105 785 stone
600 105 786 stone
600 105 787 stone
600 105 788 stone
600 105 789 stone
600 105 790 stone
600 105 791 stone
600 105 792 stone
600 105 793 stone
600 105 794 stone
600 105 795 stone
600 105 796 stone
600 105 797 stone
600 105 798 stone
600 105 799 stone
600 105 800 stone
600 105 801 stone
600 105 802 stone
600 105 803 stone
600 105 804 stone
600 105 805 stone
600 105 806 stone
600 105 807 stone
600 105 808 stone
600 105 809 stone
600 105 810 stone
600 105 811 andesite
600 105 812 andesite
600 105 813 andesite
600 105 814 andesite
600 105 815 andesite
600 105 816 andesite
600 105 817 stone
600 105 818 stone
600 105 819 stone
600 105 820 stone
600 105 821 stone
600 105 822 stone
600 105 823 stone
600 105 824 coal_ore
600 105 825 coal_ore
600 105 826 coal_ore
600 105 827 stone
600 105 828 stone
600 105 829 stone
600 105 830 stone
600 105 831 stone
600 105 832 stone
600 105 833 stone
600 105 834 stone
600 105 835 stone
600 105 836 stone
600 105 837 stone
600 105 838 stone
600 105 839 stone
600 105 840 stone
600 105 841 stone
600 105 842 stone
600 105 843 stone
600 105 844 stone
600 105 845 stone
600 105 846 stone
600 105 847 stone
600 105 848 stone
600 105 849 stone
600 105 850 stone
600 105 851 stone
600 105 852 stone
600 105 853 stone
600 105 854 stone
600 105 855 stone
600 105 856 stone
600 105 857 stone
600 105 858 stone
600 105 859 stone
600 105 860 stone
600 105 861 stone
600 105 862 stone
600 105 863 stone
600 105 864 stone
600 105 865 stone
600 105 866 stone
600 105 867 stone
600 105 868 stone
600 105 869 stone
600 105 870 iron_ore
600 105 871 iron_ore
600 105 872 stone
600 105 873 stone
600 105 874 stone
600 105 875 stone
600 105 876 stone
600 105 877 stone
600 105 878 stone
600 105 879 stone
600 105 880 stone
600 105 881 stone
600 105 882 stone
600 105 883 stone
600 105 884 stone
600 105 885 stone
600 105 886 stone
600 105 887 stone
600 105 888 stone
600 105 889 stone
600 105 890 stone
600 105 891 stone
600 105 892 stone
600 105 893 stone
600 105 894 stone
600 105 895 stone
601 105 768 gravel
601 105 769 stone
601 105 770 stone
601 105 771 stone
601 105 772 stone
601 105 773 stone
601 105 774 stone
601 105 775 stone
601 105 776 stone
601 105 777 stone
601 105 778 stone
601 105 779 stone
601 105 780 stone
601 105 781 stone
601 105 782 stone
601 105 783 stone
601 105 784 stone
601 105 785 stone
601 105 786 stone
601 105 787 stone
601 105 788 stone
601 105 789 stone
601 105 790 stone
601 105 791 stone
601 105 792 stone
601 105 793 stone
601 105 794 stone
601 105 795 stone
601 105 796 stone
601 105 797 stone
601 105 798 stone
601 105 799 stone
601 105 800 stone
601 105 801 stone
601 105 802 stone
601 105 803 stone
601 105 804 stone
601 105 805 stone
601 105 806 stone
601 105 807 stone
601 105 808 stone
601 105 809 stone
601 105 810 andesite
601 105 811 andesite
601 105 812 andesite
601 105 813 andesite
601 105 814 andesite
601 105 815 andesite
601 105 816 andesite
601 105 817 stone
601 105 818 stone
601 105 819 stone
601 105 820 stone
601 105 821 stone
601 105 822 stone
601 105 823 stone
601 105 824 coal_ore
601 105 825 coal_ore
601 105 826 stone
601 105 827 stone
601 105 828 stone
601 105 829 stone
601 105 830 stone
601 105 831 stone
601 105 832 stone
601 105 833 stone
601 105 834 copper_ore
601 105 835 stone
601 105 836 stone
601 105 837 stone
601 105 838 stone
601 105 839 stone
601 105 840 stone
601 105 841 stone
601 105 842 stone
601 105 843 stone
601 105 844 stone
601 105 845 stone
601 105 846 stone
601 105 847 stone
601 105 848 stone
601 105 849 stone
601 105 850 stone
601 105 851 stone
601 105 852 stone
601 105 853 stone
601 105 854 stone
601 105 855 stone
601 105 856 stone
601 105 857 diorite
601 105 858 diorite
601 105 859 diorite
601 105 860 stone
601 105 861 stone
601 105 862 diorite
601 105 863 stone
601 105 864 stone
601 105 865 stone
601 105 866 stone
601 105 867 stone
601 105 868 stone
601 105 869 stone
601 105 870 iron_ore
601 105 871 iron_ore
601 105 872 stone
601 105 873 stone
601 105 874 stone
601 105 875 stone
601 105 876 stone
601 105 877 stone
601 105 878 stone
601 105 879 stone
601 105 880 stone
601 105 881 stone
601 105 882 stone
601 105 883 stone
601 105 884 stone
601 105 885 stone
601 105 886 stone
601 105 887 stone
601 105 888 stone
601 105 889 stone
601 105 890 stone
601 105 891 stone
601 105 892 stone
601 105 893 stone
601 105 894 stone
601 105 895 stone
602 105 768 gravel
602 105 769 gravel
602 105 770 stone
602 105 771 granite
602 105 772 copper_ore
602 105 773 stone
602 105 774 stone
602 105 775 stone
602 105 776 stone
602 105 777 stone
602 105 778 stone
602 105 779 stone
602 105 780 granite
602 105 781 granite
602 105 782 granite
602 105 783 stone
602 105 784 stone
602 105 785 stone
602 105 786 stone
602 105 787 stone
602 105 788 stone
602 105 789 stone
602 105 790 stone
602 105 791 stone
602 105 792 stone
602 105 793 stone
602 105 794 stone
602 105 795 stone
602 105 796 stone
602 105 797 stone
602 105 798 stone
602 105 799 stone
602 105 800 stone
602 105 801 stone
602 105 802 stone
602 105 803 stone
602 105 804 stone
602 105 805 stone
602 105 806 stone
602 105 807 stone
602 105 808 stone
602 105 809 stone
602 105 810 andesite
602 105 811 andesite
602 105 812 andesite
602 105 813 andesite
602 105 814 andesite
602 105 815 andesite
602 105 816 andesite
602 105 817 stone
602 105 818 stone
602 105 819 stone
602 105 820 stone
602 105 821 stone
602 105 822 stone
602 105 823 stone
602 105 824 stone
602 105 825 stone
602 105 826 stone
602 105 827 stone
602 105 828 stone
602 105 829 stone
602 105 830 stone
602 105 831 stone
602 105 832 stone
602 105 833 stone
602 105 834 stone
602 105 835 stone
602 105 836 stone
602 105 837 stone
602 105 838 stone
602 105 839 stone
602 105 840 stone
602 105 841 stone
602 105 842 stone
602 105 843 stone
602 105 844 stone
602 105 845 stone
602 105 846 stone
602 105 847 stone
602 105 848 stone
602 105 849 stone
602 105 850 stone
602 105 851 stone
602 105 852 stone
602 105 853 stone
602 105 854 diorite
602 105 855 diorite
602 105 856 diorite
602 105 857 diorite
602 105 858 diorite
602 105 859 diorite
602 105 860 diorite
602 105 861 diorite
602 105 862 diorite
602 105 863 diorite
602 105 864 diorite
602 105 865 stone
602 105 866 stone
602 105 867 stone
602 105 868 stone
602 105 869 stone
602 105 870 stone
602 105 871 stone
602 105 872 stone
602 105 873 stone
602 105 874 stone
602 105 875 stone
602 105 876 stone
602 105 877 stone
602 105 878 stone
602 105 879 stone
602 105 880 stone
602 105 881 stone
602 105 882 stone
602 105 883 stone
602 105 884 stone
602 105 885 stone
602 105 886 stone
602 105 887 stone
602 105 888 stone
602 105 889 stone
602 105 890 stone
602 105 891 stone
602 105 892 stone
602 105 893 stone
602 105 894 stone
602 105 895 stone
603 105 768 gravel
603 105 769 stone
603 105 770 granite
603 105 771 copper_ore
603 105 772 granite
603 105 773 copper_ore
603 105 774 stone
603 105 775 stone
603 105 776 stone
603 105 777 stone
603 105 778 stone
603 105 779 granite
603 105 780 granite
603 105 781 granite
603 105 782 granite
603 105 783 granite
603 105 784 stone
603 105 785 stone
603 105 786 stone
603 105 787 stone
603 105 788 stone
603 105 789 stone
603 105 790 stone
603 105 791 stone
603 105 792 stone
603 105 793 stone
603 105 794 stone
603 105 795 stone
603 105 796 stone
603 105 797 stone
603 105 798 stone
603 105 799 stone
603 105 800 stone
603 105 801 stone
603 105 802 stone
603 105 803 stone
603 105 804 stone
603 105 805 stone
603 105 806 stone
603 105 807 stone
603 105 808 stone
603 105 809 stone
603 105 810 andesite
603 105 811 andesite
603 105 812 andesite
603 105 813 andesite
603 105 814 andesite
603 105 815 andesite
603 105 816 andesite
603 105 817 stone
603 105 818 stone
603 105 819 stone
603 105 820 stone
603 105 821 stone
603 105 822 stone
603 105 823 stone
603 105 824 stone
603 105 825 stone
603 105 826 stone
603 105 827 stone
603 105 828 stone
603 105 829 stone
603 105 830 stone
603 105 831 stone
603 105 832 stone
603 105 833 iron_ore
603 105 834 stone
603 105 835 stone
603 105 836 stone
603 105 837 stone
603 105 838 stone
603 105 839 stone
603 105 840 stone
603 105 841 stone
603 105 842 stone
603 105 843 stone
603 105 844 stone
603 105 845 stone
603 105 846 stone
603 105 847 stone
603 105 848 stone
603 105 849 stone
603 105 850 stone
603 105 851 stone
603 105 852 stone
603 105 853 diorite
603 105 854 diorite
603 105 855 diorite
603 105 856 diorite
603 105 857 diorite
603 105 858 diorite
603 105 859 diorite
603 105 860 diorite
603 105 861 diorite
603 105 862 diorite
603 105 863 diorite
603 105 864 diorite
603 105 865 diorite
603 105 866 stone
603 105 867 stone
603 105 868 stone
603 105 869 stone
603 105 870 stone
603 105 871 stone
603 105 872 stone
603 105 873 stone
603 105 874 stone
603 105 875 stone
603 105 876 stone
603 105 877 stone
603 105 878 stone
603 105 879 stone
603 105 880 stone
603 105 881 stone
603 105 882 stone
603 105 883 stone
603 105 884 stone
603 105 885 diorite
603 105 886 stone
603 105 887 stone
603 105 888 stone
603 105 889 stone
603 105 890 stone
603 105 891 stone
603 105 892 stone
603 105 893 stone
603 105 894 stone
603 105 895 stone
604 105 768 stone
604 105 769 stone
604 105 770 stone
604 105 771 granite
604 105 772 granite
604 105 773 granite
604 105 774 stone
604 105 775 stone
604 105 776 stone
604 105 777 stone
604 105 778 stone
604 105 779 granite
604 105 780 granite
604 105 781 granite
604 105 782 granite
604 105 783 granite
604 105 784 stone
604 105 785 stone
604 105 786 stone
604 105 787 stone
604 105 788 stone
604 105 789 stone
604 105 790 stone
604 105 791 stone
604 105 792 stone
604 105 793 stone
604 105 794 stone
604 105 795 stone
604 105 796 stone
604 105 797 stone
604 105 798 stone
604 105 799 stone
604 105 800 stone
604 105 801 stone
604 105 802 stone
604 105 803 stone
604 105 804 stone
604 105 805 stone
604 105 806 stone
604 105 807 stone
604 105 808 stone
604 105 809 stone
604 105 810 andesite
604 105 811 andesite
604 105 812 andesite
604 105 813 andesite
604 105 814 andesite
604 105 815 andesite
604 105 816 andesite
604 105 817 stone
604 105 818 stone
604 105 819 stone
604 105 820 stone
604 105 821 stone
604 105 822 stone
604 105 823 stone
604 105 824 stone
604 105 825 stone
604 105 826 stone
604 105 827 stone
604 105 828 stone
604 105 829 stone
604 105 830 stone
604 105 831 stone
604 105 832 stone
604 105 833 stone
604 105 834 stone
604 105 835 stone
604 105 836 stone
604 105 837 stone
604 105 838 stone
604 105 839 stone
604 105 840 stone
604 105 841 stone
604 105 842 stone
604 105 843 stone
604 105 844 stone
604 105 845 stone
604 105 846 stone
604 105 847 stone
604 105 848 stone
604 105 849 stone
604 105 850 stone
604 105 851 diorite
