580 139 970 stone
580 139 971 dirt
580 139 972 stone
580 139 973 stone
580 139 974 stone
580 139 975 stone
580 139 976 stone
580 139 977 stone
580 139 978 dirt
580 139 979 dirt
580 139 980 dirt
580 139 981 grass_block[snowy=false]
581 139 899 stone
581 139 900 stone
581 139 901 stone
581 139 902 stone
581 139 903 stone
581 139 904 stone
581 139 905 stone
581 139 906 stone
581 139 907 stone
581 139 908 stone
581 139 909 stone
581 139 910 stone
581 139 911 stone
581 139 912 stone
581 139 913 stone
581 139 914 stone
581 139 915 stone
581 139 916 stone
581 139 917 stone
581 139 918 stone
581 139 919 stone
581 139 920 stone
581 139 921 stone
581 139 922 stone
581 139 923 stone
581 139 924 stone
581 139 925 stone
581 139 926 stone
581 139 927 stone
581 139 928 stone
581 139 929 stone
581 139 930 stone
581 139 931 stone
581 139 932 stone
581 139 933 stone
581 139 934 stone
581 139 935 stone
581 139 936 stone
581 139 937 stone
581 139 946 stone
581 139 947 stone
581 139 948 stone
581 139 949 stone
581 139 950 stone
581 139 951 stone
581 139 952 stone
581 139 953 stone
581 139 954 stone
581 139 955 stone
581 139 956 stone
581 139 957 stone
581 139 958 stone
581 139 959 stone
581 139 960 stone
581 139 961 stone
581 139 962 stone
581 139 963 stone
581 139 964 stone
581 139 965 stone
581 139 966 stone
581 139 967 stone
581 139 968 dirt
581 139 969 stone
581 139 970 dirt
581 139 971 stone
581 139 972 dirt
581 139 973 dirt
581 139 974 stone
581 139 975 stone
581 139 976 stone
581 139 977 stone
581 139 978 dirt
581 139 979 dirt
581 139 980 grass_block[snowy=false]
582 139 899 stone
582 139 900 stone
582 139 901 stone
582 139 902 stone
582 139 903 stone
582 139 904 stone
582 139 905 stone
582 139 906 stone
582 139 907 stone
582 139 908 stone
582 139 909 stone
582 139 910 stone
582 139 911 stone
582 139 912 stone
582 139 913 stone
582 139 914 stone
582 139 915 stone
582 139 916 stone
582 139 917 stone
582 139 918 stone
582 139 919 stone
582 139 920 stone
582 139 921 stone
582 139 922 stone
582 139 923 stone
582 139 924 stone
582 139 925 stone
582 139 926 stone
582 139 927 stone
582 139 928 stone
582 139 929 stone
582 139 930 stone
582 139 931 stone
582 139 932 stone
582 139 933 stone
582 139 934 stone
582 139 935 stone
582 139 936 stone
582 139 937 stone
582 139 947 stone
582 139 948 emerald_ore
582 139 949 stone
582 139 950 stone
582 139 951 stone
582 139 952 stone
582 139 953 stone
582 139 954 stone
582 139 955 stone
582 139 956 stone
582 139 957 stone
582 139 958 stone
582 139 959 stone
582 139 960 stone
582 139 961 stone
582 139 962 stone
582 139 963 stone
582 139 964 stone
582 139 965 stone
582 139 966 stone
582 139 967 stone
582 139 968 dirt
582 139 969 dirt
582 139 970 stone
582 139 971 dirt
582 139 972 dirt
582 139 973 dirt
582 139 974 stone
582 139 975 stone
582 139 976 stone
582 139 977 stone
582 139 978 dirt
582 139 979 grass_block[snowy=false]
583 139 899 stone
583 139 900 stone
583 139 901 stone
583 139 902 stone
583 139 903 stone
583 139 904 stone
583 139 905 stone
583 139 906 stone
583 139 907 stone
583 139 908 stone
583 139 909 stone
583 139 910 stone
583 139 911 stone
583 139 912 stone
583 139 913 gravel
583 139 914 gravel
583 139 915 gravel
583 139 916 gravel
583 139 917 stone
583 139 918 stone
583 139 919 stone
583 139 920 stone
583 139 921 stone
583 139 922 stone
583 139 923 stone
583 139 924 stone
583 139 925 stone
583 139 926 stone
583 139 927 stone
583 139 928 stone
583 139 929 stone
583 139 930 stone
583 139 931 stone
583 139 932 stone
583 139 933 stone
583 139 934 stone
583 139 935 stone
583 139 936 stone
583 139 937 stone
583 139 938 stone
583 139 948 stone
583 139 949 stone
583 139 950 stone
583 139 951 stone
583 139 952 stone
583 139 953 stone
583 139 954 stone
583 139 955 stone
583 139 956 stone
583 139 957 stone
583 139 958 stone
583 139 959 stone
583 139 960 stone
583 139 961 stone
583 139 962 stone
583 139 963 stone
583 139 964 stone
583 139 965 stone
583 139 966 stone
583 139 967 stone
583 139 968 dirt
583 139 969 stone
583 139 970 stone
583 139 971 dirt
583 139 972 dirt
583 139 973 dirt
583 139 974 dirt
583 139 975 stone
583 139 976 stone
583 139 977 dirt
583 139 978 dirt
583 139 979 grass_block[snowy=false]
584 139 899 stone
584 139 900 stone
584 139 901 stone
584 139 902 stone
584 139 903 stone
584 139 904 stone
584 139 905 stone
584 139 906 stone
584 139 907 stone
584 139 908 stone
584 139 909 stone
584 139 910 stone
584 139 911 stone
584 139 912 gravel
584 139 913 gravel
584 139 914 gravel
584 139 915 gravel
584 139 916 gravel
584 139 917 gravel
584 139 918 gravel
584 139 919 stone
584 139 920 stone
584 139 921 stone
584 139 922 stone
584 139 923 stone
584 139 924 stone
584 139 925 stone
584 139 926 stone
584 139 927 stone
584 139 928 stone
584 139 929 stone
584 139 930 stone
584 139 931 stone
584 139 932 stone
584 139 933 stone
584 139 934 stone
584 139 935 stone
584 139 936 stone
584 139 937 stone
584 139 938 stone
584 139 939 stone
584 139 948 stone
584 139 949 stone
584 139 950 stone
584 139 951 stone
584 139 952 stone
584 139 953 stone
584 139 954 stone
584 139 955 stone
584 139 956 stone
584 139 957 stone
584 139 958 stone
584 139 959 stone
584 139 960 stone
584 139 961 stone
584 139 962 stone
584 139 963 stone
584 139 964 stone
584 139 965 stone
584 139 966 stone
584 139 967 dirt
584 139 968 stone
584 139 969 stone
584 139 970 stone
584 139 971 dirt
584 139 972 dirt
584 139 973 dirt
584 139 974 dirt
584 139 975 stone
584 139 976 stone
584 139 977 dirt
584 139 978 dirt
584 139 979 grass_block[snowy=false]
585 139 900 stone
585 139 901 stone
585 139 902 stone
585 139 903 stone
585 139 904 stone
585 139 905 stone
585 139 906 stone
585 139 907 stone
585 139 908 stone
585 139 909 stone
585 139 910 stone
585 139 911 stone
585 139 912 stone
585 139 913 gravel
585 139 914 gravel
585 139 915 gravel
585 139 916 gravel
585 139 917 gravel
585 139 918 gravel
585 139 919 gravel
585 139 920 stone
585 139 921 stone
585 139 922 stone
585 139 923 stone
585 139 924 dirt
585 139 925 dirt
585 139 926 stone
585 139 927 stone
585 139 928 stone
585 139 929 stone
585 139 930 stone
585 139 931 stone
585 139 932 stone
585 139 933 stone
585 139 934 stone
585 139 935 stone
585 139 936 stone
585 139 937 stone
585 139 938 stone
585 139 939 stone
585 139 940 stone
585 139 948 stone
585 139 949 stone
585 139 950 stone
585 139 951 stone
585 139 952 stone
585 139 953 stone
585 139 954 stone
585 139 955 stone
585 139 956 stone
585 139 957 stone
585 139 958 stone
585 139 959 stone
585 139 960 stone
585 139 961 stone
585 139 962 stone
585 139 963 stone
585 139 964 stone
585 139 965 stone
585 139 966 stone
585 139 967 stone
585 139 968 dirt
585 139 969 stone
585 139 970 stone
585 139 971 dirt
585 139 972 dirt
585 139 973 dirt
585 139 974 dirt
585 139 975 dirt
585 139 976 dirt
585 139 977 dirt
585 139 978 dirt
585 139 979 grass_block[snowy=false]
586 139 900 stone
586 139 901 stone
586 139 902 stone
586 139 903 stone
586 139 904 stone
586 139 905 stone
586 139 906 stone
586 139 907 stone
586 139 908 stone
586 139 909 stone
586 139 910 stone
586 139 911 stone
586 139 912 stone
586 139 913 stone
586 139 914 gravel
586 139 915 gravel
586 139 916 gravel
586 139 917 gravel
586 139 918 gravel
586 139 919 gravel
586 139 920 gravel
586 139 921 stone
586 139 922 stone
586 139 923 stone
586 139 924 dirt
586 139 925 dirt
586 139 926 dirt
586 139 927 stone
586 139 928 stone
586 139 929 stone
586 139 930 stone
586 139 931 stone
586 139 932 stone
586 139 933 stone
586 139 934 stone
586 139 935 stone
586 139 936 stone
586 139 937 stone
586 139 938 stone
586 139 939 stone
586 139 940 stone
586 139 941 stone
586 139 949 stone
586 139 950 stone
586 139 951 stone
586 139 952 stone
586 139 953 stone
586 139 954 stone
586 139 955 stone
586 139 956 stone
586 139 957 stone
586 139 958 stone
586 139 959 stone
586 139 960 stone
586 139 961 stone
586 139 962 stone
586 139 963 stone
586 139 964 dirt
586 139 965 dirt
586 139 966 dirt
586 139 967 stone
586 139 968 stone
586 139 969 stone
586 139 970 stone
586 139 971 dirt
586 139 972 dirt
586 139 973 dirt
586 139 974 dirt
586 139 975 dirt
586 139 976 dirt
586 139 977 dirt
586 139 978 grass_block[snowy=false]
587 139 900 stone
587 139 901 stone
587 139 902 stone
587 139 903 stone
587 139 904 stone
587 139 905 stone
587 139 906 stone
587 139 907 stone
587 139 908 stone
587 139 909 stone
587 139 910 stone
587 139 911 stone
587 139 912 stone
587 139 913 stone
587 139 914 stone
587 139 915 gravel
587 139 916 gravel
587 139 917 gravel
587 139 918 gravel
587 139 919 gravel
587 139 920 gravel
587 139 921 gravel
587 139 922 stone
587 139 923 stone
587 139 924 stone
587 139 925 dirt
587 139 926 dirt
587 139 927 dirt
587 139 928 stone
587 139 929 stone
587 139 930 stone
587 139 931 stone
587 139 932 stone
587 139 933 stone
587 139 934 stone
587 139 935 stone
587 139 936 stone
587 139 937 stone
587 139 938 stone
587 139 939 stone
587 139 940 stone
587 139 941 stone
587 139 942 stone
587 139 949 stone
587 139 950 stone
587 139 951 stone
587 139 952 stone
587 139 953 stone
587 139 954 stone
587 139 955 stone
587 139 956 stone
587 139 957 stone
587 139 958 stone
587 139 959 stone
587 139 960 stone
587 139 961 stone
587 139 962 stone
587 139 963 dirt
587 139 964 dirt
587 139 965 dirt
587 139 966 dirt
587 139 967 dirt
587 139 968 dirt
587 139 969 dirt
587 139 970 dirt
587 139 971 dirt
587 139 972 dirt
587 139 973 dirt
587 139 974 dirt
587 139 975 dirt
587 139 976 dirt
587 139 977 grass_block[snowy=false]
588 139 900 stone
588 139 901 stone
588 139 902 stone
588 139 903 stone
588 139 904 stone
588 139 905 stone
588 139 906 stone
588 139 907 stone
588 139 908 stone
588 139 909 stone
588 139 910 stone
588 139 911 stone
588 139 912 stone
588 139 913 stone
588 139 914 stone
588 139 915 stone
588 139 916 dirt
588 139 917 dirt
588 139 918 dirt
588 139 919 dirt
588 139 920 dirt
588 139 921 dirt
588 139 922 dirt
588 139 923 stone
588 139 924 stone
588 139 925 stone
588 139 926 dirt
588 139 927 dirt
588 139 928 stone
588 139 929 stone
588 139 930 stone
588 139 931 stone
588 139 932 stone
588 139 933 stone
588 139 934 stone
588 139 935 stone
588 139 936 stone
588 139 937 stone
588 139 938 stone
588 139 939 stone
588 139 940 stone
588 139 941 stone
588 139 942 stone
588 139 943 stone
588 139 944 stone
588 139 948 stone
588 139 949 stone
588 139 950 stone
588 139 951 stone
588 139 952 stone
588 139 953 stone
588 139 954 stone
588 139 955 stone
588 139 956 stone
588 139 957 stone
588 139 958 stone
588 139 959 stone
588 139 960 stone
588 139 961 stone
588 139 962 dirt
588 139 963 dirt
588 139 964 dirt
588 139 965 dirt
588 139 966 dirt
588 139 967 dirt
588 139 968 dirt
588 139 969 dirt
588 139 970 dirt
588 139 971 grass_block[snowy=false]
588 139 972 grass_block[snowy=false]
588 139 973 grass_block[snowy=false]
588 139 974 grass_block[snowy=false]
588 139 975 grass_block[snowy=false]
589 139 900 stone
589 139 901 stone
589 139 902 stone
589 139 903 stone
589 139 904 stone
589 139 905 stone
589 139 906 stone
589 139 907 stone
589 139 908 stone
589 139 909 stone
589 139 910 stone
589 139 911 stone
589 139 912 stone
589 139 913 stone
589 139 914 dirt
589 139 915 dirt
589 139 916 dirt
589 139 917 dirt
589 139 918 dirt
589 139 919 dirt
589 139 920 dirt
589 139 921 dirt
589 139 922 dirt
589 139 923 stone
589 139 924 stone
589 139 925 stone
589 139 926 stone
589 139 927 stone
589 139 928 stone
589 139 929 stone
589 139 930 stone
589 139 931 stone
589 139 932 stone
589 139 933 stone
589 139 934 stone
589 139 935 stone
589 139 936 stone
589 139 937 stone
589 139 938 stone
589 139 939 stone
589 139 940 stone
589 139 941 stone
589 139 942 stone
589 139 943 stone
589 139 944 stone
589 139 945 stone
589 139 946 stone
589 139 947 stone
589 139 948 stone
589 139 949 stone
589 139 950 stone
589 139 951 stone
589 139 952 stone
589 139 953 stone
589 139 954 stone
589 139 955 stone
589 139 956 stone
589 139 957 stone
589 139 958 stone
589 139 959 stone
589 139 960 stone
589 139 961 dirt
589 139 962 dirt
589 139 963 dirt
589 139 964 dirt
589 139 965 dirt
589 139 966 dirt
589 139 967 grass_block[snowy=false]
589 139 968 short_grass
589 139 969 short_grass
590 139 899 glow_lichen[down=false,east=false,north=false,south=true,up=false,waterlogged=false,west=false]
590 139 900 stone
590 139 901 stone
590 139 902 stone
590 139 903 stone
590 139 904 stone
590 139 905 stone
590 139 906 stone
590 139 907 stone
590 139 908 stone
590 139 909 stone
590 139 910 stone
590 139 911 stone
590 139 912 stone
590 139 913 dirt
590 139 914 dirt
590 139 915 dirt
590 139 916 dirt
590 139 917 dirt
590 139 918 dirt
590 139 919 dirt
590 139 920 dirt
590 139 921 dirt
590 139 922 stone
590 139 923 stone
590 139 924 stone
590 139 925 stone
590 139 926 stone
590 139 927 stone
590 139 928 stone
590 139 929 stone
590 139 930 stone
590 139 931 stone
590 139 932 stone
590 139 933 stone
590 139 934 stone
590 139 935 stone
590 139 936 stone
590 139 937 stone
590 139 938 stone
590 139 939 stone
590 139 940 stone
590 139 941 stone
590 139 942 stone
590 139 943 stone
590 139 944 stone
590 139 945 stone
590 139 946 stone
590 139 947 stone
590 139 948 stone
590 139 949 stone
590 139 950 stone
590 139 951 stone
590 139 952 stone
590 139 953 stone
590 139 954 stone
590 139 955 stone
590 139 956 stone
590 139 957 stone
590 139 958 stone
590 139 959 stone
590 139 960 dirt
590 139 961 dirt
590 139 962 dirt
590 139 963 dirt
590 139 964 dirt
590 139 965 grass_block[snowy=false]
591 139 899 glow_lichen[down=false,east=false,north=false,south=true,up=false,waterlogged=false,west=false]
591 139 900 stone
591 139 901 stone
591 139 902 stone
591 139 903 stone
591 139 904 stone
591 139 905 stone
591 139 906 stone
591 139 907 stone
591 139 908 stone
591 139 909 stone
591 139 910 stone
591 139 911 stone
591 139 912 stone
591 139 913 dirt
591 139 914 dirt
591 139 915 dirt
591 139 916 dirt
591 139 917 dirt
591 139 918 dirt
591 139 919 stone
591 139 920 stone
591 139 921 stone
591 139 922 stone
591 139 923 stone
591 139 924 stone
591 139 925 stone
591 139 926 stone
591 139 927 stone
591 139 928 stone
591 139 929 stone
591 139 930 stone
591 139 931 stone
591 139 932 stone
591 139 933 stone
591 139 934 stone
591 139 935 stone
591 139 936 stone
591 139 937 stone
591 139 938 stone
591 139 939 stone
591 139 940 stone
591 139 941 stone
591 139 942 stone
591 139 943 stone
591 139 944 stone
591 139 945 stone
591 139 946 stone
591 139 947 stone
591 139 948 stone
591 139 949 stone
591 139 950 stone
591 139 951 stone
591 139 952 stone
591 139 953 stone
591 139 954 stone
591 139 955 stone
591 139 956 stone
591 139 957 stone
591 139 958 stone
591 139 959 stone
591 139 960 dirt
591 139 961 dirt
591 139 962 dirt
591 139 963 dirt
591 139 964 dirt
591 139 965 grass_block[snowy=false]
592 139 900 stone
592 139 901 stone
592 139 902 stone
592 139 903 stone
592 139 904 stone
592 139 905 stone
592 139 906 stone
592 139 907 stone
592 139 908 stone
592 139 909 stone
592 139 910 stone
592 139 911 stone
592 139 912 stone
592 139 913 stone
592 139 914 stone
592 139 915 dirt
592 139 916 stone
592 139 917 stone
592 139 918 stone
592 139 919 stone
592 139 920 stone
592 139 921 stone
592 139 922 stone
592 139 923 stone
592 139 924 stone
592 139 925 stone
592 139 926 stone
592 139 927 stone
592 139 928 stone
592 139 929 stone
592 139 930 stone
592 139 931 stone
592 139 932 stone
592 139 933 stone
592 139 934 stone
592 139 935 stone
592 139 936 stone
592 139 937 stone
592 139 938 stone
592 139 939 stone
592 139 940 stone
592 139 941 stone
592 139 942 stone
592 139 943 stone
592 139 944 stone
592 139 945 stone
592 139 946 stone
592 139 947 stone
592 139 948 stone
592 139 949 stone
592 139 950 stone
592 139 951 stone
592 139 952 stone
592 139 953 stone
592 139 954 stone
592 139 955 stone
592 139 956 stone
592 139 957 stone
592 139 958 stone
592 139 959 stone
592 139 960 dirt
592 139 961 dirt
592 139 962 dirt
592 139 963 dirt
592 139 964 grass_block[snowy=false]
593 139 900 stone
593 139 901 stone
593 139 902 stone
593 139 903 stone
593 139 904 stone
593 139 905 stone
593 139 906 stone
593 139 907 stone
593 139 908 stone
593 139 909 stone
593 139 910 stone
593 139 911 stone
593 139 912 stone
593 139 913 stone
593 139 914 stone
593 139 915 stone
593 139 916 stone
593 139 917 stone
593 139 918 stone
593 139 919 stone
593 139 920 stone
593 139 921 stone
593 139 922 stone
593 139 923 stone
593 139 924 stone
593 139 925 stone
593 139 926 stone
593 139 927 stone
593 139 928 stone
593 139 929 stone
593 139 930 stone
593 139 931 stone
593 139 932 stone
593 139 933 stone
593 139 934 stone
593 139 935 stone
593 139 936 stone
593 139 937 stone
593 139 938 stone
593 139 939 stone
593 139 940 stone
593 139 941 stone
593 139 942 stone
593 139 943 stone
593 139 944 stone
593 139 945 stone
593 139 946 stone
593 139 947 stone
593 139 948 stone
593 139 949 stone
593 139 950 stone
593 139 951 stone
593 139 952 stone
593 139 953 stone
593 139 954 stone
593 139 955 stone
593 139 956 stone
593 139 957 stone
593 139 958 stone
593 139 959 stone
593 139 960 dirt
593 139 961 dirt
593 139 962 dirt
593 139 963 dirt
593 139 964 grass_block[snowy=false]
593 139 965 short_grass
594 139 900 stone
594 139 901 stone
594 139 902 stone
594 139 903 stone
594 139 904 stone
594 139 905 stone
594 139 906 stone
594 139 907 stone
594 139 908 stone
594 139 909 stone
594 139 910 stone
594 139 911 stone
594 139 912 stone
594 139 913 stone
594 139 914 stone
594 139 915 stone
594 139 916 stone
594 139 917 stone
594 139 918 stone
594 139 919 stone
594 139 920 stone
594 139 921 stone
594 139 922 stone
594 139 923 stone
594 139 924 stone
594 139 925 stone
594 139 926 stone
594 139 927 stone
594 139 928 stone
594 139 929 stone
594 139 930 stone
594 139 931 stone
594 139 932 stone
594 139 933 stone
594 139 934 stone
594 139 935 stone
594 139 936 stone
594 139 937 stone
594 139 938 stone
594 139 939 stone
594 139 940 stone
594 139 941 stone
594 139 942 stone
594 139 943 stone
594 139 944 stone
594 139 945 stone
594 139 946 stone
594 139 947 stone
594 139 948 stone
594 139 949 stone
594 139 950 stone
594 139 951 stone
594 139 952 stone
594 139 953 stone
594 139 954 stone
594 139 955 stone
594 139 956 stone
594 139 957 stone
594 139 958 stone
594 139 959 dirt
594 139 960 dirt
594 139 961 dirt
594 139 962 dirt
594 139 963 dirt
594 139 964 grass_block[snowy=false]
595 139 900 stone
595 139 901 stone
595 139 902 stone
595 139 903 stone
595 139 904 stone
595 139 905 stone
595 139 906 stone
595 139 907 stone
595 139 908 stone
595 139 909 stone
595 139 910 stone
595 139 911 stone
595 139 912 stone
595 139 913 stone
595 139 914 stone
595 139 915 stone
595 139 916 stone
595 139 917 stone
595 139 918 stone
595 139 919 stone
595 139 920 stone
595 139 921 stone
595 139 922 stone
595 139 923 stone
595 139 924 stone
595 139 925 stone
595 139 926 stone
595 139 927 stone
595 139 928 stone
595 139 929 stone
595 139 930 stone
595 139 931 stone
595 139 932 stone
595 139 933 stone
595 139 934 stone
595 139 935 stone
595 139 936 stone
595 139 937 stone
595 139 938 stone
595 139 939 stone
595 139 940 stone
595 139 941 stone
595 139 942 stone
595 139 943 stone
595 139 944 stone
595 139 945 stone
595 139 946 stone
595 139 947 stone
595 139 948 stone
595 139 949 stone
595 139 950 stone
595 139 951 stone
595 139 952 stone
595 139 953 stone
595 139 954 stone
595 139 955 stone
595 139 956 stone
595 139 957 stone
595 139 958 stone
595 139 959 dirt
595 139 960 dirt
595 139 961 dirt
595 139 962 dirt
595 139 963 dirt
596 139 899 stone
596 139 900 stone
596 139 901 stone
596 139 902 stone
596 139 903 stone
596 139 904 stone
596 139 905 stone
596 139 906 stone
596 139 907 stone
596 139 908 stone
596 139 909 stone
596 139 910 stone
596 139 911 stone
596 139 912 stone
596 139 913 stone
596 139 914 stone
596 139 915 stone
596 139 916 stone
596 139 917 stone
596 139 918 stone
596 139 919 emerald_ore
596 139 920 stone
596 139 921 stone
596 139 922 stone
596 139 923 stone
596 139 924 stone
596 139 925 stone
596 139 926 stone
596 139 927 stone
596 139 928 stone
596 139 929 stone
596 139 930 stone
596 139 931 stone
596 139 932 stone
596 139 933 stone
596 139 934 stone
596 139 935 stone
596 139 936 stone
596 139 937 gravel
596 139 938 gravel
596 139 939 stone
596 139 940 stone
596 139 941 stone
596 139 942 stone
596 139 943 stone
596 139 944 stone
596 139 945 stone
596 139 946 stone
596 139 947 stone
596 139 948 stone
596 139 949 stone
596 139 950 stone
596 139 951 stone
596 139 952 stone
596 139 953 stone
