633 108 1000 andesite
633 108 1001 andesite
633 108 1002 andesite
633 108 1003 andesite
633 108 1004 andesite
633 108 1005 andesite
633 108 1006 stone
633 108 1007 stone
633 108 1008 stone
633 108 1009 stone
633 108 1010 stone
633 108 1011 stone
633 108 1012 stone
633 108 1013 copper_ore
633 108 1014 copper_ore
633 108 1015 stone
633 108 1016 stone
633 108 1017 stone
633 108 1018 stone
633 108 1019 stone
633 108 1020 stone
633 108 1021 stone
633 108 1022 stone
633 108 1023 stone
634 108 896 granite
634 108 897 granite
634 108 898 granite
634 108 899 stone
634 108 900 copper_ore
634 108 901 stone
634 108 902 copper_ore
634 108 903 copper_ore
634 108 904 copper_ore
634 108 905 stone
634 108 906 stone
634 108 907 stone
634 108 908 stone
634 108 909 stone
634 108 910 stone
634 108 911 stone
634 108 912 stone
634 108 913 stone
634 108 914 stone
634 108 915 stone
634 108 916 diorite
634 108 917 diorite
634 108 918 diorite
634 108 919 diorite
634 108 920 copper_ore
634 108 921 copper_ore
634 108 922 copper_ore
634 108 923 gravel
634 108 924 gravel
634 108 925 gravel
634 108 926 gravel
634 108 927 stone
634 108 928 stone
634 108 929 stone
634 108 930 stone
634 108 931 stone
634 108 932 stone
634 108 933 stone
634 108 934 stone
634 108 935 stone
634 108 936 stone
634 108 937 stone
634 108 938 stone
634 108 939 stone
634 108 940 stone
634 108 941 stone
634 108 942 stone
634 108 943 stone
634 108 944 stone
634 108 945 stone
634 108 946 stone
634 108 947 stone
634 108 948 stone
634 108 949 stone
634 108 950 stone
634 108 951 stone
634 108 952 stone
634 108 953 stone
634 108 954 stone
634 108 955 stone
634 108 956 dirt
634 108 957 dirt
634 108 958 dirt
634 108 959 dirt
634 108 960 dirt
634 108 961 dirt
634 108 962 dirt
634 108 963 granite
634 108 964 granite
634 108 965 granite
634 108 966 stone
634 108 967 stone
634 108 968 stone
634 108 969 stone
634 108 970 stone
634 108 971 stone
634 108 972 stone
634 108 973 andesite
634 108 974 andesite
634 108 975 andesite
634 108 976 andesite
634 108 977 andesite
634 108 978 andesite
634 108 979 andesite
634 108 980 andesite
634 108 981 stone
634 108 982 stone
634 108 983 copper_ore
634 108 984 stone
634 108 985 stone
634 108 986 diorite
634 108 987 diorite
634 108 988 diorite
634 108 989 diorite
634 108 990 diorite
634 108 991 diorite
634 108 992 diorite
634 108 993 diorite
634 108 994 diorite
634 108 995 diorite
634 108 996 diorite
634 108 997 diorite
634 108 998 andesite
634 108 999 andesite
634 108 1000 andesite
634 108 1001 andesite
634 108 1002 andesite
634 108 1003 andesite
634 108 1004 andesite
634 108 1005 andesite
634 108 1006 stone
634 108 1007 stone
634 108 1008 stone
634 108 1009 stone
634 108 1010 stone
634 108 1011 stone
634 108 1012 stone
634 108 1013 stone
634 108 1014 stone
634 108 1015 stone
634 108 1016 stone
634 108 1017 stone
634 108 1018 stone
634 108 1019 stone
634 108 1020 stone
634 108 1021 stone
634 108 1022 stone
634 108 1023 stone
635 108 896 granite
635 108 897 granite
635 108 898 granite
635 108 899 granite
635 108 900 copper_ore
635 108 901 copper_ore
635 108 902 stone
635 108 903 copper_ore
635 108 904 copper_ore
635 108 905 copper_ore
635 108 906 stone
635 108 907 stone
635 108 908 stone
635 108 909 stone
635 108 910 stone
635 108 911 stone
635 108 912 stone
635 108 913 stone
635 108 914 stone
635 108 915 diorite
635 108 916 diorite
635 108 917 diorite
635 108 918 diorite
635 108 919 diorite
635 108 920 diorite
635 108 921 copper_ore
635 108 922 copper_ore
635 108 923 gravel
635 108 924 gravel
635 108 925 gravel
635 108 926 gravel
635 108 927 stone
635 108 928 stone
635 108 929 stone
635 108 930 stone
635 108 931 stone
635 108 932 stone
635 108 933 stone
635 108 934 stone
635 108 935 stone
635 108 936 stone
635 108 937 stone
635 108 938 stone
635 108 939 stone
635 108 940 stone
635 108 941 stone
635 108 942 stone
635 108 943 stone
635 108 944 stone
635 108 945 stone
635 108 946 stone
635 108 947 stone
635 108 948 stone
635 108 949 stone
635 108 950 coal_ore
635 108 951 stone
635 108 952 stone
635 108 953 stone
635 108 954 stone
635 108 955 dirt
635 108 956 dirt
635 108 957 dirt
635 108 958 dirt
635 108 959 granite
635 108 960 dirt
635 108 961 dirt
635 108 962 dirt
635 108 963 granite
635 108 964 granite
635 108 965 granite
635 108 966 stone
635 108 967 stone
635 108 968 stone
635 108 969 stone
635 108 970 stone
635 108 971 stone
635 108 972 stone
635 108 973 andesite
635 108 974 andesite
635 108 975 andesite
635 108 976 andesite
635 108 977 andesite
635 108 978 andesite
635 108 979 andesite
635 108 980 andesite
635 108 981 granite
635 108 982 granite
635 108 983 granite
635 108 984 stone
635 108 985 stone
635 108 986 diorite
635 108 987 diorite
635 108 988 diorite
635 108 989 diorite
635 108 990 diorite
635 108 991 diorite
635 108 992 diorite
635 108 993 diorite
635 108 994 diorite
635 108 995 diorite
635 108 996 diorite
635 108 997 diorite
635 108 998 diorite
635 108 999 andesite
635 108 1000 stone
635 108 1001 andesite
635 108 1002 andesite
635 108 1003 stone
635 108 1004 stone
635 108 1005 stone
635 108 1006 stone
635 108 1007 stone
635 108 1008 stone
635 108 1009 stone
635 108 1010 stone
635 108 1011 stone
635 108 1012 stone
635 108 1013 stone
635 108 1014 stone
635 108 1015 stone
635 108 1016 stone
635 108 1017 stone
635 108 1018 stone
635 108 1019 stone
635 108 1020 stone
635 108 1021 stone
635 108 1022 stone
635 108 1023 stone
636 108 896 granite
636 108 897 granite
636 108 898 granite
636 108 899 granite
636 108 900 copper_ore
636 108 901 copper_ore
636 108 902 stone
636 108 903 stone
636 108 904 stone
636 108 905 copper_ore
636 108 906 copper_ore
636 108 907 stone
636 108 908 stone
636 108 909 stone
636 108 910 stone
636 108 911 stone
636 108 912 stone
636 108 913 stone
636 108 914 stone
636 108 915 diorite
636 108 916 diorite
636 108 917 diorite
636 108 918 diorite
636 108 919 diorite
636 108 920 diorite
636 108 921 diorite
636 108 922 diorite
636 108 923 gravel
636 108 924 gravel
636 108 925 gravel
636 108 926 gravel
636 108 927 stone
636 108 928 stone
636 108 929 stone
636 108 930 stone
636 108 931 stone
636 108 932 stone
636 108 933 stone
636 108 934 stone
636 108 935 stone
636 108 936 stone
636 108 937 stone
636 108 938 gravel
636 108 939 gravel
636 108 940 gravel
636 108 941 stone
636 108 942 stone
636 108 943 stone
636 108 944 stone
636 108 945 stone
636 108 946 stone
636 108 947 stone
636 108 948 coal_ore
636 108 949 coal_ore
636 108 950 coal_ore
636 108 951 stone
636 108 952 stone
636 108 953 stone
636 108 954 dirt
636 108 955 dirt
636 108 956 dirt
636 108 957 dirt
636 108 958 dirt
636 108 959 granite
636 108 960 granite
636 108 961 granite
636 108 962 granite
636 108 963 granite
636 108 964 granite
636 108 965 stone
636 108 966 stone
636 108 967 stone
636 108 968 stone
636 108 969 stone
636 108 970 stone
636 108 971 stone
636 108 972 stone
636 108 973 andesite
636 108 974 andesite
636 108 975 andesite
636 108 976 andesite
636 108 977 andesite
636 108 978 andesite
636 108 979 andesite
636 108 980 andesite
636 108 981 andesite
636 108 982 granite
636 108 983 granite
636 108 984 granite
636 108 985 granite
636 108 986 stone
636 108 987 diorite
636 108 988 diorite
636 108 989 diorite
636 108 990 diorite
636 108 991 diorite
636 108 992 diorite
636 108 993 diorite
636 108 994 diorite
636 108 995 diorite
636 108 996 diorite
636 108 997 diorite
636 108 998 diorite
636 108 999 diorite
636 108 1000 diorite
636 108 1001 stone
636 108 1002 stone
636 108 1003 stone
636 108 1004 stone
636 108 1005 stone
636 108 1006 stone
636 108 1007 stone
636 108 1008 stone
636 108 1009 stone
636 108 1010 stone
636 108 1011 stone
636 108 1012 stone
636 108 1013 stone
636 108 1014 stone
636 108 1015 stone
636 108 1016 stone
636 108 1017 stone
636 108 1018 stone
636 108 1019 stone
636 108 1020 stone
636 108 1021 stone
636 108 1022 stone
636 108 1023 stone
637 108 896 granite
637 108 897 granite
637 108 898 granite
637 108 899 granite
637 108 900 copper_ore
637 108 901 copper_ore
637 108 902 copper_ore
637 108 903 stone
637 108 904 stone
637 108 905 stone
637 108 906 stone
637 108 907 stone
637 108 908 stone
637 108 909 stone
637 108 910 stone
637 108 911 stone
637 108 912 stone
637 108 913 stone
637 108 914 stone
637 108 915 diorite
637 108 916 diorite
637 108 917 diorite
637 108 918 diorite
637 108 919 diorite
637 108 920 diorite
637 108 921 diorite
637 108 922 diorite
637 108 923 stone
637 108 924 gravel
637 108 925 gravel
637 108 926 gravel
637 108 927 stone
637 108 928 stone
637 108 929 stone
637 108 930 stone
637 108 931 stone
637 108 932 stone
637 108 933 stone
637 108 934 stone
637 108 935 gravel
637 108 936 gravel
637 108 937 gravel
637 108 938 gravel
637 108 939 gravel
637 108 940 gravel
637 108 941 stone
637 108 942 stone
637 108 943 stone
637 108 944 stone
637 108 945 stone
637 108 946 stone
637 108 947 coal_ore
637 108 948 coal_ore
637 108 949 coal_ore
637 108 950 stone
637 108 951 stone
637 108 952 stone
637 108 953 stone
637 108 954 dirt
637 108 955 dirt
637 108 956 dirt
637 108 957 dirt
637 108 958 dirt
637 108 959 granite
637 108 960 granite
637 108 961 granite
637 108 962 granite
637 108 963 granite
637 108 964 stone
637 108 965 stone
637 108 966 stone
637 108 967 stone
637 108 968 stone
637 108 969 stone
637 108 970 stone
637 108 971 stone
637 108 972 stone
637 108 973 granite
637 108 974 andesite
637 108 975 andesite
637 108 976 andesite
637 108 977 andesite
637 108 978 andesite
637 108 979 andesite
637 108 980 andesite
637 108 981 andesite
637 108 982 granite
637 108 983 granite
637 108 984 granite
637 108 985 granite
637 108 986 granite
637 108 987 granite
637 108 988 dirt
637 108 989 dirt
637 108 990 dirt
637 108 991 dirt
637 108 992 dirt
637 108 993 diorite
637 108 994 diorite
637 108 995 diorite
637 108 996 diorite
637 108 997 diorite
637 108 998 diorite
637 108 999 diorite
637 108 1000 diorite
637 108 1001 diorite
637 108 1002 stone
637 108 1003 stone
637 108 1004 stone
637 108 1005 stone
637 108 1006 stone
637 108 1007 stone
637 108 1008 stone
637 108 1009 stone
637 108 1010 stone
637 108 1011 stone
637 108 1012 stone
637 108 1013 stone
637 108 1014 stone
637 108 1015 stone
637 108 1016 stone
637 108 1017 stone
637 108 1018 stone
637 108 1019 stone
637 108 1020 granite
637 108 1021 granite
637 108 1022 granite
637 108 1023 stone
638 108 896 dripstone_block
638 108 897 granite
638 108 898 granite
638 108 899 granite
638 108 900 granite
638 108 901 copper_ore
638 108 902 copper_ore
638 108 903 stone
638 108 904 stone
638 108 905 stone
638 108 906 stone
638 108 907 stone
638 108 908 stone
638 108 909 stone
638 108 910 stone
638 108 911 stone
638 108 912 stone
638 108 913 stone
638 108 914 stone
638 108 915 diorite
638 108 916 diorite
638 108 917 diorite
638 108 918 diorite
638 108 919 diorite
638 108 920 diorite
638 108 921 diorite
638 108 922 stone
638 108 923 stone
638 108 924 gravel
638 108 925 gravel
638 108 926 stone
638 108 927 stone
638 108 928 stone
638 108 929 stone
638 108 930 andesite
638 108 931 andesite
638 108 932 andesite
638 108 933 andesite
638 108 934 gravel
638 108 935 gravel
638 108 936 gravel
638 108 937 gravel
638 108 938 gravel
638 108 939 gravel
638 108 940 gravel
638 108 941 stone
638 108 942 stone
638 108 943 stone
638 108 944 stone
638 108 945 stone
638 108 946 stone
638 108 947 stone
638 108 948 coal_ore
638 108 949 stone
638 108 950 stone
638 108 951 stone
638 108 952 stone
638 108 953 dirt
638 108 954 dirt
638 108 955 dirt
638 108 956 dirt
638 108 957 dirt
638 108 958 granite
638 108 959 granite
638 108 960 granite
638 108 961 granite
638 108 962 granite
638 108 963 stone
638 108 964 stone
638 108 965 stone
638 108 966 stone
638 108 967 stone
638 108 968 stone
638 108 969 stone
638 108 970 gravel
638 108 971 gravel
638 108 972 stone
638 108 973 stone
638 108 974 andesite
638 108 975 andesite
638 108 976 andesite
638 108 977 andesite
638 108 978 andesite
638 108 979 andesite
638 108 980 andesite
638 108 981 andesite
638 108 982 granite
638 108 983 granite
638 108 984 granite
638 108 985 granite
638 108 986 dirt
638 108 987 dirt
638 108 988 dirt
638 108 989 dirt
638 108 990 dirt
638 108 991 dirt
638 108 992 dirt
638 108 993 diorite
638 108 994 diorite
638 108 995 diorite
638 108 996 iron_ore
638 108 997 iron_ore
638 108 998 diorite
638 108 999 diorite
638 108 1000 diorite
638 108 1001 diorite
638 108 1002 diorite
638 108 1003 stone
638 108 1004 stone
638 108 1005 stone
638 108 1006 stone
638 108 1007 stone
638 108 1008 stone
638 108 1009 stone
638 108 1010 stone
638 108 1011 stone
638 108 1012 stone
638 108 1013 stone
638 108 1014 stone
638 108 1015 stone
638 108 1016 stone
638 108 1017 stone
638 108 1018 stone
638 108 1019 granite
638 108 1020 granite
638 108 1021 granite
638 108 1022 granite
638 108 1023 granite
639 108 896 dripstone_block
639 108 897 granite
639 108 898 granite
639 108 899 granite
639 108 900 granite
639 108 901 granite
639 108 902 granite
639 108 903 granite
639 108 904 stone
639 108 905 stone
639 108 906 stone
639 108 907 iron_ore
639 108 908 iron_ore
639 108 909 stone
639 108 910 stone
639 108 911 stone
639 108 912 stone
639 108 913 stone
639 108 914 stone
639 108 915 diorite
639 108 916 diorite
639 108 917 diorite
639 108 918 diorite
639 108 919 diorite
639 108 920 diorite
639 108 921 diorite
639 108 922 stone
639 108 923 stone
639 108 924 andesite
639 108 925 andesite
639 108 926 andesite
639 108 927 andesite
639 108 928 andesite
639 108 929 andesite
639 108 930 andesite
639 108 931 andesite
639 108 932 gravel
639 108 933 gravel
639 108 934 gravel
639 108 935 gravel
639 108 936 gravel
639 108 937 gravel
639 108 938 gravel
639 108 939 gravel
639 108 940 gravel
639 108 941 stone
639 108 942 stone
639 108 943 stone
639 108 944 stone
639 108 945 stone
639 108 946 stone
639 108 947 stone
639 108 948 stone
639 108 949 stone
639 108 950 stone
639 108 951 stone
639 108 952 stone
639 108 953 dirt
639 108 954 dirt
639 108 955 dirt
639 108 956 dirt
639 108 957 granite
639 108 958 granite
639 108 959 granite
639 108 960 granite
639 108 961 stone
639 108 962 stone
639 108 963 stone
639 108 964 stone
639 108 965 stone
639 108 966 stone
639 108 967 gravel
639 108 968 gravel
639 108 969 gravel
639 108 970 gravel
639 108 971 gravel
639 108 972 gravel
639 108 973 stone
639 108 974 andesite
639 108 975 andesite
639 108 976 andesite
639 108 977 andesite
639 108 978 andesite
639 108 979 andesite
639 108 980 andesite
639 108 981 andesite
639 108 982 granite
639 108 983 granite
639 108 984 granite
639 108 985 dirt
639 108 986 dirt
639 108 987 dirt
639 108 988 dirt
639 108 989 dirt
639 108 990 dirt
639 108 991 dirt
639 108 992 dirt
639 108 993 diorite
639 108 994 diorite
639 108 995 diorite
639 108 996 iron_ore
639 108 997 iron_ore
639 108 998 diorite
639 108 999 diorite
639 108 1000 diorite
639 108 1001 diorite
639 108 1002 diorite
639 108 1003 diorite
639 108 1004 stone
639 108 1005 stone
639 108 1006 stone
639 108 1007 stone
639 108 1008 stone
639 108 1009 stone
639 108 1010 diorite
639 108 1011 diorite
639 108 1012 diorite
639 108 1013 diorite
639 108 1014 diorite
639 108 1015 diorite
639 108 1016 stone
639 108 1017 stone
639 108 1018 stone
639 108 1019 granite
639 108 1020 granite
639 108 1021 granite
639 108 1022 granite
639 108 1023 granite
512 109 896 stone
512 109 897 stone
512 109 898 water[level=0]
512 109 899 water[level=0]
512 109 900 water[level=0]
512 109 901 water[level=0]
512 109 902 water[level=0]
512 109 903 water[level=0]
512 109 904 water[level=0]
512 109 905 water[level=0]
512 109 906 water[level=0]
512 109 907 water[level=0]
512 109 908 stone
512 109 909 stone
512 109 910 stone
512 109 911 stone
512 109 913 stone
512 109 914 diorite
512 109 915 diorite
512 109 916 diorite
512 109 917 diorite
512 109 918 diorite
512 109 919 stone
512 109 920 stone
512 109 921 stone
512 109 922 stone
512 109 923 stone
512 109 924 stone
512 109 925 stone
512 109 926 stone
512 109 927 stone
512 109 928 stone
512 109 929 stone
512 109 930 stone
512 109 931 stone
512 109 932 stone
512 109 933 stone
512 109 934 stone
512 109 935 stone
512 109 936 stone
512 109 937 stone
512 109 938 stone
512 109 939 stone
512 109 940 stone
512 109 941 stone
512 109 942 stone
512 109 943 stone
512 109 944 stone
512 109 945 stone
512 109 946 stone
512 109 947 stone
512 109 948 stone
512 109 949 stone
512 109 950 stone
512 109 951 stone
512 109 952 stone
512 109 953 granite
512 109 954 granite
512 109 955 granite
512 109 956 granite
512 109 957 granite
512 109 958 granite
512 109 959 granite
512 109 960 granite
512 109 961 andesite
512 109 962 andesite
512 109 963 andesite
512 109 964 andesite
512 109 965 andesite
512 109 966 stone
512 109 971 stone
512 109 972 stone
512 109 973 stone
512 109 974 stone
512 109 975 stone
512 109 976 stone
512 109 977 stone
512 109 978 stone
512 109 979 stone
512 109 980 stone
512 109 981 stone
512 109 982 stone
512 109 983 stone
512 109 984 stone
512 109 985 stone
512 109 986 stone
512 109 987 stone
512 109 988 stone
512 109 989 stone
512 109 990 stone
512 109 991 stone
512 109 992 stone
512 109 993 stone
512 109 994 stone
512 109 995 stone
512 109 996 stone
512 109 997 stone
512 109 998 stone
512 109 999 stone
512 109 1000 stone
512 109 1001 stone
512 109 1002 stone
512 109 1003 stone
512 109 1004 stone
512 109 1005 stone
512 109 1006 stone
512 109 1007 stone
512 109 1008 stone
512 109 1009 stone
512 109 1010 stone
512 109 1011 stone
512 109 1012 stone
512 109 1013 stone
512 109 1014 stone
512 109 1015 stone
512 109 1016 stone
512 109 1017 stone
512 109 1018 stone
512 109 1019 granite
512 109 1020 granite
512 109 1021 granite
512 109 1022 stone
512 109 1023 stone
513 109 896 stone
513 109 897 stone
513 109 898 stone
513 109 899 water[level=0]
513 109 900 water[level=0]
513 109 901 water[level=0]
513 109 902 water[level=0]
513 109 903 water[level=0]
513 109 904 water[level=0]
513 109 905 water[level=0]
513 109 906 water[level=0]
513 109 907 water[level=0]
513 109 908 stone
513 109 909 stone
513 109 910 stone
513 109 911 stone
513 109 913 diorite
513 109 914 diorite
513 109 915 diorite
513 109 916 diorite
513 109 917 diorite
513 109 918 stone
513 109 919 stone
513 109 920 stone
513 109 921 stone
513 109 922 stone
513 109 923 stone
513 109 924 stone
513 109 925 stone
513 109 926 stone
513 109 927 stone
513 109 928 stone
513 109 929 stone
513 109 930 stone
513 109 931 stone
513 109 932 stone
513 109 933 stone
513 109 934 stone
513 109 935 stone
513 109 936 stone
513 109 937 stone
513 109 938 stone
513 109 939 stone
513 109 940 stone
513 109 941 stone
513 109 942 stone
513 109 943 stone
513 109 944 stone
513 109 945 stone
513 109 946 stone
513 109 947 stone
513 109 948 stone
513 109 949 stone
513 109 950 stone
513 109 951 stone
513 109 952 stone
513 109 953 stone
513 109 954 granite
513 109 955 granite
513 109 956 granite
513 109 957 granite
513 109 958 granite
513 109 959 granite
513 109 960 granite
513 109 961 granite
513 109 962 stone
513 109 963 andesite
513 109 964 andesite
513 109 965 andesite
513 109 966 stone
513 109 971 stone
513 109 972 stone
513 109 973 stone
513 109 974 stone
513 109 975 stone
513 109 976 stone
513 109 977 stone
513 109 978 stone
513 109 979 stone
513 109 980 stone
513 109 981 stone
513 109 982 stone
513 109 983 stone
513 109 984 stone
513 109 985 stone
513 109 986 stone
513 109 987 stone
513 109 988 stone
513 109 989 stone
513 109 990 stone
513 109 991 stone
513 109 992 stone
513 109 993 stone
513 109 994 stone
513 109 995 stone
513 109 996 stone
513 109 997 stone
513 109 998 stone
513 109 999 stone
513 109 1000 stone
513 109 1001 stone
513 109 1002 stone
513 109 1003 stone
513 109 1004 stone
513 109 1005 stone
513 109 1006 stone
513 109 1007 stone
513 109 1008 stone
513 109 1009 stone
513 109 1010 stone
513 109 1011 stone
513 109 1012 stone
513 109 1013 stone
513 109 1014 stone
513 109 1015 stone
513 109 1016 stone
513 109 1017 stone
513 109 1018 granite
513 109 1019 granite
513 109 1020 granite
513 109 1021 granite
513 109 1022 granite
513 109 1023 granite
514 109 896 stone
514 109 897 stone
514 109 898 stone
514 109 899 stone
514 109 900 water[level=0]
514 109 901 water[level=0]
514 109 902 water[level=0]
514 109 903 water[level=0]
514 109 904 water[level=0]
514 109 905 water[level=0]
514 109 906 water[level=0]
514 109 907 water[level=0]
514 109 908 stone
514 109 909 stone
514 109 910 stone
514 109 911 stone
514 109 913 glow_lichen[down=false,east=false,north=false,south=true,up=false,waterlogged=false,west=false]
514 109 914 stone
