614 124 933 stone
614 124 934 stone
614 124 935 stone
614 124 936 stone
614 124 937 stone
614 124 938 stone
614 124 939 stone
614 124 940 stone
614 124 941 stone
614 124 942 stone
614 124 943 stone
614 124 944 stone
614 124 945 stone
614 124 946 stone
614 124 947 stone
614 124 948 stone
614 124 949 stone
614 124 950 stone
614 124 951 stone
614 124 952 stone
614 124 953 stone
614 124 954 stone
614 124 955 stone
614 124 956 stone
614 124 957 stone
614 124 958 stone
614 124 959 stone
614 124 960 stone
614 124 961 stone
614 124 962 stone
614 124 963 coal_ore
614 124 964 coal_ore
614 124 965 coal_ore
614 124 966 stone
614 124 967 stone
614 124 968 stone
614 124 969 stone
614 124 970 stone
614 124 971 stone
614 124 972 stone
614 124 973 stone
614 124 974 stone
614 124 975 stone
614 124 976 stone
614 124 977 stone
614 124 978 stone
614 124 979 stone
614 124 980 stone
614 124 981 stone
614 124 982 stone
614 124 983 stone
614 124 984 stone
614 124 985 stone
614 124 986 stone
614 124 987 stone
614 124 988 stone
614 124 989 stone
614 124 990 stone
614 124 991 stone
614 124 992 stone
614 124 993 stone
614 124 994 stone
614 124 995 stone
614 124 996 stone
614 124 997 stone
614 124 998 stone
614 124 999 stone
614 124 1000 stone
614 124 1001 stone
614 124 1002 stone
614 124 1003 andesite
614 124 1004 andesite
614 124 1005 andesite
614 124 1006 andesite
614 124 1007 andesite
614 124 1008 andesite
614 124 1009 stone
614 124 1010 stone
614 124 1011 stone
614 124 1012 stone
614 124 1013 stone
614 124 1014 stone
614 124 1015 stone
614 124 1016 stone
614 124 1017 stone
614 124 1018 stone
614 124 1019 stone
614 124 1020 stone
614 124 1021 stone
614 124 1022 stone
614 124 1023 stone
615 124 896 stone
615 124 897 stone
615 124 898 stone
615 124 899 stone
615 124 900 stone
615 124 901 stone
615 124 902 stone
615 124 903 stone
615 124 904 stone
615 124 905 stone
615 124 906 stone
615 124 907 stone
615 124 908 stone
615 124 909 stone
615 124 910 stone
615 124 911 stone
615 124 912 stone
615 124 913 stone
615 124 914 stone
615 124 915 stone
615 124 916 stone
615 124 917 stone
615 124 918 stone
615 124 919 stone
615 124 920 stone
615 124 921 stone
615 124 922 stone
615 124 923 stone
615 124 924 stone
615 124 925 stone
615 124 926 stone
615 124 927 stone
615 124 928 gravel
615 124 929 gravel
615 124 930 gravel
615 124 931 stone
615 124 932 stone
615 124 933 stone
615 124 934 stone
615 124 935 stone
615 124 936 stone
615 124 937 stone
615 124 938 stone
615 124 939 stone
615 124 940 stone
615 124 941 stone
615 124 942 stone
615 124 943 stone
615 124 944 stone
615 124 945 stone
615 124 946 stone
615 124 947 stone
615 124 948 stone
615 124 949 stone
615 124 950 stone
615 124 951 stone
615 124 952 stone
615 124 953 stone
615 124 954 stone
615 124 955 stone
615 124 956 stone
615 124 957 stone
615 124 958 stone
615 124 959 stone
615 124 960 stone
615 124 961 stone
615 124 962 stone
615 124 963 stone
615 124 964 coal_ore
615 124 965 stone
615 124 966 stone
615 124 967 stone
615 124 968 stone
615 124 969 stone
615 124 970 stone
615 124 971 stone
615 124 972 stone
615 124 973 stone
615 124 974 stone
615 124 975 stone
615 124 976 stone
615 124 977 stone
615 124 978 stone
615 124 979 stone
615 124 980 stone
615 124 981 stone
615 124 982 stone
615 124 983 stone
615 124 984 stone
615 124 985 stone
615 124 986 stone
615 124 987 stone
615 124 988 stone
615 124 989 stone
615 124 990 stone
615 124 991 stone
615 124 992 stone
615 124 993 stone
615 124 994 stone
615 124 995 stone
615 124 996 stone
615 124 997 stone
615 124 998 stone
615 124 999 stone
615 124 1000 stone
615 124 1001 stone
615 124 1002 stone
615 124 1003 andesite
615 124 1004 andesite
615 124 1005 andesite
615 124 1006 andesite
615 124 1007 andesite
615 124 1008 andesite
615 124 1009 stone
615 124 1010 stone
615 124 1011 stone
615 124 1012 stone
615 124 1013 stone
615 124 1014 stone
615 124 1015 stone
615 124 1016 stone
615 124 1017 stone
615 124 1018 stone
615 124 1019 stone
615 124 1020 stone
615 124 1021 stone
615 124 1022 stone
615 124 1023 stone
616 124 896 stone
616 124 897 stone
616 124 898 stone
616 124 899 stone
616 124 900 stone
616 124 901 stone
616 124 902 stone
616 124 903 stone
616 124 904 stone
616 124 905 stone
616 124 906 stone
616 124 907 stone
616 124 908 stone
616 124 909 stone
616 124 910 stone
616 124 911 stone
616 124 912 stone
616 124 913 stone
616 124 914 stone
616 124 915 stone
616 124 916 stone
616 124 917 stone
616 124 918 stone
616 124 919 stone
616 124 920 stone
616 124 921 stone
616 124 922 stone
616 124 923 stone
616 124 924 stone
616 124 925 stone
616 124 926 stone
616 124 927 stone
616 124 928 gravel
616 124 929 gravel
616 124 930 gravel
616 124 931 stone
616 124 932 stone
616 124 933 stone
616 124 934 stone
616 124 935 stone
616 124 936 stone
616 124 937 stone
616 124 938 stone
616 124 939 stone
616 124 940 stone
616 124 941 stone
616 124 942 stone
616 124 943 stone
616 124 944 stone
616 124 945 stone
616 124 946 stone
616 124 947 stone
616 124 948 stone
616 124 949 stone
616 124 950 stone
616 124 951 stone
616 124 952 stone
616 124 953 stone
616 124 954 stone
616 124 961 stone
616 124 962 stone
616 124 963 stone
616 124 964 stone
616 124 965 stone
616 124 966 stone
616 124 967 stone
616 124 968 stone
616 124 969 stone
616 124 970 stone
616 124 971 stone
616 124 972 stone
616 124 973 stone
616 124 974 stone
616 124 975 stone
616 124 976 stone
616 124 977 stone
616 124 978 stone
616 124 979 stone
616 124 980 stone
616 124 981 stone
616 124 982 stone
616 124 983 stone
616 124 984 stone
616 124 985 stone
616 124 986 stone
616 124 987 stone
616 124 988 stone
616 124 989 stone
616 124 990 stone
616 124 991 stone
616 124 992 stone
616 124 993 stone
616 124 994 stone
616 124 995 stone
616 124 996 stone
616 124 997 stone
616 124 998 stone
616 124 999 stone
616 124 1000 stone
616 124 1001 stone
616 124 1002 stone
616 124 1003 stone
616 124 1004 andesite
616 124 1005 andesite
616 124 1006 andesite
616 124 1007 andesite
616 124 1008 stone
616 124 1009 stone
616 124 1010 stone
616 124 1011 stone
616 124 1012 stone
616 124 1013 stone
616 124 1014 stone
616 124 1015 stone
616 124 1016 stone
616 124 1017 stone
616 124 1018 stone
616 124 1019 stone
616 124 1020 stone
616 124 1021 stone
616 124 1022 stone
616 124 1023 stone
617 124 896 stone
617 124 897 stone
617 124 898 stone
617 124 899 stone
617 124 900 stone
617 124 901 stone
617 124 902 stone
617 124 903 stone
617 124 904 stone
617 124 905 stone
617 124 906 stone
617 124 907 stone
617 124 908 stone
617 124 909 stone
617 124 910 stone
617 124 911 stone
617 124 912 stone
617 124 913 stone
617 124 914 stone
617 124 915 stone
617 124 916 stone
617 124 917 stone
617 124 918 stone
617 124 919 stone
617 124 920 stone
617 124 921 stone
617 124 922 stone
617 124 923 stone
617 124 924 stone
617 124 925 stone
617 124 926 stone
617 124 927 stone
617 124 928 stone
617 124 929 stone
617 124 930 stone
617 124 931 stone
617 124 932 stone
617 124 933 stone
617 124 934 stone
617 124 935 stone
617 124 936 stone
617 124 937 stone
617 124 938 stone
617 124 939 stone
617 124 940 stone
617 124 941 stone
617 124 942 stone
617 124 943 stone
617 124 944 stone
617 124 945 stone
617 124 946 stone
617 124 947 stone
617 124 948 stone
617 124 949 stone
617 124 950 stone
617 124 951 stone
617 124 952 stone
617 124 953 stone
617 124 963 stone
617 124 964 stone
617 124 965 stone
617 124 966 stone
617 124 967 stone
617 124 968 stone
617 124 969 stone
617 124 970 stone
617 124 971 stone
617 124 972 stone
617 124 973 stone
617 124 974 stone
617 124 975 stone
617 124 976 stone
617 124 977 stone
617 124 978 stone
617 124 979 stone
617 124 980 stone
617 124 981 stone
617 124 982 stone
617 124 983 stone
617 124 984 gravel
617 124 985 gravel
617 124 986 gravel
617 124 987 stone
617 124 988 stone
617 124 989 stone
617 124 990 stone
617 124 991 stone
617 124 992 stone
617 124 993 stone
617 124 994 stone
617 124 995 stone
617 124 996 stone
617 124 997 stone
617 124 998 stone
617 124 999 stone
617 124 1000 stone
617 124 1001 stone
617 124 1002 stone
617 124 1003 stone
617 124 1004 andesite
617 124 1005 andesite
617 124 1006 andesite
617 124 1007 andesite
617 124 1008 stone
617 124 1009 stone
617 124 1010 stone
617 124 1011 stone
617 124 1012 stone
617 124 1013 stone
617 124 1014 stone
617 124 1015 stone
617 124 1016 stone
617 124 1017 stone
617 124 1018 stone
617 124 1019 stone
617 124 1020 stone
617 124 1021 stone
617 124 1022 stone
617 124 1023 stone
618 124 896 stone
618 124 897 stone
618 124 898 stone
618 124 899 stone
618 124 900 stone
618 124 901 stone
618 124 902 stone
618 124 903 stone
618 124 904 stone
618 124 905 stone
618 124 906 stone
618 124 907 stone
618 124 908 stone
618 124 909 stone
618 124 910 stone
618 124 911 stone
618 124 912 stone
618 124 913 stone
618 124 914 stone
618 124 915 stone
618 124 916 stone
618 124 917 stone
618 124 918 stone
618 124 919 stone
618 124 920 stone
618 124 921 stone
618 124 922 stone
618 124 923 stone
618 124 924 stone
618 124 925 stone
618 124 926 stone
618 124 927 stone
618 124 928 stone
618 124 929 stone
618 124 930 stone
618 124 931 stone
618 124 932 stone
618 124 933 stone
618 124 934 stone
618 124 935 stone
618 124 936 stone
618 124 937 stone
618 124 938 stone
618 124 939 stone
618 124 940 copper_ore
618 124 941 stone
618 124 942 stone
618 124 943 stone
618 124 944 stone
618 124 945 stone
618 124 946 stone
618 124 947 stone
618 124 948 stone
618 124 949 stone
618 124 950 stone
618 124 951 stone
618 124 952 stone
618 124 964 stone
618 124 965 stone
618 124 966 stone
618 124 967 stone
618 124 968 stone
618 124 969 stone
618 124 970 stone
618 124 971 stone
618 124 972 stone
618 124 973 stone
618 124 974 stone
618 124 975 stone
618 124 976 stone
618 124 977 stone
618 124 978 stone
618 124 979 stone
618 124 980 stone
618 124 981 stone
618 124 982 stone
618 124 983 stone
618 124 984 gravel
618 124 985 gravel
618 124 986 gravel
618 124 987 gravel
618 124 988 stone
618 124 989 stone
618 124 990 stone
618 124 991 stone
618 124 992 stone
618 124 993 stone
618 124 994 stone
618 124 995 stone
618 124 996 stone
618 124 997 stone
618 124 998 stone
618 124 999 stone
618 124 1000 stone
618 124 1001 stone
618 124 1002 stone
618 124 1003 stone
618 124 1004 andesite
618 124 1005 andesite
618 124 1006 andesite
618 124 1007 andesite
618 124 1008 stone
618 124 1009 stone
618 124 1010 stone
618 124 1011 stone
618 124 1012 stone
618 124 1013 stone
618 124 1014 stone
618 124 1015 stone
618 124 1016 stone
618 124 1017 stone
618 124 1018 stone
618 124 1019 stone
618 124 1020 stone
618 124 1021 stone
618 124 1022 stone
618 124 1023 stone
619 124 896 stone
619 124 897 stone
619 124 898 stone
619 124 899 stone
619 124 900 stone
619 124 901 stone
619 124 902 stone
619 124 903 stone
619 124 904 stone
619 124 905 stone
619 124 906 stone
619 124 907 stone
619 124 908 stone
619 124 909 stone
619 124 910 stone
619 124 911 stone
619 124 912 stone
619 124 913 stone
619 124 914 stone
619 124 915 stone
619 124 916 stone
619 124 917 stone
619 124 918 stone
619 124 919 stone
619 124 920 stone
619 124 921 stone
619 124 922 stone
619 124 923 stone
619 124 924 stone
619 124 925 stone
619 124 926 stone
619 124 927 stone
619 124 928 stone
619 124 929 stone
619 124 930 stone
619 124 931 stone
619 124 932 stone
619 124 933 stone
619 124 934 stone
619 124 935 stone
619 124 936 stone
619 124 937 stone
619 124 938 stone
619 124 939 stone
619 124 940 stone
619 124 941 stone
619 124 942 stone
619 124 943 stone
619 124 944 stone
619 124 945 stone
619 124 946 stone
619 124 947 stone
619 124 948 stone
619 124 949 stone
619 124 950 stone
619 124 951 stone
619 124 952 stone
619 124 964 dirt
619 124 965 stone
619 124 966 stone
619 124 967 stone
619 124 968 stone
619 124 969 stone
619 124 970 stone
619 124 971 stone
619 124 972 stone
619 124 973 stone
619 124 974 stone
619 124 975 stone
619 124 976 stone
619 124 977 stone
619 124 978 stone
619 124 979 stone
619 124 980 stone
619 124 981 stone
619 124 982 stone
619 124 983 stone
619 124 984 gravel
619 124 985 gravel
619 124 986 gravel
619 124 987 gravel
619 124 988 gravel
619 124 989 gravel
619 124 990 stone
619 124 991 stone
619 124 992 stone
619 124 993 stone
619 124 994 stone
619 124 995 stone
619 124 996 stone
619 124 997 stone
619 124 998 stone
619 124 999 stone
619 124 1000 stone
619 124 1001 stone
619 124 1002 stone
619 124 1003 stone
619 124 1004 andesite
619 124 1005 andesite
619 124 1006 andesite
619 124 1007 stone
619 124 1008 stone
619 124 1009 stone
619 124 1010 stone
619 124 1011 stone
619 124 1012 stone
619 124 1013 stone
619 124 1014 stone
619 124 1015 stone
619 124 1016 stone
619 124 1017 stone
619 124 1018 stone
619 124 1019 stone
619 124 1020 stone
619 124 1021 stone
619 124 1022 stone
619 124 1023 stone
620 124 896 stone
620 124 897 stone
620 124 898 stone
620 124 899 stone
620 124 900 stone
620 124 901 stone
620 124 902 stone
620 124 903 stone
620 124 904 stone
620 124 905 stone
620 124 906 stone
620 124 907 stone
620 124 908 stone
620 124 909 stone
620 124 910 stone
620 124 911 stone
620 124 912 stone
620 124 913 stone
620 124 914 stone
620 124 915 stone
620 124 916 stone
620 124 917 stone
620 124 918 stone
620 124 919 stone
620 124 920 stone
620 124 921 stone
620 124 922 stone
620 124 923 stone
620 124 924 stone
620 124 925 stone
620 124 926 stone
620 124 927 stone
620 124 928 stone
620 124 929 stone
620 124 930 stone
620 124 931 stone
620 124 932 stone
620 124 933 stone
620 124 934 stone
620 124 935 stone
620 124 936 stone
620 124 937 stone
620 124 938 stone
620 124 939 stone
620 124 940 stone
620 124 941 stone
620 124 942 stone
620 124 943 stone
620 124 944 stone
620 124 945 stone
620 124 946 stone
620 124 947 stone
620 124 948 stone
620 124 949 stone
620 124 950 stone
620 124 951 stone
620 124 952 stone
620 124 965 stone
620 124 966 stone
620 124 967 stone
620 124 968 stone
620 124 969 stone
620 124 970 stone
620 124 971 stone
620 124 972 stone
620 124 973 stone
620 124 974 stone
620 124 975 stone
620 124 976 stone
620 124 977 stone
620 124 978 stone
620 124 979 stone
620 124 980 stone
620 124 981 stone
620 124 982 stone
620 124 983 stone
620 124 984 gravel
620 124 985 gravel
620 124 986 gravel
620 124 987 gravel
620 124 988 gravel
620 124 989 gravel
620 124 990 stone
620 124 991 stone
620 124 992 stone
620 124 993 stone
620 124 994 stone
620 124 995 stone
620 124 996 stone
620 124 997 stone
620 124 998 stone
620 124 999 stone
620 124 1000 stone
620 124 1001 stone
620 124 1002 stone
620 124 1003 stone
620 124 1004 stone
620 124 1005 stone
620 124 1006 stone
620 124 1007 stone
620 124 1008 stone
620 124 1009 stone
620 124 1010 stone
620 124 1011 stone
620 124 1012 stone
620 124 1013 stone
620 124 1014 stone
620 124 1015 stone
620 124 1016 stone
620 124 1017 stone
620 124 1018 stone
620 124 1019 stone
620 124 1020 stone
620 124 1021 stone
620 124 1022 stone
620 124 1023 stone
621 124 896 stone
621 124 897 stone
621 124 898 stone
621 124 899 stone
621 124 900 stone
621 124 901 stone
621 124 902 stone
621 124 903 stone
621 124 904 stone
621 124 905 stone
621 124 906 stone
621 124 907 stone
621 124 908 gravel
621 124 909 gravel
621 124 910 stone
621 124 911 stone
621 124 912 stone
621 124 913 stone
621 124 914 stone
621 124 915 stone
621 124 916 stone
621 124 917 stone
621 124 918 stone
621 124 919 stone
621 124 920 stone
621 124 921 stone
621 124 922 stone
621 124 923 stone
621 124 924 stone
621 124 925 stone
621 124 926 stone
621 124 927 stone
621 124 928 stone
621 124 929 stone
621 124 930 stone
621 124 931 stone
621 124 932 stone
621 124 933 stone
621 124 934 stone
621 124 935 stone
621 124 936 stone
621 124 937 stone
621 124 938 stone
621 124 939 stone
621 124 940 stone
621 124 941 stone
621 124 942 stone
621 124 943 stone
621 124 944 stone
621 124 945 stone
621 124 946 stone
621 124 947 stone
621 124 948 stone
621 124 949 stone
621 124 950 stone
621 124 951 stone
621 124 952 stone
621 124 953 water[level=8]
621 124 965 stone
621 124 966 stone
621 124 967 stone
621 124 968 stone
621 124 969 stone
621 124 970 stone
621 124 971 stone
621 124 972 stone
621 124 973 stone
621 124 974 stone
621 124 975 stone
621 124 981 stone
621 124 982 stone
621 124 983 stone
621 124 984 stone
621 124 985 gravel
621 124 986 gravel
621 124 987 gravel
621 124 988 gravel
621 124 989 gravel
621 124 990 gravel
621 124 991 stone
621 124 992 stone
621 124 993 stone
621 124 994 stone
621 124 995 stone
621 124 996 stone
621 124 997 stone
621 124 998 stone
621 124 999 stone
621 124 1000 stone
621 124 1001 stone
621 124 1002 stone
621 124 1003 stone
621 124 1004 stone
621 124 1005 stone
621 124 1006 stone
621 124 1007 stone
621 124 1008 stone
621 124 1009 stone
621 124 1010 stone
621 124 1011 stone
621 124 1012 stone
621 124 1013 stone
621 124 1014 stone
621 124 1015 stone
621 124 1016 stone
621 124 1017 stone
621 124 1018 stone
621 124 1019 stone
621 124 1020 stone
621 124 1021 stone
621 124 1022 stone
621 124 1023 stone
622 124 896 stone
622 124 897 stone
622 124 898 stone
622 124 899 stone
622 124 900 stone
622 124 901 stone
622 124 902 stone
622 124 903 stone
622 124 904 stone
622 124 905 stone
622 124 906 stone
622 124 907 gravel
622 124 908 gravel
622 124 909 gravel
622 124 910 gravel
622 124 911 gravel
622 124 912 stone
622 124 913 stone
622 124 914 stone
622 124 915 stone
622 124 916 stone
622 124 917 stone
622 124 918 stone
622 124 919 stone
622 124 920 stone
622 124 921 stone
622 124 922 stone
622 124 923 stone
622 124 924 stone
622 124 925 stone
622 124 926 stone
622 124 927 stone
622 124 928 stone
622 124 929 stone
622 124 930 stone
622 124 931 stone
622 124 932 stone
622 124 933 stone
622 124 934 stone
622 124 935 stone
622 124 936 stone
622 124 937 stone
622 124 938 stone
622 124 939 stone
622 124 940 stone
622 124 941 stone
622 124 942 stone
622 124 943 stone
622 124 944 stone
622 124 945 stone
622 124 946 stone
622 124 947 stone
622 124 948 stone
622 124 949 stone
622 124 950 stone
622 124 951 stone
622 124 952 stone
622 124 965 stone
622 124 966 stone
622 124 967 stone
622 124 968 stone
622 124 969 stone
622 124 970 stone
622 124 971 stone
622 124 972 stone
622 124 973 stone
622 124 974 stone
622 124 981 stone
622 124 982 stone
622 124 983 stone
622 124 984 stone
622 124 985 stone
622 124 986 gravel
622 124 987 gravel
622 124 988 gravel
622 124 989 gravel
622 124 990 gravel
622 124 991 gravel
622 124 992 stone
622 124 993 stone
622 124 994 stone
622 124 995 stone
622 124 996 stone
622 124 997 stone
622 124 998 stone
622 124 999 stone
622 124 1000 stone
622 124 1001 stone
622 124 1002 stone
622 124 1003 stone
622 124 1004 stone
622 124 1005 stone
622 124 1006 stone
622 124 1007 stone
622 124 1008 stone
622 124 1009 stone
622 124 1010 stone
622 124 1011 stone
622 124 1012 stone
622 124 1013 stone
622 124 1014 stone
622 124 1015 stone
622 124 1016 stone
622 124 1017 stone
622 124 1018 stone
622 124 1019 stone
622 124 1020 stone
622 124 1021 stone
622 124 1022 stone
622 124 1023 stone
623 124 896 stone
623 124 897 stone
623 124 898 stone
623 124 899 stone
623 124 900 stone
623 124 901 stone
623 124 902 stone
623 124 903 stone
623 124 904 stone
623 124 905 stone
623 124 906 stone
623 124 907 stone
623 124 908 gravel
623 124 909 gravel
623 124 910 gravel
623 124 911 gravel
623 124 912 gravel
623 124 913 stone
623 124 914 stone
623 124 915 stone
623 124 916 stone
623 124 917 stone
623 124 918 stone
623 124 919 stone
623 124 920 stone
623 124 921 stone
623 124 922 stone
623 124 923 stone
623 124 924 stone
623 124 925 stone
623 124 926 stone
623 124 927 stone
623 124 928 stone
623 124 929 stone
623 124 930 stone
623 124 931 stone
623 124 932 stone
623 124 933 stone
623 124 934 stone
623 124 935 stone
623 124 936 stone
623 124 937 stone
623 124 938 stone
623 124 939 stone
623 124 940 stone
623 124 941 stone
623 124 942 stone
623 124 943 stone
623 124 944 stone
623 124 945 stone
623 124 946 stone
623 124 947 stone
623 124 948 stone
623 124 949 stone
623 124 950 stone
623 124 951 stone
623 124 952 stone
623 124 953 stone
623 124 954 stone
623 124 963 grass_block[snowy=false]
623 124 964 stone
623 124 965 stone
623 124 966 stone
623 124 967 stone
623 124 968 stone
623 124 969 stone
623 124 970 stone
623 124 971 stone
623 124 972 stone
623 124 973 stone
623 124 980 stone
623 124 981 stone
623 124 982 stone
623 124 983 stone
623 124 984 stone
623 124 985 stone
623 124 986 stone
623 124 987 stone
623 124 988 gravel
623 124 989 gravel
623 124 990 gravel
623 124 991 gravel
623 124 992 stone
