621 121 954 water[level=8]
621 121 955 water[level=1]
621 121 963 short_grass
621 121 964 dirt
621 121 965 stone
621 121 966 stone
621 121 967 stone
621 121 968 stone
621 121 969 stone
621 121 970 stone
621 121 971 stone
621 121 972 stone
621 121 973 coal_ore
621 121 974 coal_ore
621 121 975 stone
621 121 976 stone
621 121 977 stone
621 121 978 stone
621 121 979 stone
621 121 980 stone
621 121 981 stone
621 121 982 stone
621 121 983 stone
621 121 984 stone
621 121 985 stone
621 121 986 stone
621 121 987 stone
621 121 988 stone
621 121 989 stone
621 121 990 stone
621 121 991 stone
621 121 992 stone
621 121 993 stone
621 121 994 stone
621 121 995 stone
621 121 996 stone
621 121 997 stone
621 121 998 stone
621 121 999 stone
621 121 1000 stone
621 121 1001 stone
621 121 1002 stone
621 121 1003 andesite
621 121 1004 andesite
621 121 1005 andesite
621 121 1006 andesite
621 121 1007 andesite
621 121 1008 stone
621 121 1009 stone
621 121 1010 stone
621 121 1011 stone
621 121 1012 granite
621 121 1013 granite
621 121 1014 stone
621 121 1015 stone
621 121 1016 stone
621 121 1017 stone
621 121 1018 stone
621 121 1019 stone
621 121 1020 stone
621 121 1021 stone
621 121 1022 stone
621 121 1023 stone
622 121 896 stone
622 121 897 stone
622 121 898 stone
622 121 899 stone
622 121 900 stone
622 121 901 stone
622 121 902 stone
622 121 903 stone
622 121 904 stone
622 121 905 stone
622 121 906 stone
622 121 907 gravel
622 121 908 gravel
622 121 909 gravel
622 121 910 gravel
622 121 911 gravel
622 121 912 stone
622 121 913 stone
622 121 914 stone
622 121 915 stone
622 121 916 stone
622 121 917 stone
622 121 918 stone
622 121 919 stone
622 121 920 stone
622 121 921 stone
622 121 922 stone
622 121 923 stone
622 121 924 stone
622 121 925 stone
622 121 926 stone
622 121 927 stone
622 121 928 stone
622 121 929 stone
622 121 930 stone
622 121 931 stone
622 121 932 stone
622 121 933 stone
622 121 934 stone
622 121 935 stone
622 121 936 stone
622 121 937 diorite
622 121 938 diorite
622 121 939 diorite
622 121 940 copper_ore
622 121 941 copper_ore
622 121 944 diorite
622 121 945 stone
622 121 946 stone
622 121 947 stone
622 121 948 stone
622 121 949 stone
622 121 950 stone
622 121 951 stone
622 121 952 stone
622 121 953 andesite
622 121 954 grass_block[snowy=false]
622 121 964 dirt
622 121 965 stone
622 121 966 stone
622 121 967 stone
622 121 968 stone
622 121 969 stone
622 121 970 stone
622 121 971 stone
622 121 972 stone
622 121 973 coal_ore
622 121 974 coal_ore
622 121 975 stone
622 121 976 stone
622 121 977 stone
622 121 978 stone
622 121 979 stone
622 121 980 stone
622 121 981 stone
622 121 982 stone
622 121 983 stone
622 121 984 stone
622 121 985 stone
622 121 986 stone
622 121 987 coal_ore
622 121 988 stone
622 121 989 stone
622 121 990 stone
622 121 991 stone
622 121 992 stone
622 121 993 stone
622 121 994 stone
622 121 995 stone
622 121 996 stone
622 121 997 stone
622 121 998 stone
622 121 999 stone
622 121 1000 stone
622 121 1001 stone
622 121 1002 stone
622 121 1003 stone
622 121 1004 andesite
622 121 1005 andesite
622 121 1006 andesite
622 121 1007 andesite
622 121 1008 stone
622 121 1009 stone
622 121 1010 stone
622 121 1011 stone
622 121 1012 stone
622 121 1013 stone
622 121 1014 stone
622 121 1015 stone
622 121 1016 stone
622 121 1017 stone
622 121 1018 stone
622 121 1019 stone
622 121 1020 stone
622 121 1021 stone
622 121 1022 stone
622 121 1023 stone
623 121 896 stone
623 121 897 stone
623 121 898 stone
623 121 899 stone
623 121 900 stone
623 121 901 stone
623 121 902 stone
623 121 903 stone
623 121 904 stone
623 121 905 coal_ore
623 121 906 coal_ore
623 121 907 coal_ore
623 121 908 gravel
623 121 909 gravel
623 121 910 gravel
623 121 911 gravel
623 121 912 gravel
623 121 913 stone
623 121 914 stone
623 121 915 stone
623 121 916 stone
623 121 917 stone
623 121 918 stone
623 121 919 stone
623 121 920 stone
623 121 921 stone
623 121 922 stone
623 121 923 stone
623 121 924 stone
623 121 925 stone
623 121 926 stone
623 121 927 stone
623 121 928 stone
623 121 929 stone
623 121 930 stone
623 121 931 stone
623 121 932 stone
623 121 933 stone
623 121 934 stone
623 121 935 stone
623 121 936 stone
623 121 937 stone
623 121 938 diorite
623 121 939 copper_ore
623 121 940 copper_ore
623 121 941 copper_ore
623 121 944 diorite
623 121 945 stone
623 121 946 stone
623 121 947 stone
623 121 948 stone
623 121 949 stone
623 121 950 stone
623 121 951 stone
623 121 952 stone
623 121 953 andesite
623 121 954 andesite
623 121 955 dirt
623 121 962 grass_block[snowy=false]
623 121 963 stone
623 121 964 stone
623 121 965 stone
623 121 966 stone
623 121 967 stone
623 121 968 stone
623 121 969 stone
623 121 970 stone
623 121 971 stone
623 121 972 stone
623 121 973 coal_ore
623 121 974 coal_ore
623 121 975 stone
623 121 976 stone
623 121 977 stone
623 121 978 stone
623 121 979 stone
623 121 980 stone
623 121 981 stone
623 121 982 stone
623 121 983 stone
623 121 984 stone
623 121 985 stone
623 121 986 coal_ore
623 121 987 coal_ore
623 121 988 coal_ore
623 121 989 stone
623 121 990 stone
623 121 991 stone
623 121 992 stone
623 121 993 stone
623 121 994 stone
623 121 995 stone
623 121 996 stone
623 121 997 stone
623 121 998 stone
623 121 999 stone
623 121 1000 stone
623 121 1001 stone
623 121 1002 stone
623 121 1003 stone
623 121 1004 stone
623 121 1005 stone
623 121 1006 stone
623 121 1007 stone
623 121 1008 stone
623 121 1009 stone
623 121 1010 stone
623 121 1011 stone
623 121 1012 stone
623 121 1013 stone
623 121 1014 stone
623 121 1015 stone
623 121 1016 stone
623 121 1017 stone
623 121 1018 stone
623 121 1019 stone
623 121 1020 stone
623 121 1021 stone
623 121 1022 stone
623 121 1023 stone
624 121 896 stone
624 121 897 stone
624 121 898 stone
624 121 899 stone
624 121 900 stone
624 121 901 stone
624 121 902 stone
624 121 903 stone
624 121 904 coal_ore
624 121 905 coal_ore
624 121 906 coal_ore
624 121 907 coal_ore
624 121 908 stone
624 121 909 gravel
624 121 910 gravel
624 121 911 gravel
624 121 912 gravel
624 121 913 gravel
624 121 914 stone
624 121 915 stone
624 121 916 stone
624 121 917 stone
624 121 918 stone
624 121 919 stone
624 121 920 stone
624 121 921 stone
624 121 922 stone
624 121 923 stone
624 121 924 stone
624 121 925 stone
624 121 926 stone
624 121 927 stone
624 121 928 stone
624 121 929 stone
624 121 930 stone
624 121 931 stone
624 121 932 stone
624 121 933 stone
624 121 934 stone
624 121 935 stone
624 121 936 stone
624 121 937 stone
624 121 938 diorite
624 121 939 diorite
624 121 940 diorite
624 121 941 diorite
624 121 942 diorite
624 121 943 grass_block[snowy=false]
624 121 944 stone
624 121 945 stone
624 121 946 stone
624 121 947 stone
624 121 948 stone
624 121 949 stone
624 121 950 stone
624 121 951 stone
624 121 952 andesite
624 121 953 andesite
624 121 954 andesite
624 121 955 andesite
624 121 956 dirt
624 121 957 dirt
624 121 958 dirt
624 121 959 grass_block[snowy=false]
624 121 960 grass_block[snowy=false]
624 121 961 dirt
624 121 962 stone
624 121 963 stone
624 121 964 stone
624 121 965 stone
624 121 966 stone
624 121 967 stone
624 121 968 stone
624 121 969 stone
624 121 970 stone
624 121 971 stone
624 121 972 stone
624 121 973 coal_ore
624 121 974 stone
624 121 975 stone
624 121 976 stone
624 121 977 stone
624 121 978 stone
624 121 979 stone
624 121 980 stone
624 121 981 stone
624 121 982 stone
624 121 983 stone
624 121 984 stone
624 121 985 coal_ore
624 121 986 coal_ore
624 121 987 coal_ore
624 121 988 stone
624 121 989 stone
624 121 990 stone
624 121 991 stone
624 121 992 stone
624 121 993 stone
624 121 994 stone
624 121 995 stone
624 121 996 stone
624 121 997 stone
624 121 998 stone
624 121 999 stone
624 121 1000 stone
624 121 1001 stone
624 121 1002 stone
624 121 1003 stone
624 121 1004 stone
624 121 1005 stone
624 121 1006 stone
624 121 1007 stone
624 121 1008 stone
624 121 1009 stone
624 121 1010 stone
624 121 1011 stone
624 121 1012 stone
624 121 1013 stone
624 121 1014 stone
624 121 1015 stone
624 121 1016 stone
624 121 1017 stone
624 121 1018 stone
624 121 1019 stone
624 121 1020 stone
624 121 1021 stone
624 121 1022 stone
624 121 1023 stone
625 121 896 stone
625 121 897 stone
625 121 898 stone
625 121 899 stone
625 121 900 stone
625 121 901 stone
625 121 902 stone
625 121 903 stone
625 121 904 stone
625 121 905 coal_ore
625 121 906 coal_ore
625 121 907 stone
625 121 908 stone
625 121 909 stone
625 121 910 gravel
625 121 911 gravel
625 121 912 gravel
625 121 913 gravel
625 121 914 gravel
625 121 915 stone
625 121 916 stone
625 121 917 stone
625 121 918 stone
625 121 919 stone
625 121 920 stone
625 121 921 stone
625 121 922 stone
625 121 923 stone
625 121 924 stone
625 121 925 stone
625 121 926 stone
625 121 927 stone
625 121 928 stone
625 121 929 stone
625 121 930 stone
625 121 931 stone
625 121 932 stone
625 121 933 stone
625 121 934 stone
625 121 935 stone
625 121 936 stone
625 121 937 stone
625 121 938 diorite
625 121 939 diorite
625 121 940 diorite
625 121 941 diorite
625 121 942 diorite
625 121 943 dirt
625 121 944 stone
625 121 945 stone
625 121 946 stone
625 121 947 stone
625 121 948 stone
625 121 949 stone
625 121 950 stone
625 121 951 stone
625 121 952 andesite
625 121 953 andesite
625 121 954 andesite
625 121 955 andesite
625 121 956 andesite
625 121 957 andesite
625 121 958 dirt
625 121 959 dirt
625 121 960 dirt
625 121 961 stone
625 121 962 stone
625 121 963 stone
625 121 964 stone
625 121 965 stone
625 121 966 stone
625 121 967 stone
625 121 968 stone
625 121 969 stone
625 121 970 stone
625 121 971 stone
625 121 972 dirt
625 121 973 dirt
625 121 974 dirt
625 121 975 dirt
625 121 976 dirt
625 121 977 dirt
625 121 978 stone
625 121 979 stone
625 121 980 stone
625 121 981 stone
625 121 982 stone
625 121 983 stone
625 121 984 stone
625 121 985 coal_ore
625 121 986 coal_ore
625 121 987 stone
625 121 988 stone
625 121 989 stone
625 121 990 stone
625 121 991 stone
625 121 992 stone
625 121 993 stone
625 121 994 stone
625 121 995 stone
625 121 996 stone
625 121 997 stone
625 121 998 stone
625 121 999 stone
625 121 1000 stone
625 121 1001 stone
625 121 1002 stone
625 121 1003 stone
625 121 1004 stone
625 121 1005 stone
625 121 1006 stone
625 121 1007 stone
625 121 1008 stone
625 121 1009 stone
625 121 1010 stone
625 121 1011 stone
625 121 1012 stone
625 121 1013 stone
625 121 1014 stone
625 121 1015 stone
625 121 1016 stone
625 121 1017 stone
625 121 1018 stone
625 121 1019 stone
625 121 1020 stone
625 121 1021 stone
625 121 1023 stone
626 121 896 stone
626 121 897 stone
626 121 898 stone
626 121 899 stone
626 121 900 stone
626 121 901 stone
626 121 902 stone
626 121 903 stone
626 121 904 stone
626 121 905 stone
626 121 906 stone
626 121 907 stone
626 121 908 stone
626 121 909 stone
626 121 910 stone
626 121 911 stone
626 121 912 stone
626 121 913 gravel
626 121 914 stone
626 121 915 stone
626 121 916 stone
626 121 917 stone
626 121 918 stone
626 121 919 stone
626 121 920 stone
626 121 921 stone
626 121 922 stone
626 121 923 stone
626 121 924 stone
626 121 925 stone
626 121 926 stone
626 121 927 stone
626 121 928 stone
626 121 929 stone
626 121 930 stone
626 121 931 stone
626 121 932 stone
626 121 933 stone
626 121 934 stone
626 121 935 stone
626 121 936 stone
626 121 937 stone
626 121 938 diorite
626 121 939 diorite
626 121 940 diorite
626 121 941 diorite
626 121 942 diorite
626 121 943 diorite
626 121 944 stone
626 121 945 stone
626 121 946 stone
626 121 947 stone
626 121 948 stone
626 121 949 stone
626 121 950 stone
626 121 951 stone
626 121 952 andesite
626 121 953 andesite
626 121 954 andesite
626 121 955 andesite
626 121 956 andesite
626 121 957 dirt
626 121 958 dirt
626 121 959 dirt
626 121 960 dirt
626 121 961 dirt
626 121 962 stone
626 121 963 stone
626 121 964 stone
626 121 965 stone
626 121 966 stone
626 121 967 stone
626 121 968 stone
626 121 969 stone
626 121 970 stone
626 121 971 dirt
626 121 972 dirt
626 121 973 dirt
626 121 974 dirt
626 121 975 dirt
626 121 976 dirt
626 121 977 dirt
626 121 978 stone
626 121 979 stone
626 121 980 stone
626 121 981 stone
626 121 982 stone
626 121 983 stone
626 121 984 stone
626 121 985 stone
626 121 986 stone
626 121 987 stone
626 121 988 stone
626 121 989 stone
626 121 990 stone
626 121 991 stone
626 121 992 stone
626 121 993 stone
626 121 994 stone
626 121 995 stone
626 121 996 stone
626 121 997 stone
626 121 998 stone
626 121 999 stone
626 121 1000 stone
626 121 1001 stone
626 121 1002 stone
626 121 1003 stone
626 121 1004 stone
626 121 1005 stone
626 121 1006 stone
626 121 1007 stone
626 121 1008 stone
626 121 1009 stone
626 121 1010 stone
626 121 1011 stone
626 121 1012 stone
626 121 1013 stone
626 121 1014 coal_ore
626 121 1015 stone
626 121 1016 stone
626 121 1017 stone
626 121 1018 stone
626 121 1019 stone
626 121 1020 stone
626 121 1023 stone
627 121 896 stone
627 121 897 stone
627 121 898 stone
627 121 899 stone
627 121 900 stone
627 121 901 stone
627 121 902 stone
627 121 903 stone
627 121 904 stone
627 121 905 stone
627 121 906 stone
627 121 907 stone
627 121 908 stone
627 121 909 stone
627 121 910 stone
627 121 911 stone
627 121 912 stone
627 121 913 stone
627 121 914 stone
627 121 915 stone
627 121 916 stone
627 121 917 stone
627 121 918 stone
627 121 919 stone
627 121 920 stone
627 121 921 stone
627 121 922 stone
627 121 923 stone
627 121 924 stone
627 121 925 stone
627 121 926 stone
627 121 927 stone
627 121 928 stone
627 121 929 stone
627 121 930 stone
627 121 931 stone
627 121 932 stone
627 121 933 stone
627 121 934 stone
627 121 935 stone
627 121 936 stone
627 121 937 stone
627 121 938 diorite
627 121 939 diorite
627 121 940 diorite
627 121 941 diorite
627 121 942 diorite
627 121 943 stone
627 121 944 stone
627 121 945 stone
627 121 946 stone
627 121 947 stone
627 121 948 stone
627 121 949 stone
627 121 950 stone
627 121 951 stone
627 121 952 andesite
627 121 953 andesite
627 121 954 andesite
627 121 955 andesite
627 121 956 andesite
627 121 957 dirt
627 121 958 dirt
627 121 959 dirt
627 121 960 dirt
627 121 961 dirt
627 121 962 dirt
627 121 963 stone
627 121 964 stone
627 121 965 stone
627 121 966 stone
627 121 967 stone
627 121 968 stone
627 121 969 stone
627 121 970 dirt
627 121 971 dirt
627 121 972 dirt
627 121 973 dirt
627 121 974 dirt
627 121 975 dirt
627 121 976 dirt
627 121 977 stone
627 121 978 stone
627 121 979 stone
627 121 980 stone
627 121 981 stone
627 121 982 stone
627 121 983 stone
627 121 984 stone
627 121 985 stone
627 121 986 stone
627 121 987 stone
627 121 988 stone
627 121 989 stone
627 121 990 stone
627 121 991 stone
627 121 992 stone
627 121 993 stone
627 121 994 stone
627 121 995 stone
627 121 996 stone
627 121 997 stone
627 121 998 stone
627 121 999 stone
627 121 1000 stone
627 121 1001 stone
627 121 1002 stone
627 121 1003 stone
627 121 1004 stone
627 121 1005 stone
627 121 1006 stone
627 121 1007 stone
627 121 1008 stone
627 121 1009 stone
627 121 1010 stone
627 121 1011 stone
627 121 1012 stone
627 121 1013 coal_ore
627 121 1014 coal_ore
627 121 1015 stone
627 121 1016 stone
627 121 1017 stone
627 121 1018 stone
627 121 1019 stone
627 121 1020 stone
627 121 1023 stone
628 121 896 stone
628 121 897 stone
628 121 898 stone
628 121 899 stone
628 121 900 stone
628 121 901 stone
628 121 902 stone
628 121 903 stone
628 121 904 stone
628 121 905 stone
628 121 906 stone
628 121 907 stone
628 121 908 stone
628 121 909 stone
628 121 910 stone
628 121 911 stone
628 121 912 stone
628 121 913 stone
628 121 914 stone
628 121 915 stone
628 121 916 stone
628 121 917 stone
628 121 918 stone
628 121 919 stone
628 121 920 stone
628 121 921 stone
628 121 922 stone
628 121 923 stone
628 121 924 stone
628 121 925 stone
628 121 926 stone
628 121 927 stone
628 121 928 stone
628 121 929 stone
628 121 930 stone
628 121 931 stone
628 121 932 stone
628 121 933 stone
628 121 934 stone
628 121 935 stone
628 121 936 stone
628 121 937 stone
628 121 938 stone
628 121 939 diorite
628 121 940 diorite
628 121 941 diorite
628 121 942 diorite
628 121 943 stone
628 121 944 stone
628 121 945 stone
628 121 946 stone
628 121 947 stone
628 121 948 stone
628 121 949 stone
628 121 950 stone
628 121 951 stone
628 121 952 stone
628 121 953 andesite
628 121 954 andesite
628 121 955 andesite
628 121 956 andesite
628 121 957 andesite
628 121 958 dirt
628 121 959 dirt
628 121 960 dirt
628 121 961 dirt
628 121 962 dirt
628 121 963 dirt
628 121 964 stone
628 121 965 stone
628 121 966 stone
628 121 967 stone
628 121 968 stone
628 121 969 dirt
628 121 970 dirt
628 121 971 stone
628 121 972 dirt
628 121 973 dirt
628 121 974 dirt
628 121 975 dirt
628 121 976 stone
628 121 977 stone
628 121 978 stone
628 121 979 stone
628 121 980 stone
628 121 981 stone
628 121 982 stone
628 121 983 stone
628 121 984 stone
628 121 985 stone
628 121 986 stone
628 121 987 stone
628 121 988 stone
628 121 989 stone
628 121 990 stone
628 121 991 stone
628 121 992 stone
628 121 993 stone
628 121 994 stone
628 121 995 stone
628 121 996 stone
628 121 997 stone
628 121 998 stone
628 121 999 stone
628 121 1000 stone
628 121 1001 stone
628 121 1002 stone
628 121 1003 stone
628 121 1004 stone
628 121 1005 stone
628 121 1006 stone
628 121 1007 stone
628 121 1008 stone
628 121 1009 stone
628 121 1010 stone
628 121 1011 stone
628 121 1012 stone
628 121 1013 coal_ore
628 121 1014 coal_ore
628 121 1015 stone
628 121 1016 stone
628 121 1017 stone
628 121 1018 stone
628 121 1019 stone
628 121 1023 stone
629 121 896 stone
629 121 897 stone
629 121 898 stone
629 121 899 stone
629 121 900 stone
629 121 901 stone
629 121 902 stone
629 121 903 stone
629 121 904 stone
629 121 905 stone
629 121 906 stone
629 121 907 stone
629 121 908 stone
629 121 909 stone
629 121 910 stone
629 121 911 stone
629 121 912 stone
629 121 913 stone
629 121 914 stone
629 121 915 stone
629 121 916 stone
629 121 917 stone
629 121 918 stone
629 121 919 stone
629 121 920 stone
629 121 921 stone
629 121 922 stone
629 121 923 stone
629 121 924 granite
629 121 925 granite
629 121 926 granite
629 121 927 granite
629 121 928 stone
629 121 929 diorite
629 121 930 diorite
629 121 931 diorite
629 121 932 granite
629 121 933 stone
629 121 934 stone
629 121 935 stone
629 121 936 stone
629 121 937 stone
629 121 938 stone
629 121 939 stone
629 121 940 stone
629 121 941 stone
629 121 942 stone
629 121 943 stone
629 121 944 stone
629 121 945 stone
629 121 946 stone
629 121 947 stone
629 121 948 stone
629 121 949 stone
629 121 950 stone
629 121 951 stone
629 121 952 andesite
629 121 953 andesite
629 121 954 andesite
629 121 955 andesite
629 121 956 andesite
629 121 957 andesite
629 121 958 dirt
629 121 959 dirt
629 121 960 dirt
629 121 961 dirt
629 121 962 dirt
629 121 963 dirt
629 121 964 stone
629 121 965 stone
629 121 966 stone
629 121 967 stone
629 121 968 stone
629 121 969 stone
629 121 970 stone
629 121 971 stone
629 121 972 stone
629 121 973 stone
629 121 974 stone
629 121 975 stone
629 121 976 stone
629 121 977 stone
629 121 978 stone
629 121 979 stone
629 121 980 stone
629 121 981 stone
629 121 982 stone
629 121 983 stone
629 121 984 stone
629 121 985 stone
629 121 986 stone
629 121 987 stone
629 121 988 stone
629 121 989 stone
629 121 990 stone
629 121 991 stone
629 121 992 stone
629 121 993 stone
629 121 994 stone
629 121 995 stone
629 121 996 stone
629 121 997 stone
629 121 998 stone
629 121 999 stone
629 121 1000 stone
629 121 1001 stone
629 121 1002 stone
629 121 1003 stone
629 121 1004 stone
629 121 1005 stone
629 121 1006 stone
629 121 1007 stone
629 121 1008 stone
629 121 1009 stone
629 121 1010 stone
629 121 1011 stone
629 121 1012 stone
629 121 1013 coal_ore
629 121 1014 coal_ore
629 121 1015 stone
629 121 1016 stone
629 121 1017 stone
629 121 1018 stone
629 121 1019 stone
629 121 1023 stone
630 121 896 stone
630 121 897 stone
630 121 898 stone
630 121 899 stone
630 121 900 stone
630 121 901 stone
630 121 902 stone
630 121 903 stone
630 121 904 stone
630 121 905 stone
630 121 906 stone
630 121 907 stone
630 121 908 stone
630 121 909 stone
630 121 910 stone
630 121 911 stone
630 121 912 stone
630 121 913 stone
630 121 914 stone
630 121 915 stone
630 121 916 stone
630 121 917 stone
630 121 918 stone
630 121 919 stone
630 121 920 stone
630 121 921 stone
630 121 922 stone
630 121 923 stone
630 121 924 granite
630 121 925 granite
630 121 926 granite
630 121 927 granite
630 121 928 diorite
630 121 929 diorite
630 121 930 diorite
630 121 931 diorite
630 121 932 diorite
630 121 933 granite
630 121 934 granite
630 121 935 granite
630 121 936 granite
630 121 937 granite
630 121 938 stone
630 121 939 stone
