562 161 929 stone
562 161 930 stone
562 161 931 stone
562 161 932 stone
562 161 933 stone
562 161 934 stone
562 161 935 stone
562 161 936 stone
562 161 937 stone
562 161 938 stone
562 161 939 stone
562 161 940 stone
562 161 941 stone
562 161 942 stone
562 161 943 stone
562 161 944 stone
562 161 945 stone
562 161 946 stone
562 161 947 stone
562 161 948 stone
562 161 949 stone
562 161 950 stone
562 161 951 stone
562 161 952 stone
562 161 953 stone
562 161 954 stone
562 161 955 stone
562 161 956 stone
562 161 957 stone
562 161 958 stone
562 161 959 stone
562 161 960 stone
562 161 961 dirt
562 161 962 dirt
563 161 896 stone
563 161 897 stone
563 161 898 stone
563 161 899 stone
563 161 900 stone
563 161 901 stone
563 161 902 stone
563 161 903 stone
563 161 904 stone
563 161 905 stone
563 161 906 stone
563 161 907 stone
563 161 908 stone
563 161 909 stone
563 161 910 stone
563 161 911 stone
563 161 912 stone
563 161 913 stone
563 161 914 stone
563 161 915 stone
563 161 916 stone
563 161 917 stone
563 161 918 stone
563 161 919 stone
563 161 920 stone
563 161 921 stone
563 161 922 stone
563 161 923 stone
563 161 924 stone
563 161 925 stone
563 161 926 stone
563 161 927 andesite
563 161 928 andesite
563 161 929 stone
563 161 930 stone
563 161 931 stone
563 161 932 stone
563 161 933 stone
563 161 934 stone
563 161 935 stone
563 161 936 stone
563 161 937 stone
563 161 938 stone
563 161 939 stone
563 161 940 stone
563 161 941 stone
563 161 942 stone
563 161 943 stone
563 161 944 stone
563 161 945 stone
563 161 946 stone
563 161 947 stone
563 161 948 stone
563 161 949 stone
563 161 950 stone
563 161 951 stone
563 161 952 stone
563 161 953 stone
563 161 954 stone
563 161 955 stone
563 161 956 copper_ore
563 161 957 stone
563 161 958 dirt
563 161 959 dirt
563 161 960 dirt
563 161 961 dirt
564 161 896 stone
564 161 897 stone
564 161 898 stone
564 161 899 stone
564 161 900 stone
564 161 901 stone
564 161 902 stone
564 161 903 stone
564 161 904 stone
564 161 905 stone
564 161 906 stone
564 161 907 stone
564 161 908 stone
564 161 909 stone
564 161 910 stone
564 161 911 stone
564 161 912 stone
564 161 913 stone
564 161 914 stone
564 161 915 stone
564 161 916 stone
564 161 917 stone
564 161 918 stone
564 161 919 stone
564 161 920 stone
564 161 921 stone
564 161 922 stone
564 161 923 stone
564 161 924 stone
564 161 925 stone
564 161 926 stone
564 161 927 stone
564 161 928 stone
564 161 929 stone
564 161 930 stone
564 161 931 stone
564 161 932 stone
564 161 933 stone
564 161 934 stone
564 161 935 stone
564 161 936 stone
564 161 937 stone
564 161 938 stone
564 161 939 stone
564 161 940 stone
564 161 941 stone
564 161 942 stone
564 161 943 stone
564 161 944 stone
564 161 945 stone
564 161 946 stone
564 161 947 stone
564 161 948 stone
564 161 949 stone
564 161 950 stone
564 161 951 stone
564 161 952 stone
564 161 953 stone
564 161 954 stone
564 161 955 stone
564 161 956 copper_ore
564 161 957 dirt
564 161 958 dirt
564 161 959 grass_block[snowy=false]
565 161 896 stone
565 161 897 stone
565 161 898 stone
565 161 899 stone
565 161 900 stone
565 161 901 stone
565 161 902 stone
565 161 903 stone
565 161 904 stone
565 161 905 stone
565 161 906 stone
565 161 907 stone
565 161 908 stone
565 161 909 stone
565 161 910 stone
565 161 911 stone
565 161 912 stone
565 161 913 stone
565 161 914 stone
565 161 915 stone
565 161 916 stone
565 161 917 stone
565 161 918 stone
565 161 919 stone
565 161 920 stone
565 161 921 stone
565 161 922 stone
565 161 923 stone
565 161 924 stone
565 161 925 stone
565 161 926 stone
565 161 927 stone
565 161 928 stone
565 161 929 stone
565 161 930 stone
565 161 931 stone
565 161 932 stone
565 161 933 stone
565 161 934 stone
565 161 935 stone
565 161 936 stone
565 161 937 stone
565 161 938 stone
565 161 939 stone
565 161 940 stone
565 161 941 stone
565 161 942 stone
565 161 943 stone
565 161 944 stone
565 161 945 stone
565 161 946 stone
565 161 947 stone
565 161 948 stone
565 161 949 stone
565 161 950 stone
565 161 951 stone
565 161 952 stone
565 161 953 dirt
565 161 954 dirt
565 161 955 dirt
565 161 956 dirt
565 161 957 dirt
566 161 896 stone
566 161 897 stone
566 161 898 stone
566 161 899 stone
566 161 900 stone
566 161 901 stone
566 161 902 stone
566 161 903 stone
566 161 904 stone
566 161 905 stone
566 161 906 coal_ore
566 161 907 coal_ore
566 161 908 stone
566 161 909 stone
566 161 910 stone
566 161 911 stone
566 161 912 stone
566 161 913 stone
566 161 914 stone
566 161 915 stone
566 161 916 stone
566 161 917 stone
566 161 918 stone
566 161 919 stone
566 161 920 stone
566 161 921 stone
566 161 922 stone
566 161 923 stone
566 161 924 stone
566 161 925 stone
566 161 926 andesite
566 161 927 stone
566 161 928 stone
566 161 929 stone
566 161 930 stone
566 161 931 stone
566 161 932 stone
566 161 933 stone
566 161 934 stone
566 161 935 stone
566 161 936 stone
566 161 937 stone
566 161 938 stone
566 161 939 stone
566 161 940 stone
566 161 941 stone
566 161 942 stone
566 161 943 stone
566 161 944 stone
566 161 945 stone
566 161 946 stone
566 161 947 stone
566 161 948 dirt
566 161 949 dirt
566 161 950 dirt
566 161 951 dirt
566 161 952 dirt
566 161 953 dirt
566 161 954 dirt
566 161 955 dirt
566 161 956 dirt
567 161 896 stone
567 161 897 stone
567 161 898 stone
567 161 899 stone
567 161 900 stone
567 161 901 stone
567 161 902 stone
567 161 903 stone
567 161 904 stone
567 161 905 stone
567 161 906 stone
567 161 907 stone
567 161 908 stone
567 161 909 stone
567 161 910 stone
567 161 911 stone
567 161 912 stone
567 161 913 stone
567 161 914 stone
567 161 915 stone
567 161 916 stone
567 161 917 stone
567 161 918 stone
567 161 919 stone
567 161 920 stone
567 161 921 stone
567 161 922 stone
567 161 923 stone
567 161 924 stone
567 161 925 stone
567 161 926 andesite
567 161 927 stone
567 161 928 stone
567 161 929 stone
567 161 930 stone
567 161 931 stone
567 161 932 stone
567 161 933 stone
567 161 934 stone
567 161 935 stone
567 161 936 stone
567 161 937 stone
567 161 938 stone
567 161 939 stone
567 161 940 stone
567 161 941 stone
567 161 942 stone
567 161 943 stone
567 161 944 stone
567 161 945 stone
567 161 946 stone
567 161 947 dirt
567 161 948 dirt
567 161 949 dirt
567 161 950 dirt
567 161 951 dirt
567 161 952 dirt
567 161 953 dirt
567 161 954 grass_block[snowy=false]
567 161 955 grass_block[snowy=false]
568 161 896 stone
568 161 897 stone
568 161 898 stone
568 161 899 stone
568 161 900 stone
568 161 901 stone
568 161 902 stone
568 161 903 stone
568 161 904 stone
568 161 905 stone
568 161 906 stone
568 161 907 stone
568 161 908 stone
568 161 909 stone
568 161 910 stone
568 161 911 stone
568 161 912 stone
568 161 913 stone
568 161 914 stone
568 161 915 stone
568 161 916 stone
568 161 917 stone
568 161 918 stone
568 161 919 stone
568 161 920 stone
568 161 921 stone
568 161 922 stone
568 161 923 stone
568 161 924 stone
568 161 925 stone
568 161 926 stone
568 161 927 stone
568 161 928 stone
568 161 929 stone
568 161 930 stone
568 161 931 stone
568 161 932 stone
568 161 933 stone
568 161 934 stone
568 161 935 stone
568 161 936 stone
568 161 937 stone
568 161 938 stone
568 161 939 stone
568 161 940 stone
568 161 941 stone
568 161 942 stone
568 161 943 stone
568 161 944 stone
568 161 945 stone
568 161 946 dirt
568 161 947 dirt
568 161 948 dirt
568 161 949 dirt
568 161 950 dirt
568 161 951 grass_block[snowy=false]
568 161 952 grass_block[snowy=false]
569 161 896 stone
569 161 897 stone
569 161 898 stone
569 161 899 stone
569 161 900 stone
569 161 901 stone
569 161 902 stone
569 161 903 stone
569 161 904 stone
569 161 905 stone
569 161 906 stone
569 161 907 stone
569 161 908 stone
569 161 909 stone
569 161 910 stone
569 161 911 stone
569 161 912 stone
569 161 913 coal_ore
569 161 914 coal_ore
569 161 915 stone
569 161 916 coal_ore
569 161 917 coal_ore
569 161 918 stone
569 161 919 stone
569 161 920 stone
569 161 921 stone
569 161 922 stone
569 161 923 stone
569 161 924 stone
569 161 925 stone
569 161 926 stone
569 161 927 stone
569 161 928 stone
569 161 929 dirt
569 161 930 stone
569 161 931 stone
569 161 932 stone
569 161 933 stone
569 161 934 stone
569 161 935 stone
569 161 936 stone
569 161 937 stone
569 161 938 stone
569 161 939 stone
569 161 940 stone
569 161 941 stone
569 161 942 stone
569 161 943 stone
569 161 944 dirt
569 161 945 dirt
569 161 946 dirt
569 161 947 dirt
569 161 948 dirt
569 161 949 grass_block[snowy=false]
570 161 896 stone
570 161 897 stone
570 161 898 stone
570 161 899 stone
570 161 900 stone
570 161 901 stone
570 161 902 stone
570 161 903 stone
570 161 904 stone
570 161 905 stone
570 161 906 stone
570 161 907 stone
570 161 908 stone
570 161 909 stone
570 161 910 stone
570 161 911 coal_ore
570 161 912 coal_ore
570 161 913 coal_ore
570 161 914 coal_ore
570 161 915 coal_ore
570 161 916 coal_ore
570 161 917 coal_ore
570 161 918 stone
570 161 919 stone
570 161 920 stone
570 161 921 stone
570 161 922 stone
570 161 923 stone
570 161 924 stone
570 161 925 stone
570 161 926 stone
570 161 927 stone
570 161 928 dirt
570 161 929 dirt
570 161 930 dirt
570 161 931 stone
570 161 932 stone
570 161 933 stone
570 161 934 stone
570 161 935 stone
570 161 936 stone
570 161 937 stone
570 161 938 stone
570 161 939 stone
570 161 940 dirt
570 161 941 dirt
570 161 942 dirt
570 161 943 dirt
570 161 944 dirt
570 161 945 dirt
570 161 946 dirt
570 161 947 grass_block[snowy=false]
571 161 896 stone
571 161 897 stone
571 161 898 stone
571 161 899 stone
571 161 900 stone
571 161 901 stone
571 161 902 stone
571 161 903 stone
571 161 904 stone
571 161 905 stone
571 161 906 stone
571 161 907 stone
571 161 908 stone
571 161 909 stone
571 161 910 coal_ore
571 161 911 coal_ore
571 161 912 coal_ore
571 161 913 coal_ore
571 161 914 coal_ore
571 161 915 coal_ore
571 161 916 stone
571 161 917 stone
571 161 918 stone
571 161 919 stone
571 161 920 stone
571 161 921 stone
571 161 922 stone
571 161 923 stone
571 161 924 stone
571 161 925 stone
571 161 926 stone
571 161 927 stone
571 161 928 dirt
571 161 929 dirt
571 161 930 dirt
571 161 931 stone
571 161 932 stone
571 161 933 stone
571 161 934 stone
571 161 935 stone
571 161 936 stone
571 161 937 stone
571 161 938 stone
571 161 939 dirt
571 161 940 dirt
571 161 941 dirt
571 161 942 dirt
571 161 943 dirt
571 161 944 dirt
571 161 945 dirt
571 161 946 grass_block[snowy=false]
572 161 896 stone
572 161 897 stone
572 161 898 stone
572 161 899 stone
572 161 900 stone
572 161 901 stone
572 161 902 stone
572 161 903 stone
572 161 904 stone
572 161 905 stone
572 161 906 stone
572 161 907 stone
572 161 908 stone
572 161 909 coal_ore
572 161 910 coal_ore
572 161 911 stone
572 161 912 coal_ore
572 161 913 stone
572 161 914 stone
572 161 915 stone
572 161 916 stone
572 161 917 stone
572 161 918 stone
572 161 919 stone
572 161 920 stone
572 161 921 stone
572 161 922 stone
572 161 923 stone
572 161 924 stone
572 161 925 stone
572 161 926 stone
572 161 927 stone
572 161 928 dirt
572 161 929 dirt
572 161 930 dirt
572 161 931 stone
572 161 932 stone
572 161 933 stone
572 161 934 stone
572 161 935 stone
572 161 936 stone
572 161 937 dirt
572 161 938 dirt
572 161 939 dirt
572 161 940 dirt
572 161 941 dirt
572 161 942 dirt
572 161 943 grass_block[snowy=false]
573 161 896 stone
573 161 897 stone
573 161 898 stone
573 161 899 stone
573 161 900 stone
573 161 901 stone
573 161 902 stone
573 161 903 stone
573 161 904 stone
573 161 905 stone
573 161 906 stone
573 161 907 coal_ore
573 161 908 coal_ore
573 161 909 coal_ore
573 161 910 coal_ore
573 161 911 stone
573 161 912 stone
573 161 913 stone
573 161 914 stone
573 161 915 stone
573 161 916 stone
573 161 917 stone
573 161 918 stone
573 161 919 stone
573 161 920 stone
573 161 921 stone
573 161 922 stone
573 161 923 stone
573 161 924 stone
573 161 925 stone
573 161 926 stone
573 161 927 dirt
573 161 928 dirt
573 161 929 dirt
573 161 930 dirt
573 161 931 stone
573 161 932 stone
573 161 933 stone
573 161 934 stone
573 161 935 stone
573 161 936 dirt
573 161 937 dirt
573 161 938 dirt
573 161 939 dirt
574 161 896 stone
574 161 897 stone
574 161 898 stone
574 161 899 stone
574 161 900 stone
574 161 901 stone
574 161 902 stone
574 161 903 stone
574 161 904 stone
574 161 905 stone
574 161 906 stone
574 161 907 stone
574 161 908 stone
574 161 909 stone
574 161 910 stone
574 161 911 stone
574 161 912 stone
574 161 913 stone
574 161 914 stone
574 161 915 stone
574 161 916 stone
574 161 917 stone
574 161 918 stone
574 161 919 stone
574 161 920 stone
574 161 921 stone
574 161 922 stone
574 161 923 stone
574 161 924 stone
574 161 925 stone
574 161 926 stone
574 161 927 dirt
574 161 928 dirt
574 161 929 dirt
574 161 930 dirt
574 161 931 stone
574 161 932 stone
574 161 933 stone
574 161 934 stone
574 161 935 dirt
574 161 936 dirt
574 161 937 dirt
574 161 938 grass_block[snowy=false]
575 161 896 stone
575 161 897 stone
575 161 898 stone
575 161 899 stone
575 161 900 stone
575 161 901 stone
575 161 902 stone
575 161 903 stone
575 161 904 stone
575 161 905 stone
575 161 906 stone
575 161 907 stone
575 161 908 stone
575 161 909 stone
575 161 910 stone
575 161 911 stone
575 161 912 stone
575 161 913 stone
575 161 914 stone
575 161 915 stone
575 161 916 stone
575 161 917 stone
575 161 918 stone
575 161 919 stone
575 161 920 stone
575 161 921 stone
575 161 922 stone
575 161 923 stone
575 161 924 stone
575 161 925 stone
575 161 926 stone
575 161 927 dirt
575 161 928 dirt
575 161 929 dirt
575 161 930 dirt
575 161 931 stone
575 161 932 stone
575 161 933 stone
575 161 934 stone
575 161 935 dirt
575 161 936 dirt
575 161 937 dirt
575 161 938 grass_block[snowy=false]
576 161 896 coal_ore
576 161 897 stone
576 161 898 stone
576 161 899 stone
576 161 900 stone
576 161 901 stone
576 161 902 stone
576 161 903 stone
576 161 904 stone
576 161 905 stone
576 161 906 stone
576 161 907 stone
576 161 908 stone
576 161 909 stone
576 161 910 stone
576 161 911 stone
576 161 912 stone
576 161 913 stone
576 161 914 stone
576 161 915 stone
576 161 916 stone
576 161 917 stone
576 161 918 stone
576 161 919 stone
576 161 920 stone
576 161 921 stone
576 161 922 stone
576 161 923 stone
576 161 924 stone
576 161 925 stone
576 161 926 stone
576 161 927 dirt
576 161 928 dirt
576 161 929 dirt
576 161 930 stone
576 161 931 stone
576 161 932 stone
576 161 933 stone
576 161 934 stone
576 161 935 stone
576 161 936 dirt
576 161 937 dirt
576 161 938 grass_block[snowy=false]
577 161 896 coal_ore
577 161 897 stone
577 161 898 stone
577 161 899 stone
577 161 900 stone
577 161 901 stone
577 161 902 stone
577 161 903 stone
577 161 904 stone
577 161 905 stone
577 161 906 stone
577 161 907 stone
577 161 908 stone
577 161 909 stone
577 161 910 stone
577 161 911 stone
577 161 912 stone
577 161 913 stone
577 161 914 stone
577 161 915 stone
577 161 916 stone
577 161 917 stone
577 161 918 stone
577 161 919 stone
577 161 920 stone
577 161 921 stone
577 161 922 stone
577 161 923 stone
577 161 924 stone
577 161 925 stone
577 161 926 stone
577 161 927 dirt
577 161 928 dirt
577 161 929 dirt
577 161 930 stone
577 161 931 stone
577 161 932 stone
577 161 933 stone
577 161 934 stone
577 161 935 dirt
577 161 936 dirt
577 161 937 dirt
577 161 938 grass_block[snowy=false]
578 161 896 stone
578 161 897 stone
578 161 898 stone
578 161 899 stone
578 161 900 stone
578 161 901 stone
578 161 902 stone
578 161 903 stone
578 161 904 stone
578 161 905 stone
578 161 906 stone
578 161 907 stone
578 161 908 stone
578 161 909 stone
578 161 910 stone
578 161 911 stone
578 161 912 stone
578 161 913 stone
578 161 914 stone
578 161 915 stone
578 161 916 stone
578 161 917 stone
578 161 918 stone
578 161 919 copper_ore
578 161 920 stone
578 161 921 stone
578 161 922 stone
578 161 923 stone
578 161 924 stone
578 161 925 stone
578 161 926 stone
578 161 927 stone
578 161 928 stone
578 161 929 stone
578 161 930 stone
578 161 931 stone
578 161 932 stone
578 161 933 stone
578 161 934 stone
578 161 935 stone
578 161 936 dirt
578 161 937 dirt
578 161 938 grass_block[snowy=false]
579 161 896 stone
579 161 897 stone
579 161 898 stone
579 161 899 stone
579 161 900 stone
579 161 901 stone
579 161 902 stone
579 161 903 stone
579 161 904 stone
579 161 905 stone
579 161 906 stone
579 161 907 stone
579 161 908 stone
579 161 909 stone
579 161 910 stone
579 161 911 stone
579 161 912 stone
579 161 913 stone
579 161 914 stone
579 161 915 stone
579 161 916 stone
579 161 917 stone
579 161 918 stone
579 161 919 copper_ore
579 161 920 copper_ore
579 161 921 stone
579 161 922 stone
579 161 923 stone
579 161 924 stone
579 161 925 stone
579 161 926 stone
579 161 927 stone
579 161 928 stone
579 161 929 stone
579 161 930 stone
579 161 931 stone
579 161 932 stone
579 161 933 stone
579 161 934 stone
579 161 935 coal_ore
579 161 936 dirt
579 161 937 dirt
579 161 938 dirt
579 161 939 grass_block[snowy=false]
580 161 896 stone
580 161 897 stone
580 161 898 stone
580 161 899 stone
580 161 900 stone
580 161 901 stone
580 161 902 stone
580 161 903 stone
580 161 904 stone
580 161 905 stone
580 161 906 stone
580 161 907 stone
580 161 908 stone
580 161 909 stone
580 161 910 stone
580 161 911 stone
580 161 912 stone
580 161 913 stone
580 161 914 stone
580 161 915 stone
580 161 916 stone
580 161 917 stone
580 161 918 stone
580 161 919 copper_ore
580 161 920 copper_ore
580 161 921 stone
580 161 922 stone
580 161 923 stone
580 161 924 stone
580 161 925 stone
580 161 926 stone
580 161 927 stone
580 161 928 stone
580 161 929 stone
580 161 930 stone
580 161 931 stone
580 161 932 stone
580 161 933 stone
580 161 934 coal_ore
580 161 935 coal_ore
580 161 936 dirt
580 161 937 dirt
580 161 938 dirt
580 161 939 dirt
580 161 940 dirt
580 161 941 grass_block[snowy=false]
581 161 896 stone
581 161 897 stone
581 161 898 stone
581 161 899 stone
581 161 900 stone
581 161 901 stone
581 161 902 stone
581 161 903 stone
581 161 904 stone
581 161 905 stone
581 161 906 stone
581 161 907 stone
581 161 908 stone
581 161 909 stone
581 161 910 stone
581 161 911 stone
581 161 912 stone
581 161 913 stone
581 161 914 stone
581 161 915 stone
581 161 916 stone
581 161 917 stone
581 161 918 stone
581 161 919 stone
581 161 920 stone
581 161 921 stone
581 161 922 stone
581 161 923 stone
581 161 924 stone
581 161 925 stone
581 161 926 stone
581 161 927 stone
581 161 928 stone
581 161 929 stone
581 161 930 dirt
581 161 931 dirt
581 161 932 dirt
581 161 933 stone
581 161 934 coal_ore
581 161 935 coal_ore
581 161 936 dirt
581 161 937 dirt
581 161 938 dirt
581 161 939 dirt
581 161 940 dirt
581 161 941 dirt
581 161 942 grass_block[snowy=false]
582 161 896 stone
582 161 897 stone
582 161 898 stone
582 161 899 stone
582 161 900 stone
582 161 901 stone
582 161 902 stone
582 161 903 stone
582 161 904 stone
582 161 905 stone
582 161 906 stone
582 161 907 stone
582 161 908 stone
582 161 909 stone
582 161 910 stone
582 161 911 stone
582 161 912 stone
582 161 913 stone
582 161 914 stone
582 161 915 stone
582 161 916 stone
582 161 917 stone
582 161 918 stone
582 161 919 stone
582 161 920 stone
582 161 921 stone
582 161 922 stone
582 161 923 stone
582 161 924 stone
582 161 925 stone
582 161 926 stone
582 161 927 stone
582 161 928 stone
582 161 929 stone
582 161 930 dirt
582 161 931 dirt
582 161 932 dirt
582 161 933 dirt
582 161 934 stone
582 161 935 stone
582 161 936 stone
582 161 937 dirt
582 161 938 dirt
582 161 939 dirt
582 161 940 dirt
582 161 941 dirt
582 161 942 dirt
582 161 943 grass_block[snowy=false]
583 161 896 stone
583 161 897 stone
583 161 898 stone
583 161 899 stone
583 161 900 stone
583 161 901 stone
583 161 902 stone
583 161 903 stone
583 161 904 stone
583 161 905 stone
583 161 906 stone
583 161 907 stone
583 161 908 stone
583 161 909 stone
583 161 910 stone
583 161 911 stone
583 161 912 stone
583 161 913 stone
583 161 914 stone
583 161 915 stone
583 161 916 stone
583 161 917 stone
583 161 918 stone
583 161 919 stone
583 161 920 stone
583 161 921 stone
583 161 922 stone
583 161 923 stone
583 161 924 stone
583 161 925 stone
583 161 926 stone
583 161 927 stone
583 161 928 stone
583 161 929 stone
583 161 930 dirt
583 161 931 dirt
583 161 932 dirt
583 161 933 dirt
583 161 934 dirt
583 161 935 stone
583 161 936 stone
583 161 937 stone
583 161 938 dirt
583 161 939 dirt
583 161 940 dirt
583 161 941 dirt
583 161 942 dirt
583 161 943 dirt
584 161 896 stone
584 161 897 stone
584 161 898 stone
584 161 899 stone
584 161 900 stone
584 161 901 stone
584 161 902 stone
584 161 903 stone
584 161 904 stone
584 161 905 stone
584 161 906 stone
584 161 907 stone
584 161 908 stone
584 161 909 stone
584 161 910 stone
584 161 911 stone
584 161 912 stone
