540 126 981 stone
540 126 982 stone
540 126 983 stone
540 126 984 stone
540 126 985 stone
540 126 986 stone
540 126 987 stone
540 126 988 stone
540 126 989 stone
540 126 990 stone
540 126 991 stone
540 126 992 stone
540 126 993 stone
540 126 994 stone
540 126 995 stone
540 126 996 stone
540 126 997 stone
540 126 998 stone
540 126 999 stone
540 126 1000 stone
540 126 1001 stone
540 126 1002 stone
540 126 1003 stone
540 126 1004 stone
540 126 1005 stone
540 126 1006 stone
540 126 1007 stone
540 126 1008 stone
540 126 1009 stone
540 126 1010 stone
540 126 1011 stone
540 126 1012 stone
540 126 1013 gravel
540 126 1014 gravel
540 126 1015 gravel
540 126 1016 gravel
540 126 1017 stone
540 126 1018 stone
540 126 1019 stone
540 126 1020 stone
540 126 1021 stone
540 126 1022 stone
540 126 1023 stone
541 126 896 water[level=0]
541 126 897 water[level=0]
541 126 898 water[level=0]
541 126 899 stone
541 126 900 stone
541 126 901 stone
541 126 902 stone
541 126 903 stone
541 126 904 stone
541 126 905 stone
541 126 906 stone
541 126 907 stone
541 126 908 stone
541 126 909 stone
541 126 910 stone
541 126 911 stone
541 126 912 stone
541 126 913 stone
541 126 914 stone
541 126 915 stone
541 126 916 stone
541 126 917 stone
541 126 918 stone
541 126 919 stone
541 126 920 stone
541 126 921 stone
541 126 922 stone
541 126 923 stone
541 126 924 stone
541 126 925 stone
541 126 926 stone
541 126 927 stone
541 126 928 stone
541 126 929 stone
541 126 930 stone
541 126 931 stone
541 126 932 stone
541 126 933 stone
541 126 934 stone
541 126 935 stone
541 126 936 stone
541 126 937 stone
541 126 938 stone
541 126 939 stone
541 126 940 stone
541 126 941 stone
541 126 942 stone
541 126 943 stone
541 126 944 stone
541 126 945 stone
541 126 946 stone
541 126 947 stone
541 126 948 stone
541 126 949 stone
541 126 950 stone
541 126 951 stone
541 126 952 stone
541 126 953 stone
541 126 954 stone
541 126 955 stone
541 126 956 stone
541 126 957 stone
541 126 958 stone
541 126 959 stone
541 126 960 stone
541 126 961 stone
541 126 962 stone
541 126 963 stone
541 126 964 stone
541 126 965 stone
541 126 966 stone
541 126 967 stone
541 126 968 stone
541 126 969 stone
541 126 970 stone
541 126 971 stone
541 126 972 stone
541 126 973 stone
541 126 974 stone
541 126 975 stone
541 126 976 stone
541 126 977 stone
541 126 978 stone
541 126 979 stone
541 126 980 stone
541 126 981 stone
541 126 982 stone
541 126 983 stone
541 126 984 stone
541 126 985 stone
541 126 986 stone
541 126 987 stone
541 126 988 stone
541 126 989 stone
541 126 990 stone
541 126 991 stone
541 126 992 stone
541 126 993 stone
541 126 994 stone
541 126 995 stone
541 126 996 stone
541 126 997 stone
541 126 998 stone
541 126 999 stone
541 126 1000 stone
541 126 1001 stone
541 126 1002 stone
541 126 1003 stone
541 126 1004 stone
541 126 1005 stone
541 126 1006 stone
541 126 1007 stone
541 126 1008 stone
541 126 1009 stone
541 126 1010 stone
541 126 1011 stone
541 126 1012 stone
541 126 1013 gravel
541 126 1014 gravel
541 126 1015 gravel
541 126 1016 stone
541 126 1017 stone
541 126 1018 stone
541 126 1019 stone
541 126 1020 stone
541 126 1021 stone
541 126 1022 stone
541 126 1023 stone
542 126 896 water[level=0]
542 126 897 water[level=0]
542 126 898 water[level=0]
542 126 899 water[level=0]
542 126 900 water[level=0]
542 126 901 stone
542 126 902 stone
542 126 903 stone
542 126 904 stone
542 126 905 stone
542 126 906 stone
542 126 907 stone
542 126 908 stone
542 126 909 stone
542 126 910 stone
542 126 911 stone
542 126 912 stone
542 126 913 stone
542 126 914 stone
542 126 915 stone
542 126 916 stone
542 126 917 stone
542 126 918 stone
542 126 919 stone
542 126 920 stone
542 126 921 stone
542 126 922 stone
542 126 923 stone
542 126 924 stone
542 126 925 stone
542 126 926 stone
542 126 927 stone
542 126 928 stone
542 126 929 stone
542 126 930 stone
542 126 931 stone
542 126 932 stone
542 126 933 stone
542 126 934 stone
542 126 935 stone
542 126 936 stone
542 126 937 stone
542 126 938 stone
542 126 939 stone
542 126 940 stone
542 126 941 stone
542 126 942 stone
542 126 943 stone
542 126 944 stone
542 126 945 stone
542 126 946 stone
542 126 947 stone
542 126 948 stone
542 126 949 stone
542 126 950 stone
542 126 951 stone
542 126 952 stone
542 126 953 stone
542 126 954 stone
542 126 955 stone
542 126 956 andesite
542 126 957 andesite
542 126 958 andesite
542 126 959 andesite
542 126 960 andesite
542 126 961 andesite
542 126 962 andesite
542 126 963 stone
542 126 964 stone
542 126 965 stone
542 126 966 stone
542 126 967 stone
542 126 968 stone
542 126 969 stone
542 126 970 stone
542 126 971 stone
542 126 972 stone
542 126 973 stone
542 126 974 stone
542 126 975 stone
542 126 976 stone
542 126 977 stone
542 126 978 stone
542 126 979 stone
542 126 980 stone
542 126 981 stone
542 126 982 stone
542 126 983 stone
542 126 984 stone
542 126 985 stone
542 126 986 stone
542 126 987 stone
542 126 988 stone
542 126 989 stone
542 126 990 stone
542 126 991 stone
542 126 992 stone
542 126 993 stone
542 126 994 stone
542 126 995 stone
542 126 996 stone
542 126 997 stone
542 126 998 stone
542 126 999 stone
542 126 1000 stone
542 126 1001 stone
542 126 1002 stone
542 126 1003 stone
542 126 1004 stone
542 126 1005 stone
542 126 1006 stone
542 126 1007 stone
542 126 1008 stone
542 126 1009 stone
542 126 1010 stone
542 126 1011 stone
542 126 1012 stone
542 126 1013 stone
542 126 1014 stone
542 126 1015 stone
542 126 1016 stone
542 126 1017 stone
542 126 1018 stone
542 126 1019 stone
542 126 1020 stone
542 126 1021 stone
542 126 1022 stone
542 126 1023 stone
543 126 896 water[level=0]
543 126 897 water[level=0]
543 126 898 water[level=0]
543 126 899 water[level=0]
543 126 900 water[level=0]
543 126 901 water[level=0]
543 126 902 water[level=0]
543 126 903 water[level=0]
543 126 904 stone
543 126 905 stone
543 126 906 stone
543 126 907 stone
543 126 908 stone
543 126 909 stone
543 126 910 stone
543 126 911 stone
543 126 912 stone
543 126 913 stone
543 126 914 stone
543 126 915 stone
543 126 916 stone
543 126 917 stone
543 126 918 stone
543 126 919 stone
543 126 920 stone
543 126 921 stone
543 126 922 stone
543 126 923 stone
543 126 924 stone
543 126 925 stone
543 126 926 stone
543 126 927 stone
543 126 928 stone
543 126 929 stone
543 126 930 stone
543 126 931 stone
543 126 932 stone
543 126 933 stone
543 126 934 stone
543 126 935 stone
543 126 936 stone
543 126 937 stone
543 126 938 stone
543 126 939 stone
543 126 940 stone
543 126 941 stone
543 126 942 stone
543 126 943 stone
543 126 944 stone
543 126 945 stone
543 126 946 stone
543 126 947 stone
543 126 948 stone
543 126 949 stone
543 126 950 stone
543 126 951 stone
543 126 952 stone
543 126 953 stone
543 126 954 andesite
543 126 955 andesite
543 126 956 andesite
543 126 957 andesite
543 126 958 andesite
543 126 959 andesite
543 126 960 andesite
543 126 961 andesite
543 126 962 andesite
543 126 963 andesite
543 126 964 stone
543 126 965 stone
543 126 966 stone
543 126 967 stone
543 126 968 stone
543 126 969 stone
543 126 970 stone
543 126 971 stone
543 126 972 stone
543 126 973 stone
543 126 974 stone
543 126 975 stone
543 126 976 stone
543 126 977 stone
543 126 978 stone
543 126 979 stone
543 126 980 stone
543 126 981 stone
543 126 982 stone
543 126 983 stone
543 126 984 stone
543 126 985 stone
543 126 986 stone
543 126 987 stone
543 126 988 stone
543 126 989 stone
543 126 990 stone
543 126 991 stone
543 126 992 stone
543 126 993 stone
543 126 994 stone
543 126 995 stone
543 126 996 stone
543 126 997 stone
543 126 998 stone
543 126 999 stone
543 126 1000 stone
543 126 1001 stone
543 126 1002 stone
543 126 1003 stone
543 126 1004 stone
543 126 1005 stone
543 126 1006 stone
543 126 1007 stone
543 126 1008 stone
543 126 1009 stone
543 126 1010 stone
543 126 1011 stone
543 126 1012 stone
543 126 1013 stone
543 126 1014 stone
543 126 1015 stone
543 126 1016 stone
543 126 1017 stone
543 126 1018 stone
543 126 1019 stone
543 126 1020 stone
543 126 1021 stone
543 126 1022 stone
543 126 1023 stone
544 126 896 water[level=0]
544 126 897 water[level=0]
544 126 898 water[level=0]
544 126 899 water[level=0]
544 126 900 water[level=0]
544 126 901 water[level=0]
544 126 902 water[level=0]
544 126 903 water[level=0]
544 126 904 water[level=0]
544 126 905 water[level=0]
544 126 906 stone
544 126 907 stone
544 126 908 stone
544 126 909 stone
544 126 910 stone
544 126 911 stone
544 126 912 stone
544 126 913 stone
544 126 914 stone
544 126 915 stone
544 126 916 stone
544 126 917 stone
544 126 918 stone
544 126 919 stone
544 126 920 stone
544 126 921 stone
544 126 922 stone
544 126 923 stone
544 126 924 stone
544 126 925 stone
544 126 926 stone
544 126 927 stone
544 126 928 stone
544 126 929 stone
544 126 930 stone
544 126 931 stone
544 126 932 stone
544 126 933 stone
544 126 934 stone
544 126 935 stone
544 126 936 stone
544 126 937 stone
544 126 938 stone
544 126 939 stone
544 126 940 stone
544 126 941 stone
544 126 942 stone
544 126 943 stone
544 126 944 stone
544 126 945 stone
544 126 946 stone
544 126 947 stone
544 126 948 stone
544 126 949 stone
544 126 950 stone
544 126 951 stone
544 126 952 stone
544 126 953 andesite
544 126 954 andesite
544 126 955 andesite
544 126 956 andesite
544 126 957 andesite
544 126 958 andesite
544 126 959 andesite
544 126 960 andesite
544 126 961 andesite
544 126 962 andesite
544 126 963 andesite
544 126 964 andesite
544 126 965 stone
544 126 966 stone
544 126 967 stone
544 126 968 stone
544 126 969 stone
544 126 970 stone
544 126 971 stone
544 126 972 stone
544 126 973 stone
544 126 974 stone
544 126 975 stone
544 126 976 stone
544 126 977 stone
544 126 978 stone
544 126 979 stone
544 126 980 stone
544 126 981 stone
544 126 982 stone
544 126 983 stone
544 126 984 stone
544 126 985 stone
544 126 986 stone
544 126 987 stone
544 126 988 stone
544 126 989 stone
544 126 990 stone
544 126 991 stone
544 126 992 stone
544 126 993 stone
544 126 994 stone
544 126 995 stone
544 126 996 stone
544 126 997 stone
544 126 998 stone
544 126 999 stone
544 126 1000 stone
544 126 1001 stone
544 126 1002 stone
544 126 1003 stone
544 126 1004 stone
544 126 1005 stone
544 126 1006 stone
544 126 1007 stone
544 126 1008 stone
544 126 1009 stone
544 126 1010 stone
544 126 1011 stone
544 126 1012 stone
544 126 1013 stone
544 126 1014 stone
544 126 1015 stone
544 126 1016 stone
544 126 1017 stone
544 126 1018 stone
544 126 1019 stone
544 126 1020 stone
544 126 1021 stone
544 126 1022 stone
544 126 1023 stone
545 126 896 water[level=0]
545 126 897 water[level=0]
545 126 898 water[level=0]
545 126 899 water[level=0]
545 126 900 water[level=0]
545 126 901 water[level=0]
545 126 902 water[level=0]
545 126 903 water[level=0]
545 126 904 water[level=0]
545 126 905 water[level=0]
545 126 906 water[level=1]
545 126 907 water[level=2]
545 126 910 stone
545 126 911 stone
545 126 912 stone
545 126 913 stone
545 126 914 stone
545 126 915 stone
545 126 916 stone
545 126 917 stone
545 126 918 stone
545 126 919 stone
545 126 920 stone
545 126 921 stone
545 126 922 stone
545 126 923 stone
545 126 924 stone
545 126 925 stone
545 126 926 stone
545 126 927 stone
545 126 928 stone
545 126 929 stone
545 126 930 stone
545 126 931 stone
545 126 932 stone
545 126 933 stone
545 126 934 stone
545 126 935 stone
545 126 936 stone
545 126 937 stone
545 126 938 stone
545 126 939 stone
545 126 940 stone
545 126 941 stone
545 126 942 stone
545 126 943 stone
545 126 944 stone
545 126 945 stone
545 126 946 stone
545 126 947 stone
545 126 948 stone
545 126 949 stone
545 126 950 stone
545 126 951 stone
545 126 952 andesite
545 126 953 andesite
545 126 954 andesite
545 126 955 andesite
545 126 956 andesite
545 126 957 andesite
545 126 958 andesite
545 126 959 andesite
545 126 960 andesite
545 126 961 andesite
545 126 962 andesite
545 126 963 andesite
545 126 964 stone
545 126 965 stone
545 126 966 stone
545 126 967 stone
545 126 968 stone
545 126 969 stone
545 126 970 stone
545 126 971 stone
545 126 972 stone
545 126 973 stone
545 126 974 stone
545 126 975 stone
545 126 976 stone
545 126 977 stone
545 126 978 stone
545 126 979 stone
545 126 980 stone
545 126 981 stone
545 126 982 stone
545 126 983 stone
545 126 984 stone
545 126 985 stone
545 126 986 stone
545 126 987 stone
545 126 988 stone
545 126 989 stone
545 126 990 stone
545 126 991 stone
545 126 992 stone
545 126 993 stone
545 126 994 stone
545 126 995 stone
545 126 996 stone
545 126 997 stone
545 126 998 stone
545 126 999 stone
545 126 1000 stone
545 126 1001 stone
545 126 1002 stone
545 126 1003 stone
545 126 1004 stone
545 126 1005 stone
545 126 1006 stone
545 126 1007 stone
545 126 1008 stone
545 126 1009 stone
545 126 1010 stone
545 126 1011 stone
545 126 1012 stone
545 126 1013 stone
545 126 1014 stone
545 126 1015 stone
545 126 1016 stone
545 126 1017 stone
545 126 1018 stone
545 126 1019 stone
545 126 1020 stone
545 126 1021 stone
545 126 1022 stone
545 126 1023 stone
546 126 896 water[level=0]
546 126 897 water[level=0]
546 126 898 water[level=0]
546 126 899 water[level=0]
546 126 900 water[level=0]
546 126 901 water[level=0]
546 126 902 water[level=0]
546 126 903 water[level=0]
546 126 904 water[level=0]
546 126 905 water[level=0]
546 126 906 water[level=1]
546 126 907 water[level=2]
546 126 912 stone
546 126 913 stone
546 126 914 stone
546 126 915 stone
546 126 916 stone
546 126 917 stone
546 126 918 stone
546 126 919 stone
546 126 920 stone
546 126 921 stone
546 126 922 stone
546 126 923 stone
546 126 924 stone
546 126 925 stone
546 126 926 stone
546 126 927 stone
546 126 928 stone
546 126 929 stone
546 126 930 stone
546 126 931 stone
546 126 932 stone
546 126 933 stone
546 126 934 stone
546 126 935 stone
546 126 936 stone
546 126 937 stone
546 126 938 stone
546 126 939 stone
546 126 940 stone
546 126 941 stone
546 126 942 stone
546 126 943 stone
546 126 944 stone
546 126 945 stone
546 126 946 stone
546 126 947 stone
546 126 948 stone
546 126 949 stone
546 126 950 stone
546 126 951 stone
546 126 952 andesite
546 126 953 andesite
546 126 954 andesite
546 126 955 andesite
546 126 956 andesite
546 126 957 andesite
546 126 958 andesite
546 126 959 andesite
546 126 960 andesite
546 126 961 andesite
546 126 962 andesite
546 126 963 stone
546 126 964 stone
546 126 965 stone
546 126 966 stone
546 126 967 stone
546 126 968 stone
546 126 969 stone
546 126 970 stone
546 126 971 stone
546 126 972 stone
546 126 973 stone
546 126 974 stone
546 126 975 stone
546 126 976 stone
546 126 977 stone
546 126 978 stone
546 126 979 stone
546 126 980 stone
546 126 981 stone
546 126 982 stone
546 126 983 stone
546 126 984 stone
546 126 985 stone
546 126 986 stone
546 126 987 stone
546 126 988 stone
546 126 989 stone
546 126 990 stone
546 126 991 stone
546 126 992 stone
546 126 993 stone
546 126 994 stone
546 126 995 stone
546 126 996 stone
546 126 997 stone
546 126 998 stone
546 126 999 stone
546 126 1000 stone
546 126 1001 stone
546 126 1002 stone
546 126 1003 stone
546 126 1004 stone
546 126 1005 stone
546 126 1006 stone
546 126 1007 stone
546 126 1008 stone
546 126 1009 stone
546 126 1010 stone
546 126 1011 stone
546 126 1012 stone
546 126 1013 stone
546 126 1014 stone
546 126 1015 stone
546 126 1016 stone
546 126 1017 stone
546 126 1018 stone
546 126 1019 stone
546 126 1020 stone
546 126 1021 stone
546 126 1022 stone
546 126 1023 stone
547 126 896 water[level=0]
547 126 897 water[level=0]
547 126 898 water[level=0]
547 126 899 water[level=0]
547 126 900 water[level=0]
547 126 901 water[level=0]
547 126 902 water[level=0]
547 126 903 water[level=0]
547 126 904 water[level=0]
547 126 905 water[level=0]
547 126 906 water[level=1]
547 126 907 water[level=2]
547 126 914 stone
547 126 915 stone
547 126 916 stone
547 126 917 stone
547 126 918 stone
547 126 919 stone
547 126 920 stone
547 126 921 stone
547 126 922 stone
547 126 923 stone
547 126 924 stone
547 126 925 stone
547 126 926 stone
547 126 927 stone
547 126 928 stone
547 126 929 stone
547 126 930 stone
547 126 931 stone
547 126 932 stone
547 126 933 stone
547 126 934 stone
547 126 935 stone
547 126 936 stone
547 126 937 stone
547 126 938 stone
547 126 939 stone
547 126 940 stone
547 126 941 stone
547 126 942 stone
547 126 943 stone
547 126 944 stone
547 126 945 stone
547 126 946 stone
547 126 947 stone
547 126 948 stone
547 126 949 stone
547 126 950 stone
547 126 951 stone
547 126 952 stone
547 126 953 stone
547 126 954 andesite
547 126 955 andesite
547 126 956 andesite
547 126 957 andesite
547 126 958 andesite
547 126 959 andesite
547 126 960 andesite
547 126 961 stone
547 126 962 stone
547 126 963 stone
547 126 964 stone
547 126 965 stone
547 126 966 stone
547 126 967 stone
547 126 968 stone
547 126 969 stone
547 126 970 stone
547 126 971 stone
547 126 972 stone
547 126 973 stone
547 126 974 stone
547 126 975 stone
547 126 976 stone
547 126 977 stone
547 126 978 stone
547 126 979 stone
547 126 980 stone
547 126 981 stone
547 126 982 stone
547 126 983 stone
547 126 984 stone
547 126 985 stone
547 126 986 stone
547 126 987 stone
547 126 988 stone
547 126 989 stone
547 126 990 stone
547 126 991 stone
547 126 992 stone
547 126 993 stone
547 126 994 stone
547 126 995 stone
547 126 996 stone
547 126 997 stone
547 126 998 stone
547 126 999 stone
547 126 1000 stone
547 126 1001 stone
547 126 1002 stone
547 126 1003 stone
547 126 1004 stone
547 126 1005 stone
547 126 1006 stone
547 126 1007 stone
547 126 1008 stone
547 126 1009 stone
547 126 1010 stone
547 126 1011 stone
547 126 1012 stone
547 126 1013 stone
547 126 1014 stone
547 126 1015 stone
547 126 1016 stone
547 126 1017 stone
547 126 1018 stone
547 126 1019 stone
547 126 1020 stone
547 126 1021 stone
547 126 1022 stone
547 126 1023 stone
548 126 896 water[level=0]
548 126 897 water[level=0]
548 126 898 water[level=0]
548 126 899 water[level=0]
548 126 900 water[level=0]
548 126 901 water[level=0]
548 126 902 water[level=0]
548 126 903 water[level=0]
548 126 904 water[level=0]
548 126 905 water[level=0]
548 126 906 water[level=1]
548 126 911 stone
548 126 912 stone
548 126 913 stone
548 126 914 stone
548 126 915 stone
548 126 916 stone
548 126 917 stone
548 126 918 stone
548 126 919 stone
548 126 920 stone
548 126 921 stone
548 126 922 stone
548 126 923 stone
548 126 924 stone
548 126 925 stone
548 126 926 stone
548 126 927 stone
548 126 928 stone
548 126 929 stone
548 126 930 stone
548 126 931 stone
548 126 932 stone
548 126 933 stone
548 126 934 stone
548 126 935 stone
548 126 936 stone
548 126 937 stone
548 126 938 stone
548 126 939 stone
548 126 940 stone
548 126 941 stone
548 126 942 stone
548 126 943 stone
548 126 944 stone
548 126 945 stone
548 126 946 stone
548 126 947 stone
548 126 948 stone
548 126 949 stone
548 126 950 stone
548 126 951 stone
548 126 952 stone
548 126 953 stone
548 126 954 stone
548 126 955 stone
548 126 956 stone
548 126 957 stone
548 126 958 stone
548 126 959 stone
548 126 960 stone
548 126 961 stone
548 126 962 stone
548 126 963 stone
548 126 964 stone
548 126 965 stone
548 126 966 stone
548 126 967 stone
548 126 968 stone
548 126 969 stone
548 126 970 stone
548 126 971 stone
548 126 972 stone
548 126 973 stone
548 126 974 stone
548 126 975 stone
548 126 976 stone
548 126 977 stone
548 126 978 stone
548 126 979 stone
548 126 980 stone
548 126 981 stone
548 126 982 stone
548 126 983 stone
548 126 984 stone
548 126 985 stone
548 126 986 stone
548 126 987 stone
548 126 988 stone
548 126 989 stone
548 126 990 stone
548 126 991 stone
548 126 992 stone
548 126 993 stone
548 126 994 stone
548 126 995 stone
548 126 996 stone
548 126 997 stone
548 126 998 stone
548 126 999 stone
548 126 1000 stone
548 126 1001 stone
548 126 1002 stone
548 126 1003 stone
548 126 1004 stone
548 126 1005 stone
548 126 1006 stone
548 126 1007 stone
548 126 1008 stone
548 126 1009 stone
548 126 1010 stone
548 126 1011 stone
548 126 1012 stone
548 126 1013 stone
548 126 1014 stone
548 126 1015 stone
548 126 1016 stone
548 126 1017 stone
548 126 1018 stone
548 126 1019 stone
548 126 1020 stone
548 126 1021 stone
548 126 1022 stone
548 126 1023 stone
549 126 896 water[level=0]
549 126 897 water[level=0]
549 126 898 water[level=0]
549 126 899 water[level=0]
549 126 900 water[level=0]
549 126 901 water[level=0]
549 126 902 water[level=0]
549 126 903 glow_lichen[down=false,east=true,north=false,south=false,up=false,waterlogged=true,west=false]
549 126 904 stone
549 126 906 stone
549 126 907 stone
549 126 908 stone
549 126 909 stone
549 126 910 stone
549 126 911 stone
549 126 912 stone
549 126 913 stone
549 126 914 stone
549 126 915 stone
