575 126 925 stone
575 126 926 stone
575 126 927 stone
575 126 928 stone
575 126 929 stone
575 126 930 stone
575 126 931 stone
575 126 932 stone
575 126 933 stone
575 126 934 stone
575 126 935 stone
575 126 936 stone
575 126 937 stone
575 126 938 stone
575 126 939 stone
575 126 940 stone
575 126 941 stone
575 126 942 stone
575 126 943 stone
575 126 944 stone
575 126 945 stone
575 126 946 stone
575 126 947 stone
575 126 948 coal_ore
575 126 949 coal_ore
575 126 950 coal_ore
575 126 951 stone
575 126 952 stone
575 126 953 stone
575 126 954 stone
575 126 955 stone
575 126 956 stone
575 126 957 stone
575 126 958 stone
575 126 959 stone
575 126 960 stone
575 126 961 stone
575 126 962 stone
575 126 963 stone
575 126 964 stone
575 126 965 stone
575 126 966 stone
575 126 967 stone
575 126 968 stone
575 126 969 stone
575 126 970 stone
575 126 971 stone
575 126 972 stone
575 126 973 stone
575 126 974 stone
575 126 975 stone
575 126 976 stone
575 126 977 stone
575 126 978 stone
575 126 979 stone
575 126 980 stone
575 126 981 stone
575 126 982 stone
575 126 983 stone
575 126 984 stone
575 126 985 stone
575 126 986 stone
575 126 987 stone
575 126 988 stone
575 126 989 stone
575 126 990 stone
575 126 991 stone
575 126 992 stone
575 126 993 stone
575 126 994 stone
575 126 995 stone
575 126 996 stone
575 126 997 stone
575 126 998 stone
575 126 999 stone
575 126 1000 stone
575 126 1001 stone
575 126 1002 stone
575 126 1003 stone
575 126 1004 stone
575 126 1005 stone
575 126 1006 stone
575 126 1007 stone
575 126 1008 stone
575 126 1009 stone
575 126 1010 stone
575 126 1011 stone
575 126 1012 stone
575 126 1013 stone
575 126 1014 stone
575 126 1015 gravel
575 126 1016 gravel
575 126 1017 gravel
575 126 1018 gravel
575 126 1019 gravel
575 126 1020 stone
575 126 1021 stone
575 126 1022 stone
575 126 1023 stone
576 126 896 stone
576 126 897 stone
576 126 898 stone
576 126 899 stone
576 126 900 stone
576 126 901 stone
576 126 902 stone
576 126 903 stone
576 126 904 stone
576 126 905 stone
576 126 906 stone
576 126 907 stone
576 126 908 stone
576 126 909 stone
576 126 910 stone
576 126 911 stone
576 126 912 stone
576 126 913 stone
576 126 914 stone
576 126 915 stone
576 126 916 stone
576 126 917 stone
576 126 918 stone
576 126 919 gravel
576 126 920 gravel
576 126 921 gravel
576 126 922 gravel
576 126 923 gravel
576 126 924 stone
576 126 925 stone
576 126 926 stone
576 126 927 stone
576 126 928 stone
576 126 929 stone
576 126 930 stone
576 126 931 stone
576 126 932 stone
576 126 933 stone
576 126 934 stone
576 126 935 stone
576 126 936 stone
576 126 937 stone
576 126 938 stone
576 126 939 stone
576 126 940 stone
576 126 941 stone
576 126 942 stone
576 126 943 stone
576 126 944 stone
576 126 945 stone
576 126 946 stone
576 126 947 stone
576 126 948 stone
576 126 949 coal_ore
576 126 950 stone
576 126 951 stone
576 126 952 stone
576 126 953 stone
576 126 954 stone
576 126 955 stone
576 126 956 stone
576 126 957 stone
576 126 958 stone
576 126 959 stone
576 126 960 stone
576 126 961 stone
576 126 962 stone
576 126 963 stone
576 126 964 stone
576 126 965 stone
576 126 966 stone
576 126 967 stone
576 126 968 stone
576 126 969 stone
576 126 970 stone
576 126 971 stone
576 126 972 stone
576 126 973 stone
576 126 974 stone
576 126 975 stone
576 126 976 stone
576 126 977 stone
576 126 978 stone
576 126 979 stone
576 126 980 stone
576 126 981 stone
576 126 982 stone
576 126 983 stone
576 126 984 stone
576 126 985 stone
576 126 986 stone
576 126 987 stone
576 126 988 stone
576 126 989 stone
576 126 990 stone
576 126 991 stone
576 126 992 stone
576 126 993 stone
576 126 994 stone
576 126 995 stone
576 126 996 stone
576 126 997 stone
576 126 998 stone
576 126 999 stone
576 126 1000 stone
576 126 1001 stone
576 126 1002 stone
576 126 1003 stone
576 126 1004 stone
576 126 1005 stone
576 126 1006 stone
576 126 1007 stone
576 126 1008 stone
576 126 1009 stone
576 126 1010 stone
576 126 1011 stone
576 126 1012 stone
576 126 1013 stone
576 126 1014 stone
576 126 1015 gravel
576 126 1016 gravel
576 126 1017 gravel
576 126 1018 gravel
576 126 1019 stone
576 126 1020 stone
576 126 1021 stone
576 126 1022 stone
576 126 1023 stone
577 126 896 stone
577 126 897 stone
577 126 898 stone
577 126 899 stone
577 126 900 stone
577 126 901 stone
577 126 902 stone
577 126 903 stone
577 126 904 stone
577 126 905 stone
577 126 906 stone
577 126 907 stone
577 126 908 stone
577 126 909 stone
577 126 910 copper_ore
577 126 911 stone
577 126 912 stone
577 126 913 stone
577 126 914 stone
577 126 915 stone
577 126 916 stone
577 126 917 stone
577 126 918 stone
577 126 919 stone
577 126 920 gravel
577 126 921 gravel
577 126 922 gravel
577 126 923 gravel
577 126 924 gravel
577 126 925 stone
577 126 926 stone
577 126 927 stone
577 126 928 stone
577 126 929 stone
577 126 930 stone
577 126 931 stone
577 126 932 stone
577 126 933 stone
577 126 934 stone
577 126 935 stone
577 126 936 stone
577 126 937 stone
577 126 938 stone
577 126 939 stone
577 126 940 stone
577 126 941 stone
577 126 942 stone
577 126 943 stone
577 126 944 stone
577 126 945 stone
577 126 946 stone
577 126 947 stone
577 126 948 stone
577 126 949 stone
577 126 950 stone
577 126 951 stone
577 126 952 stone
577 126 953 stone
577 126 954 stone
577 126 955 stone
577 126 956 stone
577 126 957 stone
577 126 958 stone
577 126 959 stone
577 126 960 stone
577 126 961 stone
577 126 962 stone
577 126 963 stone
577 126 964 stone
577 126 965 stone
577 126 966 stone
577 126 967 stone
577 126 968 stone
577 126 969 stone
577 126 970 stone
577 126 971 stone
577 126 972 stone
577 126 973 stone
577 126 974 stone
577 126 975 stone
577 126 976 stone
577 126 977 stone
577 126 978 stone
577 126 979 stone
577 126 980 stone
577 126 981 stone
577 126 982 stone
577 126 983 stone
577 126 984 stone
577 126 985 stone
577 126 986 stone
577 126 987 stone
577 126 988 stone
577 126 989 stone
577 126 990 stone
577 126 991 stone
577 126 992 stone
577 126 993 stone
577 126 994 stone
577 126 995 stone
577 126 996 stone
577 126 997 stone
577 126 998 coal_ore
577 126 999 coal_ore
577 126 1000 coal_ore
577 126 1001 coal_ore
577 126 1002 stone
577 126 1003 stone
577 126 1004 stone
577 126 1005 stone
577 126 1006 stone
577 126 1007 stone
577 126 1008 stone
577 126 1009 gravel
577 126 1010 gravel
577 126 1011 stone
577 126 1012 stone
577 126 1013 stone
577 126 1014 gravel
577 126 1015 gravel
577 126 1016 gravel
577 126 1017 gravel
577 126 1018 gravel
577 126 1019 stone
577 126 1020 stone
577 126 1021 stone
577 126 1022 stone
577 126 1023 stone
578 126 896 stone
578 126 897 stone
578 126 898 stone
578 126 899 stone
578 126 900 stone
578 126 901 stone
578 126 902 stone
578 126 903 stone
578 126 904 stone
578 126 905 stone
578 126 906 stone
578 126 907 stone
578 126 908 stone
578 126 909 stone
578 126 910 stone
578 126 911 stone
578 126 912 stone
578 126 913 stone
578 126 914 stone
578 126 915 stone
578 126 916 stone
578 126 917 stone
578 126 918 stone
578 126 919 stone
578 126 920 stone
578 126 921 gravel
578 126 922 gravel
578 126 923 gravel
578 126 924 gravel
578 126 925 stone
578 126 926 stone
578 126 927 stone
578 126 928 stone
578 126 929 stone
578 126 930 stone
578 126 931 stone
578 126 932 stone
578 126 933 stone
578 126 934 stone
578 126 935 stone
578 126 936 stone
578 126 937 stone
578 126 938 stone
578 126 939 stone
578 126 940 stone
578 126 941 stone
578 126 942 stone
578 126 943 stone
578 126 944 stone
578 126 945 stone
578 126 946 stone
578 126 947 stone
578 126 948 stone
578 126 949 stone
578 126 950 stone
578 126 951 stone
578 126 952 stone
578 126 953 stone
578 126 954 stone
578 126 955 stone
578 126 956 stone
578 126 957 stone
578 126 958 stone
578 126 959 stone
578 126 960 dirt
578 126 961 dirt
578 126 962 dirt
578 126 963 dirt
578 126 964 dirt
578 126 965 dirt
578 126 966 stone
578 126 967 stone
578 126 968 stone
578 126 969 stone
578 126 970 stone
578 126 971 stone
578 126 972 stone
578 126 973 stone
578 126 974 stone
578 126 975 stone
578 126 976 stone
578 126 977 stone
578 126 978 stone
578 126 979 stone
578 126 980 stone
578 126 981 stone
578 126 982 stone
578 126 983 stone
578 126 984 stone
578 126 985 stone
578 126 986 stone
578 126 987 stone
578 126 988 stone
578 126 989 stone
578 126 990 stone
578 126 991 stone
578 126 992 stone
578 126 993 stone
578 126 994 stone
578 126 995 stone
578 126 996 stone
578 126 997 stone
578 126 998 coal_ore
578 126 999 stone
578 126 1000 stone
578 126 1001 stone
578 126 1002 stone
578 126 1003 stone
578 126 1004 stone
578 126 1005 stone
578 126 1006 stone
578 126 1007 stone
578 126 1008 gravel
578 126 1009 gravel
578 126 1010 gravel
578 126 1011 stone
578 126 1012 stone
578 126 1013 stone
578 126 1014 gravel
578 126 1015 gravel
578 126 1016 gravel
578 126 1017 gravel
578 126 1018 gravel
578 126 1019 stone
578 126 1020 stone
578 126 1021 stone
578 126 1022 stone
578 126 1023 stone
579 126 896 stone
579 126 897 stone
579 126 898 stone
579 126 899 stone
579 126 900 stone
579 126 901 stone
579 126 902 stone
579 126 903 stone
579 126 904 stone
579 126 905 stone
579 126 906 stone
579 126 907 stone
579 126 908 stone
579 126 909 stone
579 126 910 stone
579 126 911 stone
579 126 912 stone
579 126 913 stone
579 126 914 stone
579 126 915 stone
579 126 916 stone
579 126 917 stone
579 126 918 stone
579 126 919 stone
579 126 920 stone
579 126 921 gravel
579 126 922 gravel
579 126 923 gravel
579 126 924 gravel
579 126 925 stone
579 126 926 stone
579 126 927 stone
579 126 928 stone
579 126 929 stone
579 126 930 stone
579 126 931 stone
579 126 932 stone
579 126 933 stone
579 126 934 stone
579 126 935 stone
579 126 936 stone
579 126 937 stone
579 126 938 stone
579 126 939 stone
579 126 940 stone
579 126 941 stone
579 126 942 stone
579 126 943 stone
579 126 944 stone
579 126 945 stone
579 126 946 stone
579 126 947 stone
579 126 948 stone
579 126 949 stone
579 126 950 stone
579 126 951 stone
579 126 952 stone
579 126 953 stone
579 126 954 stone
579 126 955 stone
579 126 956 stone
579 126 957 stone
579 126 958 stone
579 126 959 dirt
579 126 960 dirt
579 126 961 dirt
579 126 962 dirt
579 126 963 dirt
579 126 964 dirt
579 126 965 dirt
579 126 966 dirt
579 126 967 dirt
579 126 968 stone
579 126 969 stone
579 126 970 stone
579 126 971 stone
579 126 972 stone
579 126 973 stone
579 126 974 stone
579 126 975 stone
579 126 976 stone
579 126 977 stone
579 126 978 stone
579 126 979 stone
579 126 980 stone
579 126 981 stone
579 126 982 stone
579 126 983 stone
579 126 984 stone
579 126 985 stone
579 126 986 stone
579 126 987 stone
579 126 988 stone
579 126 989 stone
579 126 990 stone
579 126 991 stone
579 126 992 stone
579 126 993 stone
579 126 994 stone
579 126 995 stone
579 126 996 stone
579 126 997 stone
579 126 998 stone
579 126 999 stone
579 126 1000 stone
579 126 1001 stone
579 126 1002 stone
579 126 1003 stone
579 126 1004 stone
579 126 1005 stone
579 126 1006 stone
579 126 1007 gravel
579 126 1008 gravel
579 126 1009 gravel
579 126 1010 gravel
579 126 1011 stone
579 126 1012 stone
579 126 1013 stone
579 126 1014 gravel
579 126 1015 gravel
579 126 1016 gravel
579 126 1017 gravel
579 126 1018 stone
579 126 1019 stone
579 126 1020 stone
579 126 1021 stone
579 126 1022 stone
579 126 1023 stone
580 126 896 stone
580 126 897 stone
580 126 898 stone
580 126 899 stone
580 126 900 stone
580 126 901 stone
580 126 902 stone
580 126 903 stone
580 126 904 stone
580 126 905 stone
580 126 906 stone
580 126 907 stone
580 126 908 copper_ore
580 126 909 copper_ore
580 126 910 stone
580 126 911 stone
580 126 912 stone
580 126 913 stone
580 126 914 stone
580 126 915 stone
580 126 916 coal_ore
580 126 917 stone
580 126 918 stone
580 126 919 stone
580 126 920 stone
580 126 921 stone
580 126 922 gravel
580 126 923 gravel
580 126 924 gravel
580 126 925 stone
580 126 926 stone
580 126 927 stone
580 126 928 stone
580 126 929 stone
580 126 930 stone
580 126 931 stone
580 126 932 stone
580 126 933 stone
580 126 934 stone
580 126 935 stone
580 126 936 stone
580 126 937 stone
580 126 938 stone
580 126 939 stone
580 126 940 stone
580 126 941 stone
580 126 942 stone
580 126 943 stone
580 126 944 stone
580 126 945 stone
580 126 946 stone
580 126 947 stone
580 126 948 stone
580 126 949 stone
580 126 950 stone
580 126 951 stone
580 126 952 stone
580 126 953 stone
580 126 954 stone
580 126 955 stone
580 126 956 stone
580 126 957 stone
580 126 958 stone
580 126 959 dirt
580 126 960 dirt
580 126 961 dirt
580 126 962 dirt
580 126 963 dirt
580 126 964 dirt
580 126 965 dirt
580 126 966 dirt
580 126 967 dirt
580 126 968 stone
580 126 969 stone
580 126 970 stone
580 126 971 stone
580 126 972 stone
580 126 973 stone
580 126 974 stone
580 126 975 stone
580 126 976 stone
580 126 977 stone
580 126 978 stone
580 126 979 stone
580 126 980 stone
580 126 981 stone
580 126 982 stone
580 126 983 stone
580 126 984 stone
580 126 985 stone
580 126 986 stone
580 126 987 stone
580 126 988 stone
580 126 989 stone
580 126 990 stone
580 126 991 stone
580 126 992 stone
580 126 993 stone
580 126 994 stone
580 126 995 stone
580 126 996 stone
580 126 997 stone
580 126 998 stone
580 126 999 stone
580 126 1000 stone
580 126 1001 stone
580 126 1002 stone
580 126 1003 stone
580 126 1004 stone
580 126 1005 stone
580 126 1006 stone
580 126 1007 gravel
580 126 1008 gravel
580 126 1009 gravel
580 126 1010 gravel
580 126 1011 stone
580 126 1012 stone
580 126 1013 stone
580 126 1014 gravel
580 126 1015 gravel
580 126 1016 gravel
580 126 1017 gravel
580 126 1018 stone
580 126 1019 stone
580 126 1020 stone
580 126 1021 stone
580 126 1022 stone
580 126 1023 stone
581 126 896 stone
581 126 897 stone
581 126 898 stone
581 126 899 stone
581 126 900 stone
581 126 901 stone
581 126 902 stone
581 126 903 stone
581 126 904 stone
581 126 905 stone
581 126 906 stone
581 126 907 stone
581 126 908 copper_ore
581 126 909 copper_ore
581 126 910 stone
581 126 911 stone
581 126 912 stone
581 126 913 stone
581 126 914 stone
581 126 915 coal_ore
581 126 916 stone
581 126 917 stone
581 126 918 stone
581 126 919 stone
581 126 920 stone
581 126 921 stone
581 126 922 stone
581 126 923 stone
581 126 924 gravel
581 126 925 stone
581 126 926 stone
581 126 927 stone
581 126 928 stone
581 126 929 stone
581 126 930 stone
581 126 931 stone
581 126 932 stone
581 126 933 stone
581 126 934 stone
581 126 935 stone
581 126 936 stone
581 126 937 stone
581 126 938 stone
581 126 939 stone
581 126 940 stone
581 126 941 stone
581 126 942 stone
581 126 943 stone
581 126 944 stone
581 126 945 stone
581 126 946 stone
581 126 947 stone
581 126 948 stone
581 126 949 stone
581 126 950 stone
581 126 951 stone
581 126 952 stone
581 126 953 stone
581 126 954 stone
581 126 955 stone
581 126 956 stone
581 126 957 stone
581 126 958 stone
581 126 959 stone
581 126 960 dirt
581 126 961 dirt
581 126 962 dirt
581 126 963 dirt
581 126 964 dirt
581 126 965 dirt
581 126 966 dirt
581 126 967 dirt
581 126 968 dirt
581 126 969 dirt
581 126 970 dirt
581 126 971 dirt
581 126 972 dirt
581 126 973 stone
581 126 974 stone
581 126 975 stone
581 126 976 stone
581 126 977 stone
581 126 978 stone
581 126 979 stone
581 126 980 stone
581 126 981 stone
581 126 982 stone
581 126 983 stone
581 126 984 stone
581 126 985 stone
581 126 986 stone
581 126 987 stone
581 126 988 stone
581 126 989 stone
581 126 990 stone
581 126 991 stone
581 126 992 stone
581 126 993 stone
581 126 994 stone
581 126 995 stone
581 126 996 stone
581 126 997 stone
581 126 998 stone
581 126 999 stone
581 126 1000 stone
581 126 1001 stone
581 126 1002 stone
581 126 1003 stone
581 126 1004 stone
581 126 1005 stone
581 126 1006 stone
581 126 1007 gravel
581 126 1008 gravel
581 126 1009 gravel
581 126 1010 gravel
581 126 1011 stone
581 126 1012 stone
581 126 1013 stone
581 126 1014 stone
581 126 1015 gravel
581 126 1016 gravel
581 126 1017 stone
581 126 1018 stone
581 126 1019 stone
581 126 1020 stone
581 126 1021 stone
581 126 1022 stone
581 126 1023 stone
582 126 896 stone
582 126 897 stone
582 126 898 stone
582 126 899 stone
582 126 900 stone
582 126 901 stone
582 126 902 stone
582 126 903 stone
582 126 904 stone
582 126 905 stone
582 126 906 stone
582 126 907 stone
582 126 908 stone
582 126 909 copper_ore
582 126 910 stone
582 126 911 stone
582 126 912 stone
582 126 913 stone
582 126 914 stone
582 126 915 stone
582 126 916 stone
582 126 917 stone
582 126 918 stone
582 126 919 stone
582 126 920 stone
582 126 921 stone
582 126 922 stone
582 126 923 stone
582 126 924 stone
582 126 925 stone
582 126 926 stone
582 126 927 stone
582 126 928 stone
582 126 929 stone
582 126 930 stone
582 126 931 stone
582 126 932 stone
582 126 933 stone
582 126 934 stone
582 126 935 stone
582 126 936 stone
582 126 937 stone
582 126 938 stone
582 126 939 stone
582 126 940 stone
582 126 941 stone
582 126 942 stone
582 126 943 stone
582 126 944 stone
582 126 945 stone
582 126 946 stone
582 126 947 stone
582 126 948 stone
582 126 949 stone
582 126 950 stone
582 126 951 stone
582 126 952 stone
582 126 953 stone
582 126 954 stone
582 126 955 stone
582 126 956 stone
582 126 957 stone
582 126 958 stone
582 126 959 stone
582 126 960 stone
582 126 961 stone
582 126 962 stone
582 126 963 stone
582 126 964 stone
582 126 965 stone
582 126 966 dirt
582 126 967 dirt
582 126 968 dirt
582 126 969 dirt
582 126 970 dirt
582 126 971 dirt
582 126 972 dirt
582 126 973 stone
582 126 974 stone
582 126 975 stone
582 126 976 stone
582 126 977 stone
582 126 978 stone
582 126 979 stone
582 126 980 stone
582 126 981 stone
582 126 982 stone
582 126 983 stone
582 126 984 stone
582 126 985 stone
582 126 986 stone
582 126 987 stone
582 126 988 stone
582 126 989 stone
582 126 990 stone
582 126 991 stone
582 126 992 stone
582 126 993 stone
582 126 994 stone
582 126 995 stone
582 126 996 stone
582 126 997 stone
582 126 998 stone
582 126 999 stone
582 126 1000 stone
582 126 1001 stone
582 126 1002 stone
582 126 1003 stone
582 126 1004 stone
582 126 1005 stone
582 126 1006 stone
582 126 1007 gravel
582 126 1008 gravel
582 126 1009 gravel
582 126 1010 stone
582 126 1011 stone
582 126 1012 stone
582 126 1013 stone
582 126 1014 stone
582 126 1015 stone
582 126 1016 stone
582 126 1017 stone
582 126 1018 stone
582 126 1019 stone
582 126 1020 stone
582 126 1021 stone
582 126 1022 stone
582 126 1023 stone
583 126 896 stone
583 126 897 stone
583 126 898 stone
583 126 899 stone
583 126 900 stone
583 126 901 stone
583 126 902 stone
583 126 903 stone
583 126 904 stone
583 126 905 stone
583 126 906 stone
583 126 907 stone
583 126 908 stone
583 126 909 stone
583 126 910 stone
583 126 911 stone
583 126 912 stone
583 126 913 stone
583 126 914 stone
583 126 915 stone
583 126 916 stone
583 126 917 stone
583 126 918 granite
583 126 919 granite
583 126 920 granite
583 126 921 granite
583 126 922 stone
583 126 923 stone
583 126 924 stone
583 126 925 stone
583 126 926 stone
583 126 927 stone
583 126 928 stone
583 126 929 stone
583 126 930 stone
583 126 931 stone
583 126 932 stone
583 126 933 stone
583 126 934 stone
583 126 935 stone
583 126 936 stone
583 126 937 stone
583 126 938 stone
583 126 939 stone
583 126 940 stone
583 126 941 stone
583 126 942 stone
583 126 943 stone
583 126 944 stone
583 126 945 stone
583 126 946 stone
583 126 947 stone
583 126 948 stone
583 126 949 stone
583 126 950 stone
583 126 951 stone
583 126 952 stone
583 126 953 stone
583 126 954 stone
583 126 955 stone
583 126 956 stone
583 126 957 stone
583 126 958 stone
583 126 959 stone
583 126 960 stone
583 126 961 stone
583 126 962 stone
583 126 963 stone
583 126 964 stone
583 126 965 dirt
583 126 966 dirt
583 126 967 dirt
583 126 968 dirt
583 126 969 dirt
583 126 970 dirt
583 126 971 dirt
583 126 972 stone
583 126 973 stone
583 126 974 stone
583 126 975 stone
583 126 976 stone
583 126 977 stone
583 126 978 stone
583 126 979 stone
583 126 980 stone
583 126 981 stone
583 126 982 stone
583 126 983 stone
583 126 984 stone
583 126 985 stone
583 126 986 stone
583 126 987 stone
583 126 988 stone
583 126 989 stone
583 126 990 stone
583 126 991 stone
583 126 992 stone
583 126 993 stone
583 126 994 stone
583 126 995 stone
583 126 996 stone
583 126 997 iron_ore
583 126 998 stone
583 126 999 stone
583 126 1000 stone
583 126 1001 stone
583 126 1002 stone
583 126 1003 stone
583 126 1004 stone
583 126 1005 stone
583 126 1006 stone
583 126 1007 stone
583 126 1008 gravel
583 126 1009 gravel
583 126 1010 copper_ore
583 126 1011 copper_ore
583 126 1012 stone
583 126 1013 stone
583 126 1014 stone
583 126 1015 stone
583 126 1016 stone
583 126 1017 stone
583 126 1018 stone
583 126 1019 stone
583 126 1020 stone
