568 139 945 stone
568 139 946 stone
568 139 947 stone
568 139 948 stone
568 139 949 stone
568 139 950 stone
568 139 951 stone
568 139 952 stone
568 139 953 stone
568 139 954 stone
568 139 955 stone
568 139 956 stone
568 139 957 stone
568 139 958 stone
568 139 959 stone
568 139 960 coal_ore
568 139 961 stone
568 139 962 stone
568 139 963 stone
568 139 964 stone
568 139 965 stone
568 139 966 stone
568 139 967 stone
568 139 968 stone
568 139 969 stone
568 139 970 stone
568 139 971 stone
568 139 972 stone
568 139 973 stone
568 139 974 stone
568 139 975 stone
568 139 976 stone
568 139 977 stone
568 139 978 stone
568 139 979 stone
568 139 980 stone
568 139 981 stone
568 139 982 stone
568 139 983 stone
568 139 984 dirt
568 139 985 dirt
568 139 986 dirt
568 139 987 dirt
568 139 988 dirt
568 139 989 dirt
568 139 990 dirt
568 139 991 dirt
568 139 992 dirt
568 139 993 dirt
568 139 994 dirt
568 139 995 dirt
568 139 996 grass_block[snowy=false]
568 139 997 grass_block[snowy=false]
568 139 998 grass_block[snowy=false]
568 139 999 grass_block[snowy=false]
569 139 896 stone
569 139 897 stone
569 139 898 stone
569 139 899 stone
569 139 900 copper_ore
569 139 901 copper_ore
569 139 902 stone
569 139 903 stone
569 139 904 stone
569 139 905 stone
569 139 906 stone
569 139 907 stone
569 139 908 stone
569 139 909 coal_ore
569 139 910 coal_ore
569 139 911 stone
569 139 912 stone
569 139 913 stone
569 139 914 stone
569 139 915 stone
569 139 916 stone
569 139 917 stone
569 139 918 stone
569 139 919 stone
569 139 920 stone
569 139 921 stone
569 139 922 stone
569 139 923 stone
569 139 924 stone
569 139 925 stone
569 139 926 stone
569 139 927 stone
569 139 928 stone
569 139 929 stone
569 139 930 stone
569 139 931 stone
569 139 932 stone
569 139 933 stone
569 139 934 stone
569 139 935 stone
569 139 936 stone
569 139 937 stone
569 139 938 stone
569 139 939 stone
569 139 940 stone
569 139 941 stone
569 139 942 stone
569 139 943 stone
569 139 944 stone
569 139 945 stone
569 139 946 stone
569 139 947 stone
569 139 948 stone
569 139 949 stone
569 139 950 stone
569 139 951 stone
569 139 952 stone
569 139 953 stone
569 139 954 stone
569 139 955 stone
569 139 956 stone
569 139 957 stone
569 139 958 stone
569 139 959 stone
569 139 960 stone
569 139 961 stone
569 139 962 stone
569 139 963 stone
569 139 964 stone
569 139 965 stone
569 139 966 stone
569 139 967 stone
569 139 968 stone
569 139 969 stone
569 139 970 stone
569 139 971 stone
569 139 972 stone
569 139 973 stone
569 139 974 stone
569 139 975 stone
569 139 976 stone
569 139 977 stone
569 139 978 stone
569 139 979 stone
569 139 980 stone
569 139 981 stone
569 139 982 stone
569 139 983 stone
569 139 984 dirt
569 139 985 dirt
569 139 986 dirt
569 139 987 dirt
569 139 988 dirt
569 139 989 dirt
569 139 990 dirt
569 139 991 dirt
569 139 992 dirt
569 139 993 dirt
569 139 994 grass_block[snowy=false]
569 139 995 grass_block[snowy=false]
570 139 896 stone
570 139 897 stone
570 139 898 stone
570 139 899 stone
570 139 900 stone
570 139 901 stone
570 139 902 stone
570 139 903 stone
570 139 904 stone
570 139 905 stone
570 139 906 stone
570 139 907 stone
570 139 908 stone
570 139 909 coal_ore
570 139 910 coal_ore
570 139 911 stone
570 139 912 stone
570 139 913 stone
570 139 914 stone
570 139 915 stone
570 139 916 stone
570 139 917 stone
570 139 918 stone
570 139 919 stone
570 139 920 stone
570 139 921 stone
570 139 922 stone
570 139 923 stone
570 139 924 stone
570 139 925 stone
570 139 926 stone
570 139 927 stone
570 139 928 stone
570 139 929 stone
570 139 930 stone
570 139 931 stone
570 139 932 stone
570 139 933 stone
570 139 934 stone
570 139 935 stone
570 139 936 stone
570 139 937 stone
570 139 938 stone
570 139 939 stone
570 139 940 stone
570 139 941 stone
570 139 942 stone
570 139 943 stone
570 139 944 stone
570 139 945 stone
570 139 946 stone
570 139 947 stone
570 139 948 stone
570 139 949 stone
570 139 950 stone
570 139 951 stone
570 139 952 stone
570 139 953 stone
570 139 954 stone
570 139 955 stone
570 139 956 stone
570 139 957 stone
570 139 958 stone
570 139 959 stone
570 139 960 stone
570 139 961 stone
570 139 962 stone
570 139 963 stone
570 139 964 stone
570 139 965 stone
570 139 966 stone
570 139 967 stone
570 139 968 stone
570 139 969 stone
570 139 970 stone
570 139 971 stone
570 139 972 stone
570 139 973 stone
570 139 974 stone
570 139 975 stone
570 139 976 stone
570 139 977 stone
570 139 978 stone
570 139 979 stone
570 139 980 stone
570 139 981 stone
570 139 982 stone
570 139 983 stone
570 139 984 dirt
570 139 985 dirt
570 139 986 dirt
570 139 987 dirt
570 139 988 dirt
570 139 989 dirt
570 139 990 dirt
570 139 991 grass_block[snowy=false]
570 139 992 grass_block[snowy=false]
570 139 993 grass_block[snowy=false]
571 139 896 stone
571 139 897 stone
571 139 898 stone
571 139 899 stone
571 139 900 stone
571 139 901 stone
571 139 902 stone
571 139 903 stone
571 139 904 stone
571 139 905 stone
571 139 906 stone
571 139 907 stone
571 139 908 stone
571 139 909 coal_ore
571 139 910 coal_ore
571 139 911 stone
571 139 912 stone
571 139 913 stone
571 139 914 stone
571 139 915 stone
571 139 916 stone
571 139 917 stone
571 139 918 stone
571 139 919 stone
571 139 920 stone
571 139 921 stone
571 139 922 stone
571 139 923 stone
571 139 924 stone
571 139 925 stone
571 139 926 stone
571 139 927 stone
571 139 928 stone
571 139 929 stone
571 139 930 stone
571 139 931 stone
571 139 932 stone
571 139 933 stone
571 139 934 stone
571 139 935 stone
571 139 936 stone
571 139 937 stone
571 139 938 stone
571 139 939 stone
571 139 940 stone
571 139 941 stone
571 139 942 stone
571 139 943 stone
571 139 944 stone
571 139 945 stone
571 139 946 stone
571 139 947 stone
571 139 948 stone
571 139 949 stone
571 139 950 stone
571 139 951 stone
571 139 952 stone
571 139 953 stone
571 139 954 stone
571 139 955 stone
571 139 956 stone
571 139 957 stone
571 139 958 stone
571 139 959 stone
571 139 960 stone
571 139 961 stone
571 139 962 stone
571 139 963 stone
571 139 964 stone
571 139 965 stone
571 139 966 stone
571 139 967 stone
571 139 968 stone
571 139 969 stone
571 139 970 stone
571 139 971 stone
571 139 972 stone
571 139 973 stone
571 139 974 stone
571 139 975 stone
571 139 976 stone
571 139 977 stone
571 139 978 stone
571 139 979 stone
571 139 980 stone
571 139 981 stone
571 139 982 stone
571 139 983 dirt
571 139 984 dirt
571 139 985 dirt
571 139 986 dirt
571 139 987 dirt
571 139 988 grass_block[snowy=false]
571 139 989 grass_block[snowy=false]
571 139 990 grass_block[snowy=false]
572 139 896 stone
572 139 897 stone
572 139 898 stone
572 139 899 stone
572 139 900 stone
572 139 901 stone
572 139 902 stone
572 139 903 stone
572 139 904 stone
572 139 905 stone
572 139 906 stone
572 139 907 stone
572 139 908 stone
572 139 909 stone
572 139 910 stone
572 139 911 stone
572 139 912 stone
572 139 913 stone
572 139 914 stone
572 139 915 stone
572 139 916 stone
572 139 917 stone
572 139 918 stone
572 139 919 stone
572 139 920 stone
572 139 921 stone
572 139 922 gravel
572 139 923 gravel
572 139 924 gravel
572 139 925 gravel
572 139 926 gravel
572 139 927 gravel
572 139 928 gravel
572 139 929 stone
572 139 930 stone
572 139 931 stone
572 139 932 stone
572 139 933 stone
572 139 934 stone
572 139 935 stone
572 139 936 stone
572 139 937 stone
572 139 938 stone
572 139 939 stone
572 139 940 stone
572 139 941 stone
572 139 942 stone
572 139 943 stone
572 139 944 stone
572 139 945 stone
572 139 946 stone
572 139 947 stone
572 139 948 stone
572 139 949 stone
572 139 950 stone
572 139 951 stone
572 139 952 stone
572 139 953 stone
572 139 954 stone
572 139 955 stone
572 139 956 stone
572 139 957 stone
572 139 958 stone
572 139 959 stone
572 139 960 stone
572 139 961 stone
572 139 962 stone
572 139 963 stone
572 139 964 stone
572 139 965 stone
572 139 966 stone
572 139 967 stone
572 139 968 stone
572 139 969 stone
572 139 970 stone
572 139 971 stone
572 139 972 stone
572 139 973 stone
572 139 974 stone
572 139 975 stone
572 139 976 stone
572 139 977 stone
572 139 978 stone
572 139 979 stone
572 139 980 stone
572 139 981 stone
572 139 982 stone
572 139 983 dirt
572 139 984 dirt
572 139 985 dirt
572 139 986 dirt
572 139 987 grass_block[snowy=false]
572 139 990 short_grass
573 139 896 stone
573 139 897 stone
573 139 898 stone
573 139 899 stone
573 139 900 stone
573 139 901 stone
573 139 902 stone
573 139 903 stone
573 139 904 stone
573 139 905 stone
573 139 906 stone
573 139 907 stone
573 139 908 stone
573 139 909 stone
573 139 910 stone
573 139 911 stone
573 139 912 stone
573 139 913 stone
573 139 914 stone
573 139 915 stone
573 139 916 stone
573 139 917 stone
573 139 918 stone
573 139 919 stone
573 139 920 stone
573 139 921 stone
573 139 922 gravel
573 139 923 gravel
573 139 924 gravel
573 139 925 gravel
573 139 926 gravel
573 139 927 gravel
573 139 928 gravel
573 139 929 gravel
573 139 930 gravel
573 139 931 stone
573 139 932 stone
573 139 933 stone
573 139 934 stone
573 139 935 stone
573 139 936 stone
573 139 937 stone
573 139 938 stone
573 139 939 stone
573 139 940 stone
573 139 941 stone
573 139 942 stone
573 139 943 stone
573 139 944 stone
573 139 945 stone
573 139 946 stone
573 139 947 stone
573 139 948 stone
573 139 949 stone
573 139 950 stone
573 139 951 stone
573 139 952 stone
573 139 953 stone
573 139 954 stone
573 139 955 stone
573 139 956 stone
573 139 957 stone
573 139 958 stone
573 139 959 stone
573 139 960 stone
573 139 961 stone
573 139 962 stone
573 139 963 stone
573 139 964 stone
573 139 965 stone
573 139 966 stone
573 139 967 stone
573 139 968 stone
573 139 969 stone
573 139 970 stone
573 139 971 stone
573 139 972 stone
573 139 973 stone
573 139 974 stone
573 139 975 stone
573 139 976 stone
573 139 977 stone
573 139 978 stone
573 139 979 stone
573 139 980 stone
573 139 981 stone
573 139 982 dirt
573 139 983 dirt
573 139 984 dirt
573 139 985 dirt
573 139 986 grass_block[snowy=false]
574 139 896 stone
574 139 897 stone
574 139 898 stone
574 139 899 stone
574 139 900 stone
574 139 901 stone
574 139 902 stone
574 139 903 stone
574 139 904 stone
574 139 905 stone
574 139 906 stone
574 139 907 stone
574 139 908 stone
574 139 909 stone
574 139 910 stone
574 139 911 stone
574 139 912 stone
574 139 913 stone
574 139 914 stone
574 139 915 stone
574 139 916 stone
574 139 917 stone
574 139 918 stone
574 139 919 stone
574 139 920 stone
574 139 921 stone
574 139 922 stone
574 139 923 gravel
574 139 924 gravel
574 139 925 gravel
574 139 926 gravel
574 139 927 gravel
574 139 928 gravel
574 139 929 gravel
574 139 930 gravel
574 139 931 stone
574 139 932 stone
574 139 933 stone
574 139 934 stone
574 139 935 stone
574 139 936 stone
574 139 937 stone
574 139 938 stone
574 139 939 stone
574 139 940 stone
574 139 941 stone
574 139 942 stone
574 139 943 stone
574 139 944 stone
574 139 945 stone
574 139 946 stone
574 139 947 stone
574 139 948 stone
574 139 949 stone
574 139 950 stone
574 139 951 stone
574 139 952 stone
574 139 953 stone
574 139 954 stone
574 139 955 stone
574 139 956 stone
574 139 957 stone
574 139 958 stone
574 139 959 stone
574 139 960 stone
574 139 961 stone
574 139 962 stone
574 139 963 stone
574 139 964 stone
574 139 965 stone
574 139 966 stone
574 139 967 stone
574 139 968 stone
574 139 969 dirt
574 139 970 dirt
574 139 971 dirt
574 139 972 dirt
574 139 973 stone
574 139 974 stone
574 139 975 stone
574 139 976 stone
574 139 977 stone
574 139 978 stone
574 139 979 stone
574 139 980 stone
574 139 981 dirt
574 139 982 dirt
574 139 983 dirt
574 139 984 dirt
574 139 985 grass_block[snowy=false]
575 139 896 stone
575 139 897 stone
575 139 898 stone
575 139 899 stone
575 139 900 stone
575 139 901 stone
575 139 902 stone
575 139 903 stone
575 139 904 stone
575 139 905 stone
575 139 906 stone
575 139 907 stone
575 139 908 stone
575 139 909 stone
575 139 910 stone
575 139 911 stone
575 139 912 stone
575 139 913 stone
575 139 914 stone
575 139 915 stone
575 139 916 stone
575 139 917 stone
575 139 918 stone
575 139 919 stone
575 139 920 stone
575 139 921 stone
575 139 922 stone
575 139 923 stone
575 139 924 stone
575 139 925 gravel
575 139 926 gravel
575 139 927 gravel
575 139 928 gravel
575 139 929 gravel
575 139 930 gravel
575 139 931 stone
575 139 932 stone
575 139 933 stone
575 139 934 stone
575 139 935 stone
575 139 936 stone
575 139 937 stone
575 139 938 stone
575 139 939 stone
575 139 940 stone
575 139 941 stone
575 139 942 stone
575 139 943 stone
575 139 944 stone
575 139 945 stone
575 139 946 stone
575 139 947 stone
575 139 948 stone
575 139 949 stone
575 139 950 stone
575 139 951 stone
575 139 952 stone
575 139 953 stone
575 139 954 stone
575 139 955 stone
575 139 956 stone
575 139 957 stone
575 139 958 stone
575 139 959 stone
575 139 960 stone
575 139 961 stone
575 139 962 stone
575 139 963 stone
575 139 964 stone
575 139 965 stone
575 139 966 stone
575 139 967 stone
575 139 968 stone
575 139 969 stone
575 139 970 dirt
575 139 971 dirt
575 139 972 dirt
575 139 973 stone
575 139 974 stone
575 139 975 coal_ore
575 139 976 coal_ore
575 139 977 stone
575 139 978 stone
575 139 979 stone
575 139 980 dirt
575 139 981 dirt
575 139 982 dirt
575 139 983 dirt
575 139 984 grass_block[snowy=false]
575 139 985 grass_block[snowy=false]
576 139 896 stone
576 139 897 stone
576 139 898 stone
576 139 899 stone
576 139 900 stone
576 139 901 stone
576 139 902 stone
576 139 903 stone
576 139 904 stone
576 139 905 stone
576 139 906 stone
576 139 907 stone
576 139 908 stone
576 139 909 coal_ore
576 139 910 coal_ore
576 139 911 coal_ore
576 139 912 stone
576 139 913 stone
576 139 914 stone
576 139 915 stone
576 139 916 stone
576 139 917 stone
576 139 918 stone
576 139 919 stone
576 139 920 stone
576 139 921 stone
576 139 922 stone
576 139 923 stone
576 139 924 stone
576 139 925 stone
576 139 926 stone
576 139 927 stone
576 139 928 stone
576 139 929 stone
576 139 930 stone
576 139 931 stone
576 139 932 stone
576 139 933 stone
576 139 934 stone
576 139 935 stone
576 139 936 stone
576 139 937 stone
576 139 938 stone
576 139 939 stone
576 139 940 stone
576 139 941 stone
576 139 942 stone
576 139 943 stone
576 139 944 stone
576 139 945 stone
576 139 946 stone
576 139 947 stone
576 139 948 stone
576 139 949 stone
576 139 950 stone
576 139 951 stone
576 139 952 stone
576 139 953 stone
576 139 954 stone
576 139 955 stone
576 139 956 stone
576 139 957 stone
576 139 958 stone
576 139 959 stone
576 139 960 stone
576 139 961 stone
576 139 962 stone
576 139 963 stone
576 139 964 stone
576 139 965 stone
576 139 966 stone
576 139 967 stone
576 139 968 stone
576 139 969 stone
576 139 970 dirt
576 139 971 dirt
576 139 972 dirt
576 139 973 stone
576 139 974 stone
576 139 975 coal_ore
576 139 976 coal_ore
576 139 977 stone
576 139 978 stone
576 139 979 stone
576 139 980 dirt
576 139 981 dirt
576 139 982 dirt
576 139 983 dirt
576 139 984 grass_block[snowy=false]
576 139 985 short_grass
577 139 897 stone
577 139 898 stone
577 139 899 stone
577 139 900 stone
577 139 901 stone
577 139 902 stone
577 139 903 stone
577 139 904 stone
577 139 905 stone
577 139 906 stone
577 139 907 stone
577 139 908 stone
577 139 909 coal_ore
577 139 910 coal_ore
577 139 911 coal_ore
577 139 912 stone
577 139 913 stone
577 139 914 stone
577 139 915 stone
577 139 916 stone
577 139 917 stone
577 139 918 stone
577 139 919 stone
577 139 920 stone
577 139 921 stone
577 139 922 stone
577 139 923 stone
577 139 924 stone
577 139 925 stone
577 139 926 stone
577 139 927 stone
577 139 928 stone
577 139 929 stone
577 139 930 stone
577 139 931 stone
577 139 932 stone
577 139 933 stone
577 139 934 stone
577 139 935 stone
577 139 936 stone
577 139 937 stone
577 139 938 stone
577 139 941 stone
577 139 942 stone
577 139 943 stone
577 139 944 stone
577 139 945 stone
577 139 946 stone
577 139 947 stone
577 139 948 stone
577 139 949 stone
577 139 950 stone
577 139 951 stone
577 139 952 stone
577 139 953 stone
577 139 954 stone
577 139 955 stone
577 139 956 stone
577 139 957 stone
577 139 958 stone
577 139 959 stone
577 139 960 stone
577 139 961 stone
577 139 962 stone
577 139 963 stone
577 139 964 stone
577 139 965 stone
577 139 966 stone
577 139 967 stone
577 139 968 stone
577 139 969 stone
577 139 970 dirt
577 139 971 dirt
577 139 972 stone
577 139 973 stone
577 139 974 stone
577 139 975 coal_ore
577 139 976 coal_ore
577 139 977 stone
577 139 978 stone
577 139 979 dirt
577 139 980 dirt
577 139 981 dirt
577 139 982 dirt
577 139 983 grass_block[snowy=false]
578 139 897 stone
578 139 898 stone
578 139 899 emerald_ore
578 139 900 stone
578 139 901 stone
578 139 902 stone
578 139 903 stone
578 139 904 stone
578 139 905 stone
578 139 906 stone
578 139 907 stone
578 139 908 stone
578 139 909 stone
578 139 910 stone
578 139 911 stone
578 139 912 stone
578 139 913 stone
578 139 914 stone
578 139 915 stone
578 139 916 stone
578 139 917 stone
578 139 918 stone
578 139 919 stone
578 139 920 stone
578 139 921 stone
578 139 922 stone
578 139 923 stone
578 139 924 stone
578 139 925 stone
578 139 926 stone
578 139 927 stone
578 139 928 stone
578 139 929 stone
578 139 930 stone
578 139 931 stone
578 139 932 stone
578 139 933 stone
578 139 934 stone
578 139 935 stone
578 139 936 stone
578 139 937 stone
578 139 943 stone
578 139 944 stone
578 139 945 stone
578 139 946 stone
578 139 947 stone
578 139 948 stone
578 139 949 stone
578 139 950 stone
578 139 951 stone
578 139 952 stone
578 139 953 stone
578 139 954 stone
578 139 955 stone
578 139 956 stone
578 139 957 stone
578 139 958 stone
578 139 959 stone
578 139 960 stone
578 139 961 stone
578 139 962 stone
578 139 963 stone
578 139 964 stone
578 139 965 stone
578 139 966 stone
578 139 967 stone
578 139 968 stone
578 139 969 stone
578 139 970 stone
578 139 971 dirt
578 139 972 dirt
578 139 973 stone
578 139 974 stone
578 139 975 stone
578 139 976 stone
578 139 977 stone
578 139 978 stone
578 139 979 dirt
578 139 980 dirt
578 139 981 dirt
578 139 982 grass_block[snowy=false]
578 139 983 short_grass
579 139 898 stone
579 139 899 stone
579 139 900 stone
579 139 901 stone
579 139 902 stone
579 139 903 stone
579 139 904 stone
579 139 905 stone
579 139 906 stone
579 139 907 stone
579 139 908 stone
579 139 909 stone
579 139 910 stone
579 139 911 stone
579 139 912 stone
579 139 913 stone
579 139 914 stone
579 139 915 stone
579 139 916 stone
579 139 917 stone
579 139 918 stone
579 139 919 stone
579 139 920 stone
579 139 921 stone
579 139 922 stone
579 139 923 stone
579 139 924 stone
579 139 925 stone
579 139 926 stone
579 139 927 stone
579 139 928 stone
579 139 929 stone
579 139 930 stone
579 139 931 stone
579 139 932 stone
579 139 933 stone
579 139 934 stone
579 139 935 stone
579 139 936 stone
579 139 944 stone
579 139 945 stone
579 139 946 stone
579 139 947 stone
579 139 948 stone
579 139 949 stone
579 139 950 stone
579 139 951 stone
579 139 952 stone
579 139 953 stone
579 139 954 stone
579 139 955 stone
579 139 956 stone
579 139 957 stone
579 139 958 stone
579 139 959 stone
579 139 960 stone
579 139 961 stone
579 139 962 stone
579 139 963 stone
579 139 964 stone
579 139 965 stone
579 139 966 stone
579 139 967 stone
579 139 968 stone
579 139 969 stone
579 139 970 stone
579 139 971 stone
579 139 972 stone
579 139 973 stone
579 139 974 stone
579 139 975 stone
579 139 976 stone
579 139 977 stone
579 139 978 dirt
579 139 979 dirt
579 139 980 dirt
579 139 981 grass_block[snowy=false]
579 139 982 grass_block[snowy=false]
580 139 898 stone
580 139 899 stone
580 139 900 stone
580 139 901 stone
580 139 902 stone
580 139 903 stone
580 139 904 stone
580 139 905 stone
580 139 906 stone
580 139 907 stone
580 139 908 stone
580 139 909 stone
580 139 910 stone
580 139 911 stone
580 139 912 stone
580 139 913 stone
580 139 914 stone
580 139 915 stone
580 139 916 stone
580 139 917 stone
580 139 918 stone
580 139 919 stone
580 139 920 stone
580 139 921 stone
580 139 922 stone
580 139 923 stone
580 139 924 stone
580 139 925 stone
580 139 926 stone
580 139 927 stone
580 139 928 stone
580 139 929 stone
580 139 930 stone
580 139 931 stone
580 139 932 stone
580 139 933 stone
580 139 934 stone
580 139 935 stone
580 139 936 stone
580 139 937 stone
580 139 945 stone
580 139 946 stone
580 139 947 stone
580 139 948 stone
580 139 949 stone
580 139 950 stone
580 139 951 stone
580 139 952 stone
580 139 953 stone
580 139 954 stone
580 139 955 stone
580 139 956 stone
580 139 957 stone
580 139 958 stone
580 139 959 stone
580 139 960 stone
580 139 961 stone
580 139 962 stone
580 139 963 stone
580 139 964 stone
580 139 965 stone
580 139 966 stone
580 139 967 stone
580 139 968 dirt
580 139 969 dirt
