558 103 1013 copper_ore
558 103 1014 copper_ore
558 103 1015 stone
558 103 1016 stone
558 103 1017 stone
558 103 1018 stone
558 103 1019 stone
558 103 1020 stone
558 103 1021 stone
558 103 1022 stone
558 103 1023 stone
559 103 896 stone
559 103 897 granite
559 103 898 granite
559 103 899 granite
559 103 900 granite
559 103 901 granite
559 103 902 granite
559 103 903 granite
559 103 904 granite
559 103 905 granite
559 103 906 granite
559 103 907 granite
559 103 908 stone
559 103 909 stone
559 103 910 stone
559 103 911 stone
559 103 912 stone
559 103 913 stone
559 103 914 stone
559 103 915 stone
559 103 916 stone
559 103 917 stone
559 103 918 stone
559 103 919 stone
559 103 920 stone
559 103 921 stone
559 103 922 stone
559 103 923 stone
559 103 924 stone
559 103 925 stone
559 103 926 stone
559 103 927 stone
559 103 928 stone
559 103 929 stone
559 103 930 stone
559 103 931 stone
559 103 932 stone
559 103 933 stone
559 103 934 stone
559 103 935 stone
559 103 936 stone
559 103 937 copper_ore
559 103 938 diorite
559 103 939 diorite
559 103 940 diorite
559 103 941 diorite
559 103 942 diorite
559 103 943 stone
559 103 944 stone
559 103 945 stone
559 103 946 stone
559 103 947 stone
559 103 948 stone
559 103 949 stone
559 103 950 stone
559 103 953 gravel
559 103 954 gravel
559 103 955 gravel
559 103 956 gravel
559 103 957 gravel
559 103 958 stone
559 103 959 stone
559 103 960 stone
559 103 961 stone
559 103 962 stone
559 103 963 stone
559 103 964 stone
559 103 965 stone
559 103 966 stone
559 103 967 coal_ore
559 103 968 coal_ore
559 103 969 granite
559 103 970 granite
559 103 971 gravel
559 103 972 gravel
559 103 973 gravel
559 103 974 granite
559 103 975 granite
559 103 976 stone
559 103 977 stone
559 103 978 stone
559 103 979 stone
559 103 980 stone
559 103 981 stone
559 103 982 stone
559 103 983 stone
559 103 984 stone
559 103 985 stone
559 103 986 stone
559 103 987 andesite
559 103 988 andesite
559 103 989 andesite
559 103 990 andesite
559 103 991 andesite
559 103 992 stone
559 103 993 stone
559 103 994 stone
559 103 995 stone
559 103 996 stone
559 103 997 stone
559 103 998 stone
559 103 999 stone
559 103 1000 stone
559 103 1001 stone
559 103 1002 stone
559 103 1003 stone
559 103 1004 stone
559 103 1005 copper_ore
559 103 1006 stone
559 103 1007 stone
559 103 1008 stone
559 103 1009 stone
559 103 1010 stone
559 103 1011 stone
559 103 1012 stone
559 103 1013 stone
559 103 1014 stone
559 103 1015 stone
559 103 1016 stone
559 103 1017 stone
559 103 1018 stone
559 103 1019 stone
559 103 1020 stone
559 103 1021 stone
559 103 1022 stone
559 103 1023 stone
560 103 896 stone
560 103 897 granite
560 103 898 granite
560 103 899 granite
560 103 900 granite
560 103 901 granite
560 103 902 granite
560 103 903 granite
560 103 904 granite
560 103 905 granite
560 103 906 stone
560 103 907 stone
560 103 908 stone
560 103 909 stone
560 103 910 stone
560 103 911 stone
560 103 912 stone
560 103 913 stone
560 103 914 stone
560 103 915 stone
560 103 916 stone
560 103 917 stone
560 103 918 stone
560 103 919 stone
560 103 920 stone
560 103 921 stone
560 103 922 stone
560 103 923 stone
560 103 924 stone
560 103 925 stone
560 103 926 stone
560 103 927 stone
560 103 928 stone
560 103 929 stone
560 103 930 stone
560 103 931 stone
560 103 932 stone
560 103 933 stone
560 103 934 stone
560 103 935 stone
560 103 936 stone
560 103 937 diorite
560 103 938 diorite
560 103 939 diorite
560 103 940 diorite
560 103 941 diorite
560 103 942 diorite
560 103 943 stone
560 103 944 stone
560 103 945 stone
560 103 946 stone
560 103 947 stone
560 103 948 stone
560 103 949 stone
560 103 950 stone
560 103 953 gravel
560 103 954 gravel
560 103 955 gravel
560 103 956 gravel
560 103 957 gravel
560 103 958 stone
560 103 959 stone
560 103 960 stone
560 103 961 stone
560 103 962 stone
560 103 963 stone
560 103 964 stone
560 103 965 stone
560 103 966 stone
560 103 967 stone
560 103 968 stone
560 103 969 stone
560 103 970 granite
560 103 971 granite
560 103 972 gravel
560 103 973 gravel
560 103 974 gravel
560 103 975 granite
560 103 976 stone
560 103 977 stone
560 103 978 stone
560 103 979 stone
560 103 980 stone
560 103 981 stone
560 103 982 stone
560 103 983 stone
560 103 984 stone
560 103 985 stone
560 103 986 stone
560 103 987 andesite
560 103 988 andesite
560 103 989 andesite
560 103 990 andesite
560 103 991 andesite
560 103 992 stone
560 103 993 stone
560 103 994 stone
560 103 995 stone
560 103 996 stone
560 103 997 stone
560 103 998 stone
560 103 999 stone
560 103 1000 stone
560 103 1001 stone
560 103 1002 stone
560 103 1003 stone
560 103 1004 stone
560 103 1005 copper_ore
560 103 1006 copper_ore
560 103 1007 stone
560 103 1008 stone
560 103 1009 stone
560 103 1010 stone
560 103 1011 stone
560 103 1012 stone
560 103 1013 stone
560 103 1014 stone
560 103 1015 stone
560 103 1016 stone
560 103 1017 stone
560 103 1018 stone
560 103 1019 stone
560 103 1020 stone
560 103 1021 stone
560 103 1022 stone
560 103 1023 stone
561 103 896 stone
561 103 897 stone
561 103 898 granite
561 103 899 granite
561 103 900 granite
561 103 901 granite
561 103 902 granite
561 103 903 granite
561 103 904 stone
561 103 905 stone
561 103 906 stone
561 103 907 stone
561 103 908 stone
561 103 909 stone
561 103 910 stone
561 103 911 stone
561 103 912 stone
561 103 913 stone
561 103 914 stone
561 103 915 stone
561 103 916 stone
561 103 917 stone
561 103 918 stone
561 103 919 stone
561 103 920 stone
561 103 921 stone
561 103 922 stone
561 103 923 stone
561 103 924 stone
561 103 925 stone
561 103 926 stone
561 103 927 stone
561 103 928 stone
561 103 929 stone
561 103 930 stone
561 103 931 stone
561 103 932 stone
561 103 933 stone
561 103 934 stone
561 103 935 stone
561 103 936 stone
561 103 937 copper_ore
561 103 938 diorite
561 103 939 diorite
561 103 940 diorite
561 103 941 diorite
561 103 942 diorite
561 103 943 diorite
561 103 944 stone
561 103 945 stone
561 103 946 stone
561 103 947 stone
561 103 948 stone
561 103 949 stone
561 103 950 stone
561 103 953 stone
561 103 954 gravel
561 103 955 gravel
561 103 956 gravel
561 103 957 gravel
561 103 958 stone
561 103 959 stone
561 103 960 stone
561 103 961 stone
561 103 962 stone
561 103 963 stone
561 103 964 stone
561 103 965 stone
561 103 966 stone
561 103 967 stone
561 103 968 stone
561 103 969 stone
561 103 970 stone
561 103 971 granite
561 103 972 gravel
561 103 973 gravel
561 103 974 gravel
561 103 975 gravel
561 103 976 stone
561 103 977 stone
561 103 978 stone
561 103 979 stone
561 103 980 stone
561 103 981 stone
561 103 982 stone
561 103 983 stone
561 103 984 stone
561 103 985 stone
561 103 986 stone
561 103 987 andesite
561 103 988 andesite
561 103 989 andesite
561 103 990 andesite
561 103 991 andesite
561 103 992 stone
561 103 993 stone
561 103 994 stone
561 103 995 stone
561 103 996 stone
561 103 997 stone
561 103 998 stone
561 103 999 stone
561 103 1000 stone
561 103 1001 stone
561 103 1002 stone
561 103 1003 stone
561 103 1004 stone
561 103 1005 copper_ore
561 103 1006 copper_ore
561 103 1007 stone
561 103 1008 stone
561 103 1009 stone
561 103 1010 stone
561 103 1011 stone
561 103 1012 stone
561 103 1013 stone
561 103 1014 stone
561 103 1015 stone
561 103 1016 stone
561 103 1017 stone
561 103 1018 stone
561 103 1019 stone
561 103 1020 stone
561 103 1021 stone
561 103 1022 stone
561 103 1023 stone
562 103 896 stone
562 103 897 stone
562 103 898 stone
562 103 899 stone
562 103 900 granite
562 103 901 stone
562 103 902 stone
562 103 903 stone
562 103 904 stone
562 103 905 stone
562 103 906 stone
562 103 907 stone
562 103 908 stone
562 103 909 stone
562 103 910 stone
562 103 911 stone
562 103 912 stone
562 103 913 stone
562 103 914 stone
562 103 915 stone
562 103 916 stone
562 103 917 stone
562 103 918 stone
562 103 919 stone
562 103 920 stone
562 103 921 stone
562 103 922 stone
562 103 923 stone
562 103 924 stone
562 103 925 stone
562 103 926 stone
562 103 927 stone
562 103 928 stone
562 103 929 stone
562 103 930 stone
562 103 931 stone
562 103 932 stone
562 103 933 stone
562 103 934 stone
562 103 935 stone
562 103 936 stone
562 103 937 diorite
562 103 938 diorite
562 103 939 diorite
562 103 940 diorite
562 103 941 diorite
562 103 942 diorite
562 103 943 stone
562 103 944 stone
562 103 945 stone
562 103 946 stone
562 103 947 stone
562 103 948 stone
562 103 949 stone
562 103 950 stone
562 103 951 stone
562 103 953 stone
562 103 954 stone
562 103 955 gravel
562 103 956 gravel
562 103 957 gravel
562 103 958 stone
562 103 959 stone
562 103 960 stone
562 103 961 stone
562 103 962 stone
562 103 963 stone
562 103 964 stone
562 103 965 stone
562 103 966 stone
562 103 967 stone
562 103 968 stone
562 103 969 stone
562 103 970 stone
562 103 971 granite
562 103 972 granite
562 103 973 gravel
562 103 974 gravel
562 103 975 gravel
562 103 976 stone
562 103 977 stone
562 103 978 stone
562 103 979 stone
562 103 980 stone
562 103 981 stone
562 103 982 stone
562 103 983 stone
562 103 984 stone
562 103 985 stone
562 103 986 stone
562 103 987 stone
562 103 988 andesite
562 103 989 andesite
562 103 990 andesite
562 103 991 stone
562 103 992 stone
562 103 993 stone
562 103 994 stone
562 103 995 stone
562 103 996 stone
562 103 997 stone
562 103 998 stone
562 103 999 stone
562 103 1000 stone
562 103 1001 stone
562 103 1002 stone
562 103 1003 stone
562 103 1004 stone
562 103 1005 stone
562 103 1006 stone
562 103 1007 stone
562 103 1008 stone
562 103 1009 stone
562 103 1010 stone
562 103 1011 stone
562 103 1012 stone
562 103 1013 stone
562 103 1014 stone
562 103 1015 stone
562 103 1016 stone
562 103 1017 stone
562 103 1018 stone
562 103 1019 stone
562 103 1020 stone
562 103 1021 stone
562 103 1022 stone
562 103 1023 stone
563 103 897 stone
563 103 898 stone
563 103 899 stone
563 103 900 stone
563 103 901 stone
563 103 902 stone
563 103 903 stone
563 103 904 stone
563 103 905 stone
563 103 906 stone
563 103 907 stone
563 103 908 stone
563 103 909 stone
563 103 910 stone
563 103 911 stone
563 103 912 stone
563 103 913 stone
563 103 914 stone
563 103 915 stone
563 103 916 stone
563 103 917 stone
563 103 918 stone
563 103 919 stone
563 103 920 stone
563 103 921 stone
563 103 922 stone
563 103 923 stone
563 103 924 stone
563 103 925 stone
563 103 926 stone
563 103 927 stone
563 103 928 stone
563 103 929 stone
563 103 930 stone
563 103 931 stone
563 103 932 stone
563 103 933 stone
563 103 934 stone
563 103 935 stone
563 103 936 stone
563 103 937 diorite
563 103 938 diorite
563 103 939 diorite
563 103 940 diorite
563 103 941 diorite
563 103 942 diorite
563 103 943 stone
563 103 944 stone
563 103 945 stone
563 103 946 stone
563 103 947 stone
563 103 948 stone
563 103 949 stone
563 103 950 stone
563 103 951 stone
563 103 953 stone
563 103 954 stone
563 103 955 stone
563 103 956 gravel
563 103 957 stone
563 103 958 stone
563 103 959 stone
563 103 960 stone
563 103 961 stone
563 103 962 stone
563 103 963 stone
563 103 964 stone
563 103 965 stone
563 103 966 stone
563 103 967 stone
563 103 968 stone
563 103 969 stone
563 103 970 stone
563 103 971 stone
563 103 972 granite
563 103 973 gravel
563 103 974 gravel
563 103 975 gravel
563 103 976 stone
563 103 977 stone
563 103 978 stone
563 103 979 stone
563 103 980 stone
563 103 981 stone
563 103 982 stone
563 103 983 stone
563 103 984 stone
563 103 985 stone
563 103 986 stone
563 103 987 stone
563 103 988 stone
563 103 989 andesite
563 103 990 andesite
563 103 991 stone
563 103 992 stone
563 103 993 stone
563 103 994 stone
563 103 995 stone
563 103 996 stone
563 103 997 stone
563 103 998 stone
563 103 999 stone
563 103 1000 stone
563 103 1001 stone
563 103 1002 stone
563 103 1003 stone
563 103 1004 stone
563 103 1005 stone
563 103 1006 stone
563 103 1007 stone
563 103 1008 stone
563 103 1009 stone
563 103 1010 stone
563 103 1011 stone
563 103 1012 stone
563 103 1013 stone
563 103 1014 stone
563 103 1015 stone
563 103 1016 stone
563 103 1017 stone
563 103 1018 stone
563 103 1019 stone
563 103 1020 stone
563 103 1021 stone
563 103 1022 stone
563 103 1023 stone
564 103 898 stone
564 103 899 stone
564 103 900 copper_ore
564 103 901 stone
564 103 902 stone
564 103 903 stone
564 103 904 stone
564 103 905 stone
564 103 906 stone
564 103 907 stone
564 103 908 stone
564 103 909 stone
564 103 910 stone
564 103 911 stone
564 103 912 stone
564 103 913 stone
564 103 914 stone
564 103 915 stone
564 103 916 stone
564 103 917 stone
564 103 918 stone
564 103 919 stone
564 103 920 stone
564 103 921 stone
564 103 922 stone
564 103 923 stone
564 103 924 stone
564 103 925 stone
564 103 926 stone
564 103 927 stone
564 103 928 coal_ore
564 103 929 coal_ore
564 103 930 coal_ore
564 103 931 coal_ore
564 103 932 coal_ore
564 103 933 coal_ore
564 103 934 stone
564 103 935 stone
564 103 936 diorite
564 103 937 diorite
564 103 938 diorite
564 103 939 diorite
564 103 940 diorite
564 103 941 diorite
564 103 942 diorite
564 103 943 diorite
564 103 944 stone
564 103 945 stone
564 103 946 stone
564 103 947 stone
564 103 948 stone
564 103 949 stone
564 103 950 stone
564 103 951 stone
564 103 953 stone
564 103 954 stone
564 103 955 stone
564 103 956 stone
564 103 957 stone
564 103 958 stone
564 103 959 stone
564 103 960 stone
564 103 961 stone
564 103 962 stone
564 103 963 stone
564 103 964 stone
564 103 965 stone
564 103 966 stone
564 103 967 stone
564 103 968 stone
564 103 969 stone
564 103 970 stone
564 103 971 stone
564 103 972 stone
564 103 973 stone
564 103 974 gravel
564 103 975 gravel
564 103 976 stone
564 103 977 stone
564 103 978 stone
564 103 979 stone
564 103 980 stone
564 103 981 stone
564 103 982 stone
564 103 983 stone
564 103 984 stone
564 103 985 stone
564 103 986 stone
564 103 987 stone
564 103 988 andesite
564 103 989 andesite
564 103 990 andesite
564 103 991 andesite
564 103 992 stone
564 103 993 stone
564 103 994 stone
564 103 995 stone
564 103 996 stone
564 103 997 stone
564 103 998 stone
564 103 999 stone
564 103 1000 stone
564 103 1001 stone
564 103 1002 stone
564 103 1003 stone
564 103 1004 stone
564 103 1005 stone
564 103 1006 stone
564 103 1007 stone
564 103 1008 stone
564 103 1009 stone
564 103 1010 stone
564 103 1011 stone
564 103 1012 stone
564 103 1013 stone
564 103 1014 stone
564 103 1015 stone
564 103 1016 stone
564 103 1017 stone
564 103 1018 stone
564 103 1019 stone
564 103 1020 stone
564 103 1021 stone
564 103 1022 stone
564 103 1023 stone
565 103 899 stone
565 103 900 copper_ore
565 103 901 copper_ore
565 103 902 stone
565 103 903 stone
565 103 904 stone
565 103 905 stone
565 103 906 stone
565 103 907 stone
565 103 908 stone
565 103 909 stone
565 103 910 stone
565 103 911 stone
565 103 912 stone
565 103 913 stone
565 103 914 stone
565 103 915 stone
565 103 916 stone
565 103 917 stone
565 103 918 stone
565 103 919 stone
565 103 920 stone
565 103 921 stone
565 103 922 stone
565 103 923 stone
565 103 924 stone
565 103 925 stone
565 103 926 stone
565 103 927 stone
565 103 928 coal_ore
565 103 929 coal_ore
565 103 930 coal_ore
565 103 931 coal_ore
565 103 932 coal_ore
565 103 933 coal_ore
565 103 934 stone
565 103 935 stone
565 103 936 diorite
565 103 937 diorite
565 103 938 diorite
565 103 939 diorite
565 103 940 diorite
565 103 941 diorite
565 103 942 diorite
565 103 943 diorite
565 103 944 stone
565 103 945 stone
565 103 946 stone
565 103 947 stone
565 103 948 stone
565 103 949 stone
565 103 950 stone
565 103 951 stone
565 103 953 stone
565 103 954 stone
565 103 955 stone
565 103 956 stone
565 103 957 stone
565 103 958 stone
565 103 959 stone
565 103 960 stone
565 103 961 stone
565 103 962 stone
565 103 963 stone
565 103 964 stone
565 103 965 stone
565 103 966 stone
565 103 967 stone
565 103 968 stone
565 103 969 stone
565 103 970 stone
565 103 971 stone
565 103 972 stone
565 103 973 stone
565 103 974 stone
565 103 975 gravel
565 103 976 stone
565 103 977 stone
565 103 978 stone
565 103 979 stone
565 103 980 stone
565 103 981 stone
565 103 982 stone
565 103 983 stone
565 103 984 stone
565 103 985 stone
565 103 986 stone
565 103 987 stone
565 103 988 stone
565 103 989 andesite
565 103 990 andesite
565 103 991 stone
565 103 992 stone
565 103 993 stone
565 103 994 stone
565 103 995 stone
565 103 996 stone
565 103 997 stone
565 103 998 stone
565 103 999 stone
565 103 1000 stone
565 103 1001 stone
565 103 1002 stone
565 103 1003 stone
565 103 1004 stone
565 103 1005 stone
565 103 1006 stone
565 103 1007 stone
565 103 1008 stone
565 103 1009 stone
565 103 1010 stone
565 103 1011 stone
565 103 1012 stone
565 103 1013 stone
565 103 1014 stone
565 103 1015 stone
565 103 1016 stone
565 103 1017 stone
565 103 1018 stone
565 103 1019 stone
565 103 1020 stone
565 103 1021 stone
565 103 1022 stone
565 103 1023 stone
566 103 900 copper_ore
566 103 901 copper_ore
566 103 902 gravel
566 103 903 gravel
566 103 904 gravel
566 103 905 gravel
566 103 906 gravel
566 103 907 gravel
566 103 908 stone
566 103 909 stone
566 103 910 stone
566 103 911 stone
566 103 912 stone
566 103 913 stone
566 103 914 stone
566 103 915 stone
566 103 916 stone
566 103 917 stone
566 103 918 stone
566 103 919 gravel
566 103 920 gravel
566 103 921 gravel
566 103 922 gravel
566 103 923 gravel
566 103 924 gravel
566 103 925 gravel
566 103 926 stone
566 103 927 stone
566 103 928 stone
566 103 929 stone
566 103 930 coal_ore
566 103 931 stone
566 103 932 stone
566 103 933 stone
566 103 934 stone
566 103 935 stone
566 103 936 diorite
566 103 937 diorite
566 103 938 diorite
566 103 939 diorite
566 103 940 diorite
566 103 941 diorite
566 103 942 diorite
566 103 943 diorite
566 103 944 stone
566 103 945 stone
566 103 946 stone
566 103 947 stone
566 103 948 stone
566 103 949 stone
566 103 950 stone
566 103 951 stone
566 103 953 diorite
566 103 954 diorite
566 103 955 diorite
566 103 956 diorite
566 103 957 stone
566 103 958 stone
566 103 959 diorite
566 103 960 diorite
566 103 961 stone
566 103 962 stone
566 103 963 stone
566 103 964 stone
566 103 965 stone
566 103 966 stone
566 103 967 stone
566 103 968 stone
566 103 969 stone
566 103 970 stone
566 103 971 stone
566 103 972 stone
566 103 973 stone
566 103 974 stone
566 103 975 stone
566 103 976 stone
566 103 977 stone
566 103 978 stone
566 103 979 stone
566 103 980 stone
566 103 981 stone
566 103 982 stone
566 103 983 stone
566 103 984 stone
566 103 985 stone
566 103 986 stone
566 103 987 stone
566 103 988 stone
566 103 989 stone
566 103 990 stone
566 103 991 stone
566 103 992 stone
566 103 993 stone
566 103 994 stone
566 103 995 stone
566 103 996 stone
566 103 997 stone
566 103 998 stone
566 103 999 stone
566 103 1000 stone
566 103 1001 stone
566 103 1002 stone
566 103 1003 stone
566 103 1004 stone
566 103 1005 stone
566 103 1006 stone
566 103 1007 stone
566 103 1008 stone
566 103 1009 stone
566 103 1010 stone
566 103 1011 stone
566 103 1012 stone
566 103 1013 stone
566 103 1014 stone
566 103 1015 stone
566 103 1016 stone
566 103 1017 stone
566 103 1018 stone
566 103 1019 stone
566 103 1020 stone
566 103 1021 stone
566 103 1022 stone
566 103 1023 stone
567 103 901 gravel
567 103 902 gravel
567 103 903 gravel
567 103 904 gravel
567 103 905 gravel
567 103 906 gravel
567 103 907 gravel
567 103 908 gravel
567 103 909 stone
567 103 910 stone
567 103 911 stone
567 103 912 stone
567 103 913 stone
567 103 914 stone
567 103 915 stone
567 103 916 stone
567 103 917 stone
567 103 918 gravel
567 103 919 gravel
567 103 920 gravel
567 103 921 gravel
567 103 922 gravel
567 103 923 gravel
567 103 924 gravel
567 103 925 gravel
567 103 926 stone
567 103 927 stone
567 103 928 stone
567 103 929 stone
567 103 930 stone
567 103 931 coal_ore
567 103 932 coal_ore
567 103 933 stone
567 103 934 granite
567 103 935 granite
567 103 936 diorite
567 103 937 diorite
567 103 938 diorite
567 103 939 diorite
567 103 940 diorite
567 103 941 diorite
567 103 942 diorite
567 103 943 diorite
567 103 944 stone
567 103 945 stone
567 103 946 stone
567 103 947 stone
567 103 948 stone
567 103 949 stone
567 103 950 stone
567 103 951 stone
567 103 953 diorite
567 103 954 diorite
567 103 955 diorite
567 103 956 diorite
567 103 957 diorite
567 103 958 diorite
567 103 959 diorite
567 103 960 diorite
567 103 961 diorite
567 103 962 diorite
567 103 963 stone
567 103 964 stone
567 103 965 stone
567 103 966 stone
567 103 967 stone
567 103 968 stone
567 103 969 stone
567 103 970 stone
567 103 971 stone
567 103 972 stone
567 103 973 stone
567 103 974 stone
567 103 975 stone
567 103 976 stone
567 103 977 stone
567 103 978 stone
567 103 979 stone
567 103 980 stone
567 103 981 stone
567 103 982 stone
567 103 983 stone
567 103 984 stone
567 103 985 stone
