545 101 953 stone
545 101 954 stone
545 101 955 stone
545 101 956 stone
545 101 957 stone
545 101 958 stone
545 101 959 stone
545 101 960 stone
545 101 961 stone
545 101 962 stone
545 101 963 stone
545 101 964 stone
545 101 965 stone
545 101 966 stone
545 101 967 stone
545 101 968 stone
545 101 969 andesite
545 101 970 andesite
545 101 971 andesite
545 101 972 andesite
545 101 973 andesite
545 101 974 andesite
545 101 975 stone
545 101 976 stone
545 101 977 stone
545 101 978 coal_ore
545 101 979 coal_ore
545 101 980 stone
545 101 981 stone
545 101 982 stone
545 101 983 stone
545 101 984 stone
545 101 985 stone
545 101 986 stone
545 101 987 stone
545 101 988 stone
545 101 989 stone
545 101 990 stone
545 101 991 stone
545 101 992 stone
545 101 993 stone
545 101 994 stone
545 101 995 stone
545 101 996 stone
545 101 997 stone
545 101 998 stone
545 101 999 stone
545 101 1000 stone
545 101 1001 stone
545 101 1002 stone
545 101 1003 stone
545 101 1004 stone
545 101 1005 stone
545 101 1006 stone
545 101 1007 stone
545 101 1008 stone
545 101 1009 stone
545 101 1010 stone
545 101 1011 stone
545 101 1012 stone
545 101 1013 stone
545 101 1014 granite
545 101 1015 granite
545 101 1016 granite
545 101 1017 granite
545 101 1018 stone
545 101 1019 stone
545 101 1020 stone
545 101 1021 stone
545 101 1022 stone
545 101 1023 stone
546 101 910 diorite
546 101 911 diorite
546 101 917 stone
546 101 918 dirt
546 101 919 dirt
546 101 920 dirt
546 101 921 stone
546 101 922 stone
546 101 923 stone
546 101 924 stone
546 101 925 stone
546 101 926 stone
546 101 927 stone
546 101 928 stone
546 101 929 stone
546 101 930 stone
546 101 931 stone
546 101 932 stone
546 101 933 stone
546 101 934 stone
546 101 935 stone
546 101 936 stone
546 101 937 stone
546 101 938 stone
546 101 939 stone
546 101 940 stone
546 101 941 stone
546 101 942 stone
546 101 943 stone
546 101 944 stone
546 101 945 stone
546 101 946 stone
546 101 947 dirt
546 101 948 dirt
546 101 949 dirt
546 101 950 dirt
546 101 951 stone
546 101 952 stone
546 101 953 stone
546 101 954 stone
546 101 955 stone
546 101 956 stone
546 101 957 stone
546 101 958 stone
546 101 959 stone
546 101 960 stone
546 101 961 stone
546 101 962 stone
546 101 963 stone
546 101 964 stone
546 101 965 stone
546 101 966 stone
546 101 967 stone
546 101 968 andesite
546 101 969 andesite
546 101 970 andesite
546 101 971 andesite
546 101 972 andesite
546 101 973 andesite
546 101 974 andesite
546 101 975 stone
546 101 976 stone
546 101 977 stone
546 101 978 stone
546 101 979 stone
546 101 980 stone
546 101 981 stone
546 101 982 stone
546 101 983 stone
546 101 984 stone
546 101 985 stone
546 101 986 stone
546 101 987 stone
546 101 988 stone
546 101 989 stone
546 101 990 stone
546 101 991 stone
546 101 992 stone
546 101 993 stone
546 101 994 stone
546 101 995 stone
546 101 996 stone
546 101 997 stone
546 101 998 stone
546 101 999 stone
546 101 1000 stone
546 101 1001 stone
546 101 1002 stone
546 101 1003 stone
546 101 1004 stone
546 101 1005 stone
546 101 1006 stone
546 101 1007 stone
546 101 1008 stone
546 101 1009 stone
546 101 1010 stone
546 101 1011 stone
546 101 1012 stone
546 101 1013 stone
546 101 1014 stone
546 101 1015 granite
546 101 1016 granite
546 101 1017 stone
546 101 1018 stone
546 101 1019 stone
546 101 1020 stone
546 101 1021 stone
546 101 1022 stone
546 101 1023 stone
547 101 910 diorite
547 101 911 diorite
547 101 917 dirt
547 101 918 dirt
547 101 919 dirt
547 101 920 gravel
547 101 921 stone
547 101 922 stone
547 101 923 stone
547 101 924 stone
547 101 925 stone
547 101 926 stone
547 101 927 stone
547 101 928 stone
547 101 929 diorite
547 101 930 diorite
547 101 931 diorite
547 101 932 diorite
547 101 933 diorite
547 101 934 stone
547 101 935 stone
547 101 936 stone
547 101 937 stone
547 101 938 stone
547 101 939 stone
547 101 940 stone
547 101 941 stone
547 101 942 stone
547 101 943 stone
547 101 944 stone
547 101 945 stone
547 101 946 stone
547 101 947 stone
547 101 948 dirt
547 101 949 stone
547 101 950 stone
547 101 951 stone
547 101 952 stone
547 101 953 stone
547 101 954 stone
547 101 955 stone
547 101 956 stone
547 101 957 stone
547 101 958 stone
547 101 959 stone
547 101 960 stone
547 101 961 stone
547 101 962 stone
547 101 963 stone
547 101 964 stone
547 101 965 stone
547 101 966 stone
547 101 967 granite
547 101 968 andesite
547 101 969 andesite
547 101 970 andesite
547 101 971 andesite
547 101 972 andesite
547 101 973 andesite
547 101 974 andesite
547 101 975 stone
547 101 976 stone
547 101 977 stone
547 101 978 stone
547 101 979 stone
547 101 980 stone
547 101 981 stone
547 101 982 stone
547 101 983 stone
547 101 984 stone
547 101 985 stone
547 101 986 stone
547 101 987 stone
547 101 988 stone
547 101 989 stone
547 101 990 stone
547 101 991 stone
547 101 992 stone
547 101 993 stone
547 101 994 stone
547 101 995 stone
547 101 996 stone
547 101 997 stone
547 101 998 stone
547 101 999 stone
547 101 1000 stone
547 101 1001 stone
547 101 1002 stone
547 101 1003 stone
547 101 1004 stone
547 101 1005 stone
547 101 1006 stone
547 101 1007 stone
547 101 1008 stone
547 101 1009 stone
547 101 1010 stone
547 101 1011 stone
547 101 1012 copper_ore
547 101 1013 copper_ore
547 101 1014 copper_ore
547 101 1015 stone
547 101 1016 stone
547 101 1017 stone
547 101 1018 stone
547 101 1019 stone
547 101 1020 stone
547 101 1021 stone
547 101 1022 stone
547 101 1023 stone
548 101 910 diorite
548 101 917 dirt
548 101 918 dirt
548 101 919 stone
548 101 920 stone
548 101 921 stone
548 101 922 stone
548 101 923 stone
548 101 924 diorite
548 101 925 diorite
548 101 926 diorite
548 101 927 diorite
548 101 928 diorite
548 101 929 diorite
548 101 930 diorite
548 101 931 diorite
548 101 932 diorite
548 101 933 diorite
548 101 934 diorite
548 101 935 stone
548 101 936 stone
548 101 937 stone
548 101 938 stone
548 101 939 stone
548 101 940 stone
548 101 941 stone
548 101 942 stone
548 101 943 stone
548 101 944 stone
548 101 945 stone
548 101 946 stone
548 101 947 stone
548 101 948 stone
548 101 949 copper_ore
548 101 950 stone
548 101 951 stone
548 101 952 stone
548 101 953 stone
548 101 954 stone
548 101 955 stone
548 101 956 stone
548 101 957 stone
548 101 958 stone
548 101 959 stone
548 101 960 stone
548 101 961 stone
548 101 962 stone
548 101 963 stone
548 101 964 stone
548 101 965 stone
548 101 966 granite
548 101 967 andesite
548 101 968 andesite
548 101 969 andesite
548 101 970 andesite
548 101 971 andesite
548 101 972 andesite
548 101 973 andesite
548 101 974 andesite
548 101 975 stone
548 101 976 stone
548 101 977 stone
548 101 978 stone
548 101 979 stone
548 101 980 stone
548 101 981 stone
548 101 982 stone
548 101 983 stone
548 101 984 stone
548 101 985 stone
548 101 986 stone
548 101 987 stone
548 101 988 stone
548 101 989 stone
548 101 990 stone
548 101 991 stone
548 101 992 stone
548 101 993 stone
548 101 994 stone
548 101 995 stone
548 101 996 stone
548 101 997 stone
548 101 998 stone
548 101 999 stone
548 101 1000 stone
548 101 1001 stone
548 101 1002 stone
548 101 1003 stone
548 101 1004 stone
548 101 1005 stone
548 101 1006 stone
548 101 1007 stone
548 101 1008 stone
548 101 1009 stone
548 101 1010 stone
548 101 1011 copper_ore
548 101 1012 copper_ore
548 101 1013 copper_ore
548 101 1014 stone
548 101 1015 stone
548 101 1016 stone
548 101 1017 stone
548 101 1018 stone
548 101 1019 stone
548 101 1020 stone
548 101 1021 stone
548 101 1022 stone
548 101 1023 stone
549 101 917 dirt
549 101 918 dirt
549 101 919 stone
549 101 920 stone
549 101 921 stone
549 101 922 diorite
549 101 923 diorite
549 101 924 diorite
549 101 925 diorite
549 101 926 diorite
549 101 927 diorite
549 101 928 diorite
549 101 929 diorite
549 101 930 diorite
549 101 931 diorite
549 101 932 diorite
549 101 933 diorite
549 101 934 diorite
549 101 935 diorite
549 101 936 stone
549 101 937 stone
549 101 938 stone
549 101 939 stone
549 101 940 stone
549 101 941 stone
549 101 942 stone
549 101 943 stone
549 101 944 stone
549 101 945 stone
549 101 946 stone
549 101 947 stone
549 101 948 stone
549 101 949 stone
549 101 950 stone
549 101 951 stone
549 101 952 stone
549 101 953 stone
549 101 954 stone
549 101 955 stone
549 101 956 stone
549 101 957 stone
549 101 958 stone
549 101 959 stone
549 101 960 stone
549 101 961 stone
549 101 962 stone
549 101 963 stone
549 101 964 stone
549 101 965 stone
549 101 966 andesite
549 101 967 andesite
549 101 968 andesite
549 101 969 andesite
549 101 970 andesite
549 101 971 andesite
549 101 972 andesite
549 101 973 andesite
549 101 974 andesite
549 101 975 stone
549 101 976 stone
549 101 977 stone
549 101 978 stone
549 101 979 stone
549 101 980 stone
549 101 981 stone
549 101 982 stone
549 101 983 stone
549 101 984 stone
549 101 985 stone
549 101 986 stone
549 101 987 stone
549 101 988 stone
549 101 989 stone
549 101 990 stone
549 101 991 stone
549 101 992 stone
549 101 993 stone
549 101 994 stone
549 101 995 stone
549 101 996 stone
549 101 997 stone
549 101 998 stone
549 101 999 stone
549 101 1000 stone
549 101 1001 stone
549 101 1002 stone
549 101 1003 stone
549 101 1004 stone
549 101 1005 stone
549 101 1006 stone
549 101 1007 stone
549 101 1008 stone
549 101 1009 stone
549 101 1010 stone
549 101 1011 stone
549 101 1012 stone
549 101 1013 stone
549 101 1014 stone
549 101 1015 stone
549 101 1016 stone
549 101 1017 stone
549 101 1018 stone
549 101 1019 stone
549 101 1020 stone
549 101 1021 stone
549 101 1022 stone
549 101 1023 stone
550 101 909 diorite
550 101 916 stone
550 101 917 stone
550 101 918 stone
550 101 919 stone
550 101 920 stone
550 101 921 stone
550 101 922 diorite
550 101 923 diorite
550 101 924 diorite
550 101 925 diorite
550 101 926 diorite
550 101 927 diorite
550 101 928 diorite
550 101 929 diorite
550 101 930 diorite
550 101 931 diorite
550 101 932 diorite
550 101 933 diorite
550 101 934 diorite
550 101 935 diorite
550 101 936 diorite
550 101 937 stone
550 101 938 stone
550 101 939 stone
550 101 940 stone
550 101 941 stone
550 101 942 stone
550 101 943 stone
550 101 944 stone
550 101 945 stone
550 101 946 stone
550 101 947 stone
550 101 948 stone
550 101 949 stone
550 101 950 stone
550 101 951 stone
550 101 952 stone
550 101 953 stone
550 101 954 stone
550 101 955 stone
550 101 956 stone
550 101 957 stone
550 101 958 stone
550 101 959 stone
550 101 960 stone
550 101 961 stone
550 101 962 stone
550 101 963 stone
550 101 964 stone
550 101 965 stone
550 101 966 andesite
550 101 967 andesite
550 101 968 andesite
550 101 969 andesite
550 101 970 andesite
550 101 971 andesite
550 101 972 andesite
550 101 973 andesite
550 101 974 stone
550 101 975 stone
550 101 976 stone
550 101 977 stone
550 101 978 stone
550 101 979 stone
550 101 980 stone
550 101 981 stone
550 101 982 stone
550 101 983 stone
550 101 984 stone
550 101 985 stone
550 101 986 stone
550 101 987 stone
550 101 988 stone
550 101 989 stone
550 101 990 stone
550 101 991 stone
550 101 992 stone
550 101 993 stone
550 101 994 stone
550 101 995 stone
550 101 996 stone
550 101 997 stone
550 101 998 stone
550 101 999 stone
550 101 1000 stone
550 101 1001 stone
550 101 1002 stone
550 101 1003 stone
550 101 1004 stone
550 101 1005 stone
550 101 1006 stone
550 101 1007 stone
550 101 1008 stone
550 101 1009 stone
550 101 1010 stone
550 101 1011 stone
550 101 1012 stone
550 101 1013 stone
550 101 1014 stone
550 101 1015 stone
550 101 1016 stone
550 101 1017 stone
550 101 1018 stone
550 101 1019 stone
550 101 1020 stone
550 101 1021 granite
550 101 1022 granite
550 101 1023 granite
551 101 907 diorite
551 101 908 diorite
551 101 909 diorite
551 101 915 stone
551 101 916 stone
551 101 917 stone
551 101 918 stone
551 101 919 stone
551 101 920 stone
551 101 921 stone
551 101 922 diorite
551 101 923 diorite
551 101 924 diorite
551 101 925 diorite
551 101 926 diorite
551 101 927 diorite
551 101 928 diorite
551 101 929 diorite
551 101 930 diorite
551 101 931 diorite
551 101 932 diorite
551 101 933 diorite
551 101 934 diorite
551 101 935 diorite
551 101 936 stone
551 101 937 stone
551 101 938 stone
551 101 939 iron_ore
551 101 940 iron_ore
551 101 941 stone
551 101 942 stone
551 101 943 stone
551 101 944 stone
551 101 945 stone
551 101 946 stone
551 101 947 stone
551 101 948 stone
551 101 949 stone
551 101 950 stone
551 101 951 stone
551 101 952 stone
551 101 953 stone
551 101 954 stone
551 101 955 stone
551 101 956 stone
551 101 957 stone
551 101 958 stone
551 101 959 stone
551 101 960 stone
551 101 961 stone
551 101 962 stone
551 101 963 stone
551 101 964 stone
551 101 965 andesite
551 101 966 andesite
551 101 967 andesite
551 101 968 andesite
551 101 969 andesite
551 101 970 andesite
551 101 971 andesite
551 101 972 andesite
551 101 973 andesite
551 101 974 stone
551 101 975 stone
551 101 976 stone
551 101 977 stone
551 101 978 stone
551 101 979 stone
551 101 980 stone
551 101 981 stone
551 101 982 stone
551 101 983 stone
551 101 984 stone
551 101 985 stone
551 101 986 stone
551 101 987 stone
551 101 988 stone
551 101 989 stone
551 101 990 stone
551 101 991 stone
551 101 992 stone
551 101 993 stone
551 101 994 stone
551 101 995 stone
551 101 996 stone
551 101 997 stone
551 101 998 stone
551 101 999 stone
551 101 1000 stone
551 101 1001 stone
551 101 1002 stone
551 101 1003 stone
551 101 1004 stone
551 101 1005 stone
551 101 1006 stone
551 101 1007 stone
551 101 1008 stone
551 101 1009 stone
551 101 1010 stone
551 101 1011 stone
551 101 1012 stone
551 101 1013 stone
551 101 1014 stone
551 101 1015 stone
551 101 1016 stone
551 101 1017 stone
551 101 1018 granite
551 101 1019 granite
551 101 1020 granite
551 101 1021 granite
551 101 1022 granite
551 101 1023 granite
552 101 906 diorite
552 101 907 diorite
552 101 908 diorite
552 101 909 diorite
552 101 910 diorite
552 101 912 stone
552 101 913 stone
552 101 914 stone
552 101 915 stone
552 101 916 stone
552 101 917 stone
552 101 918 stone
552 101 919 stone
552 101 920 stone
552 101 921 stone
552 101 922 diorite
552 101 923 diorite
552 101 924 diorite
552 101 925 diorite
552 101 926 diorite
552 101 927 diorite
552 101 928 diorite
552 101 929 diorite
552 101 930 diorite
552 101 931 diorite
552 101 932 diorite
552 101 933 copper_ore
552 101 934 copper_ore
552 101 935 diorite
552 101 936 stone
552 101 937 stone
552 101 938 stone
552 101 939 iron_ore
552 101 940 iron_ore
552 101 941 stone
552 101 942 stone
552 101 943 stone
552 101 944 stone
552 101 945 stone
552 101 946 stone
552 101 947 stone
552 101 948 stone
552 101 949 stone
552 101 950 stone
552 101 951 stone
552 101 952 stone
552 101 953 stone
552 101 954 stone
552 101 955 stone
552 101 956 stone
552 101 957 stone
552 101 958 stone
552 101 959 stone
552 101 960 stone
552 101 961 stone
552 101 962 stone
552 101 963 stone
552 101 964 stone
552 101 965 andesite
552 101 966 andesite
552 101 967 andesite
552 101 968 andesite
552 101 969 andesite
552 101 970 andesite
552 101 971 andesite
552 101 972 andesite
552 101 973 andesite
552 101 974 stone
552 101 975 stone
552 101 976 stone
552 101 977 stone
552 101 978 stone
552 101 979 stone
552 101 980 stone
552 101 981 stone
552 101 982 stone
552 101 983 stone
552 101 984 stone
552 101 985 stone
552 101 986 stone
552 101 987 stone
552 101 988 stone
552 101 989 stone
552 101 990 stone
552 101 991 stone
552 101 992 stone
552 101 993 stone
552 101 994 stone
552 101 995 stone
552 101 996 stone
552 101 997 stone
552 101 998 stone
552 101 999 stone
552 101 1000 stone
552 101 1001 stone
552 101 1002 stone
552 101 1003 stone
552 101 1004 stone
552 101 1005 stone
552 101 1006 stone
552 101 1007 stone
552 101 1008 stone
552 101 1009 stone
552 101 1010 stone
552 101 1011 stone
552 101 1012 stone
552 101 1013 stone
552 101 1014 stone
552 101 1015 stone
552 101 1016 stone
552 101 1017 granite
552 101 1018 granite
552 101 1019 granite
552 101 1020 granite
552 101 1021 granite
552 101 1022 granite
552 101 1023 granite
553 101 905 diorite
553 101 906 diorite
553 101 907 diorite
553 101 908 diorite
553 101 909 diorite
553 101 910 granite
553 101 911 granite
553 101 912 stone
553 101 913 stone
553 101 914 stone
553 101 915 stone
553 101 916 stone
553 101 917 stone
553 101 918 stone
553 101 919 stone
553 101 920 stone
553 101 921 stone
553 101 922 diorite
553 101 923 diorite
553 101 924 diorite
553 101 925 diorite
553 101 926 diorite
553 101 927 diorite
553 101 928 diorite
553 101 929 diorite
553 101 930 diorite
553 101 931 diorite
553 101 932 diorite
553 101 933 copper_ore
553 101 934 copper_ore
553 101 935 stone
553 101 936 stone
553 101 937 stone
553 101 938 stone
553 101 939 stone
553 101 940 stone
553 101 941 stone
553 101 942 stone
553 101 943 stone
553 101 944 stone
553 101 945 stone
553 101 946 stone
553 101 947 stone
553 101 948 stone
553 101 949 stone
553 101 950 stone
553 101 951 stone
553 101 952 stone
553 101 953 stone
553 101 954 stone
553 101 955 stone
553 101 956 stone
553 101 957 stone
553 101 958 stone
553 101 959 stone
553 101 960 stone
553 101 961 stone
553 101 962 stone
553 101 963 stone
553 101 964 stone
553 101 965 andesite
553 101 966 andesite
553 101 967 andesite
553 101 968 andesite
553 101 969 andesite
553 101 970 andesite
553 101 971 andesite
553 101 972 andesite
553 101 973 granite
553 101 974 granite
553 101 975 stone
553 101 976 stone
553 101 977 stone
553 101 978 stone
553 101 979 stone
553 101 980 stone
553 101 981 stone
553 101 982 stone
553 101 983 stone
553 101 984 stone
553 101 985 stone
553 101 986 stone
553 101 987 stone
553 101 988 stone
553 101 989 stone
553 101 990 stone
553 101 991 stone
553 101 992 stone
553 101 993 stone
553 101 994 stone
553 101 995 stone
553 101 996 stone
553 101 997 stone
553 101 998 stone
553 101 999 stone
553 101 1000 stone
553 101 1001 stone
553 101 1002 stone
553 101 1003 stone
553 101 1004 stone
553 101 1005 stone
553 101 1006 stone
553 101 1007 stone
553 101 1008 stone
553 101 1009 stone
553 101 1010 stone
553 101 1011 stone
553 101 1012 stone
553 101 1013 stone
553 101 1014 stone
553 101 1015 stone
553 101 1016 granite
553 101 1017 granite
553 101 1018 granite
553 101 1019 granite
553 101 1020 granite
553 101 1021 granite
553 101 1022 granite
553 101 1023 stone
554 101 904 diorite
554 101 905 diorite
554 101 906 diorite
554 101 907 diorite
554 101 908 diorite
554 101 909 granite
554 101 910 granite
554 101 911 granite
554 101 912 stone
554 101 913 stone
554 101 914 stone
554 101 915 stone
554 101 916 stone
554 101 917 stone
554 101 918 stone
554 101 919 stone
554 101 920 stone
554 101 921 stone
554 101 922 stone
554 101 923 stone
554 101 924 stone
554 101 925 diorite
554 101 926 diorite
554 101 927 stone
554 101 928 stone
554 101 929 stone
554 101 930 diorite
554 101 931 stone
554 101 932 stone
554 101 933 stone
554 101 934 stone
554 101 935 stone
554 101 936 stone
554 101 937 stone
554 101 938 stone
554 101 939 stone
554 101 940 stone
554 101 941 stone
554 101 942 stone
554 101 943 stone
554 101 944 stone
554 101 945 stone
554 101 946 stone
554 101 947 stone
554 101 948 stone
554 101 949 stone
554 101 950 stone
554 101 951 stone
554 101 952 stone
554 101 953 stone
554 101 954 stone
554 101 955 stone
554 101 956 stone
554 101 957 stone
554 101 958 stone
554 101 959 stone
554 101 960 stone
554 101 961 stone
554 101 962 stone
554 101 963 stone
554 101 964 stone
554 101 965 andesite
554 101 966 andesite
554 101 967 andesite
554 101 968 andesite
554 101 969 andesite
554 101 970 andesite
554 101 971 andesite
554 101 972 andesite
554 101 973 granite
554 101 974 granite
554 101 975 stone
554 101 976 stone
554 101 977 stone
554 101 978 stone
554 101 979 stone
554 101 980 stone
554 101 981 stone
554 101 982 stone
554 101 983 stone
554 101 984 stone
554 101 985 stone
554 101 986 stone
554 101 987 stone
554 101 988 stone
554 101 989 stone
554 101 990 stone
554 101 991 stone
554 101 992 stone
554 101 993 stone
554 101 994 stone
554 101 995 stone
554 101 996 stone
554 101 997 stone
554 101 998 stone
554 101 999 stone
554 101 1000 stone
554 101 1001 stone
554 101 1002 stone
554 101 1003 stone
554 101 1004 stone
554 101 1005 stone
554 101 1006 stone
554 101 1007 stone
554 101 1008 stone
554 101 1009 stone
554 101 1010 stone
554 101 1011 stone
554 101 1012 stone
554 101 1013 stone
554 101 1014 stone
554 101 1015 granite
554 101 1016 granite
554 101 1017 granite
554 101 1018 granite
554 101 1019 granite
554 101 1020 granite
554 101 1021 granite
554 101 1022 stone
554 101 1023 stone
555 101 904 diorite
555 101 905 diorite
555 101 906 diorite
555 101 907 diorite
555 101 908 granite
555 101 909 granite
555 101 910 granite
555 101 911 stone
