537 127 991 stone
537 127 992 stone
537 127 993 stone
537 127 994 stone
537 127 995 stone
537 127 996 stone
537 127 997 stone
537 127 998 stone
537 127 999 stone
537 127 1000 stone
537 127 1001 stone
537 127 1002 stone
537 127 1003 stone
537 127 1004 stone
537 127 1005 stone
537 127 1006 stone
537 127 1007 stone
537 127 1008 stone
537 127 1009 stone
537 127 1010 stone
537 127 1011 stone
537 127 1012 stone
537 127 1013 stone
537 127 1014 stone
537 127 1015 gravel
537 127 1016 gravel
537 127 1017 gravel
537 127 1018 gravel
537 127 1019 gravel
537 127 1020 gravel
537 127 1021 stone
537 127 1022 stone
537 127 1023 stone
538 127 898 stone
538 127 899 stone
538 127 900 stone
538 127 901 stone
538 127 902 stone
538 127 903 stone
538 127 904 stone
538 127 905 stone
538 127 906 stone
538 127 907 stone
538 127 908 stone
538 127 909 stone
538 127 910 stone
538 127 911 stone
538 127 912 stone
538 127 913 stone
538 127 914 stone
538 127 915 stone
538 127 916 stone
538 127 917 stone
538 127 918 stone
538 127 919 stone
538 127 920 stone
538 127 921 stone
538 127 922 stone
538 127 923 stone
538 127 924 stone
538 127 925 stone
538 127 926 stone
538 127 927 stone
538 127 928 stone
538 127 929 stone
538 127 930 stone
538 127 931 stone
538 127 932 stone
538 127 933 stone
538 127 934 stone
538 127 935 stone
538 127 936 stone
538 127 937 stone
538 127 938 stone
538 127 939 stone
538 127 940 stone
538 127 941 stone
538 127 942 stone
538 127 943 stone
538 127 944 stone
538 127 945 stone
538 127 946 stone
538 127 947 stone
538 127 948 stone
538 127 949 stone
538 127 950 stone
538 127 951 stone
538 127 952 stone
538 127 953 stone
538 127 954 stone
538 127 955 stone
538 127 956 stone
538 127 957 dirt
538 127 958 dirt
538 127 959 dirt
538 127 960 dirt
538 127 961 stone
538 127 962 stone
538 127 963 stone
538 127 964 stone
538 127 965 stone
538 127 966 stone
538 127 967 stone
538 127 968 stone
538 127 969 stone
538 127 970 stone
538 127 971 stone
538 127 972 stone
538 127 973 stone
538 127 974 stone
538 127 975 stone
538 127 976 stone
538 127 977 stone
538 127 978 stone
538 127 979 stone
538 127 980 stone
538 127 981 stone
538 127 982 stone
538 127 983 stone
538 127 984 stone
538 127 985 stone
538 127 986 stone
538 127 987 stone
538 127 988 stone
538 127 989 stone
538 127 990 stone
538 127 991 stone
538 127 992 stone
538 127 993 stone
538 127 994 stone
538 127 995 stone
538 127 996 stone
538 127 997 stone
538 127 998 stone
538 127 999 stone
538 127 1000 stone
538 127 1001 stone
538 127 1002 stone
538 127 1003 stone
538 127 1004 stone
538 127 1005 stone
538 127 1006 stone
538 127 1007 stone
538 127 1008 stone
538 127 1009 stone
538 127 1010 stone
538 127 1011 stone
538 127 1012 stone
538 127 1013 stone
538 127 1014 gravel
538 127 1015 gravel
538 127 1016 gravel
538 127 1017 gravel
538 127 1018 gravel
538 127 1019 gravel
538 127 1020 stone
538 127 1021 stone
538 127 1022 stone
538 127 1023 stone
539 127 896 stone
539 127 897 stone
539 127 898 stone
539 127 899 stone
539 127 900 stone
539 127 901 stone
539 127 902 stone
539 127 903 stone
539 127 904 stone
539 127 905 stone
539 127 906 stone
539 127 907 stone
539 127 908 stone
539 127 909 stone
539 127 910 stone
539 127 911 stone
539 127 912 stone
539 127 913 stone
539 127 914 stone
539 127 915 stone
539 127 916 stone
539 127 917 stone
539 127 918 stone
539 127 919 stone
539 127 920 stone
539 127 921 stone
539 127 922 stone
539 127 923 stone
539 127 924 stone
539 127 925 stone
539 127 926 stone
539 127 927 stone
539 127 928 stone
539 127 929 stone
539 127 930 stone
539 127 931 stone
539 127 932 stone
539 127 933 stone
539 127 934 stone
539 127 935 stone
539 127 936 stone
539 127 937 stone
539 127 938 stone
539 127 939 stone
539 127 940 stone
539 127 941 stone
539 127 942 stone
539 127 943 stone
539 127 944 stone
539 127 945 stone
539 127 946 stone
539 127 947 stone
539 127 948 stone
539 127 949 stone
539 127 950 stone
539 127 951 stone
539 127 952 stone
539 127 953 stone
539 127 954 stone
539 127 955 stone
539 127 956 stone
539 127 957 dirt
539 127 958 dirt
539 127 959 dirt
539 127 960 dirt
539 127 961 stone
539 127 962 stone
539 127 963 stone
539 127 964 stone
539 127 965 stone
539 127 966 stone
539 127 967 stone
539 127 968 stone
539 127 969 stone
539 127 970 stone
539 127 971 stone
539 127 972 stone
539 127 973 stone
539 127 974 stone
539 127 975 stone
539 127 976 stone
539 127 977 stone
539 127 978 stone
539 127 979 stone
539 127 980 stone
539 127 981 stone
539 127 982 stone
539 127 983 stone
539 127 984 stone
539 127 985 stone
539 127 986 stone
539 127 987 stone
539 127 988 stone
539 127 989 stone
539 127 990 stone
539 127 991 stone
539 127 992 stone
539 127 993 stone
539 127 994 stone
539 127 995 stone
539 127 996 stone
539 127 997 stone
539 127 998 stone
539 127 999 stone
539 127 1000 stone
539 127 1001 stone
539 127 1002 stone
539 127 1003 stone
539 127 1004 stone
539 127 1005 stone
539 127 1006 stone
539 127 1007 stone
539 127 1008 stone
539 127 1009 stone
539 127 1010 stone
539 127 1011 stone
539 127 1012 stone
539 127 1013 gravel
539 127 1014 gravel
539 127 1015 gravel
539 127 1016 gravel
539 127 1017 gravel
539 127 1018 gravel
539 127 1019 stone
539 127 1020 stone
539 127 1021 stone
539 127 1022 stone
539 127 1023 stone
540 127 896 stone
540 127 897 stone
540 127 898 stone
540 127 899 stone
540 127 900 stone
540 127 901 stone
540 127 902 stone
540 127 903 stone
540 127 904 stone
540 127 905 stone
540 127 906 stone
540 127 907 stone
540 127 908 stone
540 127 909 stone
540 127 910 stone
540 127 911 stone
540 127 912 stone
540 127 913 stone
540 127 914 stone
540 127 915 stone
540 127 916 stone
540 127 917 stone
540 127 918 stone
540 127 919 stone
540 127 920 stone
540 127 921 stone
540 127 922 stone
540 127 923 stone
540 127 924 stone
540 127 925 stone
540 127 926 stone
540 127 927 stone
540 127 928 stone
540 127 929 stone
540 127 930 stone
540 127 931 stone
540 127 932 stone
540 127 933 stone
540 127 934 stone
540 127 935 stone
540 127 936 stone
540 127 937 stone
540 127 938 stone
540 127 939 stone
540 127 940 stone
540 127 941 stone
540 127 942 stone
540 127 943 stone
540 127 944 stone
540 127 945 stone
540 127 946 stone
540 127 947 stone
540 127 948 lapis_ore
540 127 949 stone
540 127 950 stone
540 127 951 stone
540 127 952 stone
540 127 953 stone
540 127 954 stone
540 127 955 stone
540 127 956 stone
540 127 957 stone
540 127 958 dirt
540 127 959 dirt
540 127 960 dirt
540 127 961 stone
540 127 962 stone
540 127 963 stone
540 127 964 stone
540 127 965 stone
540 127 966 stone
540 127 967 stone
540 127 968 stone
540 127 969 stone
540 127 970 stone
540 127 971 stone
540 127 972 stone
540 127 973 stone
540 127 974 stone
540 127 975 stone
540 127 976 stone
540 127 977 stone
540 127 978 stone
540 127 979 stone
540 127 980 stone
540 127 981 stone
540 127 982 stone
540 127 983 stone
540 127 984 stone
540 127 985 stone
540 127 986 stone
540 127 987 stone
540 127 988 stone
540 127 989 stone
540 127 990 stone
540 127 991 stone
540 127 992 stone
540 127 993 stone
540 127 994 stone
540 127 995 stone
540 127 996 stone
540 127 997 stone
540 127 998 stone
540 127 999 stone
540 127 1000 stone
540 127 1001 stone
540 127 1002 stone
540 127 1003 stone
540 127 1004 stone
540 127 1005 stone
540 127 1006 stone
540 127 1007 stone
540 127 1008 stone
540 127 1009 stone
540 127 1010 stone
540 127 1011 stone
540 127 1012 stone
540 127 1013 stone
540 127 1014 gravel
540 127 1015 gravel
540 127 1016 gravel
540 127 1017 stone
540 127 1018 stone
540 127 1019 stone
540 127 1020 stone
540 127 1021 stone
540 127 1022 stone
540 127 1023 stone
541 127 898 stone
541 127 899 stone
541 127 900 stone
541 127 901 stone
541 127 902 stone
541 127 903 stone
541 127 904 stone
541 127 905 stone
541 127 906 stone
541 127 907 stone
541 127 908 stone
541 127 909 stone
541 127 910 stone
541 127 911 stone
541 127 912 stone
541 127 913 stone
541 127 914 stone
541 127 915 stone
541 127 916 stone
541 127 917 stone
541 127 918 stone
541 127 919 stone
541 127 920 stone
541 127 921 stone
541 127 922 stone
541 127 923 stone
541 127 924 stone
541 127 925 stone
541 127 926 stone
541 127 927 stone
541 127 928 stone
541 127 929 stone
541 127 930 stone
541 127 931 stone
541 127 932 stone
541 127 933 stone
541 127 934 stone
541 127 935 stone
541 127 936 stone
541 127 937 stone
541 127 938 stone
541 127 939 stone
541 127 940 stone
541 127 941 stone
541 127 942 stone
541 127 943 stone
541 127 944 stone
541 127 945 stone
541 127 946 stone
541 127 947 stone
541 127 948 stone
541 127 949 stone
541 127 950 stone
541 127 951 stone
541 127 952 stone
541 127 953 stone
541 127 954 stone
541 127 955 stone
541 127 956 stone
541 127 957 stone
541 127 958 stone
541 127 959 stone
541 127 960 stone
541 127 961 stone
541 127 962 stone
541 127 963 stone
541 127 964 stone
541 127 965 stone
541 127 966 stone
541 127 967 stone
541 127 968 stone
541 127 969 stone
541 127 970 stone
541 127 971 stone
541 127 972 stone
541 127 973 stone
541 127 974 stone
541 127 975 stone
541 127 976 stone
541 127 977 stone
541 127 978 stone
541 127 979 stone
541 127 980 stone
541 127 981 stone
541 127 982 stone
541 127 983 stone
541 127 984 stone
541 127 985 stone
541 127 986 stone
541 127 987 stone
541 127 988 stone
541 127 989 stone
541 127 990 stone
541 127 991 stone
541 127 992 stone
541 127 993 stone
541 127 994 stone
541 127 995 stone
541 127 996 stone
541 127 997 stone
541 127 998 stone
541 127 999 stone
541 127 1000 stone
541 127 1001 stone
541 127 1002 stone
541 127 1003 stone
541 127 1004 stone
541 127 1005 stone
541 127 1006 stone
541 127 1007 stone
541 127 1008 stone
541 127 1009 stone
541 127 1010 stone
541 127 1011 stone
541 127 1012 stone
541 127 1013 stone
541 127 1014 stone
541 127 1015 stone
541 127 1016 stone
541 127 1017 stone
541 127 1018 stone
541 127 1019 stone
541 127 1020 stone
541 127 1021 stone
541 127 1022 stone
541 127 1023 stone
542 127 901 stone
542 127 902 stone
542 127 903 stone
542 127 904 stone
542 127 905 stone
542 127 906 stone
542 127 907 stone
542 127 908 stone
542 127 909 stone
542 127 910 stone
542 127 911 stone
542 127 912 stone
542 127 913 stone
542 127 914 stone
542 127 915 stone
542 127 916 stone
542 127 917 stone
542 127 918 stone
542 127 919 stone
542 127 920 stone
542 127 921 stone
542 127 922 stone
542 127 923 stone
542 127 924 stone
542 127 925 stone
542 127 926 stone
542 127 927 stone
542 127 928 stone
542 127 929 stone
542 127 930 stone
542 127 931 stone
542 127 932 stone
542 127 933 stone
542 127 934 stone
542 127 935 stone
542 127 936 stone
542 127 937 stone
542 127 938 stone
542 127 939 stone
542 127 940 stone
542 127 941 stone
542 127 942 stone
542 127 943 stone
542 127 944 stone
542 127 945 stone
542 127 946 stone
542 127 947 stone
542 127 948 stone
542 127 949 stone
542 127 950 stone
542 127 951 stone
542 127 952 stone
542 127 953 stone
542 127 954 stone
542 127 955 stone
542 127 956 stone
542 127 957 stone
542 127 958 stone
542 127 959 stone
542 127 960 stone
542 127 961 stone
542 127 962 stone
542 127 963 stone
542 127 964 stone
542 127 965 stone
542 127 966 stone
542 127 967 stone
542 127 968 stone
542 127 969 stone
542 127 970 stone
542 127 971 stone
542 127 972 stone
542 127 973 stone
542 127 974 stone
542 127 975 stone
542 127 976 stone
542 127 977 stone
542 127 978 stone
542 127 979 stone
542 127 980 stone
542 127 981 stone
542 127 982 stone
542 127 983 stone
542 127 984 stone
542 127 985 stone
542 127 986 stone
542 127 987 stone
542 127 988 stone
542 127 989 stone
542 127 990 stone
542 127 991 stone
542 127 992 stone
542 127 993 stone
542 127 994 stone
542 127 995 stone
542 127 996 stone
542 127 997 stone
542 127 998 stone
542 127 999 stone
542 127 1000 stone
542 127 1001 stone
542 127 1002 stone
542 127 1003 stone
542 127 1004 stone
542 127 1005 stone
542 127 1006 stone
542 127 1007 stone
542 127 1008 stone
542 127 1009 stone
542 127 1010 stone
542 127 1011 stone
542 127 1012 stone
542 127 1013 stone
542 127 1014 stone
542 127 1015 stone
542 127 1016 stone
542 127 1017 stone
542 127 1018 stone
542 127 1019 stone
542 127 1020 stone
542 127 1021 stone
542 127 1022 stone
542 127 1023 stone
543 127 904 stone
543 127 905 stone
543 127 906 stone
543 127 907 stone
543 127 908 stone
543 127 909 stone
543 127 910 stone
543 127 911 stone
543 127 912 stone
543 127 913 stone
543 127 914 stone
543 127 915 stone
543 127 916 stone
543 127 917 stone
543 127 918 stone
543 127 919 stone
543 127 920 stone
543 127 921 stone
543 127 922 stone
543 127 923 stone
543 127 924 stone
543 127 925 stone
543 127 926 stone
543 127 927 stone
543 127 928 stone
543 127 929 copper_ore
543 127 930 copper_ore
543 127 931 copper_ore
543 127 932 stone
543 127 933 stone
543 127 934 stone
543 127 935 stone
543 127 936 stone
543 127 937 stone
543 127 938 stone
543 127 939 stone
543 127 940 stone
543 127 941 stone
543 127 942 stone
543 127 943 stone
543 127 944 stone
543 127 945 stone
543 127 946 stone
543 127 947 stone
543 127 948 stone
543 127 949 stone
543 127 950 stone
543 127 951 stone
543 127 952 stone
543 127 953 stone
543 127 954 stone
543 127 955 stone
543 127 956 stone
543 127 957 andesite
543 127 958 andesite
543 127 959 andesite
543 127 960 stone
543 127 961 stone
543 127 962 stone
543 127 963 stone
543 127 964 stone
543 127 965 stone
543 127 966 stone
543 127 967 stone
543 127 968 stone
543 127 969 stone
543 127 970 stone
543 127 971 stone
543 127 972 stone
543 127 973 stone
543 127 974 stone
543 127 975 stone
543 127 976 stone
543 127 977 stone
543 127 978 stone
543 127 979 stone
543 127 980 stone
543 127 981 stone
543 127 982 stone
543 127 983 stone
543 127 984 stone
543 127 985 stone
543 127 986 stone
543 127 987 stone
543 127 988 stone
543 127 989 stone
543 127 990 stone
543 127 991 stone
543 127 992 stone
543 127 993 stone
543 127 994 stone
543 127 995 stone
543 127 996 stone
543 127 997 stone
543 127 998 stone
543 127 999 stone
543 127 1000 stone
543 127 1001 stone
543 127 1002 stone
543 127 1003 stone
543 127 1004 stone
543 127 1005 stone
543 127 1006 stone
543 127 1007 stone
543 127 1008 stone
543 127 1009 stone
543 127 1010 stone
543 127 1011 stone
543 127 1012 stone
543 127 1013 stone
543 127 1014 stone
543 127 1015 stone
543 127 1016 stone
543 127 1017 stone
543 127 1018 stone
543 127 1019 stone
543 127 1020 stone
543 127 1021 stone
543 127 1022 stone
543 127 1023 stone
544 127 906 stone
544 127 907 stone
544 127 908 stone
544 127 909 stone
544 127 910 stone
544 127 911 stone
544 127 912 stone
544 127 913 stone
544 127 914 stone
544 127 915 stone
544 127 916 stone
544 127 917 stone
544 127 918 stone
544 127 919 stone
544 127 920 stone
544 127 921 stone
544 127 922 stone
544 127 923 stone
544 127 924 stone
544 127 925 stone
544 127 926 stone
544 127 927 stone
544 127 928 stone
544 127 929 stone
544 127 930 copper_ore
544 127 931 copper_ore
544 127 932 copper_ore
544 127 933 stone
544 127 934 stone
544 127 935 stone
544 127 936 stone
544 127 937 stone
544 127 938 stone
544 127 939 stone
544 127 940 stone
544 127 941 stone
544 127 942 stone
544 127 943 stone
544 127 944 stone
544 127 945 stone
544 127 946 stone
544 127 947 stone
544 127 948 stone
544 127 949 stone
544 127 950 stone
544 127 951 stone
544 127 952 stone
544 127 953 stone
544 127 954 stone
544 127 955 andesite
544 127 956 stone
544 127 957 andesite
544 127 958 andesite
544 127 959 andesite
544 127 960 stone
544 127 961 stone
544 127 962 stone
544 127 963 stone
544 127 964 stone
544 127 965 stone
544 127 966 stone
544 127 967 stone
544 127 968 stone
544 127 969 stone
544 127 970 stone
544 127 971 stone
544 127 972 stone
544 127 973 stone
544 127 974 stone
544 127 975 stone
544 127 976 stone
544 127 977 stone
544 127 978 stone
544 127 979 stone
544 127 980 stone
544 127 981 stone
544 127 982 stone
544 127 983 stone
544 127 984 stone
544 127 985 stone
544 127 986 stone
544 127 987 stone
544 127 988 stone
544 127 989 stone
544 127 990 stone
544 127 991 stone
544 127 992 stone
544 127 993 stone
544 127 994 stone
544 127 995 stone
544 127 996 stone
544 127 997 stone
544 127 998 stone
544 127 999 stone
544 127 1000 stone
544 127 1001 stone
544 127 1002 stone
544 127 1003 stone
544 127 1004 stone
544 127 1005 stone
544 127 1006 stone
544 127 1007 stone
544 127 1008 stone
544 127 1009 stone
544 127 1010 stone
544 127 1011 stone
544 127 1012 stone
544 127 1013 stone
544 127 1014 stone
544 127 1015 stone
544 127 1016 stone
544 127 1017 stone
544 127 1018 stone
544 127 1019 stone
544 127 1020 stone
544 127 1021 stone
544 127 1022 stone
544 127 1023 stone
545 127 909 stone
545 127 910 stone
545 127 911 stone
545 127 912 stone
545 127 913 stone
545 127 914 stone
545 127 915 stone
545 127 916 stone
545 127 917 stone
545 127 918 stone
545 127 919 stone
545 127 920 stone
545 127 921 stone
545 127 922 stone
545 127 923 stone
545 127 924 stone
545 127 925 stone
545 127 926 stone
545 127 927 stone
545 127 928 stone
545 127 929 stone
545 127 930 stone
545 127 931 stone
545 127 932 stone
545 127 933 stone
545 127 934 stone
545 127 935 stone
545 127 936 stone
545 127 937 stone
545 127 938 stone
545 127 939 stone
545 127 940 stone
545 127 941 stone
545 127 942 stone
545 127 943 stone
545 127 944 stone
545 127 945 stone
545 127 946 stone
545 127 947 stone
545 127 948 stone
545 127 949 stone
545 127 950 stone
545 127 951 stone
545 127 952 stone
545 127 953 stone
545 127 954 andesite
545 127 955 andesite
545 127 956 andesite
545 127 957 andesite
545 127 958 andesite
545 127 959 andesite
545 127 960 stone
545 127 961 stone
545 127 962 stone
545 127 963 stone
545 127 964 stone
545 127 965 stone
545 127 966 stone
545 127 967 stone
545 127 968 stone
545 127 969 stone
545 127 970 stone
545 127 971 stone
545 127 972 stone
545 127 973 stone
545 127 974 stone
545 127 975 stone
545 127 976 stone
545 127 977 stone
545 127 978 stone
545 127 979 stone
545 127 980 stone
545 127 981 stone
545 127 982 stone
545 127 983 stone
545 127 984 stone
545 127 985 stone
545 127 986 stone
545 127 987 stone
545 127 988 stone
545 127 989 stone
545 127 990 stone
545 127 991 stone
545 127 992 stone
545 127 993 stone
545 127 994 stone
545 127 995 stone
545 127 996 stone
545 127 997 stone
545 127 998 stone
545 127 999 stone
545 127 1000 stone
545 127 1001 stone
545 127 1002 stone
545 127 1003 stone
545 127 1004 stone
545 127 1005 stone
545 127 1006 stone
545 127 1007 stone
545 127 1008 stone
545 127 1009 stone
545 127 1010 stone
545 127 1011 stone
545 127 1012 stone
545 127 1013 stone
545 127 1014 stone
545 127 1015 stone
545 127 1016 stone
545 127 1017 stone
545 127 1018 stone
545 127 1019 stone
545 127 1020 stone
545 127 1021 stone
545 127 1022 stone
545 127 1023 stone
546 127 911 stone
546 127 912 stone
546 127 913 stone
546 127 914 stone
546 127 915 stone
546 127 916 stone
546 127 917 stone
546 127 918 stone
546 127 919 stone
546 127 920 stone
546 127 921 stone
546 127 922 stone
546 127 923 stone
546 127 924 stone
546 127 925 stone
546 127 926 stone
546 127 927 stone
546 127 928 stone
546 127 929 stone
546 127 930 stone
546 127 931 stone
546 127 932 stone
546 127 933 stone
546 127 934 stone
546 127 935 stone
546 127 936 stone
546 127 937 stone
546 127 938 stone
546 127 939 stone
546 127 940 stone
546 127 941 stone
546 127 942 stone
546 127 943 stone
546 127 944 stone
546 127 945 stone
546 127 946 stone
546 127 947 stone
546 127 948 stone
546 127 949 stone
546 127 950 stone
546 127 951 stone
546 127 952 stone
546 127 953 stone
546 127 954 stone
546 127 955 andesite
546 127 956 stone
546 127 957 andesite
546 127 958 andesite
546 127 959 andesite
546 127 960 stone
546 127 961 stone
546 127 962 stone
546 127 963 stone
546 127 964 stone
546 127 965 stone
546 127 966 stone
546 127 967 stone
546 127 968 stone
546 127 969 stone
546 127 970 stone
546 127 971 stone
546 127 972 stone
546 127 973 stone
546 127 974 stone
546 127 975 stone
546 127 976 stone
546 127 977 stone
546 127 978 stone
546 127 979 stone
546 127 980 stone
546 127 981 stone
546 127 982 stone
546 127 983 stone
546 127 984 stone
546 127 985 stone
546 127 986 stone
546 127 987 stone
546 127 988 stone
546 127 989 stone
546 127 990 stone
546 127 991 stone
546 127 992 stone
546 127 993 stone
546 127 994 stone
546 127 995 stone
546 127 996 stone
546 127 997 stone
546 127 998 stone
546 127 999 stone
546 127 1000 stone
546 127 1001 stone
546 127 1002 stone
546 127 1003 stone
546 127 1004 stone
546 127 1005 stone
546 127 1006 stone
546 127 1007 stone
546 127 1008 stone
546 127 1009 stone
546 127 1010 stone
546 127 1011 stone
546 127 1012 stone
