fill 300 87 999 300 87 1020 stone
fill 301 87 896 301 87 915 stone
fill 301 87 916 301 87 919 dripstone_block
fill 301 87 921 301 87 928 stone
fill 301 87 929 301 87 933 andesite
fill 301 87 934 301 87 941 stone
fill 301 87 942 301 87 945 granite
fill 301 87 946 301 87 960 stone
fill 301 87 961 301 87 964 granite
301 87 965 lapis_ore
301 87 966 iron_ore
fill 301 87 967 301 87 984 stone
fill 301 87 985 301 87 991 diorite
301 87 992 dirt
301 87 993 dirt
301 87 994 diorite
301 87 995 diorite
fill 301 87 996 301 87 1011 stone
fill 301 87 1012 301 87 1014 gravel
fill 301 87 1015 301 87 1020 stone
fill 302 87 896 302 87 915 stone
302 87 917 dripstone_block
302 87 918 dripstone_block
fill 302 87 919 302 87 927 stone
fill 302 87 928 302 87 933 andesite
fill 302 87 934 302 87 940 stone
fill 302 87 941 302 87 946 granite
fill 302 87 947 302 87 962 stone
302 87 963 granite
302 87 964 granite
fill 302 87 965 302 87 984 stone
fill 302 87 985 302 87 997 diorite
fill 302 87 998 302 87 1012 stone
fill 302 87 1013 302 87 1015 gravel
fill 302 87 1016 302 87 1020 stone
fill 303 87 896 303 87 914 stone
fill 303 87 919 303 87 927 stone
fill 303 87 928 303 87 934 andesite
fill 303 87 935 303 87 940 stone
fill 303 87 941 303 87 946 granite
fill 303 87 947 303 87 984 stone
fill 303 87 985 303 87 998 diorite
fill 303 87 999 303 87 1012 stone
fill 303 87 1013 303 87 1015 gravel
fill 303 87 1016 303 87 1020 stone
303 87 1022 stone
303 87 1023 stone
304 87 896 diorite
304 87 897 stone
304 87 898 andesite
304 87 899 andesite
fill 304 87 900 304 87 911 stone
304 87 912 gold_ore
fill 304 87 919 304 87 926 stone
fill 304 87 927 304 87 934 andesite
fill 304 87 935 304 87 939 stone
fill 304 87 940 304 87 946 granite
fill 304 87 947 304 87 985 stone
fill 304 87 986 304 87 999 diorite
fill 304 87 1000 304 87 1013 stone
304 87 1014 gravel
304 87 1015 gravel
fill 304 87 1016 304 87 1023 stone
305 87 896 diorite
fill 305 87 897 305 87 900 andesite
fill 305 87 901 305 87 911 stone
fill 305 87 919 305 87 924 stone
305 87 925 iron_ore
305 87 926 stone
305 87 927 andesite
305 87 928 iron_ore
fill 305 87 929 305 87 934 andesite
fill 305 87 935 305 87 939 stone
fill 305 87 940 305 87 946 granite
fill 305 87 947 305 87 985 stone
fill 305 87 986 305 87 1000 diorite
fill 305 87 1001 305 87 1023 stone
fill 306 87 896 306 87 900 andesite
fill 306 87 901 306 87 909 stone
fill 306 87 919 306 87 926 stone
fill 306 87 927 306 87 934 andesite
fill 306 87 935 306 87 938 stone
fill 306 87 939 306 87 945 granite
fill 306 87 946 306 87 987 stone
fill 306 87 988 306 87 1001 diorite
fill 306 87 1002 306 87 1023 stone
307 87 896 diorite
307 87 897 diorite
307 87 898 andesite
307 87 899 andesite
fill 307 87 900 307 87 903 stone
fill 307 87 919 307 87 926 stone
fill 307 87 927 307 87 934 andesite
fill 307 87 935 307 87 938 stone
fill 307 87 939 307 87 945 granite
fill 307 87 946 307 87 988 stone
fill 307 87 989 307 87 1000 diorite
307 87 1001 stone
307 87 1004 stone
fill 307 87 1007 307 87 1023 stone
308 87 896 diorite
308 87 897 diorite
fill 308 87 898 308 87 900 stone
fill 308 87 918 308 87 926 stone
fill 308 87 927 308 87 934 andesite
fill 308 87 935 308 87 938 stone
fill 308 87 939 308 87 945 granite
fill 308 87 946 308 87 991 stone
fill 308 87 992 308 87 1000 diorite
308 87 1001 copper_ore
fill 308 87 1008 308 87 1023 stone
309 87 896 diorite
309 87 897 diorite
309 87 898 stone
309 87 899 stone
fill 309 87 918 309 87 926 stone
fill 309 87 927 309 87 933 andesite
fill 309 87 934 309 87 937 stone
fill 309 87 938 309 87 944 granite
fill 309 87 945 309 87 993 stone
fill 309 87 994 309 87 1000 granite
309 87 1001 stone
309 87 1002 stone
fill 309 87 1008 309 87 1023 stone
fill 310 87 896 310 87 899 stone
fill 310 87 918 310 87 926 stone
fill 310 87 927 310 87 933 andesite
fill 310 87 934 310 87 937 stone
fill 310 87 938 310 87 945 granite
fill 310 87 946 310 87 993 stone
fill 310 87 994 310 87 1001 granite
310 87 1002 stone
fill 310 87 1008 310 87 1023 stone
fill 311 87 896 311 87 899 stone
fill 311 87 919 311 87 926 stone
fill 311 87 927 311 87 933 andesite
fill 311 87 934 311 87 936 stone
fill 311 87 937 311 87 945 granite
fill 311 87 946 311 87 955 stone
311 87 956 iron_ore
fill 311 87 957 311 87 992 stone
fill 311 87 993 311 87 999 granite
311 87 1000 stone
311 87 1001 granite
311 87 1002 stone
fill 311 87 1007 311 87 1014 stone
311 87 1015 copper_ore
311 87 1016 copper_ore
fill 311 87 1017 311 87 1023 stone
fill 312 87 896 312 87 900 stone
fill 312 87 920 312 87 926 stone
fill 312 87 927 312 87 932 andesite
fill 312 87 933 312 87 936 stone
fill 312 87 937 312 87 944 granite
fill 312 87 945 312 87 992 stone
fill 312 87 993 312 87 998 granite
fill 312 87 999 312 87 1014 stone
312 87 1015 copper_ore
312 87 1016 copper_ore
fill 312 87 1017 312 87 1023 stone
fill 313 87 896 313 87 901 stone
fill 313 87 925 313 87 927 stone
fill 313 87 928 313 87 932 andesite
fill 313 87 933 313 87 936 stone
fill 313 87 937 313 87 944 granite
fill 313 87 945 313 87 975 stone
fill 313 87 981 313 87 993 stone
fill 313 87 994 313 87 997 granite
fill 313 87 998 313 87 1015 stone
313 87 1016 copper_ore
fill 313 87 1017 313 87 1023 stone
fill 314 87 896 314 87 901 stone
fill 314 87 925 314 87 928 stone
fill 314 87 929 314 87 931 andesite
fill 314 87 932 314 87 937 stone
fill 314 87 938 314 87 944 granite
fill 314 87 945 314 87 950 stone
314 87 951 andesite
314 87 952 andesite
314 87 953 iron_ore
314 87 954 iron_ore
fill 314 87 955 314 87 958 andesite
fill 314 87 959 314 87 974 stone
fill 314 87 983 314 87 994 stone
314 87 995 granite
fill 314 87 996 314 87 1023 stone
fill 315 87 896 315 87 902 stone
fill 315 87 926 315 87 929 stone
315 87 930 andesite
fill 315 87 931 315 87 937 stone
fill 315 87 938 315 87 943 granite
fill 315 87 944 315 87 950 stone
315 87 951 andesite
315 87 952 andesite
fill 315 87 953 315 87 955 iron_ore
fill 315 87 956 315 87 959 andesite
fill 315 87 960 315 87 964 stone
315 87 965 granite
315 87 966 granite
315 87 967 stone
fill 315 87 968 315 87 973 granite
315 87 974 stone
fill 315 87 984 315 87 1023 stone
fill 316 87 896 316 87 903 stone
fill 316 87 927 316 87 937 stone
fill 316 87 938 316 87 942 granite
fill 316 87 943 316 87 951 stone
fill 316 87 952 316 87 961 andesite
fill 316 87 962 316 87 973 granite
fill 316 87 984 316 87 1023 stone
fill 317 87 896 317 87 903 stone
fill 317 87 929 317 87 937 stone
fill 317 87 938 317 87 942 granite
fill 317 87 943 317 87 951 stone
fill 317 87 952 317 87 962 andesite
fill 317 87 963 317 87 973 granite
fill 317 87 985 317 87 1023 stone
fill 318 87 896 318 87 904 stone
318 87 930 stone
318 87 931 copper_ore
318 87 932 dirt
318 87 933 dirt
fill 318 87 934 318 87 938 stone
fill 318 87 939 318 87 941 granite
fill 318 87 942 318 87 952 stone
fill 318 87 953 318 87 955 andesite
fill 318 87 956 318 87 963 andesite
fill 318 87 964 318 87 973 granite
fill 318 87 985 318 87 1023 stone
fill 319 87 896 319 87 905 stone
fill 319 87 928 319 87 930 stone
fill 319 87 931 319 87 933 dirt
fill 319 87 934 319 87 953 stone
fill 319 87 954 319 87 963 andesite
fill 319 87 964 319 87 972 granite
fill 319 87 985 319 87 1005 stone
319 87 1006 iron_ore
fill 319 87 1007 319 87 1023 stone
fill 320 87 896 320 87 906 stone
fill 320 87 927 320 87 954 stone
fill 320 87 955 320 87 963 andesite
fill 320 87 964 320 87 972 granite
fill 320 87 985 320 87 1004 stone
320 87 1005 iron_ore
320 87 1006 iron_ore
fill 320 87 1007 320 87 1023 stone
fill 321 87 896 321 87 907 stone
fill 321 87 927 321 87 931 stone
fill 321 87 934 321 87 955 stone
321 87 956 granite
321 87 957 granite
fill 321 87 958 321 87 963 andesite
fill 321 87 964 321 87 972 granite
fill 321 87 985 321 87 1023 stone
fill 322 87 896 322 87 908 stone
fill 322 87 927 322 87 931 stone
fill 322 87 937 322 87 954 stone
fill 322 87 955 322 87 959 granite
fill 322 87 960 322 87 962 andesite
322 87 963 granite
322 87 964 granite
fill 322 87 965 322 87 967 stone
fill 322 87 968 322 87 972 granite
fill 322 87 985 322 87 992 stone
322 87 993 iron_ore
322 87 994 iron_ore
fill 322 87 995 322 87 1023 stone
fill 323 87 896 323 87 910 stone
fill 323 87 918 323 87 920 stone
fill 323 87 927 323 87 930 stone
323 87 944 stone
fill 323 87 950 323 87 953 stone
fill 323 87 954 323 87 963 granite
fill 323 87 964 323 87 973 stone
fill 323 87 986 323 87 992 stone
323 87 993 iron_ore
fill 323 87 994 323 87 1023 stone
324 87 896 stone
324 87 897 stone
324 87 898 iron_ore
fill 324 87 899 324 87 911 stone
fill 324 87 914 324 87 922 stone
324 87 952 stone
324 87 953 granite
324 87 954 granite
fill 324 87 955 324 87 957 diorite
fill 324 87 958 324 87 963 granite
fill 324 87 964 324 87 974 stone
fill 324 87 986 324 87 989 andesite
fill 324 87 990 324 87 1015 stone
fill 324 87 1016 324 87 1018 diorite
fill 324 87 1019 324 87 1023 stone
fill 325 87 896 325 87 922 stone
fill 325 87 954 325 87 957 diorite
fill 325 87 958 325 87 962 granite
fill 325 87 963 325 87 974 stone
325 87 975 glow_lichen[down=false,east=false,north=true,south=false,up=false,waterlogged=false,west=false]
fill 325 87 987 325 87 992 andesite
fill 325 87 993 325 87 1015 stone
fill 325 87 1016 325 87 1018 diorite
fill 325 87 1019 325 87 1023 stone
fill 326 87 896 326 87 923 stone
326 87 956 diorite
326 87 957 diorite
fill 326 87 958 326 87 961 granite
fill 326 87 962 326 87 975 stone
fill 326 87 988 326 87 994 andesite
fill 326 87 995 326 87 1015 stone
fill 326 87 1016 326 87 1018 diorite
fill 326 87 1019 326 87 1023 stone
fill 327 87 896 327 87 923 stone
fill 327 87 954 327 87 956 diorite
fill 327 87 957 327 87 960 granite
fill 327 87 961 327 87 975 stone
327 87 976 andesite
fill 327 87 989 327 87 994 andesite
fill 327 87 995 327 87 1014 stone
fill 327 87 1015 327 87 1018 diorite
fill 327 87 1019 327 87 1023 stone
fill 328 87 896 328 87 922 stone
fill 328 87 954 328 87 956 diorite
fill 328 87 957 328 87 959 granite
fill 328 87 960 328 87 975 stone
328 87 976 andesite
fill 328 87 989 328 87 994 andesite
fill 328 87 995 328 87 1001 stone
fill 328 87 1002 328 87 1004 coal_ore
fill 328 87 1005 328 87 1014 stone
fill 328 87 1015 328 87 1019 diorite
fill 328 87 1020 328 87 1023 stone
fill 329 87 896 329 87 922 stone
329 87 954 diorite
fill 329 87 955 329 87 958 granite
fill 329 87 959 329 87 975 stone
329 87 976 andesite
329 87 977 andesite
fill 329 87 990 329 87 993 andesite
329 87 994 granite
fill 329 87 995 329 87 999 stone
fill 329 87 1000 329 87 1005 gravel
fill 329 87 1006 329 87 1013 stone
fill 329 87 1014 329 87 1019 diorite
fill 329 87 1020 329 87 1023 stone
fill 330 87 896 330 87 918 stone
330 87 954 diorite
330 87 955 granite
330 87 956 granite
fill 330 87 957 330 87 976 stone
330 87 977 andesite
330 87 991 andesite
fill 330 87 992 330 87 994 granite
fill 330 87 995 330 87 998 stone
fill 330 87 999 330 87 1005 gravel
fill 330 87 1006 330 87 1013 stone
fill 330 87 1014 330 87 1019 diorite
fill 330 87 1020 330 87 1023 stone
fill 331 87 896 331 87 919 stone
331 87 954 diorite
331 87 955 granite
fill 331 87 956 331 87 965 stone
fill 331 87 966 331 87 977 stone
fill 331 87 990 331 87 994 granite
fill 331 87 995 331 87 997 stone
fill 331 87 998 331 87 1003 gravel
fill 331 87 1004 331 87 1013 stone
fill 331 87 1014 331 87 1019 diorite
fill 331 87 1020 331 87 1023 stone
fill 332 87 896 332 87 921 stone
fill 332 87 955 332 87 978 stone
fill 332 87 990 332 87 995 granite
fill 332 87 996 332 87 998 stone
fill 332 87 999 332 87 1002 gravel
fill 332 87 1003 332 87 1014 stone
fill 332 87 1015 332 87 1018 diorite
fill 332 87 1019 332 87 1023 stone
fill 333 87 896 333 87 922 stone
fill 333 87 956 333 87 978 stone
fill 333 87 989 333 87 995 granite
fill 333 87 996 333 87 1014 stone
fill 333 87 1015 333 87 1018 diorite
fill 333 87 1019 333 87 1023 stone
fill 334 87 896 334 87 922 stone
334 87 923 andesite
fill 334 87 959 334 87 978 stone
fill 334 87 989 334 87 995 granite
fill 334 87 996 334 87 1023 stone
fill 335 87 896 335 87 908 stone
335 87 909 granite
335 87 910 granite
fill 335 87 911 335 87 922 stone
fill 335 87 923 335 87 925 andesite
fill 335 87 960 335 87 975 stone
335 87 976 diorite
335 87 977 diorite
335 87 978 stone
335 87 979 stone
335 87 985 stone
335 87 986 coal_ore
335 87 987 stone
335 87 988 stone
fill 335 87 989 335 87 995 granite
fill 335 87 996 335 87 1006 stone
fill 335 87 1007 335 87 1010 granite
fill 335 87 1011 335 87 1023 stone
fill 336 87 896 336 87 905 stone
fill 336 87 906 336 87 911 granite
fill 336 87 912 336 87 922 stone
fill 336 87 923 336 87 927 andesite
fill 336 87 960 336 87 974 stone
fill 336 87 975 336 87 977 diorite
fill 336 87 978 336 87 985 stone
336 87 986 coal_ore
336 87 987 stone
336 87 988 stone
fill 336 87 989 336 87 994 granite
fill 336 87 995 336 87 1006 stone
fill 336 87 1007 336 87 1011 granite
fill 336 87 1012 336 87 1023 stone
fill 337 87 896 337 87 903 stone
fill 337 87 904 337 87 911 granite
fill 337 87 912 337 87 922 stone
fill 337 87 923 337 87 928 andesite
fill 337 87 960 337 87 973 stone
fill 337 87 974 337 87 978 diorite
fill 337 87 979 337 87 988 stone
fill 337 87 989 337 87 994 granite
fill 337 87 995 337 87 1006 stone
fill 337 87 1007 337 87 1012 granite
fill 337 87 1013 337 87 1023 stone
fill 338 87 896 338 87 902 stone
fill 338 87 903 338 87 911 granite
fill 338 87 912 338 87 922 stone
fill 338 87 923 338 87 929 andesite
fill 338 87 960 338 87 972 stone
fill 338 87 973 338 87 978 diorite
fill 338 87 979 338 87 989 stone
fill 338 87 990 338 87 993 granite
fill 338 87 994 338 87 1006 stone
fill 338 87 1007 338 87 1013 granite
338 87 1014 stone
338 87 1015 stone
fill 338 87 1017 338 87 1023 stone
fill 339 87 896 339 87 901 stone
fill 339 87 902 339 87 911 granite
fill 339 87 912 339 87 922 stone
fill 339 87 923 339 87 930 andesite
fill 339 87 931 339 87 933 stone
fill 339 87 960 339 87 972 stone
fill 339 87 973 339 87 978 diorite
fill 339 87 979 339 87 989 stone
fill 339 87 990 339 87 994 granite
fill 339 87 995 339 87 997 stone
fill 339 87 999 339 87 1006 stone
fill 339 87 1007 339 87 1014 granite
fill 339 87 1018 339 87 1023 stone
fill 340 87 896 340 87 900 stone
fill 340 87 901 340 87 910 granite
fill 340 87 911 340 87 923 stone
fill 340 87 924 340 87 930 andesite
fill 340 87 931 340 87 934 stone
fill 340 87 947 340 87 949 stone
fill 340 87 960 340 87 971 stone
fill 340 87 972 340 87 978 diorite
fill 340 87 979 340 87 989 stone
fill 340 87 990 340 87 994 granite
340 87 995 stone
340 87 996 stone
fill 340 87 1000 340 87 1007 stone
fill 340 87 1008 340 87 1014 granite
fill 340 87 1019 340 87 1023 stone
fill 341 87 896 341 87 900 stone
fill 341 87 901 341 87 910 granite
fill 341 87 911 341 87 923 stone
fill 341 87 924 341 87 931 andesite
fill 341 87 932 341 87 935 stone
fill 341 87 946 341 87 950 stone
fill 341 87 961 341 87 971 stone
fill 341 87 972 341 87 978 diorite
fill 341 87 979 341 87 982 stone
341 87 983 iron_ore
341 87 984 iron_ore
fill 341 87 985 341 87 989 stone
fill 341 87 990 341 87 993 granite
341 87 994 stone
341 87 995 stone
341 87 1000 dirt
341 87 1001 dirt
fill 341 87 1002 341 87 1007 stone
fill 341 87 1008 341 87 1011 granite
341 87 1012 copper_ore
341 87 1013 copper_ore
fill 341 87 1019 341 87 1023 stone
fill 342 87 896 342 87 900 stone
fill 342 87 901 342 87 910 granite
fill 342 87 911 342 87 923 stone
fill 342 87 924 342 87 931 andesite
fill 342 87 932 342 87 935 stone
fill 342 87 946 342 87 951 stone
fill 342 87 961 342 87 971 stone
fill 342 87 972 342 87 978 diorite
fill 342 87 979 342 87 982 stone
342 87 983 iron_ore
342 87 984 iron_ore
fill 342 87 985 342 87 988 stone
342 87 989 iron_ore
342 87 990 iron_ore
fill 342 87 991 342 87 993 granite
342 87 994 stone
342 87 995 stone
fill 342 87 1000 342 87 1003 dirt
fill 342 87 1004 342 87 1007 stone
fill 342 87 1008 342 87 1011 granite
342 87 1012 copper_ore
342 87 1013 copper_ore
fill 342 87 1020 342 87 1023 stone
fill 343 87 896 343 87 899 stone
fill 343 87 900 343 87 909 granite
fill 343 87 910 343 87 924 stone
fill 343 87 925 343 87 930 andesite
fill 343 87 931 343 87 937 stone
fill 343 87 946 343 87 950 stone
fill 343 87 962 343 87 970 stone
fill 343 87 971 343 87 978 diorite
fill 343 87 979 343 87 988 stone
343 87 989 iron_ore
343 87 990 iron_ore
fill 343 87 991 343 87 994 stone
343 87 995 dirt
343 87 1000 dirt
343 87 1001 dirt
fill 343 87 1002 343 87 1007 stone
fill 343 87 1008 343 87 1011 granite
343 87 1012 copper_ore
343 87 1013 granite
fill 343 87 1020 343 87 1023 stone
fill 344 87 896 344 87 898 stone
fill 344 87 899 344 87 908 granite
fill 344 87 909 344 87 925 stone
fill 344 87 926 344 87 931 andesite
fill 344 87 932 344 87 938 stone
fill 344 87 947 344 87 950 stone
fill 344 87 963 344 87 970 stone
fill 344 87 971 344 87 977 diorite
fill 344 87 978 344 87 995 stone
fill 344 87 999 344 87 1001 dirt
fill 344 87 1002 344 87 1008 stone
fill 344 87 1009 344 87 1013 granite
fill 344 87 1019 344 87 1023 stone
fill 345 87 896 345 87 898 stone
fill 345 87 899 345 87 908 granite
fill 345 87 909 345 87 926 stone
fill 345 87 927 345 87 931 andesite
fill 345 87 932 345 87 939 stone
fill 345 87 964 345 87 970 stone
fill 345 87 971 345 87 974 diorite
fill 345 87 975 345 87 977 dirt
fill 345 87 978 345 87 990 stone
345 87 991 copper_ore
fill 345 87 992 345 87 995 stone
fill 345 87 999 345 87 1008 stone
fill 345 87 1009 345 87 1014 granite
fill 345 87 1018 345 87 1023 stone
346 87 896 stone
346 87 897 stone
346 87 898 granite
346 87 899 diorite
346 87 900 diorite
fill 346 87 901 346 87 907 granite
fill 346 87 908 346 87 926 stone
fill 346 87 927 346 87 930 andesite
fill 346 87 931 346 87 940 stone
fill 346 87 965 346 87 970 stone
fill 346 87 971 346 87 975 diorite
346 87 976 dirt
346 87 977 dirt
fill 346 87 978 346 87 989 stone
346 87 990 copper_ore
346 87 991 copper_ore
fill 346 87 992 346 87 995 stone
fill 346 87 999 346 87 1009 stone
fill 346 87 1010 346 87 1017 granite
fill 346 87 1018 346 87 1023 stone
fill 347 87 896 347 87 901 diorite
fill 347 87 902 347 87 904 granite
fill 347 87 905 347 87 928 stone
347 87 929 andesite
fill 347 87 930 347 87 932 stone
347 87 933 iron_ore
fill 347 87 934 347 87 944 stone
fill 347 87 967 347 87 970 stone
fill 347 87 971 347 87 976 diorite
fill 347 87 977 347 87 979 dirt
fill 347 87 980 347 87 989 stone
347 87 990 copper_ore
347 87 991 copper_ore
fill 347 87 992 347 87 994 stone
fill 347 87 999 347 87 1010 stone
fill 347 87 1011 347 87 1017 granite
fill 347 87 1018 347 87 1023 stone
fill 348 87 896 348 87 901 diorite
fill 348 87 902 348 87 904 granite
fill 348 87 905 348 87 944 stone
348 87 945 andesite
348 87 946 andesite
fill 348 87 968 348 87 970 stone
fill 348 87 971 348 87 976 diorite
fill 348 87 977 348 87 979 dirt
fill 348 87 980 348 87 989 stone
348 87 990 copper_ore
fill 348 87 991 348 87 994 stone
fill 348 87 999 348 87 1011 stone
fill 348 87 1012 348 87 1018 granite
fill 348 87 1019 348 87 1023 stone
fill 349 87 896 349 87 901 diorite
349 87 902 granite
fill 349 87 903 349 87 944 stone
fill 349 87 945 349 87 947 andesite
349 87 970 stone
fill 349 87 971 349 87 975 diorite
349 87 976 stone
349 87 977 dirt
349 87 978 dirt
fill 349 87 979 349 87 994 stone
fill 349 87 998 349 87 1011 stone
fill 349 87 1012 349 87 1018 granite
349 87 1019 gravel
349 87 1020 gravel
fill 349 87 1021 349 87 1023 stone
fill 350 87 896 350 87 898 diorite
fill 350 87 899 350 87 901 granite
fill 350 87 902 350 87 944 stone
fill 350 87 945 350 87 950 andesite
fill 350 87 972 350 87 974 diorite
fill 350 87 975 350 87 994 stone
fill 350 87 998 350 87 1012 stone
fill 350 87 1013 350 87 1016 granite
fill 350 87 1017 350 87 1021 gravel
350 87 1022 stone
350 87 1023 stone
fill 351 87 896 351 87 906 stone
351 87 907 copper_ore
fill 351 87 908 351 87 912 stone
351 87 913 diorite
fill 351 87 914 351 87 944 stone
fill 351 87 945 351 87 950 andesite
fill 351 87 951 351 87 953 stone
351 87 954 granite
fill 351 87 955 351 87 957 stone
fill 351 87 974 351 87 994 stone
fill 351 87 998 351 87 1011 stone
351 87 1012 gravel
351 87 1013 gravel
351 87 1014 granite
fill 351 87 1015 351 87 1020 gravel
fill 351 87 1021 351 87 1023 stone
fill 352 87 896 352 87 911 stone
fill 352 87 912 352 87 915 diorite
fill 352 87 916 352 87 944 stone
fill 352 87 945 352 87 950 andesite
fill 352 87 951 352 87 958 stone
fill 352 87 977 352 87 985 stone
352 87 986 iron_ore
fill 352 87 987 352 87 1011 stone
fill 352 87 1012 352 87 1020 gravel
fill 352 87 1021 352 87 1023 stone
fill 353 87 896 353 87 903 stone
353 87 904 coal_ore
353 87 905 coal_ore
fill 353 87 906 353 87 910 stone
fill 353 87 911 353 87 915 diorite
fill 353 87 916 353 87 944 stone