737 129 216 stone
737 129 217 stone
737 129 218 stone
737 129 219 stone
737 129 220 stone
737 129 221 stone
737 129 222 stone
737 129 223 stone
737 129 224 stone
737 129 225 stone
737 129 226 stone
737 129 227 stone
737 129 228 stone
737 129 229 stone
737 129 230 stone
737 129 231 stone
737 129 232 stone
737 129 233 stone
737 129 234 stone
737 129 235 stone
737 129 236 stone
737 129 237 stone
737 129 238 stone
737 129 239 stone
737 129 240 stone
737 129 241 stone
737 129 242 stone
737 129 243 stone
737 129 244 stone
737 129 245 stone
737 129 246 stone
737 129 247 stone
737 129 248 stone
737 129 249 stone
737 129 250 stone
737 129 251 stone
737 129 252 stone
737 129 253 stone
737 129 254 stone
737 129 255 stone
737 129 256 stone
737 129 257 stone
737 129 258 stone
737 129 259 stone
737 129 260 stone
737 129 261 stone
737 129 262 stone
737 129 266 stone
737 129 267 stone
737 129 268 stone
737 129 269 stone
737 129 270 stone
737 129 271 stone
737 129 272 stone
737 129 273 stone
737 129 274 stone
737 129 275 stone
737 129 276 stone
737 129 277 stone
737 129 278 stone
737 129 279 stone
737 129 280 stone
737 129 281 stone
737 129 282 stone
737 129 283 stone
737 129 284 stone
737 129 294 stone
737 129 295 stone
737 129 296 stone
737 129 297 stone
737 129 298 stone
737 129 299 stone
737 129 300 stone
737 129 301 stone
737 129 302 stone
737 129 303 stone
737 129 304 stone
737 129 305 stone
737 129 306 stone
737 129 307 stone
737 129 308 stone
737 129 309 stone
737 129 310 stone
737 129 312 stone
737 129 313 stone
737 129 314 stone
737 129 315 stone
737 129 316 stone
737 129 317 stone
737 129 318 stone
737 129 319 stone
737 129 320 stone
737 129 321 stone
737 129 322 stone
737 129 323 stone
737 129 324 stone
737 129 325 stone
737 129 326 copper_ore
737 129 327 copper_ore
737 129 328 stone
737 129 329 stone
737 129 330 stone
737 129 331 stone
737 129 332 stone
737 129 333 stone
737 129 334 stone
737 129 335 stone
737 129 336 stone
737 129 337 stone
737 129 338 stone
737 129 339 stone
737 129 340 stone
737 129 341 stone
737 129 342 stone
737 129 343 stone
737 129 344 stone
737 129 345 stone
737 129 346 stone
737 129 347 stone
737 129 348 stone
737 129 349 stone
737 129 350 stone
737 129 351 stone
737 129 352 stone
737 129 353 stone
737 129 354 stone
737 129 355 stone
737 129 356 stone
737 129 357 stone
737 129 358 stone
737 129 359 stone
737 129 360 stone
737 129 361 stone
737 129 362 stone
737 129 363 stone
737 129 364 stone
737 129 365 stone
737 129 366 stone
737 129 367 stone
737 129 368 stone
737 129 369 stone
737 129 370 stone
737 129 371 stone
737 129 372 stone
737 129 373 stone
737 129 374 stone
737 129 375 stone
737 129 376 stone
737 129 377 stone
737 129 378 stone
737 129 379 stone
737 129 380 stone
737 129 381 stone
737 129 382 stone
737 129 383 stone
737 129 384 stone
737 129 385 stone
737 129 386 stone
737 129 387 stone
737 129 388 stone
737 129 389 stone
737 129 390 stone
737 129 391 stone
737 129 392 stone
737 129 393 stone
737 129 394 stone
737 129 395 stone
737 129 396 stone
737 129 397 stone
737 129 398 stone
737 129 399 stone
737 129 400 stone
737 129 401 stone
737 129 402 stone
737 129 403 stone
737 129 404 stone
737 129 405 stone
737 129 406 stone
737 129 407 stone
737 129 408 stone
737 129 409 stone
737 129 410 stone
737 129 411 coal_ore
737 129 412 coal_ore
737 129 413 coal_ore
737 129 414 coal_ore
737 129 415 coal_ore
737 129 416 gravel
737 129 417 gravel
737 129 418 gravel
737 129 419 gravel
737 129 420 gravel
737 129 421 gravel
737 129 422 gravel
737 129 423 stone
737 129 424 stone
737 129 425 stone
737 129 426 stone
737 129 427 stone
737 129 428 stone
737 129 429 stone
737 129 430 stone
737 129 431 stone
737 129 432 stone
737 129 433 stone
737 129 434 stone
737 129 435 stone
737 129 436 stone
737 129 437 stone
737 129 438 stone
737 129 439 stone
737 129 440 stone
737 129 441 stone
737 129 442 stone
737 129 443 stone
737 129 444 stone
737 129 445 stone
737 129 446 stone
737 129 447 stone
737 129 448 stone
737 129 449 stone
737 129 450 dirt
737 129 451 dirt
737 129 452 dirt
737 129 453 stone
737 129 454 stone
737 129 455 stone
737 129 456 stone
737 129 457 stone
737 129 458 stone
737 129 459 stone
737 129 460 stone
737 129 461 stone
737 129 462 stone
737 129 463 stone
737 129 464 stone
737 129 465 stone
737 129 466 stone
737 129 467 stone
737 129 468 stone
737 129 469 stone
737 129 470 stone
737 129 471 dirt
737 129 472 dirt
737 129 473 dirt
737 129 474 dirt
737 129 475 dirt
737 129 476 dirt
737 129 477 dirt
737 129 478 dirt
737 129 479 dirt
737 129 480 dirt
737 129 481 dirt
737 129 482 dirt
737 129 483 dirt
737 129 484 dirt
737 129 485 dirt
737 129 486 dirt
737 129 487 dirt
737 129 488 stone
737 129 489 stone
737 129 490 stone
737 129 491 stone
737 129 492 copper_ore
737 129 493 copper_ore
737 129 494 stone
737 129 495 stone
737 129 496 stone
737 129 497 stone
737 129 498 dirt
737 129 499 grass_block[snowy=false]
737 129 519 grass_block[snowy=false]
737 129 520 dirt
737 129 521 dirt
737 129 522 dirt
737 129 523 coal_ore
737 129 524 coal_ore
737 129 525 coal_ore
737 129 526 coal_ore
737 129 527 stone
737 129 528 stone
737 129 529 stone
737 129 530 stone
737 129 531 stone
737 129 532 dirt
737 129 533 dirt
737 129 534 dirt
737 129 535 dirt
737 129 536 dirt
737 129 537 dirt
737 129 538 dirt
737 129 539 dirt
737 129 540 dirt
737 129 541 dirt
737 129 542 dirt
737 129 543 dirt
737 129 544 dirt
737 129 545 dirt
737 129 546 dirt
737 129 547 dirt
737 129 548 dirt
737 129 549 dirt
737 129 550 dirt
737 129 551 dirt
737 129 552 dirt
737 129 553 dirt
737 129 554 dirt
737 129 555 dirt
737 129 556 dirt
737 129 557 stone
737 129 558 stone
737 129 559 stone
737 129 560 stone
737 129 561 stone
737 129 562 stone
737 129 563 stone
737 129 564 stone
737 129 565 stone
737 129 566 stone
737 129 567 stone
737 129 568 stone
737 129 569 stone
737 129 570 stone
737 129 571 stone
737 129 572 stone
737 129 573 stone
737 129 574 stone
737 129 575 stone
737 129 576 stone
737 129 577 stone
737 129 578 stone
737 129 579 stone
737 129 580 stone
737 129 581 stone
737 129 582 stone
737 129 583 stone
737 129 584 stone
737 129 585 stone
737 129 586 stone
737 129 587 stone
737 129 588 stone
737 129 589 stone
737 129 590 stone
737 129 591 stone
737 129 592 stone
737 129 593 stone
737 129 594 stone
737 129 595 stone
737 129 596 stone
737 129 597 stone
737 129 598 stone
737 129 599 stone
737 129 600 stone
737 129 601 stone
737 129 602 stone
737 129 603 stone
737 129 604 stone
737 129 605 stone
737 129 606 stone
737 129 607 stone
737 129 608 stone
737 129 609 stone
737 129 610 stone
737 129 611 stone
737 129 612 stone
737 129 613 stone
737 129 614 stone
737 129 615 stone
737 129 616 stone
737 129 617 stone
737 129 618 stone
737 129 619 stone
737 129 620 stone
737 129 621 stone
737 129 622 stone
737 129 623 dirt
737 129 624 dirt
737 129 625 dirt
737 129 626 dirt
737 129 627 grass_block[snowy=false]
737 129 630 grass_block[snowy=false]
737 129 631 grass_block[snowy=false]
737 129 632 grass_block[snowy=false]
737 129 633 grass_block[snowy=false]
737 129 731 short_grass
737 129 780 stone
737 129 781 stone
737 129 782 stone
737 129 783 stone
737 129 784 stone
737 129 785 stone
737 129 786 stone
737 129 787 stone
737 129 788 stone
737 129 789 stone
737 129 790 stone
737 129 791 stone
737 129 792 stone
737 129 793 stone
737 129 794 stone
737 129 795 stone
737 129 796 stone
737 129 797 stone
737 129 798 stone
737 129 799 stone
737 129 800 stone
737 129 801 stone
737 129 802 stone
737 129 803 stone
737 129 804 stone
737 129 805 stone
737 129 806 stone
737 129 807 stone
737 129 808 stone
737 129 809 stone
737 129 810 stone
737 129 811 stone
737 129 812 stone
737 129 813 stone
737 129 814 stone
737 129 815 stone
737 129 816 stone
737 129 817 stone
737 129 818 stone
737 129 819 stone
737 129 820 stone
737 129 821 stone
737 129 822 stone
737 129 823 stone
737 129 824 stone
737 129 825 stone
737 129 826 stone
737 129 827 stone
737 129 828 stone
737 129 829 stone
737 129 830 stone
737 129 831 stone
737 129 832 stone
737 129 833 stone
737 129 834 stone
737 129 835 stone
737 129 836 stone
737 129 837 stone
737 129 838 stone
737 129 839 stone
737 129 840 stone
737 129 841 stone
737 129 842 stone
737 129 843 stone
737 129 844 stone
737 129 845 stone
737 129 846 stone
737 129 847 stone
737 129 848 stone
737 129 849 stone
737 129 850 stone
737 129 851 stone
737 129 852 stone
737 129 853 stone
737 129 854 stone
737 129 855 stone
737 129 856 stone
737 129 857 stone
737 129 858 stone
737 129 859 stone
737 129 860 stone
737 129 861 stone
737 129 862 stone
737 129 863 stone
737 129 864 stone
737 129 865 stone
737 129 866 stone
737 129 867 coal_ore
737 129 868 stone
737 129 869 stone
737 129 870 stone
737 129 871 stone
737 129 872 stone
737 129 873 stone
737 129 874 stone
737 129 875 stone
737 129 876 stone
737 129 877 stone
737 129 878 stone
737 129 879 stone
737 129 880 stone
737 129 881 stone
737 129 882 stone
737 129 883 stone
737 129 884 stone
737 129 885 stone
737 129 886 stone
737 129 887 stone
737 129 888 stone
737 129 889 stone
737 129 890 stone
737 129 891 stone
737 129 892 stone
737 129 893 stone
737 129 894 stone
737 129 895 stone
737 129 896 stone
737 129 897 stone
737 129 898 stone
737 129 899 stone
737 129 900 stone
737 129 901 stone
737 129 902 stone
737 129 903 stone
737 129 904 stone
737 129 905 stone
737 129 906 stone
737 129 907 stone
737 129 908 stone
737 129 909 stone
737 129 910 stone
737 129 911 stone
737 129 912 stone
737 129 913 stone
737 129 914 stone
737 129 915 stone
737 129 916 stone
737 129 917 stone
737 129 918 stone
737 129 919 stone
737 129 920 stone
737 129 921 stone
737 129 922 stone
737 129 923 stone
737 129 924 stone
737 129 925 stone
737 129 926 stone
737 129 927 stone
737 129 928 stone
737 129 929 stone
737 129 930 stone
737 129 931 stone
737 129 932 stone
737 129 933 stone
737 129 934 stone
737 129 935 stone
737 129 936 stone
737 129 937 stone
737 129 938 stone
737 129 939 stone
737 129 940 stone
737 129 941 stone
737 129 942 stone
737 129 943 stone
737 129 944 stone
737 129 945 stone
737 129 946 stone
737 129 947 stone
737 129 948 stone
737 129 949 stone
737 129 950 stone
737 129 951 stone
737 129 952 stone
737 129 953 stone
737 129 954 stone
737 129 955 stone
737 129 956 stone
737 129 957 stone
737 129 958 stone
737 129 959 stone
737 129 960 stone
737 129 961 stone
737 129 962 stone
737 129 963 stone
737 129 964 stone
737 129 965 copper_ore
737 129 966 copper_ore
737 129 967 stone
737 129 968 stone
737 129 969 stone
737 129 970 stone
737 129 971 stone
737 129 972 stone
737 129 973 dirt
737 129 974 stone
737 129 975 stone
737 129 976 stone
737 129 977 stone
737 129 995 grass_block[snowy=false]
737 129 996 dirt
737 129 997 stone
737 129 998 stone
737 129 999 stone
737 129 1000 stone
737 129 1001 stone
737 129 1002 stone
737 129 1003 stone
737 129 1004 stone
737 129 1005 stone
737 129 1006 stone
737 129 1007 stone
737 129 1008 stone
737 129 1009 stone
737 129 1010 stone
737 129 1011 stone
737 129 1012 stone
737 129 1013 stone
737 129 1014 stone
737 129 1015 stone
737 129 1016 stone
737 129 1017 stone
737 129 1018 stone
737 129 1019 stone
737 129 1020 stone
737 129 1021 stone
737 129 1022 stone
737 129 1023 stone
737 130 110 short_grass
737 130 111 dirt
737 130 112 dirt
737 130 113 stone
737 130 114 stone
737 130 115 stone
737 130 116 stone
737 130 117 stone
737 130 118 stone
737 130 119 stone
737 130 120 stone
737 130 125 stone
737 130 126 stone
737 130 127 stone
737 130 128 stone
737 130 129 stone
737 130 130 stone
737 130 131 stone
737 130 132 stone
737 130 133 stone
737 130 134 stone
737 130 135 stone
737 130 136 stone
737 130 137 stone
737 130 138 stone
737 130 139 stone
737 130 140 stone
737 130 141 stone
737 130 142 stone
737 130 143 stone
737 130 144 stone
737 130 145 stone
737 130 146 stone
737 130 147 stone
737 130 148 stone
737 130 149 stone
737 130 150 stone
737 130 151 stone
737 130 152 stone
737 130 153 stone
737 130 154 stone
737 130 155 stone
737 130 156 stone
737 130 157 stone
737 130 158 stone
737 130 159 stone
737 130 160 stone
737 130 161 stone
737 130 162 stone
737 130 163 stone
737 130 164 stone
737 130 165 stone
737 130 166 stone
737 130 167 stone
737 130 168 stone
737 130 169 stone
737 130 170 stone
737 130 171 stone
737 130 172 stone
737 130 173 stone
737 130 174 stone
737 130 175 stone
737 130 176 stone
737 130 177 stone
737 130 178 stone
737 130 179 stone
737 130 180 stone
737 130 181 stone
737 130 182 stone
737 130 183 stone
737 130 184 stone
737 130 185 copper_ore
737 130 186 copper_ore
737 130 187 stone
737 130 188 stone
737 130 189 stone
737 130 190 stone
737 130 191 stone
737 130 192 stone
737 130 193 stone
737 130 194 stone
737 130 195 stone
737 130 196 stone
737 130 197 stone
737 130 198 stone
737 130 199 stone
737 130 200 stone
737 130 201 stone
737 130 202 stone
737 130 203 stone
737 130 204 stone
737 130 205 stone
737 130 206 stone
737 130 207 stone
737 130 208 stone
737 130 209 stone
737 130 210 stone
737 130 211 stone
737 130 212 stone
737 130 213 stone
737 130 214 stone
737 130 215 stone
737 130 216 stone
737 130 217 stone
737 130 218 stone
737 130 219 stone
737 130 220 stone
737 130 221 stone
737 130 222 stone
737 130 223 stone
737 130 224 stone
737 130 225 stone
737 130 226 stone
737 130 227 stone
737 130 228 stone
737 130 229 stone
737 130 230 stone
737 130 231 stone
737 130 232 stone
737 130 233 stone
737 130 234 stone
737 130 235 stone
737 130 236 stone
737 130 237 stone
737 130 238 stone
737 130 239 dirt
737 130 240 dirt
737 130 241 dirt
737 130 242 dirt
737 130 243 dirt
737 130 244 stone
737 130 245 stone
737 130 246 stone
737 130 247 stone
737 130 248 stone
737 130 249 stone
737 130 250 stone
737 130 251 stone
737 130 252 stone
737 130 253 stone
737 130 254 stone
737 130 255 stone
737 130 256 stone
737 130 257 stone
737 130 258 stone
737 130 259 stone
737 130 260 stone
737 130 261 stone
737 130 262 stone
737 130 266 stone
737 130 267 stone
737 130 268 stone
737 130 269 stone
737 130 270 stone
737 130 271 stone
737 130 272 stone
737 130 273 stone
737 130 274 stone
737 130 275 stone
737 130 276 stone
737 130 277 stone
737 130 278 stone
737 130 279 stone
737 130 280 stone
737 130 281 stone
737 130 282 stone
737 130 283 stone
737 130 284 stone
737 130 285 stone
737 130 286 stone
737 130 294 stone
737 130 295 stone
737 130 296 stone
737 130 297 stone
737 130 298 stone
737 130 299 stone
737 130 300 stone
737 130 301 stone
737 130 302 stone
737 130 303 stone
737 130 304 stone
737 130 305 stone
737 130 306 stone
737 130 307 stone
737 130 308 stone
737 130 309 stone
737 130 310 stone
737 130 311 stone
737 130 312 stone
737 130 313 stone
737 130 314 stone
737 130 315 stone
737 130 316 stone
737 130 317 stone
737 130 318 stone
737 130 319 stone
737 130 320 stone
737 130 321 stone
737 130 322 stone
737 130 323 stone
737 130 324 stone
737 130 325 stone
737 130 326 stone
737 130 327 stone
737 130 328 stone
737 130 329 stone
737 130 330 stone
737 130 331 stone
737 130 332 stone
737 130 333 stone
737 130 334 stone
737 130 335 stone
737 130 336 stone
737 130 337 stone
737 130 338 stone
737 130 339 stone
737 130 340 stone
737 130 341 stone
737 130 342 stone
737 130 343 stone
737 130 344 stone
737 130 345 stone
737 130 346 stone
737 130 347 stone
737 130 348 stone
737 130 349 stone
737 130 350 stone
737 130 351 stone
737 130 352 stone
737 130 353 stone
737 130 354 stone
737 130 355 copper_ore
737 130 356 stone
737 130 357 stone
737 130 358 stone
737 130 359 stone
737 130 360 stone
737 130 361 stone
737 130 362 stone
737 130 363 stone
737 130 364 stone
737 130 365 stone
737 130 366 stone
737 130 367 stone
737 130 368 stone
737 130 369 stone
737 130 370 stone
737 130 371 stone
737 130 372 stone
737 130 373 stone
737 130 374 stone
737 130 375 stone
737 130 376 stone
737 130 377 stone
737 130 378 stone
737 130 379 stone
737 130 380 stone
737 130 381 stone
737 130 382 stone
737 130 383 stone
737 130 384 stone
737 130 385 stone
737 130 386 stone
737 130 387 stone
737 130 388 stone
737 130 389 stone
737 130 390 stone
737 130 391 stone
737 130 392 stone
737 130 393 stone
737 130 394 stone
737 130 395 stone
737 130 396 stone
737 130 397 stone
737 130 398 stone
737 130 399 stone
737 130 400 stone
737 130 401 stone
737 130 402 stone
737 130 403 stone
737 130 404 stone
737 130 405 stone
737 130 406 stone
737 130 407 stone
737 130 408 stone
737 130 409 stone
737 130 410 stone
737 130 411 stone
737 130 412 stone
737 130 413 stone
737 130 414 stone
737 130 415 stone
737 130 416 gravel
737 130 417 gravel
737 130 418 gravel
737 130 419 gravel
737 130 420 gravel
737 130 421 gravel
737 130 422 gravel
737 130 423 stone
737 130 424 stone
737 130 425 stone
737 130 426 stone
737 130 427 stone
737 130 428 stone
737 130 429 stone
737 130 430 stone
737 130 431 stone
737 130 432 stone
737 130 433 stone
737 130 434 stone
737 130 435 stone
737 130 436 stone
737 130 437 stone
737 130 438 stone
737 130 439 stone
737 130 440 stone
737 130 441 stone
737 130 442 stone
737 130 443 stone
737 130 444 stone
737 130 445 stone
737 130 446 stone
737 130 447 stone
737 130 448 stone
737 130 449 dirt
737 130 450 dirt
737 130 451 dirt
737 130 452 dirt
737 130 453 dirt
737 130 454 stone
737 130 455 stone
737 130 456 stone
737 130 457 stone
737 130 458 copper_ore
737 130 459 copper_ore
737 130 460 stone
737 130 461 stone
737 130 462 stone
737 130 463 stone
737 130 464 stone
737 130 465 stone
737 130 466 dirt
737 130 467 dirt
737 130 468 dirt
737 130 469 dirt
737 130 470 dirt
737 130 471 dirt
737 130 472 dirt
737 130 473 dirt
737 130 474 dirt
737 130 475 dirt
737 130 476 dirt
737 130 477 dirt
737 130 478 dirt
737 130 479 dirt
737 130 480 dirt
737 130 481 dirt
737 130 482 dirt
737 130 483 dirt
737 130 484 dirt
737 130 485 dirt
737 130 486 dirt
737 130 487 dirt
737 130 488 dirt
737 130 489 dirt
737 130 490 stone
737 130 491 stone
737 130 492 stone
737 130 493 stone
737 130 494 stone
737 130 495 stone
737 130 496 stone
737 130 497 stone
737 130 498 dirt
737 130 520 dirt
737 130 521 dirt
737 130 522 dirt
737 130 523 dirt
737 130 524 coal_ore
737 130 525 coal_ore
737 130 526 coal_ore
737 130 527 stone
737 130 528 stone
737 130 529 stone
737 130 530 stone
737 130 531 stone
737 130 532 dirt
737 130 533 dirt
737 130 534 dirt
737 130 535 dirt
737 130 536 dirt
737 130 537 dirt
737 130 538 dirt
737 130 539 dirt
737 130 540 dirt
737 130 541 dirt
737 130 542 dirt
737 130 543 dirt
737 130 544 dirt
737 130 545 dirt
737 130 546 dirt
737 130 547 dirt
737 130 548 dirt
737 130 549 dirt
737 130 550 dirt
737 130 551 dirt
737 130 552 dirt
737 130 553 dirt
737 130 554 dirt
737 130 555 dirt
737 130 556 dirt
737 130 557 dirt
737 130 558 dirt
737 130 559 dirt
737 130 560 dirt
737 130 561 dirt
737 130 562 dirt
737 130 563 dirt
737 130 564 dirt
737 130 565 dirt
737 130 566 dirt
737 130 567 dirt
737 130 568 dirt
737 130 569 dirt
737 130 570 dirt
737 130 571 dirt
737 130 572 dirt
737 130 573 dirt
737 130 574 dirt
737 130 575 stone
737 130 576 dirt
737 130 577 stone
737 130 578 stone
737 130 579 stone
737 130 580 copper_ore
737 130 581 gravel
737 130 582 gravel
737 130 583 gravel
737 130 584 gravel
737 130 585 stone
737 130 586 stone
737 130 587 stone
737 130 588 stone
737 130 589 stone
737 130 590 stone
737 130 591 stone
737 130 592 stone
737 130 593 stone
737 130 594 stone
737 130 595 stone
737 130 596 stone
737 130 597 stone
737 130 598 stone
737 130 599 stone
737 130 600 stone
737 130 601 stone
737 130 602 stone
737 130 603 stone
737 130 604 stone
737 130 605 stone
737 130 606 stone
737 130 607 stone
737 130 608 stone
737 130 609 stone
737 130 610 stone
737 130 611 stone
737 130 612 stone
737 130 613 stone
737 130 614 stone
737 130 615 stone
737 130 616 stone
737 130 617 stone
737 130 618 dirt
737 130 619 stone
737 130 620 dirt
737 130 621 stone
737 130 622 dirt
737 130 623 dirt
737 130 624 dirt
737 130 625 dirt
737 130 626 grass_block[snowy=false]
737 130 632 short_grass
737 130 748 oak_stairs[facing=west,half=bottom,shape=straight,waterlogged=false]
737 130 749 oak_stairs[facing=west,half=bottom,shape=straight,waterlogged=false]
737 130 750 oak_stairs[facing=west,half=bottom,shape=straight,waterlogged=false]
737 130 751 oak_stairs[facing=west,half=bottom,shape=straight,waterlogged=false]
737 130 752 oak_stairs[facing=west,half=bottom,shape=straight,waterlogged=false]
737 130 753 oak_stairs[facing=west,half=bottom,shape=straight,waterlogged=false]
737 130 754 oak_stairs[facing=west,half=bottom,shape=straight,waterlogged=false]
737 130 780 stone
