fill 200 107 768 200 107 776 stone
fill 200 107 777 200 107 779 copper_ore
fill 200 107 780 200 107 792 stone
fill 200 107 793 200 107 799 diorite
fill 200 107 800 200 107 839 stone
fill 200 107 840 200 107 848 granite
fill 200 107 849 200 107 855 stone
fill 200 107 856 200 107 862 diorite
fill 200 107 863 200 107 869 stone
fill 200 107 870 200 107 873 coal_ore
fill 200 107 874 200 107 881 andesite
200 107 882 stone
fill 200 107 883 200 107 887 diorite
fill 200 107 888 200 107 895 stone
fill 201 107 768 201 107 777 stone
201 107 778 copper_ore
201 107 779 copper_ore
fill 201 107 780 201 107 812 stone
201 107 813 copper_ore
201 107 814 copper_ore
fill 201 107 815 201 107 823 stone
201 107 824 gravel
fill 201 107 825 201 107 839 stone
fill 201 107 840 201 107 845 granite
fill 201 107 846 201 107 848 gravel
fill 201 107 849 201 107 855 stone
fill 201 107 856 201 107 862 diorite
fill 201 107 863 201 107 873 stone
fill 201 107 874 201 107 881 andesite
fill 201 107 882 201 107 887 diorite
fill 201 107 888 201 107 891 stone
201 107 892 copper_ore
fill 201 107 893 201 107 895 stone
fill 202 107 768 202 107 810 stone
202 107 811 coal_ore
202 107 812 stone
202 107 813 copper_ore
202 107 814 copper_ore
fill 202 107 815 202 107 822 stone
fill 202 107 823 202 107 825 gravel
fill 202 107 826 202 107 838 stone
fill 202 107 839 202 107 845 granite
202 107 846 gravel
202 107 847 gravel
fill 202 107 848 202 107 855 stone
fill 202 107 856 202 107 863 diorite
fill 202 107 864 202 107 874 stone
fill 202 107 875 202 107 882 andesite
fill 202 107 883 202 107 887 diorite
fill 202 107 888 202 107 890 stone
202 107 891 copper_ore
202 107 892 copper_ore
fill 202 107 893 202 107 895 stone
fill 203 107 768 203 107 810 stone
203 107 811 coal_ore
203 107 812 coal_ore
fill 203 107 813 203 107 822 stone
fill 203 107 823 203 107 825 gravel
fill 203 107 826 203 107 837 stone
fill 203 107 838 203 107 846 granite
fill 203 107 847 203 107 856 stone
fill 203 107 857 203 107 864 diorite
fill 203 107 865 203 107 871 stone
203 107 872 dirt
fill 203 107 873 203 107 880 stone
203 107 881 andesite
203 107 882 stone
fill 203 107 883 203 107 888 diorite
203 107 889 stone
203 107 890 stone
203 107 891 copper_ore
203 107 892 copper_ore
fill 203 107 893 203 107 895 stone
fill 204 107 768 204 107 810 stone
204 107 811 coal_ore
204 107 812 coal_ore
fill 204 107 813 204 107 837 stone
fill 204 107 838 204 107 846 granite
fill 204 107 847 204 107 855 stone
204 107 856 copper_ore
204 107 857 copper_ore
fill 204 107 858 204 107 865 diorite
fill 204 107 866 204 107 868 stone
204 107 869 granite
fill 204 107 870 204 107 882 stone
fill 204 107 883 204 107 885 granite
fill 204 107 886 204 107 888 diorite
204 107 889 stone
204 107 890 stone
204 107 891 copper_ore
fill 204 107 892 204 107 895 stone
fill 205 107 768 205 107 810 stone
205 107 811 coal_ore
205 107 812 coal_ore
fill 205 107 813 205 107 837 stone
fill 205 107 838 205 107 845 granite
fill 205 107 846 205 107 855 stone
205 107 856 copper_ore
205 107 857 copper_ore
fill 205 107 858 205 107 862 stone
fill 205 107 863 205 107 865 diorite
205 107 866 stone
205 107 867 stone
fill 205 107 868 205 107 871 granite
fill 205 107 872 205 107 882 stone
fill 205 107 883 205 107 885 granite
205 107 886 diorite
205 107 887 diorite
205 107 888 granite
fill 205 107 889 205 107 895 stone
fill 206 107 768 206 107 810 stone
206 107 811 coal_ore
206 107 812 coal_ore
fill 206 107 813 206 107 828 stone
fill 206 107 829 206 107 836 stone
206 107 837 diorite
206 107 838 copper_ore
fill 206 107 839 206 107 843 granite
fill 206 107 844 206 107 856 stone
206 107 857 copper_ore
fill 206 107 858 206 107 863 stone
fill 206 107 864 206 107 866 diorite
206 107 867 stone
fill 206 107 868 206 107 872 granite
fill 206 107 873 206 107 882 stone
fill 206 107 883 206 107 888 granite
fill 206 107 889 206 107 893 stone
206 107 894 copper_ore
206 107 895 stone
fill 207 107 768 207 107 836 stone
207 107 837 diorite
fill 207 107 838 207 107 841 granite
207 107 842 diorite
207 107 843 dirt
fill 207 107 844 207 107 853 stone
207 107 854 copper_ore
fill 207 107 855 207 107 866 stone
fill 207 107 867 207 107 873 granite
fill 207 107 874 207 107 882 stone
fill 207 107 883 207 107 889 granite
fill 207 107 890 207 107 893 stone
207 107 894 copper_ore
207 107 895 stone
fill 208 107 768 208 107 835 stone
fill 208 107 836 208 107 842 diorite
fill 208 107 843 208 107 853 stone
208 107 854 copper_ore
fill 208 107 855 208 107 866 stone
fill 208 107 867 208 107 874 granite
fill 208 107 875 208 107 882 stone
fill 208 107 883 208 107 889 granite
fill 208 107 890 208 107 895 stone
fill 209 107 768 209 107 784 stone
fill 209 107 785 209 107 788 diorite
fill 209 107 789 209 107 833 stone
fill 209 107 834 209 107 842 diorite
fill 209 107 843 209 107 866 stone
fill 209 107 867 209 107 875 granite
fill 209 107 876 209 107 883 stone
fill 209 107 884 209 107 889 granite
fill 209 107 890 209 107 895 stone
fill 210 107 768 210 107 782 stone
fill 210 107 783 210 107 793 diorite
fill 210 107 794 210 107 832 stone
fill 210 107 833 210 107 841 diorite
fill 210 107 842 210 107 867 stone
210 107 868 granite
210 107 869 granite
fill 210 107 870 210 107 872 coal_ore
fill 210 107 873 210 107 875 granite
fill 210 107 876 210 107 883 stone
fill 210 107 884 210 107 889 granite
fill 210 107 890 210 107 895 stone
fill 211 107 768 211 107 781 stone
fill 211 107 782 211 107 794 diorite
fill 211 107 795 211 107 813 stone
211 107 814 copper_ore
211 107 815 copper_ore
fill 211 107 816 211 107 832 stone
fill 211 107 833 211 107 839 diorite
fill 211 107 840 211 107 867 stone
211 107 868 granite
211 107 869 granite
fill 211 107 870 211 107 873 coal_ore
fill 211 107 874 211 107 876 granite
fill 211 107 877 211 107 885 stone
fill 211 107 886 211 107 890 granite
fill 211 107 891 211 107 895 stone
fill 212 107 768 212 107 777 stone
fill 212 107 778 212 107 794 diorite
fill 212 107 795 212 107 813 stone
212 107 814 copper_ore
212 107 815 copper_ore
fill 212 107 816 212 107 832 stone
fill 212 107 833 212 107 838 diorite
fill 212 107 839 212 107 867 stone
fill 212 107 868 212 107 876 granite
fill 212 107 877 212 107 885 stone
fill 212 107 886 212 107 889 granite
fill 212 107 890 212 107 895 stone
fill 213 107 768 213 107 776 stone
fill 213 107 777 213 107 791 diorite
213 107 792 lapis_ore
213 107 793 lapis_ore
fill 213 107 794 213 107 799 coal_ore
fill 213 107 800 213 107 813 stone
213 107 814 copper_ore
fill 213 107 815 213 107 831 stone
fill 213 107 832 213 107 837 diorite
fill 213 107 838 213 107 868 stone
fill 213 107 869 213 107 877 granite
fill 213 107 878 213 107 886 stone
fill 213 107 887 213 107 889 granite
fill 213 107 890 213 107 894 stone
213 107 895 dirt
fill 214 107 768 214 107 775 stone
fill 214 107 776 214 107 792 diorite
214 107 793 stone
214 107 794 stone
fill 214 107 795 214 107 799 coal_ore
fill 214 107 800 214 107 803 granite
fill 214 107 804 214 107 818 stone
214 107 819 diorite
214 107 820 stone
fill 214 107 821 214 107 825 diorite
fill 214 107 826 214 107 831 stone
fill 214 107 832 214 107 837 diorite
fill 214 107 838 214 107 868 stone
fill 214 107 869 214 107 877 granite
fill 214 107 878 214 107 887 stone
214 107 888 granite
fill 214 107 889 214 107 894 stone
214 107 895 dirt
fill 215 107 768 215 107 774 stone
fill 215 107 775 215 107 777 diorite
fill 215 107 778 215 107 790 diorite
fill 215 107 791 215 107 794 stone
fill 215 107 795 215 107 807 granite
fill 215 107 808 215 107 815 stone
fill 215 107 816 215 107 827 diorite
fill 215 107 828 215 107 831 stone
fill 215 107 832 215 107 836 diorite
fill 215 107 837 215 107 869 stone
fill 215 107 870 215 107 877 granite
fill 215 107 878 215 107 894 stone
215 107 895 diorite
fill 216 107 768 216 107 774 stone
fill 216 107 775 216 107 789 diorite
216 107 790 stone
216 107 791 stone
216 107 792 andesite
fill 216 107 793 216 107 808 granite
fill 216 107 809 216 107 812 stone
216 107 813 copper_ore
216 107 814 copper_ore
216 107 815 stone
fill 216 107 816 216 107 828 diorite
fill 216 107 829 216 107 832 stone
fill 216 107 833 216 107 838 diorite
fill 216 107 839 216 107 869 stone
fill 216 107 870 216 107 877 granite
fill 216 107 878 216 107 884 stone
fill 216 107 888 216 107 894 stone
216 107 895 diorite
fill 217 107 768 217 107 775 stone
fill 217 107 776 217 107 787 diorite
217 107 788 granite
fill 217 107 789 217 107 792 andesite
fill 217 107 793 217 107 810 granite
217 107 811 stone
217 107 812 stone
217 107 813 copper_ore
217 107 814 copper_ore
217 107 815 stone
fill 217 107 816 217 107 828 diorite
fill 217 107 829 217 107 832 stone
fill 217 107 833 217 107 838 diorite
fill 217 107 839 217 107 842 stone
217 107 843 gravel
fill 217 107 844 217 107 854 stone
217 107 855 copper_ore
217 107 856 copper_ore
fill 217 107 857 217 107 870 stone
fill 217 107 871 217 107 877 granite
fill 217 107 878 217 107 884 stone
fill 217 107 889 217 107 891 stone
217 107 892 diorite
217 107 893 diorite
217 107 894 stone
217 107 895 diorite
fill 218 107 768 218 107 777 stone
218 107 778 diorite
218 107 779 diorite
fill 218 107 780 218 107 783 stone
fill 218 107 784 218 107 788 granite
218 107 789 andesite
218 107 790 andesite
218 107 791 copper_ore
218 107 792 andesite
218 107 793 andesite
fill 218 107 794 218 107 810 granite
fill 218 107 811 218 107 813 stone
218 107 814 copper_ore
218 107 815 stone
218 107 816 stone
fill 218 107 817 218 107 827 diorite
fill 218 107 828 218 107 832 stone
fill 218 107 833 218 107 839 diorite
218 107 840 stone
218 107 841 stone
fill 218 107 842 218 107 844 gravel
fill 218 107 845 218 107 854 stone
fill 218 107 855 218 107 857 andesite
fill 218 107 858 218 107 870 stone
fill 218 107 871 218 107 877 granite
fill 218 107 878 218 107 885 stone
fill 218 107 886 218 107 895 diorite
fill 219 107 768 219 107 783 stone
fill 219 107 784 219 107 788 granite
219 107 789 copper_ore
219 107 790 copper_ore
fill 219 107 791 219 107 794 andesite
fill 219 107 795 219 107 811 granite
fill 219 107 812 219 107 820 stone
fill 219 107 821 219 107 826 diorite
fill 219 107 827 219 107 832 stone
fill 219 107 833 219 107 839 diorite
219 107 840 stone
219 107 841 stone
fill 219 107 842 219 107 844 gravel
fill 219 107 845 219 107 851 stone
fill 219 107 852 219 107 858 andesite
fill 219 107 859 219 107 870 stone
fill 219 107 871 219 107 881 granite
fill 219 107 882 219 107 884 stone
fill 219 107 885 219 107 895 diorite
fill 220 107 768 220 107 783 stone
fill 220 107 784 220 107 790 granite
fill 220 107 791 220 107 795 andesite
220 107 796 stone
fill 220 107 797 220 107 810 granite
fill 220 107 811 220 107 832 stone
fill 220 107 833 220 107 839 diorite
fill 220 107 840 220 107 842 stone
220 107 843 gravel
fill 220 107 844 220 107 849 stone
fill 220 107 850 220 107 857 andesite
fill 220 107 858 220 107 868 stone
fill 220 107 869 220 107 882 granite
220 107 883 stone
220 107 884 stone
fill 220 107 885 220 107 895 diorite
fill 221 107 768 221 107 784 stone
fill 221 107 785 221 107 791 granite
221 107 792 andesite
221 107 793 andesite
fill 221 107 794 221 107 799 stone
fill 221 107 800 221 107 808 granite
fill 221 107 809 221 107 833 stone
fill 221 107 834 221 107 840 diorite
221 107 841 coal_ore
221 107 842 coal_ore
fill 221 107 843 221 107 848 stone
fill 221 107 849 221 107 857 andesite
fill 221 107 858 221 107 865 stone
fill 221 107 866 221 107 882 granite
221 107 883 stone
fill 221 107 884 221 107 895 diorite
fill 222 107 768 222 107 785 stone
fill 222 107 786 222 107 792 granite
fill 222 107 793 222 107 833 stone
fill 222 107 834 222 107 840 diorite
222 107 841 coal_ore
222 107 842 coal_ore
fill 222 107 843 222 107 848 stone
fill 222 107 849 222 107 854 andesite
222 107 855 stone
222 107 856 andesite
222 107 857 lapis_ore
fill 222 107 858 222 107 864 stone
fill 222 107 865 222 107 880 granite
222 107 881 copper_ore
222 107 882 copper_ore
222 107 883 stone
222 107 884 stone
fill 222 107 885 222 107 895 diorite
fill 223 107 768 223 107 770 stone
fill 223 107 771 223 107 773 diorite
fill 223 107 774 223 107 785 stone
fill 223 107 786 223 107 793 granite
fill 223 107 794 223 107 833 stone
223 107 834 copper_ore
fill 223 107 835 223 107 840 diorite
223 107 841 coal_ore
223 107 842 coal_ore
fill 223 107 843 223 107 848 stone
fill 223 107 849 223 107 853 andesite
223 107 854 stone
223 107 855 stone
223 107 856 lapis_ore
fill 223 107 857 223 107 863 stone
fill 223 107 864 223 107 880 granite
223 107 881 copper_ore
223 107 882 copper_ore
fill 223 107 883 223 107 885 stone
fill 223 107 886 223 107 889 diorite
223 107 890 stone
fill 223 107 891 223 107 894 diorite
223 107 895 stone
224 107 768 stone
224 107 769 stone
fill 224 107 770 224 107 774 diorite
fill 224 107 775 224 107 786 stone
fill 224 107 787 224 107 793 granite
fill 224 107 794 224 107 833 stone
224 107 834 copper_ore
fill 224 107 835 224 107 841 diorite
fill 224 107 842 224 107 863 stone
fill 224 107 864 224 107 879 granite
224 107 880 stone
224 107 881 granite
224 107 882 copper_ore
fill 224 107 883 224 107 885 stone
fill 224 107 886 224 107 888 diorite
fill 224 107 889 224 107 895 stone
225 107 768 stone
fill 225 107 769 225 107 775 diorite
fill 225 107 776 225 107 786 stone
fill 225 107 787 225 107 793 granite
fill 225 107 794 225 107 826 stone
225 107 827 coal_ore
fill 225 107 828 225 107 835 stone
fill 225 107 836 225 107 841 diorite
fill 225 107 842 225 107 863 stone
fill 225 107 864 225 107 882 granite
225 107 883 stone
225 107 884 stone
fill 225 107 885 225 107 888 diorite
fill 225 107 889 225 107 895 stone
226 107 768 stone
fill 226 107 769 226 107 775 diorite
fill 226 107 776 226 107 787 stone
fill 226 107 788 226 107 793 granite
fill 226 107 794 226 107 824 stone
fill 226 107 825 226 107 827 coal_ore
fill 226 107 828 226 107 835 stone
fill 226 107 836 226 107 841 diorite
fill 226 107 842 226 107 864 stone
fill 226 107 865 226 107 870 granite
fill 226 107 871 226 107 873 andesite
fill 226 107 874 226 107 876 granite
226 107 877 stone
fill 226 107 878 226 107 883 granite
fill 226 107 884 226 107 888 diorite
fill 226 107 889 226 107 895 stone
227 107 768 stone
fill 227 107 769 227 107 776 diorite
fill 227 107 777 227 107 788 stone
fill 227 107 789 227 107 793 granite
fill 227 107 794 227 107 823 stone
fill 227 107 824 227 107 826 coal_ore
fill 227 107 827 227 107 833 stone
227 107 834 copper_ore
227 107 835 copper_ore
227 107 836 stone
fill 227 107 837 227 107 841 diorite
fill 227 107 842 227 107 867 stone
227 107 868 granite
227 107 869 stone
fill 227 107 870 227 107 873 andesite
fill 227 107 874 227 107 877 stone
fill 227 107 878 227 107 883 granite
fill 227 107 884 227 107 888 diorite
fill 227 107 889 227 107 895 stone
228 107 768 stone
fill 228 107 769 228 107 777 diorite
fill 228 107 778 228 107 786 stone
fill 228 107 787 228 107 789 andesite
fill 228 107 790 228 107 793 granite
fill 228 107 794 228 107 803 stone
228 107 804 iron_ore
fill 228 107 805 228 107 823 stone
228 107 824 coal_ore
228 107 825 coal_ore
fill 228 107 826 228 107 836 stone
fill 228 107 837 228 107 841 diorite
fill 228 107 842 228 107 869 stone
fill 228 107 870 228 107 873 andesite
fill 228 107 874 228 107 876 stone
fill 228 107 877 228 107 881 granite
fill 228 107 882 228 107 888 diorite
fill 228 107 889 228 107 895 stone
229 107 768 stone
fill 229 107 769 229 107 777 diorite
fill 229 107 778 229 107 786 stone
fill 229 107 787 229 107 789 andesite
fill 229 107 790 229 107 808 stone
fill 229 107 809 229 107 817 granite
fill 229 107 818 229 107 838 stone
fill 229 107 839 229 107 841 diorite
fill 229 107 842 229 107 869 stone
fill 229 107 870 229 107 873 andesite
fill 229 107 874 229 107 876 stone
fill 229 107 877 229 107 880 granite
fill 229 107 881 229 107 887 diorite
fill 229 107 888 229 107 895 stone
230 107 768 stone
fill 230 107 769 230 107 777 diorite
fill 230 107 778 230 107 786 stone
fill 230 107 787 230 107 791 andesite
fill 230 107 792 230 107 805 stone
fill 230 107 806 230 107 812 granite
230 107 813 gravel
fill 230 107 814 230 107 821 granite
fill 230 107 822 230 107 839 stone
230 107 840 diorite
fill 230 107 841 230 107 853 stone
230 107 854 copper_ore
230 107 855 copper_ore
fill 230 107 856 230 107 868 stone
fill 230 107 869 230 107 874 andesite
230 107 875 stone
230 107 876 stone
230 107 877 gravel
230 107 878 granite
230 107 879 granite
fill 230 107 880 230 107 886 diorite
fill 230 107 887 230 107 895 stone
231 107 768 stone
fill 231 107 769 231 107 777 diorite
fill 231 107 778 231 107 786 stone
fill 231 107 787 231 107 793 andesite
fill 231 107 794 231 107 804 stone
fill 231 107 805 231 107 814 granite
231 107 815 dirt
fill 231 107 816 231 107 823 granite
fill 231 107 824 231 107 854 stone
231 107 855 copper_ore
231 107 856 copper_ore
fill 231 107 857 231 107 868 stone
fill 231 107 869 231 107 874 andesite
231 107 875 stone
231 107 876 stone
fill 231 107 877 231 107 879 granite
fill 231 107 880 231 107 886 diorite
fill 231 107 887 231 107 895 stone
232 107 768 stone
232 107 769 stone
232 107 770 diorite
232 107 771 diorite
fill 232 107 772 232 107 777 diorite
fill 232 107 778 232 107 786 stone
fill 232 107 787 232 107 794 andesite
fill 232 107 795 232 107 803 stone
fill 232 107 804 232 107 813 andesite
fill 232 107 814 232 107 816 dirt
fill 232 107 817 232 107 824 granite
fill 232 107 825 232 107 868 stone
fill 232 107 869 232 107 874 andesite
232 107 875 stone
232 107 876 stone
232 107 877 granite
232 107 878 granite
fill 232 107 879 232 107 886 diorite
fill 232 107 887 232 107 895 stone
233 107 768 stone
233 107 769 stone
fill 233 107 770 233 107 777 diorite
fill 233 107 778 233 107 785 stone
fill 233 107 786 233 107 796 andesite
fill 233 107 797 233 107 801 stone
fill 233 107 802 233 107 811 andesite
fill 233 107 812 233 107 820 dirt
fill 233 107 821 233 107 824 granite
fill 233 107 825 233 107 840 stone
233 107 841 iron_ore
233 107 842 iron_ore
fill 233 107 843 233 107 868 stone
fill 233 107 869 233 107 874 andesite
233 107 875 stone
233 107 876 stone
233 107 877 granite
233 107 878 granite
fill 233 107 879 233 107 885 diorite
fill 233 107 886 233 107 895 stone
fill 234 107 768 234 107 770 stone
fill 234 107 771 234 107 778 diorite
fill 234 107 779 234 107 785 stone
fill 234 107 786 234 107 796 andesite
fill 234 107 797 234 107 799 stone
fill 234 107 800 234 107 811 andesite
fill 234 107 812 234 107 820 dirt
fill 234 107 821 234 107 824 granite
fill 234 107 825 234 107 840 stone
234 107 841 iron_ore
234 107 842 iron_ore
fill 234 107 843 234 107 869 stone
fill 234 107 870 234 107 873 andesite
fill 234 107 874 234 107 876 stone
234 107 877 granite
234 107 878 granite
fill 234 107 879 234 107 884 diorite
fill 234 107 885 234 107 895 stone
fill 235 107 768 235 107 770 stone
fill 235 107 771 235 107 778 diorite
fill 235 107 779 235 107 788 stone
fill 235 107 789 235 107 796 andesite
235 107 797 stone
235 107 798 stone
fill 235 107 799 235 107 810 andesite
fill 235 107 811 235 107 820 dirt
fill 235 107 821 235 107 823 granite
235 107 824 andesite
fill 235 107 825 235 107 869 stone
fill 235 107 870 235 107 873 andesite
fill 235 107 874 235 107 876 stone
235 107 877 granite
235 107 878 granite
fill 235 107 879 235 107 884 diorite
fill 235 107 885 235 107 895 stone
fill 236 107 768 236 107 770 stone
fill 236 107 771 236 107 778 diorite
fill 236 107 779 236 107 789 stone
fill 236 107 790 236 107 802 andesite
236 107 803 lapis_ore
236 107 804 lapis_ore
fill 236 107 805 236 107 810 andesite
fill 236 107 811 236 107 820 dirt
fill 236 107 821 236 107 824 andesite
fill 236 107 825 236 107 869 stone
fill 236 107 870 236 107 872 andesite
fill 236 107 873 236 107 878 stone
fill 236 107 879 236 107 882 diorite
fill 236 107 883 236 107 895 stone
237 107 775 diorite
237 107 776 coal_ore
237 107 777 diorite
fill 237 107 778 237 107 791 stone
fill 237 107 792 237 107 802 andesite
237 107 803 lapis_ore
237 107 804 lapis_ore
237 107 805 iron_ore
fill 237 107 806 237 107 809 andesite
fill 237 107 810 237 107 813 dirt
237 107 814 andesite
237 107 815 andesite
237 107 816 stone
fill 237 107 817 237 107 825 andesite
fill 237 107 826 237 107 870 stone
237 107 871 andesite
237 107 872 andesite
fill 237 107 873 237 107 878 stone
237 107 879 diorite
237 107 880 diorite
fill 237 107 881 237 107 895 stone
fill 238 107 779 238 107 794 stone
238 107 795 andesite
238 107 796 stone
238 107 797 andesite
238 107 798 stone
fill 238 107 799 238 107 808 andesite
fill 238 107 809 238 107 812 dirt
238 107 813 andesite
238 107 814 andesite
238 107 815 stone
238 107 816 stone
fill 238 107 817 238 107 825 andesite