fill 177 115 792 177 115 797 diorite
fill 177 115 798 177 115 800 granite
fill 177 115 801 177 115 808 stone
177 115 809 dirt
177 115 810 dirt
fill 177 115 811 177 115 822 stone
177 115 823 dirt
fill 177 115 824 177 115 829 stone
fill 177 115 830 177 115 836 diorite
fill 177 115 837 177 115 867 stone
177 115 868 granite
177 115 869 granite
fill 177 115 870 177 115 876 diorite
fill 177 115 877 177 115 895 stone
fill 178 115 768 178 115 793 stone
fill 178 115 794 178 115 796 diorite
fill 178 115 797 178 115 801 granite
fill 178 115 802 178 115 820 stone
fill 178 115 821 178 115 824 dirt
fill 178 115 825 178 115 828 stone
fill 178 115 829 178 115 835 diorite
fill 178 115 836 178 115 867 stone
178 115 868 granite
178 115 869 granite
fill 178 115 870 178 115 876 diorite
fill 178 115 877 178 115 887 stone
178 115 888 copper_ore
178 115 889 copper_ore
fill 178 115 890 178 115 895 stone
fill 179 115 768 179 115 793 stone
fill 179 115 794 179 115 801 granite
fill 179 115 802 179 115 819 stone
fill 179 115 820 179 115 823 dirt
fill 179 115 824 179 115 826 stone
fill 179 115 827 179 115 835 diorite
fill 179 115 836 179 115 867 stone
179 115 868 granite
fill 179 115 869 179 115 876 diorite
fill 179 115 877 179 115 887 stone
179 115 888 copper_ore
179 115 889 copper_ore
fill 179 115 890 179 115 895 stone
fill 180 115 768 180 115 794 stone
fill 180 115 795 180 115 801 granite
180 115 802 stone
180 115 803 coal_ore
fill 180 115 804 180 115 819 stone
fill 180 115 820 180 115 822 dirt
fill 180 115 823 180 115 825 stone
fill 180 115 826 180 115 832 diorite
180 115 833 copper_ore
180 115 834 diorite
fill 180 115 835 180 115 846 stone
fill 180 115 847 180 115 867 stone
180 115 868 granite
fill 180 115 869 180 115 875 diorite
fill 180 115 876 180 115 892 stone
fill 180 115 893 180 115 895 coal_ore
fill 181 115 768 181 115 775 stone
181 115 776 andesite
fill 181 115 777 181 115 794 stone
fill 181 115 795 181 115 801 granite
181 115 802 stone
181 115 803 coal_ore
181 115 804 coal_ore
fill 181 115 805 181 115 824 stone
fill 181 115 825 181 115 832 diorite
181 115 833 copper_ore
fill 181 115 834 181 115 867 stone
181 115 868 granite
fill 181 115 869 181 115 875 diorite
fill 181 115 876 181 115 891 stone
fill 181 115 892 181 115 895 coal_ore
182 115 768 iron_ore
182 115 769 iron_ore
fill 182 115 770 182 115 773 stone
fill 182 115 774 182 115 776 andesite
fill 182 115 777 182 115 795 stone
fill 182 115 796 182 115 801 granite
fill 182 115 802 182 115 823 stone
182 115 824 andesite
fill 182 115 825 182 115 831 diorite
fill 182 115 832 182 115 839 stone
182 115 840 iron_ore
182 115 841 iron_ore
fill 182 115 842 182 115 868 stone
182 115 869 copper_ore
fill 182 115 870 182 115 875 diorite
fill 182 115 876 182 115 894 stone
182 115 895 andesite
183 115 768 iron_ore
183 115 769 iron_ore
fill 183 115 770 183 115 773 stone
183 115 774 andesite
183 115 775 andesite
fill 183 115 776 183 115 796 stone
fill 183 115 797 183 115 800 granite
fill 183 115 801 183 115 822 stone
183 115 823 andesite
183 115 824 iron_ore
fill 183 115 825 183 115 830 diorite
fill 183 115 831 183 115 840 stone
183 115 841 iron_ore
fill 183 115 842 183 115 868 stone
fill 183 115 869 183 115 875 diorite
fill 183 115 876 183 115 889 stone
fill 183 115 890 183 115 895 andesite
fill 184 115 768 184 115 771 stone
184 115 772 andesite
184 115 773 andesite
fill 184 115 774 184 115 809 stone
fill 184 115 810 184 115 814 andesite
fill 184 115 815 184 115 822 stone
184 115 823 andesite
184 115 824 andesite
fill 184 115 825 184 115 829 diorite
fill 184 115 830 184 115 860 stone
184 115 861 copper_ore
184 115 862 copper_ore
fill 184 115 863 184 115 868 stone
fill 184 115 869 184 115 873 diorite
fill 184 115 874 184 115 889 stone
fill 184 115 890 184 115 895 andesite
fill 185 115 768 185 115 779 stone
185 115 780 gravel
185 115 781 gravel
fill 185 115 782 185 115 809 stone
fill 185 115 810 185 115 816 andesite
fill 185 115 817 185 115 822 stone
fill 185 115 823 185 115 829 andesite
fill 185 115 830 185 115 842 stone
185 115 843 gravel
185 115 844 gravel
fill 185 115 845 185 115 861 stone
185 115 862 copper_ore
fill 185 115 863 185 115 867 stone
fill 185 115 868 185 115 873 diorite
fill 185 115 874 185 115 889 stone
fill 185 115 890 185 115 895 andesite
fill 186 115 768 186 115 776 stone
fill 186 115 777 186 115 781 gravel
fill 186 115 782 186 115 809 stone
fill 186 115 810 186 115 819 andesite
fill 186 115 820 186 115 823 stone
fill 186 115 824 186 115 830 andesite
fill 186 115 831 186 115 841 stone
fill 186 115 842 186 115 844 gravel
fill 186 115 845 186 115 867 stone
fill 186 115 868 186 115 872 diorite
fill 186 115 873 186 115 889 stone
fill 186 115 890 186 115 895 andesite
fill 187 115 768 187 115 775 stone
fill 187 115 776 187 115 778 gravel
fill 187 115 779 187 115 783 stone
187 115 784 andesite
187 115 785 andesite
fill 187 115 786 187 115 800 stone
fill 187 115 801 187 115 806 andesite
fill 187 115 807 187 115 809 stone
fill 187 115 810 187 115 821 andesite
187 115 822 stone
187 115 823 stone
fill 187 115 824 187 115 831 andesite
fill 187 115 832 187 115 840 stone
fill 187 115 841 187 115 844 gravel
fill 187 115 845 187 115 868 stone
fill 187 115 869 187 115 871 diorite
fill 187 115 872 187 115 890 stone
fill 187 115 891 187 115 895 andesite
fill 188 115 768 188 115 773 stone
188 115 774 copper_ore
fill 188 115 775 188 115 782 stone
fill 188 115 783 188 115 786 andesite
fill 188 115 787 188 115 797 stone
fill 188 115 798 188 115 808 andesite
188 115 809 stone
188 115 810 stone
fill 188 115 811 188 115 831 andesite
fill 188 115 832 188 115 840 stone
fill 188 115 841 188 115 844 gravel
188 115 845 stone
188 115 846 stone
188 115 847 andesite
188 115 848 andesite
fill 188 115 849 188 115 868 stone
188 115 869 diorite
188 115 870 diorite
fill 188 115 871 188 115 892 stone
fill 188 115 893 188 115 895 andesite
fill 189 115 768 189 115 781 stone
fill 189 115 782 189 115 786 andesite
fill 189 115 787 189 115 790 stone
fill 189 115 791 189 115 795 stone
fill 189 115 796 189 115 809 andesite
189 115 810 stone
189 115 811 stone
fill 189 115 812 189 115 832 andesite
fill 189 115 833 189 115 840 stone
fill 189 115 841 189 115 844 gravel
fill 189 115 845 189 115 847 andesite
fill 189 115 848 189 115 850 dirt
fill 189 115 851 189 115 893 stone
189 115 894 andesite
189 115 895 andesite
fill 190 115 768 190 115 781 stone
fill 190 115 782 190 115 786 andesite
fill 190 115 787 190 115 795 stone
fill 190 115 796 190 115 808 andesite
fill 190 115 809 190 115 813 stone
fill 190 115 814 190 115 832 andesite
fill 190 115 833 190 115 839 stone
fill 190 115 840 190 115 844 gravel
fill 190 115 845 190 115 847 andesite
fill 190 115 848 190 115 852 dirt
fill 190 115 853 190 115 895 stone
fill 191 115 768 191 115 774 stone
fill 191 115 775 191 115 778 andesite
fill 191 115 779 191 115 781 stone
fill 191 115 782 191 115 786 andesite
fill 191 115 787 191 115 793 stone
fill 191 115 794 191 115 807 andesite
fill 191 115 808 191 115 813 stone
fill 191 115 814 191 115 833 andesite
191 115 834 stone
191 115 835 stone
191 115 836 copper_ore
191 115 837 copper_ore
191 115 838 stone
191 115 839 stone
fill 191 115 840 191 115 843 gravel
fill 191 115 844 191 115 848 andesite
fill 191 115 849 191 115 853 dirt
fill 191 115 854 191 115 895 stone
fill 192 115 768 192 115 773 stone
fill 192 115 774 192 115 778 andesite
192 115 779 stone
192 115 780 stone
fill 192 115 781 192 115 787 andesite
fill 192 115 788 192 115 793 stone
fill 192 115 794 192 115 806 andesite
fill 192 115 807 192 115 814 stone
fill 192 115 815 192 115 833 andesite
192 115 834 stone
192 115 835 stone
192 115 836 copper_ore
192 115 837 copper_ore
192 115 838 stone
192 115 839 stone
fill 192 115 840 192 115 842 gravel
fill 192 115 843 192 115 848 andesite
192 115 849 stone
fill 192 115 850 192 115 853 dirt
fill 192 115 854 192 115 869 stone
192 115 870 copper_ore
fill 192 115 871 192 115 878 stone
fill 192 115 882 192 115 895 stone
fill 193 115 768 193 115 772 stone
fill 193 115 773 193 115 778 andesite
193 115 779 stone
fill 193 115 780 193 115 787 andesite
fill 193 115 788 193 115 793 stone
fill 193 115 794 193 115 805 andesite
fill 193 115 806 193 115 812 stone
fill 193 115 813 193 115 833 andesite
193 115 834 stone
193 115 835 stone
193 115 836 copper_ore
193 115 837 copper_ore
fill 193 115 838 193 115 840 stone
193 115 841 gravel
193 115 842 gravel
fill 193 115 843 193 115 847 andesite
fill 193 115 848 193 115 850 stone
fill 193 115 851 193 115 853 dirt
fill 193 115 854 193 115 869 stone
193 115 870 copper_ore
193 115 871 stone
193 115 872 copper_ore
fill 193 115 873 193 115 878 stone
fill 193 115 883 193 115 895 stone
fill 194 115 768 194 115 771 stone
fill 194 115 772 194 115 778 andesite
194 115 779 stone
fill 194 115 780 194 115 787 andesite
fill 194 115 788 194 115 793 stone
fill 194 115 794 194 115 796 andesite
194 115 797 copper_ore
194 115 798 copper_ore
fill 194 115 799 194 115 801 andesite
194 115 802 stone
194 115 803 andesite
fill 194 115 804 194 115 812 stone
fill 194 115 813 194 115 833 andesite
fill 194 115 834 194 115 876 stone
194 115 877 diorite
194 115 878 diorite
194 115 879 stone
194 115 880 diorite
194 115 884 diorite
194 115 885 diorite
fill 194 115 886 194 115 895 stone
fill 195 115 768 195 115 770 stone
fill 195 115 771 195 115 778 andesite
195 115 779 stone
fill 195 115 780 195 115 787 andesite
fill 195 115 788 195 115 796 stone
195 115 797 copper_ore
195 115 798 copper_ore
fill 195 115 799 195 115 811 stone
fill 195 115 812 195 115 823 andesite
fill 195 115 824 195 115 826 stone
fill 195 115 827 195 115 834 andesite
fill 195 115 835 195 115 847 stone
195 115 848 coal_ore
195 115 849 coal_ore
fill 195 115 850 195 115 874 stone
fill 195 115 875 195 115 881 diorite
195 115 884 diorite
195 115 885 diorite
fill 195 115 886 195 115 895 stone
196 115 768 stone
196 115 769 stone
fill 196 115 770 196 115 778 andesite
196 115 779 stone
fill 196 115 780 196 115 787 andesite
fill 196 115 788 196 115 797 stone
196 115 798 copper_ore
fill 196 115 799 196 115 811 stone
fill 196 115 812 196 115 822 andesite
fill 196 115 823 196 115 827 stone
fill 196 115 828 196 115 834 andesite
fill 196 115 835 196 115 847 stone
196 115 848 coal_ore
196 115 849 coal_ore
fill 196 115 850 196 115 864 stone
196 115 865 copper_ore
fill 196 115 866 196 115 873 stone
fill 196 115 874 196 115 885 diorite
fill 196 115 886 196 115 891 stone
fill 196 115 892 196 115 894 granite
196 115 895 stone
197 115 768 stone
fill 197 115 769 197 115 777 andesite
197 115 778 stone
197 115 779 stone
fill 197 115 780 197 115 787 andesite
fill 197 115 788 197 115 812 stone
fill 197 115 813 197 115 820 andesite
fill 197 115 821 197 115 828 stone
fill 197 115 829 197 115 834 andesite
fill 197 115 835 197 115 845 stone
197 115 846 stone
197 115 847 stone
197 115 848 coal_ore
197 115 849 coal_ore
fill 197 115 850 197 115 864 stone
197 115 865 copper_ore
fill 197 115 866 197 115 872 stone
fill 197 115 873 197 115 876 diorite
197 115 877 copper_ore
197 115 878 copper_ore
fill 197 115 879 197 115 882 diorite
fill 197 115 885 197 115 890 stone
fill 197 115 891 197 115 894 granite
197 115 895 stone
198 115 768 stone
fill 198 115 769 198 115 776 andesite
fill 198 115 777 198 115 779 stone
fill 198 115 780 198 115 787 andesite
fill 198 115 788 198 115 813 stone
198 115 814 andesite
198 115 815 andesite
fill 198 115 816 198 115 829 stone
fill 198 115 830 198 115 834 andesite
fill 198 115 835 198 115 842 stone
198 115 843 andesite
fill 198 115 844 198 115 847 stone
198 115 848 coal_ore
198 115 849 coal_ore
fill 198 115 850 198 115 872 stone
fill 198 115 873 198 115 877 diorite
198 115 878 copper_ore
fill 198 115 879 198 115 881 diorite
fill 198 115 885 198 115 887 stone
fill 198 115 888 198 115 894 granite
198 115 895 stone
fill 199 115 768 199 115 776 andesite
fill 199 115 777 199 115 779 stone
fill 199 115 780 199 115 787 andesite
fill 199 115 788 199 115 822 stone
fill 199 115 823 199 115 825 water[level=0]
fill 199 115 826 199 115 830 stone
fill 199 115 831 199 115 834 andesite
fill 199 115 835 199 115 840 stone
fill 199 115 841 199 115 845 andesite
fill 199 115 846 199 115 848 stone
199 115 849 coal_ore
fill 199 115 850 199 115 873 stone
fill 199 115 874 199 115 879 diorite
199 115 880 stone
fill 199 115 885 199 115 887 stone
fill 199 115 888 199 115 894 granite
199 115 895 stone
fill 200 115 768 200 115 776 andesite
fill 200 115 777 200 115 779 stone
fill 200 115 780 200 115 787 andesite
fill 200 115 788 200 115 821 stone
fill 200 115 822 200 115 825 water[level=0]
fill 200 115 826 200 115 838 stone
fill 200 115 839 200 115 845 andesite
fill 200 115 846 200 115 886 stone
fill 200 115 887 200 115 892 granite
fill 200 115 893 200 115 895 stone
fill 201 115 768 201 115 775 andesite
fill 201 115 776 201 115 779 stone
201 115 780 andesite
201 115 781 andesite
201 115 782 copper_ore
201 115 783 copper_ore
fill 201 115 784 201 115 786 andesite
fill 201 115 787 201 115 821 stone
fill 201 115 822 201 115 825 water[level=0]
201 115 826 stone
201 115 827 stone
201 115 828 copper_ore
201 115 829 copper_ore
fill 201 115 830 201 115 836 stone
fill 201 115 837 201 115 845 andesite
fill 201 115 846 201 115 873 stone
fill 201 115 875 201 115 877 stone
201 115 878 copper_ore
fill 201 115 879 201 115 881 stone
201 115 882 water[level=0]
fill 201 115 883 201 115 886 stone
fill 201 115 887 201 115 892 granite
fill 201 115 893 201 115 895 stone
fill 202 115 768 202 115 770 andesite
202 115 771 gravel
202 115 772 gravel
202 115 773 andesite
202 115 774 andesite
fill 202 115 775 202 115 779 stone
202 115 780 andesite
202 115 781 andesite
202 115 782 copper_ore
202 115 783 copper_ore
202 115 784 andesite
202 115 785 andesite
202 115 786 copper_ore
202 115 787 copper_ore
fill 202 115 788 202 115 821 stone
fill 202 115 822 202 115 824 water[level=0]
fill 202 115 825 202 115 827 stone
202 115 828 copper_ore
202 115 829 copper_ore
fill 202 115 830 202 115 835 stone
fill 202 115 836 202 115 845 andesite
fill 202 115 846 202 115 869 stone
fill 202 115 874 202 115 876 stone
fill 202 115 877 202 115 881 water[level=0]
fill 202 115 882 202 115 887 stone
fill 202 115 888 202 115 891 granite
fill 202 115 892 202 115 895 stone
203 115 768 andesite
fill 203 115 769 203 115 772 gravel
203 115 773 andesite
fill 203 115 774 203 115 780 stone
fill 203 115 781 203 115 785 andesite
203 115 786 copper_ore
203 115 787 copper_ore
fill 203 115 788 203 115 834 stone
fill 203 115 835 203 115 844 andesite
fill 203 115 845 203 115 867 stone
203 115 874 stone
203 115 875 stone
203 115 876 water[level=0]
203 115 877 water[level=0]
fill 203 115 878 203 115 886 stone
fill 203 115 887 203 115 890 diorite
fill 203 115 891 203 115 895 stone
fill 204 115 768 204 115 772 gravel
204 115 773 diorite
fill 204 115 774 204 115 780 stone
fill 204 115 781 204 115 785 andesite
204 115 786 copper_ore
fill 204 115 787 204 115 833 stone
fill 204 115 834 204 115 843 andesite
fill 204 115 844 204 115 867 stone
204 115 873 stone
204 115 874 stone
204 115 875 water[level=0]
fill 204 115 876 204 115 885 stone
fill 204 115 886 204 115 889 diorite
204 115 890 iron_ore
204 115 891 diorite
fill 204 115 892 204 115 895 stone
fill 205 115 768 205 115 772 gravel
205 115 773 diorite
fill 205 115 774 205 115 780 stone
fill 205 115 781 205 115 785 andesite
fill 205 115 786 205 115 832 stone
fill 205 115 833 205 115 843 andesite
fill 205 115 844 205 115 884 stone
fill 205 115 885 205 115 889 diorite
205 115 890 iron_ore
205 115 891 diorite
fill 205 115 892 205 115 895 stone
fill 206 115 768 206 115 771 gravel
fill 206 115 772 206 115 774 diorite
fill 206 115 775 206 115 781 stone
fill 206 115 782 206 115 784 andesite
fill 206 115 785 206 115 790 stone
206 115 791 coal_ore
fill 206 115 792 206 115 800 stone
fill 206 115 801 206 115 832 stone
fill 206 115 833 206 115 842 andesite
fill 206 115 843 206 115 883 stone
fill 206 115 884 206 115 887 diorite
206 115 888 copper_ore
206 115 889 copper_ore
206 115 890 diorite
206 115 891 diorite
fill 206 115 892 206 115 895 stone
fill 207 115 768 207 115 770 gravel
fill 207 115 771 207 115 774 diorite
fill 207 115 775 207 115 789 stone
207 115 790 coal_ore
207 115 791 coal_ore
fill 207 115 792 207 115 818 stone
207 115 819 diorite
fill 207 115 820 207 115 831 stone
fill 207 115 832 207 115 841 andesite
fill 207 115 842 207 115 876 stone
207 115 877 copper_ore
fill 207 115 878 207 115 883 stone
fill 207 115 884 207 115 887 diorite
207 115 888 copper_ore
207 115 889 copper_ore
207 115 890 diorite
207 115 891 diorite
fill 207 115 892 207 115 895 stone
208 115 768 gravel
fill 208 115 769 208 115 774 diorite
fill 208 115 775 208 115 789 stone
208 115 790 coal_ore
208 115 791 coal_ore
fill 208 115 792 208 115 817 stone
fill 208 115 818 208 115 820 diorite
fill 208 115 821 208 115 831 stone
fill 208 115 832 208 115 839 andesite
208 115 840 coal_ore
fill 208 115 841 208 115 883 stone
fill 208 115 884 208 115 891 diorite
fill 208 115 892 208 115 895 stone
fill 209 115 768 209 115 774 diorite
fill 209 115 775 209 115 789 stone
209 115 790 coal_ore
209 115 791 coal_ore
fill 209 115 792 209 115 817 stone
fill 209 115 818 209 115 820 diorite
fill 209 115 821 209 115 830 stone
fill 209 115 831 209 115 838 andesite
209 115 839 stone
209 115 840 coal_ore
fill 209 115 841 209 115 843 stone
209 115 844 coal_ore
209 115 845 coal_ore
fill 209 115 846 209 115 882 stone
fill 209 115 883 209 115 891 diorite
fill 209 115 892 209 115 895 stone
fill 210 115 768 210 115 774 diorite
fill 210 115 775 210 115 789 stone
210 115 790 coal_ore
210 115 791 coal_ore
fill 210 115 792 210 115 831 stone
fill 210 115 832 210 115 837 andesite
fill 210 115 838 210 115 843 stone
fill 210 115 844 210 115 846 coal_ore
fill 210 115 847 210 115 882 stone
fill 210 115 883 210 115 891 diorite
210 115 892 stone
210 115 893 stone
210 115 894 granite
210 115 895 granite
fill 211 115 768 211 115 774 diorite
fill 211 115 775 211 115 832 stone
211 115 833 andesite
211 115 834 andesite
fill 211 115 835 211 115 840 stone
211 115 841 iron_ore
fill 211 115 842 211 115 844 stone
211 115 845 coal_ore
211 115 846 coal_ore
fill 211 115 847 211 115 850 gravel
fill 211 115 851 211 115 882 stone
fill 211 115 883 211 115 890 diorite
fill 211 115 891 211 115 893 stone
211 115 894 granite
211 115 895 granite
fill 212 115 768 212 115 774 diorite
fill 212 115 775 212 115 845 stone
fill 212 115 846 212 115 850 gravel
fill 212 115 851 212 115 880 stone
212 115 881 coal_ore
212 115 882 diorite
fill 212 115 883 212 115 886 andesite
fill 212 115 887 212 115 890 diorite
212 115 891 stone
212 115 892 stone
fill 212 115 893 212 115 895 granite
fill 213 115 768 213 115 774 diorite
fill 213 115 775 213 115 807 stone
213 115 808 coal_ore
213 115 809 coal_ore
fill 213 115 810 213 115 845 stone
fill 213 115 846 213 115 849 gravel
fill 213 115 850 213 115 880 stone
213 115 881 coal_ore
213 115 882 coal_ore
fill 213 115 883 213 115 887 andesite
213 115 888 diorite
213 115 889 diorite
213 115 890 stone
213 115 891 stone
fill 213 115 892 213 115 895 granite
214 115 768 stone
fill 214 115 769 214 115 774 diorite
fill 214 115 775 214 115 807 stone
214 115 808 coal_ore
214 115 809 coal_ore
fill 214 115 810 214 115 844 stone
fill 214 115 845 214 115 848 gravel
fill 214 115 849 214 115 878 stone
214 115 879 andesite
214 115 880 andesite
214 115 881 coal_ore
214 115 882 andesite
214 115 883 andesite
214 115 884 water[level=0]
214 115 885 water[level=0]
214 115 886 andesite
214 115 887 andesite
214 115 888 diorite
fill 214 115 889 214 115 891 stone
fill 214 115 892 214 115 895 granite
215 115 768 stone
fill 215 115 769 215 115 774 diorite
fill 215 115 775 215 115 807 stone
215 115 808 coal_ore
215 115 809 coal_ore
fill 215 115 810 215 115 812 diorite
fill 215 115 813 215 115 840 stone
fill 215 115 841 215 115 844 coal_ore
fill 215 115 845 215 115 877 stone
fill 215 115 878 215 115 880 andesite
fill 215 115 881 215 115 885 water[level=0]
215 115 886 andesite
215 115 887 diorite
215 115 888 diorite
fill 215 115 889 215 115 891 stone
fill 215 115 892 215 115 895 granite
216 115 768 diorite
216 115 769 stone
fill 216 115 770 216 115 773 diorite
fill 216 115 774 216 115 780 stone
216 115 781 diorite
216 115 782 diorite
fill 216 115 783 216 115 804 stone
fill 216 115 805 216 115 812 diorite
fill 216 115 813 216 115 840 stone
fill 216 115 841 216 115 844 coal_ore
fill 216 115 845 216 115 876 stone
216 115 877 andesite
216 115 878 andesite
fill 216 115 879 216 115 885 water[level=0]