fill 161 118 647 161 118 650 dirt
161 118 651 sand
fill 161 118 652 161 118 656 water[level=0]
fill 161 118 657 161 118 659 sand
161 118 660 gravel
161 118 661 stone
161 118 662 stone
fill 161 118 663 161 118 665 dirt
fill 161 118 666 161 118 681 stone
161 118 682 coal_ore
161 118 683 coal_ore
fill 161 118 684 161 118 696 stone
fill 161 118 697 161 118 701 granite
161 118 702 stone
161 118 703 stone
fill 161 118 704 161 118 713 andesite
fill 161 118 714 161 118 721 stone
fill 161 118 734 161 118 745 stone
fill 161 118 746 161 118 751 diorite
fill 161 118 752 161 118 759 stone
fill 161 118 760 161 118 767 granite
fill 162 118 640 162 118 647 stone
fill 162 118 648 162 118 650 dirt
162 118 651 sand
162 118 652 sand
fill 162 118 653 162 118 657 water[level=0]
fill 162 118 658 162 118 660 sand
162 118 661 gravel
162 118 662 gravel
fill 162 118 663 162 118 665 dirt
fill 162 118 666 162 118 680 stone
162 118 681 coal_ore
162 118 682 coal_ore
fill 162 118 683 162 118 694 stone
fill 162 118 695 162 118 698 diorite
162 118 699 granite
162 118 700 granite
162 118 701 stone
162 118 702 stone
fill 162 118 703 162 118 712 andesite
fill 162 118 713 162 118 721 stone
162 118 722 grass_block[snowy=false]
fill 162 118 735 162 118 745 stone
fill 162 118 746 162 118 750 diorite
fill 162 118 751 162 118 758 stone
fill 162 118 759 162 118 767 granite
fill 163 118 640 163 118 646 stone
fill 163 118 647 163 118 649 dirt
163 118 650 sand
163 118 651 sand
fill 163 118 652 163 118 657 water[level=0]
fill 163 118 658 163 118 660 sand
fill 163 118 661 163 118 663 gravel
163 118 664 dirt
163 118 665 dirt
fill 163 118 666 163 118 679 stone
fill 163 118 680 163 118 682 coal_ore
fill 163 118 683 163 118 693 stone
fill 163 118 694 163 118 698 diorite
fill 163 118 699 163 118 701 stone
fill 163 118 702 163 118 712 andesite
fill 163 118 713 163 118 722 stone
fill 163 118 735 163 118 746 stone
163 118 747 diorite
163 118 748 diorite
fill 163 118 749 163 118 757 stone
fill 163 118 758 163 118 767 granite
fill 164 118 640 164 118 645 stone
fill 164 118 646 164 118 650 dirt
164 118 651 sand
fill 164 118 652 164 118 657 water[level=0]
164 118 658 sand
164 118 659 sand
fill 164 118 660 164 118 662 gravel
164 118 663 dirt
164 118 664 dirt
fill 164 118 665 164 118 679 stone
164 118 680 coal_ore
164 118 681 coal_ore
fill 164 118 682 164 118 692 stone
fill 164 118 693 164 118 698 diorite
164 118 699 stone
164 118 700 stone
fill 164 118 701 164 118 711 andesite
fill 164 118 712 164 118 722 stone
fill 164 118 735 164 118 756 stone
fill 164 118 757 164 118 767 granite
fill 165 118 640 165 118 642 andesite
165 118 643 stone
165 118 644 stone
fill 165 118 645 165 118 650 dirt
165 118 651 sand
fill 165 118 652 165 118 657 water[level=0]
165 118 658 sand
165 118 659 sand
fill 165 118 660 165 118 662 gravel
165 118 663 dirt
fill 165 118 664 165 118 691 stone
fill 165 118 692 165 118 697 diorite
165 118 698 stone
165 118 699 stone
fill 165 118 700 165 118 703 andesite
165 118 704 copper_ore
165 118 705 copper_ore
fill 165 118 706 165 118 711 andesite
fill 165 118 712 165 118 722 stone
fill 165 118 735 165 118 755 stone
fill 165 118 756 165 118 767 granite
166 118 640 andesite
166 118 641 andesite
166 118 642 copper_ore
166 118 643 andesite
fill 166 118 644 166 118 650 dirt
166 118 651 sand
166 118 652 seagrass
fill 166 118 653 166 118 657 water[level=0]
166 118 658 sand
166 118 659 sand
166 118 660 gravel
166 118 661 gravel
166 118 662 andesite
166 118 663 andesite
fill 166 118 664 166 118 676 stone
fill 166 118 677 166 118 685 granite
fill 166 118 686 166 118 690 stone
fill 166 118 691 166 118 697 diorite
166 118 698 stone
fill 166 118 699 166 118 703 andesite
166 118 704 copper_ore
166 118 705 copper_ore
fill 166 118 706 166 118 710 andesite
fill 166 118 711 166 118 722 stone
fill 166 118 736 166 118 754 stone
fill 166 118 755 166 118 764 granite
fill 166 118 765 166 118 767 stone
167 118 640 andesite
167 118 641 andesite
167 118 642 copper_ore
fill 167 118 643 167 118 649 dirt
fill 167 118 650 167 118 657 water[level=0]
167 118 658 sand
167 118 659 gravel
167 118 660 dirt
167 118 661 dirt
fill 167 118 662 167 118 664 andesite
fill 167 118 665 167 118 676 stone
fill 167 118 677 167 118 687 granite
167 118 688 stone
167 118 689 stone
fill 167 118 690 167 118 697 diorite
167 118 698 stone
fill 167 118 699 167 118 708 andesite
fill 167 118 709 167 118 722 stone
fill 167 118 736 167 118 754 stone
fill 167 118 755 167 118 761 granite
fill 167 118 762 167 118 767 stone
168 118 640 andesite
168 118 641 andesite
fill 168 118 642 168 118 644 dirt
168 118 645 clay
168 118 646 dirt
168 118 647 water[level=0]
168 118 648 seagrass
fill 168 118 649 168 118 651 water[level=0]
168 118 652 seagrass
fill 168 118 653 168 118 657 water[level=0]
fill 168 118 658 168 118 660 dirt
fill 168 118 661 168 118 664 andesite
fill 168 118 665 168 118 676 stone
fill 168 118 677 168 118 688 granite
fill 168 118 689 168 118 697 diorite
168 118 698 stone
fill 168 118 699 168 118 706 andesite
fill 168 118 707 168 118 723 stone
fill 168 118 736 168 118 754 stone
168 118 755 granite
168 118 756 granite
168 118 757 coal_ore
168 118 758 coal_ore
fill 168 118 759 168 118 761 granite
fill 168 118 762 168 118 767 stone
169 118 640 andesite
169 118 641 andesite
169 118 642 dirt
169 118 643 dirt
169 118 644 water[level=0]
169 118 645 tall_seagrass[half=lower]
169 118 646 seagrass
169 118 647 water[level=0]
169 118 648 water[level=0]
169 118 649 tall_seagrass[half=upper]
169 118 650 water[level=0]
169 118 651 water[level=0]
169 118 652 tall_seagrass[half=upper]
fill 169 118 653 169 118 657 water[level=0]
fill 169 118 658 169 118 660 dirt
fill 169 118 661 169 118 663 andesite
fill 169 118 664 169 118 676 stone
fill 169 118 677 169 118 688 granite
fill 169 118 689 169 118 696 diorite
169 118 697 stone
169 118 698 stone
fill 169 118 699 169 118 705 andesite
169 118 706 granite
fill 169 118 707 169 118 723 stone
fill 169 118 737 169 118 754 stone
169 118 755 granite
169 118 756 granite
169 118 757 coal_ore
169 118 758 coal_ore
fill 169 118 759 169 118 762 granite
fill 169 118 763 169 118 767 stone
170 118 640 andesite
170 118 641 dirt
170 118 642 dirt
170 118 643 water[level=0]
170 118 644 water[level=0]
170 118 645 tall_seagrass[half=upper]
fill 170 118 646 170 118 649 water[level=0]
170 118 650 tall_seagrass[half=upper]
170 118 651 tall_seagrass[half=upper]
fill 170 118 652 170 118 657 water[level=0]
fill 170 118 658 170 118 660 dirt
170 118 661 copper_ore
170 118 662 copper_ore
170 118 663 andesite
170 118 664 andesite
fill 170 118 665 170 118 677 stone
fill 170 118 678 170 118 687 granite
fill 170 118 688 170 118 696 diorite
fill 170 118 697 170 118 699 stone
fill 170 118 700 170 118 702 andesite
fill 170 118 703 170 118 707 granite
fill 170 118 708 170 118 723 stone
fill 170 118 737 170 118 755 stone
fill 170 118 756 170 118 758 granite
170 118 759 coal_ore
fill 170 118 760 170 118 763 granite
fill 170 118 764 170 118 767 stone
171 118 640 dirt
171 118 641 dirt
171 118 642 gravel
fill 171 118 643 171 118 656 water[level=0]
fill 171 118 657 171 118 660 dirt
fill 171 118 661 171 118 663 copper_ore
171 118 664 andesite
fill 171 118 665 171 118 678 stone
fill 171 118 679 171 118 687 granite
fill 171 118 688 171 118 695 diorite
fill 171 118 696 171 118 702 stone
fill 171 118 703 171 118 707 granite
fill 171 118 708 171 118 724 stone
fill 171 118 737 171 118 756 stone
fill 171 118 757 171 118 764 granite
fill 171 118 765 171 118 767 stone
172 118 640 dirt
172 118 641 gravel
172 118 642 gravel
fill 172 118 643 172 118 653 water[level=0]
172 118 654 tall_seagrass[half=upper]
172 118 655 tall_seagrass[half=upper]
172 118 656 water[level=0]
fill 172 118 657 172 118 660 dirt
fill 172 118 661 172 118 664 andesite
fill 172 118 665 172 118 679 stone
fill 172 118 680 172 118 687 granite
fill 172 118 688 172 118 695 diorite
fill 172 118 696 172 118 702 stone
fill 172 118 703 172 118 708 granite
fill 172 118 709 172 118 724 stone
fill 172 118 737 172 118 756 stone
172 118 757 granite
172 118 758 granite
172 118 759 copper_ore
172 118 760 copper_ore
fill 172 118 761 172 118 764 granite
fill 172 118 765 172 118 767 stone
173 118 640 dirt
173 118 641 dirt
173 118 642 gravel
173 118 643 water[level=0]
173 118 644 tall_seagrass[half=upper]
fill 173 118 645 173 118 656 water[level=0]
fill 173 118 657 173 118 660 dirt
fill 173 118 661 173 118 664 andesite
fill 173 118 665 173 118 671 stone
173 118 672 dirt
173 118 673 dirt
fill 173 118 674 173 118 680 stone
fill 173 118 681 173 118 686 granite
fill 173 118 687 173 118 695 diorite
fill 173 118 696 173 118 703 stone
fill 173 118 704 173 118 708 granite
173 118 709 stone
173 118 710 copper_ore
173 118 711 copper_ore
fill 173 118 712 173 118 724 stone
fill 173 118 737 173 118 756 stone
173 118 757 granite
173 118 758 granite
173 118 759 copper_ore
173 118 760 copper_ore
fill 173 118 761 173 118 765 granite
173 118 766 stone
173 118 767 stone
174 118 640 dirt
174 118 641 dirt
fill 174 118 642 174 118 644 water[level=0]
174 118 645 tall_seagrass[half=upper]
fill 174 118 646 174 118 651 water[level=0]
174 118 652 tall_seagrass[half=upper]
fill 174 118 653 174 118 656 water[level=0]
fill 174 118 657 174 118 660 dirt
fill 174 118 661 174 118 664 andesite
fill 174 118 665 174 118 670 stone
fill 174 118 671 174 118 673 dirt
fill 174 118 674 174 118 681 stone
174 118 682 copper_ore
174 118 683 copper_ore
fill 174 118 684 174 118 686 granite
fill 174 118 687 174 118 694 diorite
fill 174 118 695 174 118 697 stone
fill 174 118 698 174 118 703 stone
fill 174 118 704 174 118 708 granite
174 118 709 stone
174 118 710 copper_ore
174 118 711 copper_ore
fill 174 118 712 174 118 725 stone
fill 174 118 738 174 118 756 stone
174 118 757 granite
174 118 758 granite
174 118 759 copper_ore
fill 174 118 760 174 118 765 granite
174 118 766 stone
174 118 767 stone
fill 175 118 640 175 118 642 dirt
175 118 643 water[level=0]
175 118 644 water[level=0]
175 118 645 tall_seagrass[half=upper]
fill 175 118 646 175 118 656 water[level=0]
fill 175 118 657 175 118 660 dirt
175 118 661 diorite
175 118 662 andesite
175 118 663 andesite
fill 175 118 664 175 118 670 stone
fill 175 118 671 175 118 673 dirt
fill 175 118 674 175 118 681 stone
175 118 682 copper_ore
175 118 683 copper_ore
fill 175 118 684 175 118 686 stone
fill 175 118 687 175 118 693 diorite
fill 175 118 694 175 118 704 stone
fill 175 118 705 175 118 708 granite
fill 175 118 709 175 118 725 stone
fill 175 118 738 175 118 749 stone
fill 175 118 750 175 118 756 dirt
175 118 757 diorite
fill 175 118 758 175 118 765 granite
175 118 766 stone
175 118 767 stone
176 118 640 dirt
176 118 641 dirt
176 118 642 sand
176 118 643 water[level=0]
176 118 644 water[level=0]
176 118 645 tall_seagrass[half=upper]
fill 176 118 646 176 118 650 water[level=0]
176 118 651 tall_seagrass[half=upper]
fill 176 118 652 176 118 656 water[level=0]
fill 176 118 657 176 118 662 dirt
176 118 663 diorite
176 118 664 diorite
fill 176 118 665 176 118 669 stone
fill 176 118 670 176 118 673 dirt
fill 176 118 674 176 118 686 stone
fill 176 118 687 176 118 691 diorite
fill 176 118 692 176 118 705 stone
fill 176 118 706 176 118 708 granite
fill 176 118 709 176 118 725 stone
fill 176 118 738 176 118 747 stone
fill 176 118 748 176 118 757 dirt
176 118 758 diorite
fill 176 118 759 176 118 765 granite
176 118 766 stone
176 118 767 stone
fill 177 118 640 177 118 642 dirt
fill 177 118 643 177 118 652 water[level=0]
177 118 653 seagrass
177 118 654 tall_seagrass[half=lower]
177 118 655 water[level=0]
fill 177 118 656 177 118 663 dirt
177 118 664 diorite
fill 177 118 665 177 118 669 stone
fill 177 118 670 177 118 673 dirt
fill 177 118 674 177 118 686 stone
fill 177 118 687 177 118 690 diorite
fill 177 118 691 177 118 717 stone
fill 177 118 718 177 118 720 granite
fill 177 118 721 177 118 725 stone
fill 177 118 738 177 118 745 stone
177 118 746 diorite
177 118 747 diorite
fill 177 118 748 177 118 757 dirt
177 118 758 diorite
fill 177 118 759 177 118 765 granite
177 118 766 stone
177 118 767 stone
fill 178 118 640 178 118 642 dirt
178 118 643 water[level=0]
178 118 644 tall_seagrass[half=lower]
fill 178 118 645 178 118 650 water[level=0]
178 118 651 tall_seagrass[half=upper]
fill 178 118 652 178 118 654 water[level=0]
fill 178 118 655 178 118 659 dirt
178 118 660 gravel
fill 178 118 661 178 118 663 dirt
178 118 664 diorite
fill 178 118 665 178 118 669 stone
fill 178 118 670 178 118 673 dirt
fill 178 118 674 178 118 687 stone
178 118 688 diorite
178 118 689 diorite
fill 178 118 690 178 118 716 stone
fill 178 118 717 178 118 722 granite
fill 178 118 723 178 118 725 stone
fill 178 118 738 178 118 745 stone
fill 178 118 746 178 118 749 diorite
fill 178 118 750 178 118 755 dirt
fill 178 118 756 178 118 760 diorite
fill 178 118 761 178 118 765 granite
178 118 766 stone
178 118 767 stone
fill 179 118 640 179 118 643 dirt
179 118 644 seagrass
179 118 645 water[level=0]
179 118 646 tall_seagrass[half=upper]
179 118 647 tall_seagrass[half=upper]
fill 179 118 648 179 118 651 water[level=0]
179 118 652 tall_seagrass[half=upper]
fill 179 118 653 179 118 655 water[level=0]
179 118 656 dirt
179 118 657 dirt
fill 179 118 658 179 118 662 gravel
179 118 663 diorite
fill 179 118 664 179 118 669 stone
fill 179 118 670 179 118 672 dirt
fill 179 118 673 179 118 716 stone
fill 179 118 717 179 118 723 granite
fill 179 118 724 179 118 726 stone
fill 179 118 738 179 118 745 stone
fill 179 118 746 179 118 761 diorite
fill 179 118 762 179 118 764 granite
fill 179 118 765 179 118 767 stone
180 118 640 dirt
180 118 641 stone
fill 180 118 642 180 118 645 dirt
180 118 646 water[level=0]
180 118 647 water[level=0]
180 118 648 tall_seagrass[half=upper]
fill 180 118 649 180 118 656 water[level=0]
180 118 657 dirt
fill 180 118 658 180 118 661 gravel
180 118 662 diorite
fill 180 118 663 180 118 669 stone
fill 180 118 670 180 118 672 dirt
fill 180 118 673 180 118 679 stone
180 118 680 andesite
fill 180 118 681 180 118 716 stone
fill 180 118 717 180 118 723 granite
fill 180 118 724 180 118 726 stone
fill 180 118 738 180 118 745 stone
fill 180 118 746 180 118 763 diorite
fill 180 118 764 180 118 767 stone
fill 181 118 640 181 118 642 stone
fill 181 118 643 181 118 646 dirt
fill 181 118 647 181 118 653 water[level=0]
181 118 654 tall_seagrass[half=upper]
fill 181 118 655 181 118 657 water[level=0]
fill 181 118 658 181 118 661 gravel
fill 181 118 662 181 118 669 stone
181 118 670 dirt
181 118 671 dirt
fill 181 118 672 181 118 679 stone
181 118 680 andesite
fill 181 118 681 181 118 716 stone
fill 181 118 717 181 118 724 granite
181 118 725 stone
181 118 726 stone
fill 181 118 738 181 118 747 stone
fill 181 118 748 181 118 761 diorite
fill 181 118 762 181 118 767 stone
fill 182 118 640 182 118 643 stone
fill 182 118 644 182 118 646 dirt
182 118 647 gravel
fill 182 118 648 182 118 659 water[level=0]
182 118 660 gravel
182 118 661 gravel
fill 182 118 662 182 118 678 stone
fill 182 118 679 182 118 681 andesite
fill 182 118 682 182 118 716 stone
fill 182 118 717 182 118 725 granite
182 118 726 stone
fill 182 118 738 182 118 748 stone
fill 182 118 749 182 118 757 diorite
fill 182 118 758 182 118 760 granite
fill 182 118 761 182 118 767 stone
fill 183 118 640 183 118 645 stone
183 118 646 dirt
183 118 647 sand
183 118 648 gravel
183 118 649 gravel
fill 183 118 650 183 118 659 water[level=0]
183 118 660 gravel
183 118 661 gravel
fill 183 118 662 183 118 677 stone
183 118 678 andesite
183 118 679 copper_ore
fill 183 118 680 183 118 682 andesite
fill 183 118 683 183 118 706 stone
fill 183 118 707 183 118 714 stone
183 118 715 coal_ore
183 118 716 coal_ore
183 118 717 stone
fill 183 118 718 183 118 726 granite
fill 183 118 738 183 118 755 stone
fill 183 118 756 183 118 761 granite
fill 183 118 762 183 118 767 stone
fill 184 118 640 184 118 646 stone
184 118 647 dirt
fill 184 118 648 184 118 650 gravel
fill 184 118 651 184 118 659 water[level=0]
184 118 660 gravel
184 118 661 dirt
fill 184 118 662 184 118 677 stone
fill 184 118 678 184 118 683 andesite
fill 184 118 684 184 118 713 stone
fill 184 118 714 184 118 716 coal_ore
184 118 717 stone
fill 184 118 718 184 118 727 granite
fill 184 118 738 184 118 743 stone
fill 184 118 744 184 118 746 diorite
fill 184 118 747 184 118 756 stone
fill 184 118 757 184 118 760 granite
fill 184 118 761 184 118 767 stone
fill 185 118 640 185 118 647 stone
185 118 648 sand
185 118 649 sand
185 118 650 gravel
185 118 651 gravel
fill 185 118 652 185 118 659 water[level=0]
185 118 660 gravel
185 118 661 gravel
185 118 662 dirt
fill 185 118 663 185 118 677 stone
fill 185 118 678 185 118 683 andesite
fill 185 118 684 185 118 697 stone
185 118 698 coal_ore
185 118 699 coal_ore
fill 185 118 700 185 118 710 stone
185 118 711 copper_ore
185 118 712 stone
fill 185 118 713 185 118 716 coal_ore
185 118 717 stone
185 118 718 stone
fill 185 118 719 185 118 727 granite
fill 185 118 738 185 118 742 stone
fill 185 118 743 185 118 746 diorite
fill 185 118 747 185 118 756 stone
fill 185 118 757 185 118 760 granite
fill 185 118 761 185 118 767 stone
fill 186 118 640 186 118 648 stone
186 118 649 sand
186 118 650 sand
186 118 651 gravel
186 118 652 gravel
fill 186 118 653 186 118 659 water[level=0]
186 118 660 gravel
186 118 661 gravel
186 118 662 dirt
fill 186 118 663 186 118 678 stone
fill 186 118 679 186 118 683 andesite
fill 186 118 684 186 118 697 stone
186 118 698 coal_ore
186 118 699 coal_ore
fill 186 118 700 186 118 709 stone
186 118 710 copper_ore
186 118 711 stone
186 118 712 stone
186 118 713 coal_ore
186 118 714 coal_ore
fill 186 118 715 186 118 718 stone
fill 186 118 719 186 118 727 granite
fill 186 118 738 186 118 741 stone
fill 186 118 742 186 118 746 diorite
fill 186 118 747 186 118 757 stone
186 118 758 granite
186 118 759 granite
fill 186 118 760 186 118 767 stone
fill 187 118 640 187 118 648 stone
187 118 649 dirt
187 118 650 dirt
187 118 651 gravel
187 118 652 gravel
fill 187 118 653 187 118 659 water[level=0]
187 118 660 gravel
187 118 661 dirt
187 118 662 dirt
fill 187 118 663 187 118 678 stone
187 118 679 andesite
fill 187 118 680 187 118 697 stone
187 118 698 coal_ore
187 118 699 coal_ore
187 118 700 stone
187 118 701 dirt
187 118 702 dirt
fill 187 118 703 187 118 719 stone
fill 187 118 720 187 118 727 granite
fill 187 118 738 187 118 740 stone
fill 187 118 741 187 118 747 diorite
fill 187 118 748 187 118 753 stone
187 118 754 copper_ore
fill 187 118 755 187 118 757 stone
187 118 758 granite
187 118 759 granite
fill 187 118 760 187 118 767 stone
fill 188 118 640 188 118 648 stone
188 118 649 dirt
188 118 650 dirt
188 118 651 gravel
fill 188 118 652 188 118 660 water[level=0]
188 118 661 gravel
188 118 662 dirt
fill 188 118 663 188 118 697 stone
188 118 698 coal_ore
188 118 699 coal_ore
fill 188 118 700 188 118 703 dirt
fill 188 118 704 188 118 719 stone
fill 188 118 720 188 118 728 granite
fill 188 118 738 188 118 740 stone
fill 188 118 741 188 118 747 diorite
fill 188 118 748 188 118 752 stone
188 118 753 dirt
fill 188 118 754 188 118 767 stone
fill 189 118 640 189 118 648 stone
189 118 649 dirt
189 118 650 dirt
189 118 651 gravel
fill 189 118 652 189 118 660 water[level=0]
189 118 661 gravel
189 118 662 dirt
fill 189 118 663 189 118 699 stone
fill 189 118 700 189 118 702 dirt
fill 189 118 703 189 118 720 stone
fill 189 118 721 189 118 728 granite
fill 189 118 737 189 118 739 stone
fill 189 118 740 189 118 747 diorite
fill 189 118 748 189 118 752 stone
189 118 753 dirt
fill 189 118 754 189 118 767 stone
fill 190 118 640 190 118 648 stone
190 118 649 dirt
190 118 650 gravel
190 118 651 gravel
fill 190 118 652 190 118 660 water[level=0]
190 118 661 gravel
190 118 662 dirt
fill 190 118 663 190 118 698 stone
fill 190 118 699 190 118 702 dirt
fill 190 118 703 190 118 721 stone
fill 190 118 722 190 118 729 granite
fill 190 118 737 190 118 739 stone
fill 190 118 740 190 118 746 diorite
fill 190 118 747 190 118 752 stone
fill 190 118 753 190 118 755 dirt
fill 190 118 756 190 118 766 stone
190 118 767 andesite
fill 191 118 640 191 118 645 stone
fill 191 118 646 191 118 648 gravel
191 118 649 dirt
191 118 650 gravel
fill 191 118 651 191 118 660 water[level=0]
191 118 661 gravel
fill 191 118 662 191 118 698 stone
fill 191 118 699 191 118 702 dirt
fill 191 118 703 191 118 722 stone
fill 191 118 723 191 118 729 granite
191 118 737 stone
191 118 738 stone
fill 191 118 739 191 118 746 diorite
fill 191 118 747 191 118 752 stone
fill 191 118 753 191 118 755 dirt
fill 191 118 756 191 118 764 stone