738 132 187 stone
738 132 188 stone
738 132 189 stone
738 132 190 stone
738 132 191 stone
738 132 192 stone
738 132 193 stone
738 132 194 stone
738 132 195 stone
738 132 196 stone
738 132 197 stone
738 132 198 stone
738 132 199 stone
738 132 200 stone
738 132 201 stone
738 132 202 stone
738 132 203 stone
738 132 204 stone
738 132 205 stone
738 132 206 stone
738 132 207 stone
738 132 208 stone
738 132 209 stone
738 132 210 stone
738 132 211 stone
738 132 212 stone
738 132 213 stone
738 132 214 stone
738 132 215 stone
738 132 216 stone
738 132 217 stone
738 132 218 stone
738 132 219 stone
738 132 220 stone
738 132 221 stone
738 132 222 stone
738 132 223 stone
738 132 224 stone
738 132 225 stone
738 132 226 stone
738 132 227 stone
738 132 228 stone
738 132 229 stone
738 132 230 stone
738 132 231 stone
738 132 232 stone
738 132 233 stone
738 132 234 stone
738 132 235 stone
738 132 236 stone
738 132 237 stone
738 132 238 dirt
738 132 239 dirt
738 132 240 dirt
738 132 241 dirt
738 132 242 dirt
738 132 243 dirt
738 132 244 gravel
738 132 245 gravel
738 132 246 stone
738 132 247 stone
738 132 248 stone
738 132 249 stone
738 132 250 stone
738 132 251 stone
738 132 252 stone
738 132 253 stone
738 132 254 stone
738 132 255 stone
738 132 256 stone
738 132 257 stone
738 132 258 stone
738 132 259 stone
738 132 260 stone
738 132 261 stone
738 132 262 stone
738 132 263 coal_ore
738 132 264 coal_ore
738 132 265 coal_ore
738 132 266 stone
738 132 267 stone
738 132 268 stone
738 132 269 stone
738 132 270 stone
738 132 271 stone
738 132 272 stone
738 132 273 stone
738 132 274 stone
738 132 275 stone
738 132 276 stone
738 132 277 stone
738 132 278 copper_ore
738 132 279 copper_ore
738 132 280 stone
738 132 281 stone
738 132 282 stone
738 132 283 stone
738 132 284 stone
738 132 285 stone
738 132 286 stone
738 132 295 dirt
738 132 296 stone
738 132 297 stone
738 132 298 stone
738 132 299 stone
738 132 300 stone
738 132 301 stone
738 132 302 stone
738 132 303 stone
738 132 304 stone
738 132 305 stone
738 132 306 stone
738 132 307 stone
738 132 308 stone
738 132 309 stone
738 132 310 stone
738 132 311 stone
738 132 312 stone
738 132 313 stone
738 132 314 stone
738 132 315 stone
738 132 316 stone
738 132 317 stone
738 132 318 stone
738 132 319 stone
738 132 320 stone
738 132 321 stone
738 132 322 stone
738 132 323 stone
738 132 324 stone
738 132 325 stone
738 132 326 stone
738 132 327 stone
738 132 328 stone
738 132 329 stone
738 132 330 stone
738 132 331 stone
738 132 332 stone
738 132 333 stone
738 132 334 stone
738 132 335 stone
738 132 336 stone
738 132 337 stone
738 132 338 stone
738 132 339 stone
738 132 340 stone
738 132 341 stone
738 132 342 stone
738 132 343 stone
738 132 344 stone
738 132 345 copper_ore
738 132 346 copper_ore
738 132 347 stone
738 132 348 stone
738 132 349 stone
738 132 350 coal_ore
738 132 351 coal_ore
738 132 352 stone
738 132 353 stone
738 132 354 stone
738 132 355 stone
738 132 356 stone
738 132 357 stone
738 132 358 stone
738 132 359 stone
738 132 360 stone
738 132 361 stone
738 132 362 stone
738 132 363 stone
738 132 364 stone
738 132 365 stone
738 132 366 stone
738 132 367 stone
738 132 368 stone
738 132 369 stone
738 132 370 stone
738 132 371 stone
738 132 372 stone
738 132 373 stone
738 132 374 stone
738 132 375 stone
738 132 376 stone
738 132 377 stone
738 132 378 stone
738 132 379 stone
738 132 380 stone
738 132 381 stone
738 132 382 stone
738 132 383 stone
738 132 384 stone
738 132 385 stone
738 132 386 stone
738 132 387 stone
738 132 388 stone
738 132 389 stone
738 132 390 coal_ore
738 132 391 coal_ore
738 132 392 stone
738 132 393 stone
738 132 394 stone
738 132 395 stone
738 132 396 stone
738 132 397 stone
738 132 398 stone
738 132 399 stone
738 132 400 stone
738 132 401 stone
738 132 402 stone
738 132 403 stone
738 132 404 stone
738 132 405 stone
738 132 406 stone
738 132 407 stone
738 132 408 stone
738 132 409 stone
738 132 410 stone
738 132 411 stone
738 132 412 stone
738 132 413 stone
738 132 414 stone
738 132 415 stone
738 132 416 stone
738 132 417 stone
738 132 418 stone
738 132 419 stone
738 132 420 stone
738 132 421 stone
738 132 422 stone
738 132 423 stone
738 132 424 stone
738 132 425 stone
738 132 426 stone
738 132 427 stone
738 132 428 stone
738 132 429 stone
738 132 430 dirt
738 132 431 dirt
738 132 432 dirt
738 132 433 stone
738 132 434 stone
738 132 435 stone
738 132 436 stone
738 132 437 stone
738 132 438 stone
738 132 439 stone
738 132 440 stone
738 132 441 stone
738 132 442 stone
738 132 443 stone
738 132 444 stone
738 132 445 stone
738 132 446 stone
738 132 447 stone
738 132 448 dirt
738 132 449 dirt
738 132 450 dirt
738 132 451 dirt
738 132 452 dirt
738 132 453 stone
738 132 454 stone
738 132 455 stone
738 132 456 stone
738 132 457 stone
738 132 458 stone
738 132 459 stone
738 132 460 stone
738 132 461 stone
738 132 462 stone
738 132 463 dirt
738 132 464 dirt
738 132 465 dirt
738 132 466 dirt
738 132 467 dirt
738 132 468 dirt
738 132 469 dirt
738 132 470 dirt
738 132 471 dirt
738 132 472 dirt
738 132 473 dirt
738 132 474 dirt
738 132 475 dirt
738 132 476 grass_block[snowy=false]
738 132 477 grass_block[snowy=false]
738 132 478 grass_block[snowy=false]
738 132 479 grass_block[snowy=false]
738 132 486 grass_block[snowy=false]
738 132 487 grass_block[snowy=false]
738 132 488 dirt
738 132 489 dirt
738 132 490 dirt
738 132 491 stone
738 132 492 stone
738 132 493 stone
738 132 497 grass_block[snowy=false]
738 132 521 grass_block[snowy=false]
738 132 522 dirt
738 132 523 dirt
738 132 524 dirt
738 132 525 dirt
738 132 526 dirt
738 132 527 dirt
738 132 528 dirt
738 132 529 dirt
738 132 530 dirt
738 132 531 dirt
738 132 532 dirt
738 132 533 dirt
738 132 534 dirt
738 132 535 dirt
738 132 536 dirt
738 132 537 dirt
738 132 538 dirt
738 132 539 dirt
738 132 540 dirt
738 132 541 dirt
738 132 542 dirt
738 132 543 dirt
738 132 544 dirt
738 132 545 dirt
738 132 546 dirt
738 132 547 dirt
738 132 548 dirt
738 132 549 dirt
738 132 550 dirt
738 132 551 dirt
738 132 552 dirt
738 132 553 dirt
738 132 554 dirt
738 132 555 dirt
738 132 556 dirt
738 132 557 dirt
738 132 558 dirt
738 132 559 dirt
738 132 560 dirt
738 132 561 dirt
738 132 562 dirt
738 132 563 dirt
738 132 564 dirt
738 132 565 dirt
738 132 566 dirt
738 132 567 dirt
738 132 568 dirt
738 132 569 dirt
738 132 570 dirt
738 132 571 dirt
738 132 572 dirt
738 132 573 dirt
738 132 574 dirt
738 132 575 dirt
738 132 576 dirt
738 132 577 dirt
738 132 578 dirt
738 132 579 dirt
738 132 580 dirt
738 132 581 dirt
738 132 582 gravel
738 132 583 gravel
738 132 584 gravel
738 132 585 gravel
738 132 586 stone
738 132 587 stone
738 132 588 stone
738 132 589 stone
738 132 590 coal_ore
738 132 591 coal_ore
738 132 592 stone
738 132 593 stone
738 132 594 stone
738 132 595 stone
738 132 596 stone
738 132 597 stone
738 132 598 stone
738 132 599 stone
738 132 600 stone
738 132 601 stone
738 132 602 stone
738 132 603 stone
738 132 604 stone
738 132 605 stone
738 132 606 stone
738 132 607 stone
738 132 608 stone
738 132 609 stone
738 132 610 stone
738 132 611 stone
738 132 612 stone
738 132 613 stone
738 132 614 stone
738 132 615 dirt
738 132 616 gravel
738 132 617 dirt
738 132 618 dirt
738 132 619 dirt
738 132 620 dirt
738 132 621 dirt
738 132 622 dirt
738 132 623 dirt
738 132 624 grass_block[snowy=false]
738 132 779 dirt
738 132 780 dirt
738 132 781 dirt
738 132 782 stone
738 132 783 stone
738 132 784 stone
738 132 785 stone
738 132 786 stone
738 132 787 stone
738 132 788 stone
738 132 789 stone
738 132 790 stone
738 132 791 stone
738 132 792 stone
738 132 793 stone
738 132 794 stone
738 132 795 stone
738 132 796 stone
738 132 797 stone
738 132 798 stone
738 132 799 stone
738 132 800 stone
738 132 801 stone
738 132 802 stone
738 132 803 stone
738 132 804 stone
738 132 805 stone
738 132 806 stone
738 132 807 stone
738 132 808 stone
738 132 809 stone
738 132 810 stone
738 132 811 stone
738 132 812 stone
738 132 813 stone
738 132 814 stone
738 132 815 stone
738 132 816 stone
738 132 817 stone
738 132 818 stone
738 132 819 stone
738 132 820 stone
738 132 821 stone
738 132 822 stone
738 132 823 stone
738 132 824 stone
738 132 825 stone
738 132 826 stone
738 132 827 stone
738 132 828 stone
738 132 829 stone
738 132 830 stone
738 132 831 stone
738 132 832 stone
738 132 833 stone
738 132 834 stone
738 132 835 stone
738 132 836 stone
738 132 837 stone
738 132 838 stone
738 132 839 stone
738 132 840 stone
738 132 841 stone
738 132 842 stone
738 132 843 stone
738 132 844 stone
738 132 845 stone
738 132 846 stone
738 132 847 stone
738 132 848 stone
738 132 849 stone
738 132 850 stone
738 132 851 stone
738 132 852 stone
738 132 853 stone
738 132 854 stone
738 132 855 stone
738 132 856 stone
738 132 857 stone
738 132 858 stone
738 132 859 stone
738 132 860 stone
738 132 861 stone
738 132 862 stone
738 132 863 stone
738 132 864 stone
738 132 865 stone
738 132 866 stone
738 132 867 stone
738 132 868 stone
738 132 869 stone
738 132 870 stone
738 132 871 stone
738 132 872 stone
738 132 873 stone
738 132 874 stone
738 132 875 stone
738 132 876 stone
738 132 877 stone
738 132 878 stone
738 132 879 stone
738 132 880 stone
738 132 881 stone
738 132 882 stone
738 132 883 stone
738 132 884 stone
738 132 885 stone
738 132 886 stone
738 132 887 stone
738 132 888 stone
738 132 889 stone
738 132 890 stone
738 132 891 stone
738 132 892 stone
738 132 893 stone
738 132 894 stone
738 132 895 stone
738 132 896 stone
738 132 897 stone
738 132 898 stone
738 132 899 stone
738 132 900 stone
738 132 901 stone
738 132 902 stone
738 132 903 stone
738 132 904 stone
738 132 905 stone
738 132 906 stone
738 132 907 stone
738 132 908 stone
738 132 909 stone
738 132 910 stone
738 132 911 stone
738 132 912 stone
738 132 913 stone
738 132 914 stone
738 132 915 stone
738 132 916 stone
738 132 917 stone
738 132 918 stone
738 132 919 stone
738 132 920 stone
738 132 921 stone
738 132 922 stone
738 132 923 stone
738 132 924 stone
738 132 925 stone
738 132 926 stone
738 132 927 stone
738 132 928 stone
738 132 929 stone
738 132 930 stone
738 132 931 stone
738 132 932 stone
738 132 933 stone
738 132 934 gravel
738 132 935 gravel
738 132 936 gravel
738 132 937 gravel
738 132 938 stone
738 132 939 stone
738 132 940 stone
738 132 941 stone
738 132 942 stone
738 132 943 stone
738 132 944 stone
738 132 945 stone
738 132 946 stone
738 132 947 stone
738 132 948 stone
738 132 949 stone
738 132 950 stone
738 132 951 stone
738 132 952 stone
738 132 953 stone
738 132 954 stone
738 132 955 stone
738 132 956 stone
738 132 957 stone
738 132 958 stone
738 132 959 stone
738 132 960 stone
738 132 961 stone
738 132 962 stone
738 132 963 stone
738 132 964 stone
738 132 965 stone
738 132 966 stone
738 132 967 stone
738 132 968 stone
738 132 969 stone
738 132 970 stone
738 132 971 stone
738 132 972 stone
738 132 973 stone
738 132 974 stone
738 132 975 stone
738 132 976 stone
738 132 996 grass_block[snowy=false]
738 132 997 dirt
738 132 998 dirt
738 132 999 stone
738 132 1000 stone
738 132 1001 stone
738 132 1002 stone
738 132 1003 stone
738 132 1004 stone
738 132 1005 stone
738 132 1006 stone
738 132 1007 stone
738 132 1008 stone
738 132 1009 stone
738 132 1010 stone
738 132 1011 stone
738 132 1012 stone
738 132 1013 stone
738 132 1014 stone
738 132 1015 stone
738 132 1016 stone
738 132 1017 stone
738 132 1018 stone
738 132 1019 stone
738 132 1020 stone
738 132 1021 stone
738 132 1022 copper_ore
738 132 1023 copper_ore
738 133 111 dirt
738 133 112 dirt
738 133 113 dirt
738 133 114 dirt
738 133 115 dirt
738 133 116 stone
738 133 117 stone
738 133 118 stone
738 133 119 stone
738 133 120 stone
738 133 123 stone
738 133 124 stone
738 133 125 stone
738 133 126 stone
738 133 127 stone
738 133 128 stone
738 133 129 stone
738 133 130 stone
738 133 131 stone
738 133 132 stone
738 133 133 stone
738 133 134 stone
738 133 135 stone
738 133 136 stone
738 133 137 stone
738 133 138 stone
738 133 139 stone
738 133 140 stone
738 133 141 stone
738 133 142 stone
738 133 143 stone
738 133 144 stone
738 133 145 stone
738 133 146 stone
738 133 147 stone
738 133 148 stone
738 133 149 stone
738 133 150 stone
738 133 151 stone
738 133 152 stone
738 133 153 stone
738 133 154 stone
738 133 155 stone
738 133 156 stone
738 133 157 stone
738 133 158 stone
738 133 159 stone
738 133 160 stone
738 133 161 stone
738 133 162 stone
738 133 163 stone
738 133 164 stone
738 133 165 stone
738 133 166 gravel
738 133 167 gravel
738 133 168 gravel
738 133 169 gravel
738 133 170 gravel
738 133 171 stone
738 133 172 stone
738 133 173 stone
738 133 174 stone
738 133 175 stone
738 133 176 stone
738 133 177 stone
738 133 178 stone
738 133 179 stone
738 133 180 stone
738 133 181 stone
738 133 182 stone
738 133 183 stone
738 133 184 stone
738 133 185 stone
738 133 186 stone
738 133 187 stone
738 133 188 stone
738 133 189 stone
738 133 190 stone
738 133 191 stone
738 133 192 stone
738 133 193 stone
738 133 194 stone
738 133 195 stone
738 133 196 stone
738 133 197 stone
738 133 198 stone
738 133 199 stone
738 133 200 stone
738 133 201 stone
738 133 202 stone
738 133 203 stone
738 133 204 stone
738 133 205 stone
738 133 206 stone
738 133 207 stone
738 133 208 stone
738 133 209 stone
738 133 210 stone
738 133 211 stone
738 133 212 stone
738 133 213 stone
738 133 214 stone
738 133 215 stone
738 133 216 stone
738 133 217 stone
738 133 218 stone
738 133 219 stone
738 133 220 stone
738 133 221 stone
738 133 222 stone
738 133 223 stone
738 133 224 stone
738 133 225 stone
738 133 226 stone
738 133 227 stone
738 133 228 stone
738 133 229 stone
738 133 230 stone
738 133 231 stone
738 133 232 stone
738 133 233 stone
738 133 234 stone
738 133 235 stone
738 133 236 stone
738 133 237 stone
738 133 238 stone
738 133 239 dirt
738 133 240 dirt
738 133 241 dirt
738 133 242 dirt
738 133 243 gravel
738 133 244 gravel
738 133 245 gravel
738 133 246 stone
738 133 247 stone
738 133 248 stone
738 133 249 stone
738 133 250 stone
738 133 251 stone
738 133 252 stone
738 133 253 stone
738 133 254 stone
738 133 255 stone
738 133 256 stone
738 133 257 stone
738 133 258 stone
738 133 259 stone
738 133 260 stone
738 133 261 stone
738 133 262 stone
738 133 263 stone
738 133 264 coal_ore
738 133 265 coal_ore
738 133 266 stone
738 133 267 stone
738 133 268 stone
738 133 269 stone
738 133 270 stone
738 133 271 stone
738 133 272 stone
738 133 273 stone
738 133 274 stone
738 133 275 stone
738 133 276 stone
738 133 277 stone
738 133 278 copper_ore
738 133 279 copper_ore
738 133 280 stone
738 133 281 stone
738 133 282 stone
738 133 283 stone
738 133 284 stone
738 133 285 stone
738 133 286 stone
738 133 287 stone
738 133 295 dirt
738 133 296 stone
738 133 297 stone
738 133 298 stone
738 133 299 stone
738 133 300 stone
738 133 301 stone
738 133 302 stone
738 133 303 stone
738 133 304 stone
738 133 305 stone
738 133 306 stone
738 133 307 stone
738 133 308 stone
738 133 309 stone
738 133 310 stone
738 133 311 stone
738 133 312 stone
738 133 313 stone
738 133 314 stone
738 133 315 stone
738 133 316 stone
738 133 317 stone
738 133 318 stone
738 133 319 stone
738 133 320 stone
738 133 321 stone
738 133 322 stone
738 133 323 stone
738 133 324 stone
738 133 325 stone
738 133 326 stone
738 133 327 stone
738 133 328 stone
738 133 329 stone
738 133 330 stone
738 133 331 stone
738 133 332 stone
738 133 333 stone
738 133 334 stone
738 133 335 stone
738 133 336 stone
738 133 337 stone
738 133 338 stone
738 133 339 stone
738 133 340 stone
738 133 341 stone
738 133 342 stone
738 133 343 stone
738 133 344 stone
738 133 345 stone
738 133 346 stone
738 133 347 stone
738 133 348 stone
738 133 349 stone
738 133 350 coal_ore
738 133 351 coal_ore
738 133 352 stone
738 133 353 stone
738 133 354 stone
738 133 355 stone
738 133 356 stone
738 133 357 stone
738 133 358 stone
738 133 359 stone
738 133 360 stone
738 133 361 stone
738 133 362 stone
738 133 363 stone
738 133 364 stone
738 133 365 stone
738 133 366 stone
738 133 367 stone
738 133 368 stone
738 133 369 stone
738 133 370 stone
738 133 371 stone
738 133 372 stone
738 133 373 stone
738 133 374 stone
738 133 375 stone
738 133 376 stone
738 133 377 stone
738 133 378 stone
738 133 379 stone
738 133 380 stone
738 133 381 stone
738 133 382 stone
738 133 383 stone
738 133 384 stone
738 133 385 stone
738 133 386 stone
738 133 387 stone
738 133 388 stone
738 133 389 stone
738 133 390 stone
738 133 391 stone
738 133 392 stone
738 133 393 stone
738 133 394 stone
738 133 395 stone
738 133 396 stone
738 133 397 stone
738 133 398 stone
738 133 399 stone
738 133 400 stone
738 133 401 stone
738 133 402 stone
738 133 403 stone
738 133 404 stone
738 133 405 stone
738 133 406 stone
738 133 407 stone
738 133 408 stone
738 133 409 stone
738 133 410 stone
738 133 411 stone
738 133 412 stone
738 133 413 stone
738 133 414 stone
738 133 415 stone
738 133 416 stone
738 133 417 stone
738 133 418 stone
738 133 419 stone
738 133 420 stone
738 133 421 stone
738 133 422 stone
738 133 423 stone
738 133 424 stone
738 133 425 stone
738 133 426 stone
738 133 427 stone
738 133 428 stone
738 133 429 stone
738 133 430 dirt
738 133 431 dirt
738 133 432 dirt
738 133 433 dirt
738 133 434 stone
738 133 435 stone
738 133 436 stone
738 133 437 stone
738 133 438 stone
738 133 439 stone
738 133 440 stone
738 133 441 stone
738 133 442 stone
738 133 443 stone
738 133 444 stone
738 133 445 stone
738 133 446 stone
738 133 447 stone
738 133 448 stone
738 133 449 dirt
738 133 450 dirt
738 133 451 dirt
738 133 452 stone
738 133 453 stone
738 133 454 stone
738 133 455 stone
738 133 456 stone
738 133 457 stone
738 133 458 stone
738 133 459 stone
738 133 460 stone
738 133 461 dirt
738 133 462 dirt
738 133 463 dirt
738 133 464 dirt
738 133 465 dirt
738 133 466 dirt
738 133 467 dirt
738 133 468 dirt
738 133 469 grass_block[snowy=false]
738 133 470 grass_block[snowy=false]
738 133 471 grass_block[snowy=false]
738 133 472 grass_block[snowy=false]
738 133 473 grass_block[snowy=false]
738 133 474 grass_block[snowy=false]
738 133 475 grass_block[snowy=false]
738 133 477 short_grass
738 133 479 short_grass
738 133 488 grass_block[snowy=false]
738 133 489 dirt
738 133 490 dirt
738 133 491 stone
738 133 492 stone
738 133 493 stone
738 133 494 dirt
738 133 496 dirt
738 133 522 grass_block[snowy=false]
738 133 523 dirt
738 133 524 dirt
738 133 525 dirt
738 133 526 dirt
738 133 527 dirt
738 133 528 dirt
738 133 529 dirt
738 133 530 dirt
738 133 531 dirt
738 133 532 dirt
738 133 533 dirt
738 133 534 dirt
738 133 535 grass_block[snowy=false]
738 133 536 grass_block[snowy=false]
738 133 537 grass_block[snowy=false]
738 133 538 grass_block[snowy=false]
738 133 539 grass_block[snowy=false]
738 133 540 grass_block[snowy=false]
738 133 541 grass_block[snowy=false]
738 133 542 grass_block[snowy=false]
738 133 543 grass_block[snowy=false]
738 133 544 grass_block[snowy=false]
738 133 545 grass_block[snowy=false]
738 133 546 grass_block[snowy=false]
738 133 547 grass_block[snowy=false]
738 133 548 grass_block[snowy=false]
738 133 549 dirt
738 133 550 dirt
738 133 551 dirt
738 133 552 dirt
738 133 553 dirt
738 133 554 dirt
738 133 555 dirt
738 133 556 dirt
738 133 557 dirt
738 133 558 dirt
738 133 559 dirt
738 133 560 dirt
738 133 561 dirt
738 133 562 dirt
738 133 563 dirt
738 133 564 dirt
738 133 565 dirt
738 133 566 dirt
738 133 567 dirt
738 133 568 dirt
738 133 569 dirt
738 133 570 dirt
738 133 571 dirt
738 133 572 dirt
738 133 573 dirt
738 133 574 dirt
738 133 575 dirt
738 133 576 dirt
738 133 577 dirt
738 133 578 dirt
738 133 579 dirt
738 133 580 dirt
738 133 581 dirt
738 133 582 dirt
738 133 583 dirt
738 133 584 dirt
738 133 585 dirt
738 133 586 stone
738 133 587 stone
738 133 588 stone
738 133 589 stone
738 133 590 coal_ore
738 133 591 coal_ore
738 133 592 stone
738 133 593 stone
738 133 594 stone
738 133 595 stone
738 133 596 stone
738 133 597 stone
738 133 598 stone
738 133 599 stone
738 133 600 stone
738 133 601 stone
738 133 602 stone
738 133 603 stone
738 133 604 stone
738 133 605 stone
738 133 606 stone
738 133 607 stone
738 133 608 stone
738 133 609 stone
738 133 610 stone
738 133 611 stone
738 133 612 stone
738 133 613 stone
738 133 614 dirt
738 133 615 dirt
738 133 616 dirt
738 133 617 grass_block[snowy=false]
738 133 618 grass_block[snowy=false]
738 133 619 grass_block[snowy=false]
738 133 620 grass_block[snowy=false]
738 133 621 grass_block[snowy=false]
738 133 622 grass_block[snowy=false]
738 133 623 grass_block[snowy=false]
738 133 778 dirt
738 133 779 dirt
738 133 780 dirt
738 133 781 dirt
738 133 782 stone
738 133 783 stone
