fill 192 123 841 192 123 883 stone
fill 192 123 884 192 123 886 coal_ore
fill 192 123 887 192 123 895 stone
fill 193 123 768 193 123 774 andesite
fill 193 123 778 193 123 782 andesite
fill 193 123 783 193 123 812 stone
fill 193 123 813 193 123 823 granite
fill 193 123 824 193 123 839 stone
193 123 840 coal_ore
fill 193 123 841 193 123 883 stone
fill 193 123 884 193 123 886 coal_ore
fill 193 123 887 193 123 895 stone
194 123 768 stone
fill 194 123 769 194 123 774 andesite
fill 194 123 777 194 123 782 andesite
fill 194 123 783 194 123 812 stone
fill 194 123 813 194 123 821 granite
fill 194 123 822 194 123 875 stone
fill 194 123 876 194 123 878 gravel
fill 194 123 879 194 123 895 stone
fill 195 123 768 195 123 772 stone
195 123 773 andesite
195 123 774 andesite
195 123 778 andesite
195 123 779 andesite
fill 195 123 780 195 123 813 stone
195 123 814 granite
195 123 815 granite
fill 195 123 816 195 123 875 stone
fill 195 123 876 195 123 879 gravel
fill 195 123 880 195 123 895 stone
fill 196 123 768 196 123 775 stone
fill 196 123 777 196 123 876 stone
fill 196 123 877 196 123 880 gravel
fill 196 123 881 196 123 895 stone
fill 197 123 768 197 123 895 stone
fill 198 123 768 198 123 814 stone
198 123 815 lapis_ore
fill 198 123 816 198 123 895 stone
fill 199 123 768 199 123 859 stone
fill 199 123 860 199 123 863 granite
fill 199 123 864 199 123 895 stone
fill 200 123 768 200 123 777 stone
fill 200 123 780 200 123 819 stone
200 123 820 copper_ore
fill 200 123 821 200 123 827 stone
200 123 828 copper_ore
fill 200 123 829 200 123 859 stone
fill 200 123 860 200 123 863 granite
fill 200 123 864 200 123 885 stone
200 123 886 gravel
200 123 887 gravel
fill 200 123 888 200 123 895 stone
fill 201 123 768 201 123 777 stone
fill 201 123 780 201 123 799 stone
fill 201 123 800 201 123 859 stone
fill 201 123 860 201 123 863 granite
fill 201 123 864 201 123 883 stone
fill 201 123 884 201 123 889 gravel
fill 201 123 890 201 123 895 stone
fill 202 123 768 202 123 777 stone
fill 202 123 781 202 123 816 stone
fill 202 123 817 202 123 819 water[level=0]
fill 202 123 820 202 123 824 stone
202 123 825 gravel
202 123 826 stone
202 123 827 gravel
fill 202 123 828 202 123 859 stone
fill 202 123 860 202 123 864 granite
fill 202 123 865 202 123 881 stone
fill 202 123 882 202 123 888 gravel
fill 202 123 889 202 123 895 stone
fill 203 123 768 203 123 777 stone
fill 203 123 781 203 123 816 stone
fill 203 123 817 203 123 819 water[level=0]
fill 203 123 820 203 123 823 stone
fill 203 123 824 203 123 829 gravel
fill 203 123 830 203 123 859 stone
fill 203 123 860 203 123 865 granite
fill 203 123 866 203 123 880 stone
fill 203 123 881 203 123 887 gravel
fill 203 123 888 203 123 895 stone
fill 204 123 768 204 123 777 stone
fill 204 123 782 204 123 815 stone
204 123 816 diorite
204 123 817 water[level=0]
204 123 818 water[level=0]
fill 204 123 819 204 123 823 stone
fill 204 123 824 204 123 830 gravel
fill 204 123 831 204 123 858 stone
fill 204 123 859 204 123 865 granite
fill 204 123 866 204 123 880 stone
fill 204 123 881 204 123 886 gravel
fill 204 123 887 204 123 895 stone
fill 205 123 768 205 123 777 stone
fill 205 123 782 205 123 805 stone
205 123 806 lapis_ore
fill 205 123 807 205 123 815 stone
fill 205 123 816 205 123 818 diorite
fill 205 123 819 205 123 825 stone
fill 205 123 826 205 123 832 gravel
fill 205 123 833 205 123 858 stone
fill 205 123 859 205 123 865 granite
fill 205 123 866 205 123 895 stone
fill 206 123 768 206 123 778 stone
fill 206 123 783 206 123 815 stone
206 123 816 diorite
206 123 817 diorite
fill 206 123 818 206 123 826 stone
206 123 827 gravel
206 123 828 stone
fill 206 123 829 206 123 832 gravel
fill 206 123 833 206 123 858 stone
fill 206 123 859 206 123 865 granite
fill 206 123 866 206 123 895 stone
fill 207 123 768 207 123 778 stone
fill 207 123 782 207 123 859 stone
fill 207 123 860 207 123 865 granite
fill 207 123 866 207 123 895 stone
fill 208 123 768 208 123 779 stone
fill 208 123 781 208 123 817 stone
fill 208 123 818 208 123 820 diorite
fill 208 123 821 208 123 859 stone
fill 208 123 860 208 123 866 granite
fill 208 123 867 208 123 895 stone
fill 209 123 768 209 123 773 stone
fill 209 123 774 209 123 778 granite
fill 209 123 779 209 123 799 stone
209 123 800 water[level=0]
209 123 801 water[level=0]
fill 209 123 802 209 123 817 stone
fill 209 123 818 209 123 820 diorite
fill 209 123 821 209 123 859 stone
209 123 860 water[level=0]
fill 209 123 861 209 123 866 granite
fill 209 123 867 209 123 895 stone
fill 210 123 768 210 123 772 stone
fill 210 123 773 210 123 779 granite
fill 210 123 780 210 123 789 stone
fill 210 123 790 210 123 799 stone
fill 210 123 800 210 123 803 water[level=0]
fill 210 123 804 210 123 857 stone
fill 210 123 858 210 123 860 water[level=0]
fill 210 123 861 210 123 866 granite
fill 210 123 867 210 123 895 stone
fill 211 123 768 211 123 772 stone
fill 211 123 773 211 123 780 granite
fill 211 123 781 211 123 799 stone
fill 211 123 800 211 123 804 water[level=0]
fill 211 123 805 211 123 856 stone
fill 211 123 857 211 123 860 water[level=0]
fill 211 123 861 211 123 866 granite
fill 211 123 867 211 123 895 stone
fill 212 123 768 212 123 772 stone
fill 212 123 773 212 123 781 granite
fill 212 123 782 212 123 800 stone
fill 212 123 801 212 123 805 water[level=0]
fill 212 123 806 212 123 855 stone
fill 212 123 856 212 123 860 water[level=0]
fill 212 123 861 212 123 866 granite
fill 212 123 867 212 123 895 stone
fill 213 123 768 213 123 773 stone
fill 213 123 774 213 123 780 granite
213 123 781 stone
213 123 782 copper_ore
213 123 783 copper_ore
fill 213 123 784 213 123 801 stone
fill 213 123 802 213 123 806 water[level=0]
fill 213 123 807 213 123 835 stone
213 123 836 andesite
fill 213 123 837 213 123 855 stone
fill 213 123 856 213 123 859 water[level=0]
213 123 860 stone
fill 213 123 861 213 123 865 granite
fill 213 123 866 213 123 895 stone
fill 214 123 768 214 123 776 stone
214 123 777 granite
fill 214 123 778 214 123 781 stone
214 123 782 copper_ore
214 123 783 copper_ore
fill 214 123 784 214 123 802 stone
fill 214 123 803 214 123 807 water[level=0]
fill 214 123 808 214 123 810 stone
214 123 811 copper_ore
214 123 812 copper_ore
214 123 813 coal_ore
fill 214 123 814 214 123 832 stone
fill 214 123 833 214 123 838 andesite
fill 214 123 839 214 123 854 stone
fill 214 123 855 214 123 858 water[level=0]
214 123 859 stone
214 123 860 stone
fill 214 123 861 214 123 866 granite
fill 214 123 867 214 123 895 stone
fill 215 123 768 215 123 803 stone
fill 215 123 804 215 123 808 water[level=0]
215 123 809 stone
215 123 810 stone
215 123 811 copper_ore
215 123 812 copper_ore
fill 215 123 813 215 123 830 stone
fill 215 123 831 215 123 838 andesite
fill 215 123 839 215 123 854 stone
fill 215 123 855 215 123 858 water[level=0]
215 123 859 stone
215 123 860 stone
fill 215 123 861 215 123 866 granite
fill 215 123 867 215 123 895 stone
fill 216 123 768 216 123 784 stone
fill 216 123 787 216 123 803 stone
fill 216 123 804 216 123 810 water[level=0]
fill 216 123 811 216 123 829 stone
fill 216 123 830 216 123 838 andesite
fill 216 123 839 216 123 854 stone
fill 216 123 855 216 123 858 water[level=0]
fill 216 123 859 216 123 861 stone
fill 216 123 862 216 123 865 granite
fill 216 123 866 216 123 880 stone
fill 216 123 881 216 123 883 copper_ore
fill 216 123 884 216 123 895 stone
fill 217 123 768 217 123 784 stone
fill 217 123 788 217 123 805 stone
fill 217 123 806 217 123 812 water[level=0]
fill 217 123 813 217 123 828 stone
fill 217 123 829 217 123 838 andesite
fill 217 123 839 217 123 854 stone
fill 217 123 855 217 123 858 water[level=0]
fill 217 123 859 217 123 862 stone
217 123 863 granite
217 123 864 granite
fill 217 123 865 217 123 879 stone
fill 217 123 880 217 123 882 copper_ore
fill 217 123 883 217 123 895 stone
218 123 768 stone
218 123 769 copper_ore
fill 218 123 770 218 123 784 stone
fill 218 123 789 218 123 806 stone
fill 218 123 807 218 123 814 water[level=0]
fill 218 123 815 218 123 827 stone
fill 218 123 828 218 123 837 andesite
fill 218 123 838 218 123 851 stone
fill 218 123 852 218 123 854 stone
fill 218 123 855 218 123 858 water[level=0]
fill 218 123 859 218 123 895 stone
219 123 768 copper_ore
219 123 769 copper_ore
fill 219 123 770 219 123 784 stone
fill 219 123 789 219 123 807 stone
fill 219 123 808 219 123 815 water[level=0]
fill 219 123 816 219 123 827 stone
fill 219 123 828 219 123 836 andesite
fill 219 123 837 219 123 855 stone
fill 219 123 856 219 123 859 water[level=0]
fill 219 123 860 219 123 895 stone
220 123 768 gravel
220 123 769 gravel
fill 220 123 770 220 123 784 stone
fill 220 123 790 220 123 805 stone
220 123 806 water[level=0]
220 123 807 stone
220 123 808 stone
fill 220 123 809 220 123 816 water[level=0]
fill 220 123 817 220 123 826 stone
fill 220 123 827 220 123 836 andesite
fill 220 123 837 220 123 855 stone
fill 220 123 856 220 123 860 water[level=0]
fill 220 123 861 220 123 895 stone
221 123 768 gravel
221 123 769 gravel
fill 221 123 770 221 123 785 stone
fill 221 123 790 221 123 805 stone
221 123 806 water[level=0]
221 123 807 water[level=0]
fill 221 123 808 221 123 810 stone
fill 221 123 811 221 123 816 water[level=0]
221 123 817 stone
221 123 818 stone
221 123 819 copper_ore
fill 221 123 820 221 123 826 stone
fill 221 123 827 221 123 834 andesite
fill 221 123 835 221 123 856 stone
fill 221 123 857 221 123 860 water[level=0]
fill 221 123 861 221 123 895 stone
222 123 768 gravel
222 123 769 gravel
fill 222 123 770 222 123 785 stone
fill 222 123 790 222 123 806 stone
222 123 807 water[level=0]
222 123 808 water[level=0]
fill 222 123 809 222 123 811 stone
fill 222 123 812 222 123 815 water[level=0]
fill 222 123 816 222 123 818 stone
222 123 819 copper_ore
222 123 820 copper_ore
fill 222 123 821 222 123 825 stone
fill 222 123 826 222 123 833 andesite
fill 222 123 834 222 123 857 stone
fill 222 123 858 222 123 861 water[level=0]
fill 222 123 862 222 123 895 stone
223 123 768 gravel
fill 223 123 769 223 123 786 stone
fill 223 123 790 223 123 806 stone
fill 223 123 807 223 123 809 water[level=0]
223 123 810 stone
fill 223 123 811 223 123 815 water[level=0]
fill 223 123 816 223 123 818 stone
223 123 819 copper_ore
223 123 820 copper_ore
fill 223 123 821 223 123 826 stone
fill 223 123 827 223 123 830 andesite
fill 223 123 831 223 123 859 stone
223 123 860 water[level=0]
fill 223 123 861 223 123 895 stone
fill 224 123 768 224 123 786 stone
fill 224 123 790 224 123 807 stone
fill 224 123 808 224 123 815 water[level=0]
fill 224 123 816 224 123 819 stone
224 123 820 copper_ore
fill 224 123 821 224 123 885 stone
224 123 886 andesite
224 123 887 andesite
fill 224 123 888 224 123 895 stone
fill 225 123 768 225 123 786 stone
fill 225 123 790 225 123 807 stone
fill 225 123 808 225 123 814 water[level=0]
fill 225 123 815 225 123 882 stone
fill 225 123 883 225 123 888 andesite
fill 225 123 889 225 123 895 stone
fill 226 123 768 226 123 786 stone
fill 226 123 790 226 123 806 stone
fill 226 123 807 226 123 813 water[level=0]
fill 226 123 814 226 123 825 stone
226 123 826 copper_ore
226 123 827 copper_ore
fill 226 123 828 226 123 881 stone
fill 226 123 882 226 123 888 andesite
fill 226 123 889 226 123 892 stone
226 123 893 gravel
226 123 894 stone
226 123 895 stone
fill 227 123 768 227 123 772 stone
227 123 773 copper_ore
fill 227 123 774 227 123 786 stone
fill 227 123 790 227 123 805 stone
fill 227 123 806 227 123 811 water[level=0]
fill 227 123 812 227 123 825 stone
227 123 826 copper_ore
227 123 827 copper_ore
fill 227 123 828 227 123 880 stone
fill 227 123 881 227 123 887 andesite
fill 227 123 888 227 123 890 stone
fill 227 123 891 227 123 895 gravel
fill 228 123 768 228 123 787 stone
fill 228 123 790 228 123 803 stone
fill 228 123 804 228 123 808 water[level=0]
228 123 809 stone
228 123 810 stone
228 123 811 water[level=0]
fill 228 123 812 228 123 826 stone
228 123 827 copper_ore
fill 228 123 828 228 123 871 stone
228 123 872 water[level=0]
228 123 873 water[level=0]
fill 228 123 874 228 123 878 stone
fill 228 123 879 228 123 887 andesite
228 123 888 stone
228 123 889 stone
fill 228 123 890 228 123 895 gravel
fill 229 123 768 229 123 787 stone
fill 229 123 791 229 123 802 stone
fill 229 123 803 229 123 807 water[level=0]
fill 229 123 808 229 123 810 stone
229 123 811 water[level=0]
229 123 812 water[level=0]
fill 229 123 813 229 123 870 stone
fill 229 123 871 229 123 873 water[level=0]
fill 229 123 874 229 123 877 stone
fill 229 123 878 229 123 886 andesite
229 123 887 stone
229 123 888 stone
fill 229 123 889 229 123 895 gravel
fill 230 123 768 230 123 772 stone
230 123 773 iron_ore
230 123 774 iron_ore
fill 230 123 775 230 123 783 stone
230 123 784 copper_ore
230 123 785 copper_ore
fill 230 123 786 230 123 788 stone
fill 230 123 791 230 123 800 stone
fill 230 123 801 230 123 806 water[level=0]
fill 230 123 807 230 123 811 stone
230 123 812 water[level=0]
230 123 813 water[level=0]
fill 230 123 814 230 123 871 stone
230 123 872 water[level=0]
230 123 873 water[level=0]
fill 230 123 874 230 123 876 stone
fill 230 123 877 230 123 886 andesite
230 123 887 stone
fill 230 123 888 230 123 894 gravel
230 123 895 stone
fill 231 123 768 231 123 783 stone
231 123 784 copper_ore
231 123 785 copper_ore
fill 231 123 786 231 123 788 stone
fill 231 123 791 231 123 799 stone
fill 231 123 800 231 123 805 water[level=0]
fill 231 123 806 231 123 811 stone
fill 231 123 812 231 123 814 water[level=0]
fill 231 123 815 231 123 871 stone
231 123 872 water[level=0]
231 123 873 water[level=0]
fill 231 123 874 231 123 876 stone
fill 231 123 877 231 123 884 andesite
fill 231 123 885 231 123 887 stone
fill 231 123 888 231 123 892 gravel
fill 231 123 893 231 123 895 stone
fill 232 123 768 232 123 783 stone
232 123 784 copper_ore
fill 232 123 785 232 123 789 stone
fill 232 123 792 232 123 796 stone
232 123 798 stone
232 123 799 stone
fill 232 123 800 232 123 805 water[level=0]
fill 232 123 806 232 123 811 stone
fill 232 123 812 232 123 815 water[level=0]
fill 232 123 816 232 123 870 stone
fill 232 123 871 232 123 873 water[level=0]
232 123 874 stone
232 123 875 stone
fill 232 123 876 232 123 883 andesite
fill 232 123 884 232 123 895 stone
fill 233 123 768 233 123 786 stone
233 123 787 copper_ore
233 123 788 copper_ore
fill 233 123 789 233 123 791 stone
fill 233 123 798 233 123 800 stone
fill 233 123 801 233 123 805 water[level=0]
fill 233 123 806 233 123 812 stone
fill 233 123 813 233 123 816 water[level=0]
fill 233 123 817 233 123 826 stone
233 123 827 andesite
233 123 828 andesite
fill 233 123 829 233 123 870 stone
233 123 871 water[level=0]
fill 233 123 872 233 123 875 stone
233 123 876 copper_ore
233 123 877 copper_ore
fill 233 123 878 233 123 882 andesite
fill 233 123 883 233 123 895 stone
fill 234 123 768 234 123 787 stone
234 123 788 copper_ore
fill 234 123 789 234 123 791 stone
fill 234 123 799 234 123 801 stone
fill 234 123 802 234 123 804 water[level=0]
fill 234 123 805 234 123 809 stone
fill 234 123 810 234 123 817 water[level=0]
fill 234 123 818 234 123 825 stone
fill 234 123 826 234 123 830 andesite
fill 234 123 831 234 123 875 stone
234 123 876 copper_ore
234 123 877 copper_ore
fill 234 123 878 234 123 881 andesite
fill 234 123 882 234 123 895 stone
fill 235 123 768 235 123 792 stone
fill 235 123 799 235 123 809 stone
fill 235 123 810 235 123 817 water[level=0]
235 123 818 granite
fill 235 123 819 235 123 825 stone
fill 235 123 826 235 123 830 andesite
fill 235 123 831 235 123 895 stone
236 123 768 stone
fill 236 123 769 236 123 792 stone
236 123 793 gravel
236 123 794 gravel
fill 236 123 796 236 123 809 stone
fill 236 123 810 236 123 818 water[level=0]
fill 236 123 819 236 123 826 stone
fill 236 123 827 236 123 830 andesite
fill 236 123 831 236 123 834 stone
236 123 835 coal_ore
236 123 836 coal_ore
fill 236 123 837 236 123 849 stone
236 123 850 water[level=0]
236 123 851 water[level=0]
fill 236 123 852 236 123 895 stone
fill 237 123 768 237 123 791 stone
fill 237 123 792 237 123 794 gravel
fill 237 123 795 237 123 810 stone
fill 237 123 811 237 123 814 water[level=0]
237 123 815 dirt
fill 237 123 816 237 123 819 water[level=0]
fill 237 123 820 237 123 828 stone
237 123 829 andesite
fill 237 123 830 237 123 833 stone
237 123 834 coal_ore
237 123 835 coal_ore
fill 237 123 836 237 123 846 stone
fill 237 123 847 237 123 850 water[level=0]
fill 237 123 851 237 123 895 stone
fill 238 123 768 238 123 790 stone
fill 238 123 791 238 123 793 gravel
fill 238 123 794 238 123 810 stone
238 123 811 dirt
238 123 812 water[level=0]
238 123 813 water[level=0]
fill 238 123 814 238 123 817 dirt
238 123 818 water[level=0]
238 123 819 granite
238 123 820 stone
238 123 821 copper_ore
238 123 822 copper_ore
fill 238 123 823 238 123 832 stone
fill 238 123 833 238 123 835 coal_ore
fill 238 123 836 238 123 844 stone
fill 238 123 845 238 123 849 water[level=0]
fill 238 123 850 238 123 895 stone
fill 239 123 768 239 123 789 stone
fill 239 123 790 239 123 793 gravel
fill 239 123 794 239 123 809 stone
fill 239 123 810 239 123 813 water[level=0]
fill 239 123 814 239 123 819 dirt
fill 239 123 820 239 123 832 stone
fill 239 123 833 239 123 835 coal_ore
fill 239 123 836 239 123 844 stone
fill 239 123 845 239 123 848 water[level=0]
fill 239 123 849 239 123 895 stone
fill 240 123 768 240 123 790 stone
240 123 791 gravel
240 123 792 gravel
fill 240 123 793 240 123 807 stone
fill 240 123 808 240 123 813 water[level=0]
fill 240 123 814 240 123 819 dirt
fill 240 123 820 240 123 843 stone
fill 240 123 844 240 123 848 water[level=0]
fill 240 123 849 240 123 895 stone
fill 241 123 768 241 123 806 stone
fill 241 123 807 241 123 813 water[level=0]
241 123 814 granite
241 123 815 granite
241 123 816 dirt
241 123 817 dirt
241 123 818 granite
241 123 819 granite
fill 241 123 820 241 123 843 stone
fill 241 123 844 241 123 847 water[level=0]
fill 241 123 848 241 123 854 stone
fill 241 123 855 241 123 857 gravel
fill 241 123 858 241 123 882 stone
241 123 883 iron_ore
fill 241 123 884 241 123 886 stone
241 123 887 coal_ore
241 123 888 coal_ore
fill 241 123 889 241 123 895 stone
fill 242 123 768 242 123 807 stone
fill 242 123 808 242 123 812 water[level=0]
242 123 813 stone
fill 242 123 814 242 123 820 granite
fill 242 123 821 242 123 843 stone
fill 242 123 844 242 123 846 water[level=0]
fill 242 123 847 242 123 851 stone
fill 242 123 852 242 123 858 gravel
fill 242 123 859 242 123 885 stone
242 123 886 coal_ore
242 123 887 coal_ore
fill 242 123 888 242 123 895 stone
fill 243 123 768 243 123 813 stone
fill 243 123 814 243 123 820 granite
fill 243 123 821 243 123 843 stone
fill 243 123 844 243 123 846 water[level=0]
fill 243 123 847 243 123 850 stone
fill 243 123 851 243 123 858 gravel
fill 243 123 859 243 123 885 stone
243 123 886 coal_ore
243 123 887 coal_ore
fill 243 123 888 243 123 895 stone
fill 244 123 768 244 123 813 stone
fill 244 123 814 244 123 820 granite
fill 244 123 821 244 123 838 stone
fill 244 123 839 244 123 843 stone
fill 244 123 844 244 123 846 water[level=0]
244 123 847 stone
244 123 848 stone
244 123 849 coal_ore
fill 244 123 850 244 123 858 gravel
fill 244 123 859 244 123 894 stone
244 123 895 granite
fill 245 123 768 245 123 814 stone
245 123 815 granite
245 123 816 granite
245 123 817 diorite
245 123 818 diorite
245 123 819 granite
fill 245 123 820 245 123 843 stone
fill 245 123 844 245 123 846 water[level=0]
245 123 847 stone
245 123 848 stone
245 123 849 coal_ore
fill 245 123 850 245 123 857 gravel
fill 245 123 858 245 123 894 stone
245 123 895 granite
fill 246 123 768 246 123 788 stone
246 123 789 copper_ore
fill 246 123 790 246 123 799 stone
246 123 800 diorite
246 123 801 diorite
fill 246 123 802 246 123 814 stone
246 123 815 granite
fill 246 123 816 246 123 819 diorite
246 123 820 granite
fill 246 123 821 246 123 843 stone
fill 246 123 844 246 123 846 water[level=0]
fill 246 123 847 246 123 851 stone
fill 246 123 852 246 123 854 gravel
fill 246 123 855 246 123 859 stone
fill 246 123 860 246 123 868 granite
fill 246 123 869 246 123 874 stone
246 123 875 andesite
fill 246 123 876 246 123 894 stone
246 123 895 granite
fill 247 123 768 247 123 795 stone
fill 247 123 796 247 123 806 diorite
fill 247 123 807 247 123 814 stone
fill 247 123 815 247 123 820 diorite
fill 247 123 821 247 123 828 stone
fill 247 123 829 247 123 831 granite
fill 247 123 832 247 123 844 stone
247 123 845 water[level=0]
247 123 846 water[level=0]
fill 247 123 847 247 123 857 stone
fill 247 123 858 247 123 868 granite
fill 247 123 869 247 123 872 stone
fill 247 123 873 247 123 877 andesite
fill 247 123 878 247 123 894 stone
247 123 895 granite