fill 150 114 768 150 114 778 stone
150 114 779 copper_ore
150 114 780 copper_ore
fill 150 114 781 150 114 788 andesite
fill 150 114 789 150 114 817 stone
fill 150 114 818 150 114 826 andesite
fill 150 114 827 150 114 838 stone
fill 150 114 839 150 114 842 coal_ore
fill 150 114 843 150 114 847 andesite
fill 150 114 848 150 114 850 copper_ore
fill 150 114 851 150 114 861 andesite
fill 150 114 862 150 114 877 stone
150 114 878 copper_ore
150 114 879 copper_ore
fill 150 114 880 150 114 889 stone
fill 150 114 890 150 114 895 diorite
fill 151 114 768 151 114 780 stone
fill 151 114 781 151 114 788 andesite
fill 151 114 789 151 114 816 stone
fill 151 114 817 151 114 825 andesite
fill 151 114 826 151 114 837 stone
fill 151 114 838 151 114 841 coal_ore
151 114 842 stone
151 114 843 stone
fill 151 114 844 151 114 862 andesite
fill 151 114 863 151 114 877 stone
151 114 878 copper_ore
151 114 879 stone
151 114 880 stone
151 114 881 gravel
151 114 882 gravel
fill 151 114 883 151 114 889 stone
fill 151 114 890 151 114 895 diorite
fill 152 114 768 152 114 778 stone
152 114 779 granite
152 114 780 granite
fill 152 114 781 152 114 788 andesite
fill 152 114 789 152 114 815 stone
fill 152 114 816 152 114 823 andesite
fill 152 114 824 152 114 845 stone
fill 152 114 846 152 114 862 andesite
fill 152 114 863 152 114 879 stone
fill 152 114 880 152 114 883 gravel
fill 152 114 884 152 114 889 stone
fill 152 114 890 152 114 895 andesite
fill 153 114 768 153 114 776 stone
fill 153 114 777 153 114 780 granite
fill 153 114 781 153 114 787 andesite
153 114 788 coal_ore
fill 153 114 789 153 114 816 stone
fill 153 114 817 153 114 822 andesite
fill 153 114 823 153 114 846 stone
153 114 847 granite
fill 153 114 848 153 114 861 andesite
153 114 862 stone
153 114 863 stone
fill 153 114 864 153 114 867 stone
153 114 868 iron_ore
fill 153 114 869 153 114 872 stone
fill 153 114 873 153 114 875 granite
fill 153 114 876 153 114 879 stone
fill 153 114 880 153 114 883 gravel
fill 153 114 884 153 114 888 stone
fill 153 114 889 153 114 895 andesite
fill 154 114 768 154 114 774 stone
fill 154 114 775 154 114 780 granite
fill 154 114 781 154 114 787 andesite
154 114 788 coal_ore
154 114 789 coal_ore
fill 154 114 790 154 114 814 stone
fill 154 114 815 154 114 817 granite
154 114 818 andesite
154 114 819 andesite
fill 154 114 820 154 114 841 stone
154 114 842 copper_ore
154 114 843 copper_ore
fill 154 114 844 154 114 846 stone
154 114 847 granite
154 114 848 granite
fill 154 114 849 154 114 862 andesite
fill 154 114 863 154 114 867 stone
154 114 868 iron_ore
154 114 869 stone
fill 154 114 870 154 114 877 granite
fill 154 114 878 154 114 880 stone
fill 154 114 881 154 114 884 gravel
fill 154 114 885 154 114 888 stone
fill 154 114 889 154 114 895 andesite
fill 155 114 768 155 114 773 stone
fill 155 114 774 155 114 780 granite
fill 155 114 781 155 114 787 andesite
155 114 788 coal_ore
155 114 789 coal_ore
fill 155 114 790 155 114 812 stone
fill 155 114 813 155 114 820 granite
fill 155 114 821 155 114 841 stone
155 114 842 copper_ore
155 114 843 copper_ore
fill 155 114 844 155 114 846 stone
fill 155 114 847 155 114 849 granite
fill 155 114 850 155 114 862 andesite
fill 155 114 863 155 114 868 stone
fill 155 114 869 155 114 879 granite
155 114 880 stone
fill 155 114 881 155 114 884 gravel
fill 155 114 885 155 114 889 stone
fill 155 114 890 155 114 895 andesite
fill 156 114 768 156 114 772 stone
fill 156 114 773 156 114 781 granite
fill 156 114 782 156 114 787 andesite
156 114 788 coal_ore
156 114 789 coal_ore
fill 156 114 790 156 114 811 stone
fill 156 114 812 156 114 820 granite
fill 156 114 821 156 114 846 stone
fill 156 114 847 156 114 852 granite
fill 156 114 853 156 114 859 stone
fill 156 114 860 156 114 863 andesite
fill 156 114 864 156 114 869 stone
fill 156 114 870 156 114 879 granite
156 114 880 stone
fill 156 114 881 156 114 884 gravel
fill 156 114 885 156 114 890 stone
fill 156 114 891 156 114 895 andesite
fill 157 114 768 157 114 771 stone
fill 157 114 772 157 114 781 granite
fill 157 114 782 157 114 790 andesite
fill 157 114 791 157 114 810 stone
fill 157 114 811 157 114 820 granite
fill 157 114 821 157 114 845 stone
fill 157 114 846 157 114 852 granite
fill 157 114 853 157 114 859 stone
fill 157 114 860 157 114 863 andesite
fill 157 114 864 157 114 871 stone
fill 157 114 872 157 114 879 granite
157 114 880 stone
157 114 881 stone
fill 157 114 882 157 114 884 gravel
fill 157 114 885 157 114 889 stone
157 114 890 granite
157 114 891 granite
fill 157 114 892 157 114 895 andesite
fill 158 114 768 158 114 770 stone
fill 158 114 771 158 114 780 granite
158 114 781 stone
fill 158 114 782 158 114 789 andesite
fill 158 114 790 158 114 807 stone
fill 158 114 808 158 114 820 granite
fill 158 114 821 158 114 845 stone
fill 158 114 846 158 114 852 granite
fill 158 114 853 158 114 860 stone
158 114 861 andesite
158 114 862 andesite
fill 158 114 863 158 114 873 stone
fill 158 114 874 158 114 876 granite
fill 158 114 877 158 114 881 stone
fill 158 114 882 158 114 884 gravel
fill 158 114 885 158 114 888 stone
fill 158 114 889 158 114 892 granite
fill 158 114 893 158 114 895 andesite
159 114 768 stone
159 114 769 stone
fill 159 114 770 159 114 778 granite
fill 159 114 779 159 114 781 dirt
fill 159 114 782 159 114 790 andesite
fill 159 114 791 159 114 806 stone
fill 159 114 807 159 114 819 granite
fill 159 114 820 159 114 822 stone
fill 159 114 823 159 114 826 granite
fill 159 114 827 159 114 845 stone
fill 159 114 846 159 114 852 granite
fill 159 114 853 159 114 882 stone
159 114 883 gravel
159 114 884 gravel
fill 159 114 885 159 114 887 stone
fill 159 114 888 159 114 894 granite
159 114 895 andesite
160 114 768 stone
160 114 769 stone
fill 160 114 770 160 114 776 granite
fill 160 114 777 160 114 784 dirt
fill 160 114 785 160 114 789 andesite
fill 160 114 790 160 114 805 stone
fill 160 114 806 160 114 815 granite
160 114 816 dirt
160 114 817 dirt
160 114 818 granite
fill 160 114 819 160 114 821 stone
fill 160 114 822 160 114 826 granite
160 114 827 stone
160 114 828 iron_ore
fill 160 114 829 160 114 846 stone
fill 160 114 847 160 114 851 granite
fill 160 114 852 160 114 886 stone
fill 160 114 887 160 114 894 granite
160 114 895 stone
161 114 768 stone
fill 161 114 769 161 114 776 granite
fill 161 114 777 161 114 784 dirt
fill 161 114 785 161 114 789 andesite
fill 161 114 790 161 114 805 stone
fill 161 114 806 161 114 814 granite
fill 161 114 815 161 114 818 dirt
161 114 819 stone
fill 161 114 820 161 114 826 granite
161 114 827 iron_ore
161 114 828 iron_ore
fill 161 114 829 161 114 846 stone
fill 161 114 847 161 114 851 granite
fill 161 114 852 161 114 857 stone
fill 161 114 858 161 114 862 diorite
fill 161 114 863 161 114 879 stone
161 114 880 coal_ore
161 114 881 coal_ore
fill 161 114 882 161 114 885 stone
fill 161 114 886 161 114 894 granite
161 114 895 stone
162 114 768 stone
fill 162 114 769 162 114 777 granite
162 114 778 stone
fill 162 114 779 162 114 784 dirt
fill 162 114 785 162 114 789 andesite
162 114 790 diorite
162 114 791 stone
fill 162 114 792 162 114 805 stone
fill 162 114 806 162 114 812 granite
162 114 813 stone
162 114 814 stone
fill 162 114 815 162 114 818 dirt
fill 162 114 819 162 114 824 granite
162 114 825 diorite
162 114 826 diorite
162 114 827 granite
fill 162 114 828 162 114 847 stone
162 114 848 granite
162 114 849 granite
fill 162 114 850 162 114 853 stone
fill 162 114 854 162 114 863 diorite
fill 162 114 864 162 114 877 stone
fill 162 114 878 162 114 881 coal_ore
fill 162 114 882 162 114 885 stone
fill 162 114 886 162 114 894 granite
162 114 895 stone
fill 163 114 768 163 114 776 granite
163 114 777 stone
163 114 778 stone
fill 163 114 779 163 114 781 granite
fill 163 114 782 163 114 789 andesite
163 114 790 diorite
163 114 791 diorite
fill 163 114 792 163 114 805 stone
fill 163 114 806 163 114 811 granite
163 114 812 stone
163 114 813 stone
fill 163 114 814 163 114 817 dirt
fill 163 114 818 163 114 823 granite
fill 163 114 824 163 114 829 diorite
fill 163 114 830 163 114 852 stone
fill 163 114 853 163 114 860 diorite
fill 163 114 861 163 114 863 coal_ore
fill 163 114 864 163 114 875 stone
163 114 876 diorite
163 114 877 diorite
fill 163 114 878 163 114 880 coal_ore
fill 163 114 881 163 114 884 stone
fill 163 114 885 163 114 892 granite
fill 163 114 893 163 114 895 stone
fill 164 114 768 164 114 775 granite
164 114 776 copper_ore
164 114 777 stone
164 114 778 stone
fill 164 114 779 164 114 781 granite
fill 164 114 782 164 114 788 andesite
fill 164 114 789 164 114 792 diorite
fill 164 114 793 164 114 813 stone
fill 164 114 814 164 114 817 dirt
fill 164 114 818 164 114 823 granite
fill 164 114 824 164 114 831 diorite
fill 164 114 832 164 114 850 stone
fill 164 114 851 164 114 860 diorite
fill 164 114 861 164 114 863 coal_ore
fill 164 114 864 164 114 875 stone
164 114 876 diorite
164 114 877 diorite
164 114 878 coal_ore
164 114 879 coal_ore
164 114 880 diorite
fill 164 114 881 164 114 884 stone
fill 164 114 885 164 114 891 granite
fill 164 114 892 164 114 895 stone
fill 165 114 768 165 114 774 granite
165 114 775 stone
165 114 776 copper_ore
165 114 777 copper_ore
fill 165 114 778 165 114 781 granite
fill 165 114 782 165 114 788 andesite
fill 165 114 789 165 114 793 diorite
fill 165 114 794 165 114 812 stone
fill 165 114 813 165 114 817 dirt
fill 165 114 818 165 114 824 granite
fill 165 114 825 165 114 832 diorite
fill 165 114 833 165 114 849 stone
fill 165 114 850 165 114 860 diorite
165 114 861 coal_ore
165 114 862 coal_ore
fill 165 114 863 165 114 874 stone
fill 165 114 875 165 114 882 diorite
165 114 883 stone
165 114 884 stone
fill 165 114 885 165 114 890 granite
fill 165 114 891 165 114 895 stone
fill 166 114 768 166 114 772 granite
fill 166 114 773 166 114 775 stone
166 114 776 copper_ore
166 114 777 copper_ore
fill 166 114 778 166 114 781 granite
fill 166 114 782 166 114 788 andesite
fill 166 114 789 166 114 794 diorite
fill 166 114 795 166 114 812 stone
fill 166 114 813 166 114 816 dirt
fill 166 114 817 166 114 825 granite
fill 166 114 826 166 114 832 diorite
fill 166 114 833 166 114 849 stone
fill 166 114 850 166 114 860 diorite
166 114 861 coal_ore
fill 166 114 862 166 114 875 stone
fill 166 114 876 166 114 883 diorite
166 114 884 stone
fill 166 114 885 166 114 887 granite
fill 166 114 888 166 114 895 stone
fill 167 114 768 167 114 770 granite
fill 167 114 771 167 114 776 stone
167 114 777 copper_ore
fill 167 114 778 167 114 781 granite
fill 167 114 782 167 114 787 andesite
fill 167 114 788 167 114 794 diorite
fill 167 114 795 167 114 812 stone
fill 167 114 813 167 114 815 dirt
fill 167 114 816 167 114 825 granite
167 114 826 stone
fill 167 114 827 167 114 832 diorite
fill 167 114 833 167 114 847 stone
fill 167 114 848 167 114 860 diorite
fill 167 114 861 167 114 875 stone
fill 167 114 876 167 114 884 diorite
fill 167 114 885 167 114 895 stone
fill 168 114 768 168 114 776 stone
fill 168 114 777 168 114 781 granite
fill 168 114 782 168 114 787 andesite
fill 168 114 788 168 114 795 diorite
fill 168 114 796 168 114 812 stone
168 114 813 dirt
168 114 814 dirt
168 114 815 stone
fill 168 114 816 168 114 824 granite
fill 168 114 825 168 114 847 stone
fill 168 114 848 168 114 859 diorite
fill 168 114 860 168 114 875 stone
fill 168 114 876 168 114 885 diorite
fill 168 114 886 168 114 895 stone
fill 169 114 768 169 114 775 stone
169 114 776 dirt
169 114 777 dirt
fill 169 114 778 169 114 781 granite
fill 169 114 782 169 114 786 andesite
fill 169 114 787 169 114 795 diorite
fill 169 114 796 169 114 814 stone
fill 169 114 815 169 114 823 granite
fill 169 114 824 169 114 846 stone
fill 169 114 847 169 114 853 diorite
fill 169 114 854 169 114 862 andesite
fill 169 114 863 169 114 868 stone
fill 169 114 869 169 114 872 granite
fill 169 114 873 169 114 876 stone
fill 169 114 877 169 114 886 diorite
fill 169 114 887 169 114 895 stone
fill 170 114 768 170 114 774 stone
fill 170 114 775 170 114 777 dirt
fill 170 114 778 170 114 781 granite
fill 170 114 782 170 114 786 andesite
170 114 787 stone
fill 170 114 788 170 114 795 diorite
fill 170 114 796 170 114 809 stone
170 114 810 dirt
fill 170 114 811 170 114 814 stone
fill 170 114 815 170 114 823 granite
fill 170 114 824 170 114 846 stone
fill 170 114 847 170 114 850 diorite
fill 170 114 851 170 114 866 andesite
170 114 867 stone
170 114 868 stone
fill 170 114 869 170 114 872 granite
fill 170 114 873 170 114 876 stone
fill 170 114 877 170 114 887 diorite
fill 170 114 888 170 114 895 stone
fill 171 114 768 171 114 775 stone
fill 171 114 776 171 114 778 dirt
171 114 779 granite
171 114 780 granite
171 114 781 stone
171 114 782 stone
fill 171 114 783 171 114 785 andesite
171 114 786 stone
171 114 787 stone
fill 171 114 788 171 114 796 diorite
171 114 797 granite
fill 171 114 798 171 114 806 stone
171 114 807 granite
171 114 808 granite
fill 171 114 809 171 114 811 dirt
171 114 812 stone
171 114 813 stone
fill 171 114 814 171 114 822 granite
fill 171 114 823 171 114 846 stone
fill 171 114 847 171 114 849 diorite
fill 171 114 850 171 114 868 andesite
fill 171 114 869 171 114 872 granite
fill 171 114 873 171 114 877 stone
fill 171 114 878 171 114 888 diorite
fill 171 114 889 171 114 895 stone
172 114 768 iron_ore
172 114 769 iron_ore
fill 172 114 770 172 114 775 stone
fill 172 114 776 172 114 779 dirt
fill 172 114 780 172 114 788 stone
fill 172 114 789 172 114 796 diorite
172 114 797 granite
172 114 798 granite
fill 172 114 799 172 114 805 stone
172 114 806 granite
172 114 807 granite
fill 172 114 808 172 114 811 dirt
fill 172 114 812 172 114 814 stone
fill 172 114 815 172 114 820 granite
fill 172 114 821 172 114 847 stone
172 114 848 diorite
fill 172 114 849 172 114 868 andesite
fill 172 114 869 172 114 873 granite
172 114 874 diorite
172 114 875 diorite
fill 172 114 876 172 114 878 stone
fill 172 114 879 172 114 888 diorite
fill 172 114 889 172 114 895 stone
173 114 768 iron_ore
173 114 769 iron_ore
fill 173 114 770 173 114 774 stone
fill 173 114 775 173 114 779 dirt
fill 173 114 780 173 114 789 stone
fill 173 114 790 173 114 796 diorite
173 114 797 granite
173 114 798 granite
fill 173 114 799 173 114 805 stone
173 114 806 granite
173 114 807 granite
fill 173 114 808 173 114 811 dirt
fill 173 114 812 173 114 814 stone
fill 173 114 815 173 114 819 granite
fill 173 114 820 173 114 848 stone
fill 173 114 849 173 114 868 andesite
fill 173 114 869 173 114 872 granite
fill 173 114 873 173 114 876 diorite
fill 173 114 877 173 114 879 stone
fill 173 114 880 173 114 888 diorite
fill 173 114 889 173 114 895 stone
fill 174 114 768 174 114 775 stone
fill 174 114 776 174 114 779 dirt
fill 174 114 780 174 114 789 stone
fill 174 114 790 174 114 796 diorite
fill 174 114 797 174 114 799 granite
fill 174 114 800 174 114 804 stone
fill 174 114 805 174 114 807 granite
fill 174 114 808 174 114 811 dirt
fill 174 114 812 174 114 814 stone
fill 174 114 815 174 114 818 granite
fill 174 114 819 174 114 849 stone
fill 174 114 850 174 114 868 andesite
fill 174 114 869 174 114 871 granite
fill 174 114 872 174 114 877 diorite
fill 174 114 878 174 114 880 stone
fill 174 114 881 174 114 888 diorite
fill 174 114 889 174 114 895 stone
fill 175 114 768 175 114 775 stone
fill 175 114 776 175 114 780 dirt
fill 175 114 781 175 114 790 stone
fill 175 114 791 175 114 796 diorite
fill 175 114 797 175 114 800 granite
fill 175 114 801 175 114 804 stone
fill 175 114 805 175 114 807 granite
fill 175 114 808 175 114 811 dirt
fill 175 114 812 175 114 830 stone
fill 175 114 831 175 114 836 diorite
fill 175 114 837 175 114 850 stone
fill 175 114 851 175 114 866 andesite
175 114 867 stone
fill 175 114 868 175 114 870 granite
fill 175 114 871 175 114 877 diorite
fill 175 114 878 175 114 881 stone
fill 175 114 882 175 114 889 diorite
fill 175 114 890 175 114 895 stone
fill 176 114 768 176 114 776 stone
fill 176 114 777 176 114 779 dirt
fill 176 114 780 176 114 791 stone
fill 176 114 792 176 114 796 diorite
fill 176 114 797 176 114 800 granite
fill 176 114 801 176 114 803 stone
fill 176 114 804 176 114 807 granite
fill 176 114 808 176 114 811 dirt
fill 176 114 812 176 114 829 stone
fill 176 114 830 176 114 837 diorite
fill 176 114 838 176 114 853 stone
176 114 854 andesite
176 114 855 andesite
176 114 856 stone
fill 176 114 857 176 114 862 andesite
fill 176 114 863 176 114 867 stone
176 114 868 granite
176 114 869 granite
fill 176 114 870 176 114 876 diorite
fill 176 114 877 176 114 882 stone
fill 176 114 883 176 114 889 diorite
fill 176 114 890 176 114 895 stone
fill 177 114 768 177 114 777 stone
177 114 778 dirt
177 114 779 dirt
fill 177 114 780 177 114 792 stone
fill 177 114 793 177 114 796 diorite
fill 177 114 797 177 114 801 granite
177 114 802 stone
177 114 803 stone
fill 177 114 804 177 114 807 granite
fill 177 114 808 177 114 811 dirt
fill 177 114 812 177 114 828 stone
fill 177 114 829 177 114 837 diorite
fill 177 114 838 177 114 867 stone
177 114 868 granite
177 114 869 granite
fill 177 114 870 177 114 876 diorite
fill 177 114 877 177 114 886 stone
177 114 887 diorite
177 114 888 diorite
fill 177 114 889 177 114 895 stone
fill 178 114 768 178 114 793 stone
fill 178 114 794 178 114 801 granite
178 114 802 coal_ore
178 114 803 stone
178 114 804 stone
fill 178 114 805 178 114 807 granite
178 114 808 stone
178 114 809 dirt
fill 178 114 810 178 114 827 stone
fill 178 114 828 178 114 836 diorite
fill 178 114 837 178 114 867 stone
178 114 868 granite
fill 178 114 869 178 114 876 diorite
fill 178 114 877 178 114 895 stone
fill 179 114 768 179 114 774 stone
fill 179 114 775 179 114 778 andesite
179 114 779 stone
fill 179 114 780 179 114 793 stone
fill 179 114 794 179 114 800 granite
fill 179 114 801 179 114 803 coal_ore
fill 179 114 804 179 114 825 stone
fill 179 114 826 179 114 835 diorite
fill 179 114 836 179 114 868 stone
fill 179 114 869 179 114 876 diorite
fill 179 114 877 179 114 895 stone
fill 180 114 768 180 114 773 stone
fill 180 114 774 180 114 779 andesite
fill 180 114 780 180 114 793 stone
fill 180 114 794 180 114 801 granite
fill 180 114 802 180 114 804 coal_ore
fill 180 114 805 180 114 824 stone
fill 180 114 825 180 114 835 diorite
fill 180 114 836 180 114 867 stone
180 114 868 copper_ore
180 114 869 copper_ore
fill 180 114 870 180 114 876 diorite
fill 180 114 877 180 114 892 stone
fill 180 114 893 180 114 895 coal_ore
fill 181 114 768 181 114 771 stone
fill 181 114 772 181 114 779 andesite
fill 181 114 780 181 114 794 stone
fill 181 114 795 181 114 802 granite
181 114 803 coal_ore
181 114 804 coal_ore
fill 181 114 805 181 114 823 stone
fill 181 114 824 181 114 834 diorite
fill 181 114 835 181 114 867 stone
181 114 868 copper_ore
181 114 869 copper_ore
fill 181 114 870 181 114 876 diorite
fill 181 114 877 181 114 891 stone
fill 181 114 892 181 114 895 coal_ore
fill 182 114 768 182 114 770 stone
fill 182 114 771 182 114 779 andesite
fill 182 114 780 182 114 795 stone
fill 182 114 796 182 114 801 granite
fill 182 114 802 182 114 823 stone
fill 182 114 824 182 114 832 diorite
fill 182 114 833 182 114 860 stone
182 114 861 copper_ore
fill 182 114 862 182 114 867 stone
182 114 868 diorite
182 114 869 copper_ore
fill 182 114 870 182 114 876 diorite
fill 182 114 877 182 114 895 stone
183 114 768 stone
183 114 769 stone
fill 183 114 770 183 114 778 andesite
fill 183 114 779 183 114 795 stone
fill 183 114 796 183 114 801 granite
fill 183 114 802 183 114 805 stone
183 114 806 copper_ore
fill 183 114 807 183 114 822 stone
183 114 823 andesite
fill 183 114 824 183 114 831 diorite
fill 183 114 832 183 114 860 stone
183 114 861 copper_ore
fill 183 114 862 183 114 865 stone
183 114 866 iron_ore
183 114 867 stone
fill 183 114 868 183 114 875 diorite
fill 183 114 876 183 114 890 stone
fill 183 114 891 183 114 895 andesite
184 114 768 stone
fill 184 114 769 184 114 777 andesite
fill 184 114 778 184 114 797 stone
fill 184 114 798 184 114 802 granite
fill 184 114 803 184 114 822 stone
fill 184 114 823 184 114 830 diorite
fill 184 114 831 184 114 864 stone
184 114 865 iron_ore
184 114 866 stone
184 114 867 stone
fill 184 114 868 184 114 874 diorite
fill 184 114 875 184 114 889 stone
fill 184 114 890 184 114 895 andesite
185 114 768 stone
fill 185 114 769 185 114 775 andesite
fill 185 114 776 185 114 798 stone
fill 185 114 799 185 114 802 granite
fill 185 114 803 185 114 811 stone
fill 185 114 812 185 114 814 andesite
fill 185 114 815 185 114 822 stone
185 114 823 andesite
fill 185 114 824 185 114 829 diorite
185 114 830 andesite
fill 185 114 831 185 114 862 stone
fill 185 114 863 185 114 865 coal_ore
185 114 866 stone
185 114 867 stone