188 124 982 grass_block[snowy=false]
188 124 983 dirt
188 124 984 dirt
fill 188 124 985 188 124 994 stone
188 124 995 andesite
fill 188 124 996 188 124 1018 stone
fill 188 124 1019 188 124 1021 dirt
188 124 1022 water[level=0]
188 124 1023 water[level=0]
fill 189 124 896 189 124 899 dirt
fill 189 124 900 189 124 904 stone
fill 189 124 905 189 124 909 gravel
fill 189 124 910 189 124 923 stone
fill 189 124 924 189 124 927 andesite
fill 189 124 928 189 124 931 dirt
fill 189 124 932 189 124 939 andesite
fill 189 124 940 189 124 956 stone
189 124 957 grass_block[snowy=false]
fill 189 124 961 189 124 972 stone
189 124 983 dirt
189 124 984 dirt
fill 189 124 985 189 124 993 stone
fill 189 124 994 189 124 997 andesite
fill 189 124 998 189 124 1019 stone
189 124 1020 dirt
189 124 1021 dirt
189 124 1022 water[level=0]
189 124 1023 water[level=0]
190 124 896 stone
fill 190 124 897 190 124 899 dirt
fill 190 124 900 190 124 905 stone
fill 190 124 906 190 124 910 gravel
fill 190 124 911 190 124 924 stone
fill 190 124 925 190 124 928 andesite
fill 190 124 929 190 124 932 dirt
fill 190 124 933 190 124 939 andesite
fill 190 124 940 190 124 956 stone
190 124 961 grass_block[snowy=false]
fill 190 124 962 190 124 972 stone
190 124 983 grass_block[snowy=false]
190 124 984 dirt
fill 190 124 985 190 124 993 stone
fill 190 124 994 190 124 997 andesite
fill 190 124 998 190 124 1005 stone
190 124 1006 dirt
190 124 1007 dirt
fill 190 124 1008 190 124 1019 stone
fill 190 124 1020 190 124 1022 dirt
190 124 1023 water[level=0]
fill 191 124 896 191 124 906 stone
fill 191 124 907 191 124 911 gravel
fill 191 124 912 191 124 927 stone
191 124 928 andesite
191 124 929 andesite
fill 191 124 930 191 124 932 dirt
fill 191 124 933 191 124 939 andesite
fill 191 124 940 191 124 956 stone
fill 191 124 962 191 124 973 stone
191 124 983 grass_block[snowy=false]
191 124 984 dirt
191 124 985 dirt
fill 191 124 986 191 124 993 stone
fill 191 124 994 191 124 996 andesite
fill 191 124 997 191 124 1004 stone
fill 191 124 1005 191 124 1007 dirt
fill 191 124 1008 191 124 1021 stone
191 124 1022 dirt
191 124 1023 dirt
fill 192 124 896 192 124 907 stone
fill 192 124 908 192 124 911 gravel
fill 192 124 912 192 124 929 stone
fill 192 124 930 192 124 933 dirt
192 124 934 diorite
192 124 935 diorite
192 124 936 andesite
192 124 937 andesite
fill 192 124 938 192 124 956 stone
fill 192 124 962 192 124 973 stone
192 124 983 grass_block[snowy=false]
192 124 984 dirt
192 124 985 dirt
fill 192 124 986 192 124 1004 stone
fill 192 124 1005 192 124 1008 dirt
fill 192 124 1009 192 124 1022 stone
192 124 1023 dirt
fill 193 124 896 193 124 908 stone
fill 193 124 909 193 124 911 gravel
fill 193 124 912 193 124 930 stone
fill 193 124 931 193 124 934 dirt
fill 193 124 935 193 124 937 diorite
fill 193 124 938 193 124 957 stone
fill 193 124 962 193 124 973 stone
193 124 974 iron_ore
193 124 984 dirt
193 124 985 dirt
fill 193 124 986 193 124 1003 stone
fill 193 124 1004 193 124 1007 dirt
fill 193 124 1008 193 124 1023 stone
fill 194 124 896 194 124 910 stone
194 124 911 coal_ore
194 124 912 coal_ore
fill 194 124 913 194 124 930 stone
fill 194 124 931 194 124 934 dirt
fill 194 124 935 194 124 937 diorite
fill 194 124 938 194 124 957 stone
fill 194 124 961 194 124 974 stone
194 124 983 leaf_litter[facing=west,segment_amount=2]
194 124 984 dirt
194 124 985 dirt
fill 194 124 986 194 124 1003 stone
fill 194 124 1004 194 124 1007 dirt
fill 194 124 1008 194 124 1023 stone
fill 195 124 896 195 124 910 stone
195 124 911 coal_ore
195 124 912 coal_ore
fill 195 124 913 195 124 930 stone
fill 195 124 931 195 124 935 dirt
195 124 936 diorite
fill 195 124 937 195 124 957 stone
fill 195 124 961 195 124 975 stone
195 124 983 leaf_litter[facing=south,segment_amount=3]
195 124 984 dirt
195 124 985 dirt
fill 195 124 986 195 124 1003 stone
fill 195 124 1004 195 124 1007 dirt
fill 195 124 1008 195 124 1023 stone
fill 196 124 896 196 124 910 stone
fill 196 124 911 196 124 913 coal_ore
fill 196 124 914 196 124 930 stone
fill 196 124 931 196 124 935 dirt
fill 196 124 936 196 124 957 stone
fill 196 124 961 196 124 976 stone
196 124 984 dirt
196 124 985 dirt
fill 196 124 986 196 124 1000 stone
fill 196 124 1001 196 124 1003 stone
fill 196 124 1004 196 124 1007 dirt
fill 196 124 1008 196 124 1023 stone
fill 197 124 896 197 124 910 stone
fill 197 124 911 197 124 913 coal_ore
fill 197 124 914 197 124 958 stone
fill 197 124 960 197 124 976 stone
197 124 983 dirt
197 124 984 dirt
fill 197 124 985 197 124 987 gravel
fill 197 124 988 197 124 1003 stone
fill 197 124 1004 197 124 1007 dirt
fill 197 124 1008 197 124 1023 stone
fill 198 124 896 198 124 911 stone
198 124 912 coal_ore
fill 198 124 913 198 124 958 stone
fill 198 124 960 198 124 976 stone
198 124 983 grass_block[snowy=false]
198 124 984 dirt
198 124 985 dirt
fill 198 124 986 198 124 990 gravel
198 124 991 stone
198 124 992 stone
fill 198 124 993 198 124 996 diorite
fill 198 124 997 198 124 1003 stone
fill 198 124 1004 198 124 1007 dirt
fill 198 124 1008 198 124 1023 stone
fill 199 124 896 199 124 958 stone
199 124 961 coal_ore
199 124 962 coal_ore
fill 199 124 963 199 124 976 stone
199 124 983 grass_block[snowy=false]
199 124 984 dirt
fill 199 124 985 199 124 991 gravel
199 124 992 stone
fill 199 124 993 199 124 997 diorite
fill 199 124 998 199 124 1003 stone
fill 199 124 1004 199 124 1007 dirt
fill 199 124 1008 199 124 1023 stone
fill 200 124 896 200 124 959 stone
200 124 961 coal_ore
200 124 962 coal_ore
fill 200 124 963 200 124 976 stone
200 124 983 grass_block[snowy=false]
200 124 984 dirt
fill 200 124 985 200 124 992 gravel
fill 200 124 993 200 124 998 diorite
fill 200 124 999 200 124 1003 stone
fill 200 124 1004 200 124 1007 dirt
fill 200 124 1008 200 124 1023 stone
fill 201 124 896 201 124 917 stone
201 124 918 copper_ore
201 124 919 copper_ore
fill 201 124 920 201 124 959 stone
201 124 961 stone
201 124 962 coal_ore
201 124 963 coal_ore
fill 201 124 964 201 124 976 stone
201 124 983 grass_block[snowy=false]
201 124 984 dirt
fill 201 124 985 201 124 992 gravel
fill 201 124 993 201 124 998 diorite
201 124 999 stone
201 124 1000 coal_ore
201 124 1001 coal_ore
201 124 1002 stone
201 124 1003 stone
fill 201 124 1004 201 124 1007 dirt
fill 201 124 1008 201 124 1023 stone
fill 202 124 896 202 124 917 stone
202 124 918 copper_ore
202 124 919 copper_ore
fill 202 124 920 202 124 960 stone
202 124 962 coal_ore
202 124 963 coal_ore
fill 202 124 964 202 124 976 stone
202 124 983 grass_block[snowy=false]
202 124 984 dirt
fill 202 124 985 202 124 987 stone
fill 202 124 988 202 124 990 gravel
202 124 991 stone
202 124 992 stone
fill 202 124 993 202 124 998 diorite
202 124 999 stone
202 124 1000 stone
202 124 1001 coal_ore
202 124 1002 coal_ore
202 124 1003 stone
202 124 1004 stone
fill 202 124 1005 202 124 1007 dirt
fill 202 124 1008 202 124 1023 stone
fill 203 124 896 203 124 960 stone
fill 203 124 962 203 124 976 stone
203 124 983 grass_block[snowy=false]
203 124 984 dirt
fill 203 124 985 203 124 993 stone
fill 203 124 994 203 124 999 diorite
203 124 1000 stone
203 124 1001 stone
203 124 1002 coal_ore
203 124 1003 stone
203 124 1004 stone
203 124 1005 dirt
203 124 1006 dirt
fill 203 124 1007 203 124 1023 stone
fill 204 124 896 204 124 899 stone
204 124 900 dirt
204 124 901 dirt
fill 204 124 902 204 124 919 stone
204 124 922 grass_block[snowy=false]
fill 204 124 923 204 124 960 stone
fill 204 124 963 204 124 976 stone
204 124 983 grass_block[snowy=false]
fill 204 124 984 204 124 993 stone
fill 204 124 994 204 124 999 diorite
fill 204 124 1000 204 124 1023 stone
fill 205 124 896 205 124 910 stone
205 124 911 grass_block[snowy=false]
fill 205 124 923 205 124 961 stone
fill 205 124 963 205 124 976 stone
205 124 983 grass_block[snowy=false]
fill 205 124 984 205 124 993 stone
fill 205 124 994 205 124 999 diorite
fill 205 124 1000 205 124 1023 stone
fill 206 124 896 206 124 903 stone
fill 206 124 904 206 124 911 stone
206 124 912 dirt
fill 206 124 924 206 124 961 stone
fill 206 124 964 206 124 975 stone
206 124 983 grass_block[snowy=false]
fill 206 124 984 206 124 993 stone
fill 206 124 994 206 124 1000 diorite
fill 206 124 1001 206 124 1023 stone
fill 207 124 896 207 124 912 stone
207 124 913 dirt
207 124 914 grass_block[snowy=false]
fill 207 124 924 207 124 954 stone
fill 207 124 955 207 124 958 granite
fill 207 124 959 207 124 962 stone
fill 207 124 964 207 124 975 stone
fill 207 124 984 207 124 994 stone
fill 207 124 995 207 124 1000 diorite
fill 207 124 1001 207 124 1023 stone
fill 208 124 896 208 124 913 stone
208 124 914 dirt
208 124 915 grass_block[snowy=false]
fill 208 124 921 208 124 923 grass_block[snowy=false]
fill 208 124 924 208 124 953 stone
fill 208 124 954 208 124 958 granite
fill 208 124 959 208 124 962 stone
fill 208 124 965 208 124 975 stone
fill 208 124 984 208 124 994 stone
fill 208 124 995 208 124 1000 diorite
fill 208 124 1001 208 124 1023 stone
fill 209 124 896 209 124 914 stone
fill 209 124 915 209 124 923 dirt
fill 209 124 924 209 124 952 stone
fill 209 124 953 209 124 959 granite
fill 209 124 960 209 124 962 stone
fill 209 124 966 209 124 975 stone
fill 209 124 984 209 124 994 stone
fill 209 124 995 209 124 1000 diorite
fill 209 124 1001 209 124 1023 stone
fill 210 124 896 210 124 918 stone
fill 210 124 919 210 124 921 dirt
fill 210 124 922 210 124 937 stone
210 124 938 coal_ore
210 124 939 coal_ore
fill 210 124 940 210 124 952 stone
fill 210 124 953 210 124 959 granite
fill 210 124 960 210 124 963 stone
fill 210 124 967 210 124 975 stone
fill 210 124 984 210 124 995 stone
fill 210 124 996 210 124 1000 diorite
fill 210 124 1001 210 124 1023 stone
fill 211 124 896 211 124 937 stone
211 124 938 coal_ore
211 124 939 coal_ore
fill 211 124 940 211 124 952 stone
fill 211 124 953 211 124 959 granite
fill 211 124 960 211 124 963 stone
fill 211 124 968 211 124 974 stone
fill 211 124 984 211 124 989 stone
fill 211 124 990 211 124 992 gravel
fill 211 124 993 211 124 996 stone
fill 211 124 997 211 124 1000 diorite
fill 211 124 1001 211 124 1023 stone
fill 212 124 896 212 124 952 stone
fill 212 124 953 212 124 959 granite
fill 212 124 960 212 124 963 stone
fill 212 124 969 212 124 974 stone
fill 212 124 984 212 124 989 stone
fill 212 124 990 212 124 992 gravel
fill 212 124 993 212 124 1023 stone
fill 213 124 896 213 124 952 stone
fill 213 124 953 213 124 959 granite
fill 213 124 960 213 124 964 stone
213 124 969 grass_block[snowy=false]
fill 213 124 970 213 124 974 stone
fill 213 124 984 213 124 990 stone
213 124 991 gravel
fill 213 124 992 213 124 1023 stone
fill 214 124 896 214 124 951 stone
fill 214 124 952 214 124 958 granite
fill 214 124 959 214 124 964 stone
214 124 970 dirt
fill 214 124 971 214 124 974 stone
fill 214 124 984 214 124 1023 stone
fill 215 124 896 215 124 951 stone
fill 215 124 952 215 124 958 granite
fill 215 124 959 215 124 964 stone
215 124 970 dirt
fill 215 124 971 215 124 973 stone
fill 215 124 984 215 124 993 stone
215 124 994 coal_ore
fill 215 124 995 215 124 1002 stone
fill 215 124 1003 215 124 1023 stone
fill 216 124 896 216 124 951 stone
fill 216 124 952 216 124 958 granite
fill 216 124 959 216 124 965 stone
216 124 970 dirt
fill 216 124 971 216 124 973 stone
216 124 984 stone
216 124 985 stone
216 124 986 andesite
216 124 987 andesite
fill 216 124 988 216 124 993 stone
fill 216 124 994 216 124 996 coal_ore
fill 216 124 997 216 124 1023 stone
fill 217 124 896 217 124 951 stone
fill 217 124 952 217 124 958 granite
fill 217 124 959 217 124 965 stone
217 124 966 grass_block[snowy=false]
217 124 970 dirt
fill 217 124 971 217 124 973 stone
217 124 984 stone
fill 217 124 985 217 124 988 andesite
fill 217 124 989 217 124 994 stone
217 124 995 coal_ore
217 124 996 coal_ore
fill 217 124 997 217 124 1023 stone
fill 218 124 896 218 124 951 stone
fill 218 124 952 218 124 957 granite
218 124 958 iron_ore
218 124 959 iron_ore
218 124 960 stone
218 124 961 stone
fill 218 124 962 218 124 965 coal_ore
218 124 966 grass_block[snowy=false]
218 124 967 grass_block[snowy=false]
218 124 970 dirt
fill 218 124 971 218 124 973 stone
218 124 984 stone
fill 218 124 985 218 124 989 andesite
fill 218 124 990 218 124 1023 stone
fill 219 124 896 219 124 951 stone
fill 219 124 952 219 124 957 granite
219 124 958 iron_ore
219 124 959 iron_ore
219 124 960 granite
219 124 961 granite
fill 219 124 962 219 124 965 coal_ore
219 124 966 dirt
219 124 967 grass_block[snowy=false]
219 124 970 dirt
219 124 971 diorite
219 124 972 diorite
219 124 973 stone
219 124 983 grass_block[snowy=false]
fill 219 124 984 219 124 989 andesite
fill 219 124 990 219 124 1023 stone
fill 220 124 896 220 124 951 stone
fill 220 124 952 220 124 965 granite
220 124 966 dirt
220 124 967 dirt
220 124 968 grass_block[snowy=false]
220 124 969 grass_block[snowy=false]
220 124 970 dirt
220 124 971 diorite
220 124 972 diorite
220 124 983 dirt
fill 220 124 984 220 124 989 andesite
fill 220 124 990 220 124 1023 stone
fill 221 124 896 221 124 951 stone
fill 221 124 952 221 124 966 granite
fill 221 124 967 221 124 970 dirt
221 124 971 diorite
221 124 972 diorite
221 124 983 dirt
fill 221 124 984 221 124 990 andesite
fill 221 124 991 221 124 1023 stone
fill 222 124 896 222 124 952 stone
fill 222 124 953 222 124 966 granite
fill 222 124 967 222 124 970 dirt
222 124 971 diorite
222 124 972 diorite
222 124 983 stone
fill 222 124 984 222 124 990 andesite
fill 222 124 991 222 124 1010 stone
fill 222 124 1011 222 124 1017 granite
fill 222 124 1018 222 124 1023 stone
fill 223 124 896 223 124 953 stone
223 124 954 granite
fill 223 124 955 223 124 957 stone
fill 223 124 958 223 124 965 granite
fill 223 124 966 223 124 969 dirt
223 124 970 diorite
223 124 971 diorite
223 124 972 grass_block[snowy=false]
223 124 983 stone
fill 223 124 984 223 124 991 andesite
fill 223 124 992 223 124 1009 stone
fill 223 124 1010 223 124 1015 granite
223 124 1016 copper_ore
fill 223 124 1017 223 124 1019 granite
fill 223 124 1020 223 124 1023 stone
fill 224 124 896 224 124 958 stone
fill 224 124 959 224 124 964 gravel
224 124 965 granite
fill 224 124 966 224 124 969 dirt
224 124 970 diorite
224 124 971 diorite
224 124 982 grass_block[snowy=false]
224 124 983 stone
fill 224 124 984 224 124 991 andesite
fill 224 124 992 224 124 1009 stone
fill 224 124 1010 224 124 1021 granite
224 124 1022 stone
224 124 1023 stone
fill 225 124 896 225 124 912 stone
fill 225 124 913 225 124 958 stone
fill 225 124 959 225 124 963 gravel
225 124 964 granite
225 124 965 granite
fill 225 124 966 225 124 969 dirt
225 124 970 diorite
225 124 971 diorite
225 124 982 stone
225 124 983 stone
fill 225 124 984 225 124 991 andesite
fill 225 124 992 225 124 1010 stone
fill 225 124 1011 225 124 1022 granite
225 124 1023 stone
fill 226 124 896 226 124 923 stone
226 124 924 coal_ore
226 124 925 coal_ore
fill 226 124 926 226 124 931 stone
226 124 932 dirt
226 124 933 dirt
fill 226 124 934 226 124 956 stone
fill 226 124 957 226 124 962 gravel
226 124 963 stone
226 124 964 stone
226 124 965 granite
fill 226 124 966 226 124 969 dirt
226 124 970 diorite
226 124 971 dirt
fill 226 124 982 226 124 984 stone
fill 226 124 985 226 124 991 andesite
fill 226 124 992 226 124 1011 stone
fill 226 124 1012 226 124 1023 granite
fill 227 124 896 227 124 921 stone
fill 227 124 922 227 124 925 coal_ore
fill 227 124 926 227 124 930 stone
fill 227 124 931 227 124 933 dirt
fill 227 124 934 227 124 956 stone
fill 227 124 957 227 124 961 gravel
fill 227 124 962 227 124 965 stone
fill 227 124 966 227 124 969 dirt
227 124 970 diorite
fill 227 124 982 227 124 984 stone
fill 227 124 985 227 124 990 andesite
fill 227 124 991 227 124 1012 stone
fill 227 124 1013 227 124 1023 granite
fill 228 124 896 228 124 921 stone
fill 228 124 922 228 124 924 coal_ore
fill 228 124 925 228 124 930 stone
228 124 931 dirt
228 124 932 dirt
fill 228 124 933 228 124 957 stone
228 124 958 gravel
fill 228 124 959 228 124 965 stone
fill 228 124 966 228 124 968 dirt
228 124 969 diorite
228 124 970 diorite
fill 228 124 981 228 124 985 stone
fill 228 124 986 228 124 990 andesite
fill 228 124 991 228 124 1013 stone
fill 228 124 1014 228 124 1023 granite
fill 229 124 896 229 124 920 stone
fill 229 124 921 229 124 923 coal_ore
fill 229 124 924 229 124 929 stone
229 124 930 dirt
229 124 931 dirt
fill 229 124 932 229 124 939 stone
229 124 940 copper_ore
fill 229 124 941 229 124 950 stone
229 124 951 copper_ore
229 124 952 copper_ore
fill 229 124 953 229 124 965 stone
fill 229 124 966 229 124 968 dirt
229 124 969 diorite
229 124 970 dirt
fill 229 124 981 229 124 985 stone
fill 229 124 986 229 124 989 andesite
fill 229 124 990 229 124 1015 stone
fill 229 124 1016 229 124 1023 granite
fill 230 124 896 230 124 929 stone
230 124 930 copper_ore
230 124 931 copper_ore
fill 230 124 932 230 124 957 stone
230 124 958 copper_ore
fill 230 124 959 230 124 965 stone
fill 230 124 966 230 124 968 dirt
230 124 969 diorite
230 124 970 grass_block[snowy=false]
fill 230 124 981 230 124 986 stone
fill 230 124 987 230 124 989 andesite
fill 230 124 990 230 124 1017 stone
fill 230 124 1018 230 124 1023 granite
fill 231 124 896 231 124 929 stone
231 124 930 copper_ore
231 124 931 copper_ore
fill 231 124 932 231 124 956 stone
231 124 957 copper_ore
231 124 958 copper_ore
fill 231 124 959 231 124 964 stone
fill 231 124 965 231 124 968 grass_block[snowy=false]
231 124 969 diorite
fill 231 124 980 231 124 987 stone
231 124 988 andesite
fill 231 124 989 231 124 1022 stone
231 124 1023 coal_ore
fill 232 124 896 232 124 956 stone
232 124 957 copper_ore
232 124 958 copper_ore
fill 232 124 959 232 124 964 stone
232 124 966 short_grass
232 124 968 dirt
232 124 969 diorite
fill 232 124 980 232 124 1022 stone
232 124 1023 coal_ore
fill 233 124 896 233 124 964 stone
233 124 968 stone
233 124 969 grass_block[snowy=false]
fill 233 124 980 233 124 988 stone
fill 233 124 989 233 124 992 coal_ore
fill 233 124 993 233 124 1022 stone
233 124 1023 coal_ore
fill 234 124 896 234 124 922 stone
234 124 923 coal_ore
fill 234 124 924 234 124 955 stone
fill 234 124 956 234 124 964 stone
234 124 968 stone
fill 234 124 979 234 124 989 stone
fill 234 124 990 234 124 993 coal_ore
fill 234 124 994 234 124 1022 stone
234 124 1023 coal_ore
fill 235 124 896 235 124 921 stone
235 124 922 coal_ore
235 124 923 coal_ore
fill 235 124 924 235 124 964 stone
235 124 968 dirt
235 124 979 coal_ore
fill 235 124 980 235 124 990 stone
235 124 991 coal_ore
fill 235 124 992 235 124 995 stone
235 124 996 copper_ore
235 124 997 copper_ore
fill 235 124 998 235 124 1022 stone
235 124 1023 coal_ore
fill 236 124 896 236 124 921 stone
236 124 922 coal_ore
236 124 923 coal_ore
fill 236 124 924 236 124 943 stone
fill 236 124 944 236 124 951 granite
fill 236 124 952 236 124 964 stone
236 124 968 grass_block[snowy=false]
fill 236 124 979 236 124 995 stone
236 124 996 copper_ore
236 124 997 copper_ore
fill 236 124 998 236 124 1023 stone
fill 237 124 896 237 124 921 stone
237 124 922 coal_ore
237 124 923 coal_ore
fill 237 124 924 237 124 941 stone
fill 237 124 942 237 124 951 granite
fill 237 124 952 237 124 964 stone
237 124 978 stone
237 124 979 coal_ore
fill 237 124 980 237 124 996 stone
237 124 997 copper_ore
fill 237 124 998 237 124 1023 stone
fill 238 124 896 238 124 939 stone
fill 238 124 940 238 124 951 granite
fill 238 124 952 238 124 964 stone
238 124 978 stone
238 124 979 coal_ore
fill 238 124 980 238 124 1023 stone
fill 239 124 896 239 124 911 stone
fill 239 124 913 239 124 938 stone
fill 239 124 939 239 124 951 granite
fill 239 124 952 239 124 964 stone
fill 239 124 978 239 124 1023 stone
fill 240 124 896 240 124 911 stone
fill 240 124 917 240 124 936 stone
fill 240 124 937 240 124 950 granite
fill 240 124 951 240 124 965 stone
fill 240 124 978 240 124 1020 stone
240 124 1021 dirt
240 124 1022 stone
240 124 1023 stone
fill 241 124 896 241 124 911 stone
fill 241 124 919 241 124 935 stone
fill 241 124 936 241 124 949 granite
fill 241 124 950 241 124 965 stone
241 124 966 dirt
fill 241 124 977 241 124 1019 stone
241 124 1021 grass_block[snowy=false]
241 124 1022 dirt
241 124 1023 stone
fill 242 124 896 242 124 905 stone
fill 242 124 906 242 124 912 gravel
fill 242 124 921 242 124 935 stone
fill 242 124 936 242 124 948 granite
fill 242 124 949 242 124 965 stone
242 124 966 dirt
fill 242 124 977 242 124 1018 stone
242 124 1022 grass_block[snowy=false]
242 124 1023 stone
fill 243 124 896 243 124 903 stone
fill 243 124 904 243 124 911 gravel
243 124 921 grass_block[snowy=false]
fill 243 124 922 243 124 935 stone
fill 243 124 936 243 124 945 granite
fill 243 124 946 243 124 965 stone