851 111 128 stone
fill 851 111 129 851 111 138 granite
fill 851 111 139 851 111 142 stone
fill 851 111 148 851 111 163 stone
fill 851 111 164 851 111 168 diorite
fill 851 111 169 851 111 204 stone
fill 851 111 205 851 111 212 andesite
fill 851 111 213 851 111 252 stone
fill 851 111 253 851 111 255 andesite
852 111 128 stone
fill 852 111 129 852 111 132 granite
852 111 134 stone
852 111 135 granite
852 111 136 granite
fill 852 111 137 852 111 142 stone
fill 852 111 148 852 111 164 stone
fill 852 111 165 852 111 167 diorite
fill 852 111 168 852 111 203 stone
fill 852 111 204 852 111 212 andesite
fill 852 111 213 852 111 222 stone
fill 852 111 223 852 111 254 stone
852 111 255 andesite
fill 853 111 128 853 111 131 stone
fill 853 111 135 853 111 142 stone
853 111 147 gravel
fill 853 111 148 853 111 164 stone
fill 853 111 165 853 111 167 diorite
fill 853 111 168 853 111 180 stone
853 111 181 copper_ore
fill 853 111 182 853 111 202 stone
fill 853 111 203 853 111 211 andesite
fill 853 111 212 853 111 254 stone
853 111 255 andesite
fill 854 111 128 854 111 131 stone
fill 854 111 135 854 111 143 stone
fill 854 111 144 854 111 147 gravel
fill 854 111 148 854 111 202 stone
fill 854 111 203 854 111 211 andesite
fill 854 111 212 854 111 214 stone
fill 854 111 215 854 111 218 gravel
fill 854 111 219 854 111 230 stone
854 111 231 copper_ore
854 111 232 copper_ore
fill 854 111 233 854 111 254 stone
854 111 255 andesite
fill 855 111 128 855 111 131 stone
fill 855 111 135 855 111 142 stone
fill 855 111 143 855 111 146 gravel
fill 855 111 147 855 111 202 stone
fill 855 111 203 855 111 210 andesite
fill 855 111 211 855 111 214 stone
fill 855 111 215 855 111 220 gravel
fill 855 111 221 855 111 230 stone
855 111 231 copper_ore
855 111 232 copper_ore
fill 855 111 233 855 111 255 stone
fill 856 111 128 856 111 131 stone
fill 856 111 135 856 111 141 stone
fill 856 111 142 856 111 144 gravel
fill 856 111 145 856 111 201 stone
fill 856 111 202 856 111 209 andesite
fill 856 111 210 856 111 216 stone
fill 856 111 217 856 111 219 gravel
fill 856 111 220 856 111 231 stone
856 111 232 copper_ore
fill 856 111 233 856 111 255 stone
fill 857 111 128 857 111 132 stone
fill 857 111 135 857 111 141 stone
857 111 142 gravel
857 111 143 gravel
fill 857 111 144 857 111 164 stone
857 111 165 copper_ore
fill 857 111 166 857 111 201 stone
fill 857 111 202 857 111 208 andesite
fill 857 111 209 857 111 232 stone
857 111 233 copper_ore
fill 857 111 234 857 111 255 stone
fill 858 111 128 858 111 200 stone
fill 858 111 201 858 111 206 andesite
fill 858 111 207 858 111 232 stone
858 111 233 coal_ore
858 111 234 coal_ore
fill 858 111 235 858 111 255 stone
fill 859 111 128 859 111 169 stone
859 111 170 copper_ore
859 111 171 copper_ore
fill 859 111 172 859 111 200 stone
fill 859 111 201 859 111 204 andesite
fill 859 111 205 859 111 232 stone
fill 859 111 233 859 111 235 coal_ore
fill 859 111 236 859 111 255 stone
fill 860 111 128 860 111 162 stone
860 111 163 gravel
fill 860 111 164 860 111 168 stone
fill 860 111 169 860 111 172 copper_ore
fill 860 111 173 860 111 201 stone
860 111 202 andesite
860 111 203 andesite
fill 860 111 204 860 111 233 stone
860 111 234 coal_ore
860 111 235 coal_ore
fill 860 111 236 860 111 255 stone
861 111 128 stone
861 111 129 stone
861 111 130 iron_ore
fill 861 111 131 861 111 159 stone
fill 861 111 160 861 111 162 gravel
fill 861 111 163 861 111 170 stone
861 111 171 copper_ore
861 111 172 copper_ore
fill 861 111 173 861 111 208 stone
fill 861 111 209 861 111 255 stone
fill 862 111 128 862 111 159 stone
fill 862 111 160 862 111 162 gravel
fill 862 111 163 862 111 227 stone
862 111 228 copper_ore
fill 862 111 229 862 111 255 stone
fill 863 111 128 863 111 159 stone
fill 863 111 160 863 111 162 gravel
fill 863 111 163 863 111 218 stone
863 111 219 copper_ore
863 111 220 copper_ore
fill 863 111 221 863 111 226 stone
863 111 227 copper_ore
863 111 228 copper_ore
fill 863 111 229 863 111 255 stone
fill 864 111 128 864 111 158 stone
864 111 159 gravel
864 111 160 gravel
fill 864 111 161 864 111 218 stone
864 111 219 copper_ore
864 111 220 copper_ore
fill 864 111 221 864 111 226 stone
864 111 227 copper_ore
864 111 228 copper_ore
fill 864 111 229 864 111 255 stone
fill 865 111 128 865 111 226 stone
865 111 227 copper_ore
fill 865 111 228 865 111 255 stone
fill 866 111 128 866 111 134 stone
866 111 135 dirt
866 111 136 dirt
fill 866 111 137 866 111 179 stone
866 111 180 diorite
fill 866 111 181 866 111 220 stone
866 111 221 andesite
866 111 222 stone
866 111 223 andesite
866 111 224 andesite
fill 866 111 225 866 111 231 stone
866 111 232 copper_ore
fill 866 111 233 866 111 255 stone
fill 867 111 128 867 111 133 stone
fill 867 111 134 867 111 137 dirt
fill 867 111 138 867 111 151 stone
867 111 152 iron_ore
fill 867 111 153 867 111 171 stone
867 111 172 dirt
867 111 173 dirt
fill 867 111 174 867 111 176 stone
fill 867 111 177 867 111 183 diorite
fill 867 111 184 867 111 215 stone
fill 867 111 216 867 111 225 andesite
fill 867 111 226 867 111 255 stone
fill 868 111 128 868 111 134 stone
fill 868 111 135 868 111 137 dirt
fill 868 111 138 868 111 170 stone
fill 868 111 171 868 111 175 dirt
fill 868 111 176 868 111 183 diorite
fill 868 111 184 868 111 194 stone
868 111 195 iron_ore
fill 868 111 196 868 111 208 stone
fill 868 111 209 868 111 212 gravel
868 111 213 stone
fill 868 111 214 868 111 226 andesite
fill 868 111 227 868 111 255 stone
fill 869 111 128 869 111 134 stone
fill 869 111 135 869 111 138 dirt
fill 869 111 139 869 111 143 stone
869 111 144 diorite
869 111 145 diorite
fill 869 111 146 869 111 171 stone
fill 869 111 172 869 111 176 dirt
fill 869 111 177 869 111 183 diorite
fill 869 111 184 869 111 208 stone
fill 869 111 209 869 111 214 gravel
fill 869 111 215 869 111 226 andesite
fill 869 111 227 869 111 255 stone
fill 870 111 128 870 111 134 stone
fill 870 111 135 870 111 138 dirt
fill 870 111 139 870 111 142 stone
fill 870 111 143 870 111 147 diorite
fill 870 111 148 870 111 170 stone
870 111 171 diorite
fill 870 111 172 870 111 176 dirt
fill 870 111 177 870 111 180 diorite
fill 870 111 181 870 111 183 diorite
fill 870 111 184 870 111 194 stone
870 111 195 iron_ore
870 111 196 iron_ore
fill 870 111 197 870 111 206 stone
870 111 207 diorite
870 111 208 diorite
fill 870 111 209 870 111 215 gravel
fill 870 111 216 870 111 225 andesite
fill 870 111 226 870 111 255 stone
fill 871 111 128 871 111 135 stone
871 111 136 dirt
871 111 137 dirt
fill 871 111 138 871 111 142 stone
fill 871 111 143 871 111 148 diorite
fill 871 111 149 871 111 162 stone
fill 871 111 163 871 111 165 dirt
fill 871 111 166 871 111 169 stone
871 111 170 diorite
871 111 171 diorite
fill 871 111 172 871 111 177 dirt
fill 871 111 178 871 111 183 diorite
fill 871 111 184 871 111 205 stone
fill 871 111 206 871 111 209 diorite
fill 871 111 210 871 111 216 gravel
fill 871 111 217 871 111 224 andesite
fill 871 111 225 871 111 255 stone
fill 872 111 128 872 111 143 stone
fill 872 111 144 872 111 149 diorite
fill 872 111 150 872 111 162 stone
fill 872 111 163 872 111 165 dirt
fill 872 111 166 872 111 168 stone
fill 872 111 169 872 111 171 diorite
872 111 172 copper_ore
872 111 173 diorite
872 111 174 dirt
872 111 175 dirt
fill 872 111 176 872 111 184 water[level=0]
872 111 185 gravel
fill 872 111 186 872 111 196 stone
872 111 197 copper_ore
872 111 198 copper_ore
fill 872 111 199 872 111 204 stone
fill 872 111 205 872 111 209 diorite
872 111 210 andesite
fill 872 111 211 872 111 216 gravel
fill 872 111 217 872 111 223 andesite
fill 872 111 224 872 111 236 stone
872 111 237 copper_ore
872 111 238 copper_ore
fill 872 111 239 872 111 255 stone
fill 873 111 128 873 111 143 stone
fill 873 111 144 873 111 149 diorite
fill 873 111 150 873 111 162 stone
fill 873 111 163 873 111 166 dirt
873 111 167 stone
873 111 168 stone
fill 873 111 169 873 111 174 diorite
fill 873 111 175 873 111 185 water[level=0]
fill 873 111 186 873 111 199 stone
873 111 200 water[level=0]
fill 873 111 201 873 111 204 stone
fill 873 111 205 873 111 209 diorite
fill 873 111 210 873 111 212 andesite
fill 873 111 213 873 111 216 gravel
fill 873 111 217 873 111 220 andesite
fill 873 111 221 873 111 231 stone
873 111 232 iron_ore
fill 873 111 233 873 111 237 stone
873 111 238 copper_ore
fill 873 111 239 873 111 255 stone
fill 874 111 128 874 111 144 stone
fill 874 111 145 874 111 149 diorite
fill 874 111 150 874 111 162 stone
fill 874 111 163 874 111 166 dirt
874 111 167 stone
874 111 168 stone
fill 874 111 169 874 111 174 diorite
fill 874 111 175 874 111 186 water[level=0]
fill 874 111 187 874 111 198 stone
874 111 199 water[level=0]
874 111 200 water[level=0]
fill 874 111 201 874 111 203 stone
fill 874 111 204 874 111 209 diorite
fill 874 111 210 874 111 219 andesite
fill 874 111 220 874 111 232 stone
874 111 233 copper_ore
874 111 234 copper_ore
fill 874 111 235 874 111 250 stone
fill 874 111 251 874 111 255 granite
fill 875 111 128 875 111 145 stone
fill 875 111 146 875 111 148 diorite
fill 875 111 149 875 111 163 stone
fill 875 111 164 875 111 166 dirt
875 111 167 stone
875 111 168 stone
fill 875 111 169 875 111 174 diorite
fill 875 111 175 875 111 187 water[level=0]
fill 875 111 188 875 111 197 stone
875 111 198 gravel
875 111 199 water[level=0]
875 111 200 water[level=0]
875 111 201 gravel
875 111 202 stone
875 111 203 stone
fill 875 111 204 875 111 209 diorite
fill 875 111 210 875 111 216 stone
875 111 217 gravel
875 111 218 gravel
fill 875 111 219 875 111 232 stone
875 111 233 copper_ore
875 111 234 copper_ore
fill 875 111 235 875 111 247 stone
fill 875 111 248 875 111 255 granite
fill 876 111 128 876 111 150 stone
876 111 151 diorite
876 111 152 diorite
fill 876 111 153 876 111 164 stone
876 111 165 dirt
876 111 166 dirt
fill 876 111 167 876 111 170 stone
876 111 171 diorite
876 111 172 diorite
876 111 173 stone
876 111 174 stone
fill 876 111 175 876 111 190 water[level=0]
fill 876 111 191 876 111 196 stone
876 111 197 gravel
fill 876 111 198 876 111 201 water[level=0]
876 111 202 stone
876 111 203 stone
fill 876 111 204 876 111 209 diorite
fill 876 111 210 876 111 216 stone
fill 876 111 217 876 111 219 gravel
fill 876 111 220 876 111 226 stone
876 111 227 andesite
876 111 228 andesite
fill 876 111 229 876 111 246 stone
fill 876 111 247 876 111 255 granite
fill 877 111 128 877 111 147 stone
877 111 148 andesite
877 111 149 andesite
fill 877 111 150 877 111 153 diorite
fill 877 111 154 877 111 174 stone
fill 877 111 175 877 111 195 water[level=0]
877 111 196 gravel
fill 877 111 197 877 111 201 water[level=0]
877 111 202 gravel
877 111 203 stone
877 111 204 diorite
877 111 205 coal_ore
fill 877 111 206 877 111 208 diorite
fill 877 111 209 877 111 215 stone
fill 877 111 216 877 111 219 gravel
877 111 220 stone
fill 877 111 221 877 111 223 andesite
877 111 224 gravel
fill 877 111 225 877 111 229 andesite
fill 877 111 230 877 111 244 stone
fill 877 111 245 877 111 255 granite
fill 878 111 128 878 111 146 stone
fill 878 111 147 878 111 150 andesite
fill 878 111 151 878 111 153 diorite
fill 878 111 154 878 111 174 stone
fill 878 111 175 878 111 202 water[level=0]
878 111 203 gravel
878 111 204 gravel
878 111 205 coal_ore
878 111 206 coal_ore
878 111 207 diorite
878 111 208 diorite
fill 878 111 209 878 111 215 stone
fill 878 111 216 878 111 219 gravel
fill 878 111 220 878 111 222 andesite
878 111 223 water[level=0]
878 111 224 water[level=0]
878 111 225 gravel
fill 878 111 226 878 111 231 andesite
fill 878 111 232 878 111 245 stone
fill 878 111 246 878 111 255 granite
fill 879 111 128 879 111 146 stone
fill 879 111 147 879 111 151 andesite
879 111 152 diorite
fill 879 111 153 879 111 174 stone
fill 879 111 175 879 111 195 water[level=0]
879 111 196 gravel
fill 879 111 197 879 111 203 water[level=0]
fill 879 111 204 879 111 206 gravel
879 111 207 diorite
879 111 208 diorite
fill 879 111 209 879 111 215 stone
fill 879 111 216 879 111 219 gravel
879 111 220 andesite
879 111 221 andesite
879 111 222 gravel
fill 879 111 223 879 111 225 water[level=0]
879 111 226 gravel
fill 879 111 227 879 111 231 andesite
fill 879 111 232 879 111 247 stone
879 111 248 granite
879 111 249 granite
879 111 250 stone
fill 879 111 251 879 111 254 granite
879 111 255 stone
fill 880 111 128 880 111 146 stone
fill 880 111 147 880 111 151 andesite
fill 880 111 152 880 111 173 stone
fill 880 111 174 880 111 194 water[level=0]
fill 880 111 195 880 111 197 gravel
fill 880 111 198 880 111 205 water[level=0]
fill 880 111 206 880 111 208 gravel
fill 880 111 209 880 111 214 stone
fill 880 111 215 880 111 221 gravel
fill 880 111 222 880 111 226 water[level=0]
880 111 227 gravel
880 111 228 andesite
880 111 229 andesite
fill 880 111 230 880 111 255 stone
fill 881 111 128 881 111 146 stone
fill 881 111 147 881 111 151 andesite
fill 881 111 152 881 111 171 stone
881 111 172 gravel
fill 881 111 173 881 111 194 water[level=0]
881 111 195 gravel
881 111 196 coal_ore
881 111 197 gravel
881 111 198 gravel
fill 881 111 199 881 111 208 water[level=0]
fill 881 111 209 881 111 215 stone
fill 881 111 216 881 111 219 gravel
fill 881 111 220 881 111 228 water[level=0]
881 111 229 gravel
fill 881 111 230 881 111 255 stone
fill 882 111 128 882 111 148 stone
fill 882 111 149 882 111 151 andesite
fill 882 111 152 882 111 169 stone
fill 882 111 170 882 111 193 water[level=0]
882 111 194 gravel
fill 882 111 195 882 111 197 andesite
882 111 198 gravel
fill 882 111 199 882 111 208 water[level=0]
fill 882 111 209 882 111 215 stone
fill 882 111 216 882 111 219 gravel
fill 882 111 220 882 111 226 water[level=0]
882 111 227 tall_seagrass[half=upper]
882 111 228 water[level=0]
882 111 229 water[level=0]
fill 882 111 230 882 111 255 stone
fill 883 111 128 883 111 149 stone
fill 883 111 150 883 111 152 andesite
fill 883 111 153 883 111 168 stone
fill 883 111 169 883 111 194 water[level=0]
883 111 195 gravel
883 111 196 andesite
883 111 197 gravel
fill 883 111 198 883 111 208 water[level=0]
883 111 209 gravel
fill 883 111 210 883 111 215 stone
fill 883 111 216 883 111 219 gravel
fill 883 111 220 883 111 230 water[level=0]
883 111 231 gravel
fill 883 111 232 883 111 255 stone
fill 884 111 128 884 111 149 stone
fill 884 111 150 884 111 152 andesite
fill 884 111 153 884 111 163 stone
fill 884 111 164 884 111 195 water[level=0]
884 111 196 gravel
fill 884 111 197 884 111 209 water[level=0]
fill 884 111 210 884 111 216 stone
884 111 217 gravel
884 111 218 gravel
fill 884 111 219 884 111 234 water[level=0]
884 111 235 gravel
fill 884 111 236 884 111 255 stone
fill 885 111 128 885 111 150 stone
885 111 151 andesite
fill 885 111 152 885 111 159 stone
885 111 160 gravel
885 111 161 gravel
fill 885 111 162 885 111 210 water[level=0]
885 111 211 gravel
fill 885 111 212 885 111 216 stone
885 111 217 gravel
fill 885 111 218 885 111 236 water[level=0]
fill 885 111 237 885 111 255 stone
fill 886 111 128 886 111 136 stone
fill 886 111 137 886 111 159 stone
886 111 160 gravel
fill 886 111 161 886 111 236 water[level=0]
886 111 237 gravel
fill 886 111 238 886 111 255 stone
887 111 128 stone
887 111 129 copper_ore
fill 887 111 130 887 111 133 stone
887 111 134 iron_ore
fill 887 111 135 887 111 158 stone
887 111 159 gravel
fill 887 111 160 887 111 237 water[level=0]
fill 887 111 238 887 111 255 stone
fill 888 111 128 888 111 148 stone
fill 888 111 149 888 111 151 andesite
fill 888 111 152 888 111 157 stone
fill 888 111 158 888 111 239 water[level=0]
888 111 240 stone
888 111 241 stone
888 111 242 gravel
888 111 243 water[level=0]
888 111 244 water[level=0]
888 111 245 gravel
fill 888 111 246 888 111 255 stone
889 111 128 water[level=0]
889 111 129 water[level=0]
fill 889 111 130 889 111 147 stone
fill 889 111 148 889 111 151 andesite
889 111 152 gravel
889 111 153 gravel
fill 889 111 154 889 111 247 water[level=0]
889 111 248 gravel
889 111 249 gravel
fill 889 111 250 889 111 255 water[level=0]
890 111 128 water[level=0]
890 111 129 water[level=0]
fill 890 111 130 890 111 147 stone
fill 890 111 148 890 111 150 andesite
890 111 151 gravel
fill 890 111 152 890 111 255 water[level=0]
fill 891 111 128 891 111 130 water[level=0]
fill 891 111 131 891 111 140 stone
fill 891 111 141 891 111 147 diorite
891 111 148 andesite
891 111 149 andesite
891 111 150 gravel
fill 891 111 151 891 111 255 water[level=0]
fill 892 111 128 892 111 130 water[level=0]
fill 892 111 131 892 111 140 stone
fill 892 111 141 892 111 146 diorite
892 111 147 andesite
892 111 148 andesite
892 111 149 gravel
fill 892 111 150 892 111 197 water[level=0]
fill 892 111 198 892 111 255 water[level=0]
fill 893 111 128 893 111 131 water[level=0]
893 111 132 gravel
fill 893 111 133 893 111 141 stone
893 111 142 diorite
893 111 143 diorite
893 111 144 gravel
893 111 145 gravel
fill 893 111 146 893 111 255 water[level=0]
fill 894 111 128 894 111 132 water[level=0]
894 111 133 gravel
fill 894 111 134 894 111 138 coal_ore
fill 894 111 139 894 111 141 stone
894 111 142 diorite
894 111 143 diorite
fill 894 111 144 894 111 255 water[level=0]
fill 895 111 128 895 111 133 water[level=0]
895 111 134 stone
fill 895 111 135 895 111 139 coal_ore
895 111 140 stone
895 111 141 stone
895 111 142 dirt
895 111 143 diorite
fill 895 111 144 895 111 255 water[level=0]
fill 768 112 128 768 112 131 stone
fill 768 112 132 768 112 138 diorite
fill 768 112 139 768 112 157 stone
fill 768 112 158 768 112 163 granite
fill 768 112 164 768 112 200 stone
fill 768 112 201 768 112 203 granite
fill 768 112 204 768 112 224 stone
fill 768 112 225 768 112 231 andesite
fill 768 112 232 768 112 249 stone
fill 768 112 250 768 112 252 granite
fill 768 112 253 768 112 255 stone
fill 769 112 128 769 112 131 stone
fill 769 112 132 769 112 140 diorite
fill 769 112 141 769 112 157 stone
fill 769 112 158 769 112 162 granite
fill 769 112 163 769 112 199 stone
fill 769 112 200 769 112 207 granite
fill 769 112 208 769 112 223 stone
fill 769 112 224 769 112 231 andesite
fill 769 112 232 769 112 255 stone
770 112 128 copper_ore
fill 770 112 129 770 112 131 stone
fill 770 112 132 770 112 141 diorite
fill 770 112 142 770 112 157 stone
fill 770 112 158 770 112 161 granite
fill 770 112 162 770 112 167 stone
770 112 168 iron_ore
770 112 169 iron_ore
fill 770 112 170 770 112 199 stone
fill 770 112 200 770 112 209 granite
fill 770 112 210 770 112 221 stone
fill 770 112 222 770 112 230 andesite
fill 770 112 231 770 112 255 stone
771 112 128 copper_ore
fill 771 112 129 771 112 132 stone
fill 771 112 133 771 112 142 diorite
fill 771 112 143 771 112 167 stone
771 112 168 iron_ore
771 112 169 iron_ore
fill 771 112 170 771 112 200 stone
fill 771 112 201 771 112 210 granite
fill 771 112 211 771 112 218 stone
771 112 219 stone
771 112 220 stone
fill 771 112 221 771 112 228 andesite
fill 771 112 229 771 112 255 stone
fill 772 112 129 772 112 133 stone
fill 772 112 134 772 112 143 diorite
fill 772 112 144 772 112 152 stone
772 112 153 gravel
772 112 154 stone
fill 772 112 155 772 112 158 gravel
fill 772 112 159 772 112 201 stone
fill 772 112 202 772 112 211 granite
fill 772 112 212 772 112 220 stone
fill 772 112 221 772 112 228 andesite
fill 772 112 229 772 112 255 stone
773 112 131 stone
fill 773 112 132 773 112 137 granite
fill 773 112 138 773 112 144 diorite
fill 773 112 145 773 112 151 stone
fill 773 112 152 773 112 160 gravel
fill 773 112 161 773 112 201 stone
fill 773 112 202 773 112 211 granite
fill 773 112 212 773 112 216 stone
fill 773 112 217 773 112 220 diorite
fill 773 112 221 773 112 225 andesite
fill 773 112 226 773 112 237 stone
773 112 238 andesite
773 112 239 andesite
fill 773 112 240 773 112 255 stone
fill 774 112 132 774 112 138 granite
fill 774 112 139 774 112 144 diorite
774 112 145 granite
fill 774 112 146 774 112 151 stone
fill 774 112 152 774 112 160 gravel
fill 774 112 161 774 112 191 stone
774 112 192 coal_ore
fill 774 112 193 774 112 202 stone
fill 774 112 203 774 112 212 granite
fill 774 112 213 774 112 215 stone
fill 774 112 216 774 112 220 diorite
fill 774 112 221 774 112 224 andesite
fill 774 112 225 774 112 236 stone
fill 774 112 237 774 112 240 andesite
fill 774 112 241 774 112 255 stone
775 112 128 diorite
fill 775 112 134 775 112 139 granite
fill 775 112 140 775 112 144 diorite
fill 775 112 145 775 112 147 granite
fill 775 112 148 775 112 154 stone
fill 775 112 155 775 112 159 gravel
fill 775 112 160 775 112 190 stone
fill 775 112 191 775 112 193 coal_ore
fill 775 112 194 775 112 199 stone
775 112 200 iron_ore
fill 775 112 201 775 112 203 stone
fill 775 112 204 775 112 211 granite
fill 775 112 212 775 112 224 diorite
fill 775 112 225 775 112 236 stone