fill 834 100 251 834 100 254 gravel
834 100 255 stone
fill 835 100 128 835 100 144 stone
835 100 145 granite
fill 835 100 146 835 100 181 stone
fill 835 100 182 835 100 190 dirt
fill 835 100 191 835 100 208 stone
fill 835 100 209 835 100 211 granite
fill 835 100 212 835 100 223 stone
fill 835 100 224 835 100 235 granite
835 100 236 stone
fill 835 100 237 835 100 242 granite
835 100 243 stone
fill 835 100 244 835 100 250 diorite
fill 835 100 251 835 100 254 gravel
835 100 255 stone
fill 836 100 128 836 100 142 stone
fill 836 100 143 836 100 146 granite
fill 836 100 147 836 100 184 stone
fill 836 100 185 836 100 189 dirt
fill 836 100 190 836 100 207 stone
fill 836 100 208 836 100 212 granite
fill 836 100 213 836 100 215 andesite
fill 836 100 216 836 100 223 stone
fill 836 100 224 836 100 235 granite
836 100 236 stone
fill 836 100 237 836 100 242 granite
836 100 243 stone
fill 836 100 244 836 100 250 diorite
836 100 251 stone
fill 836 100 252 836 100 254 gravel
836 100 255 stone
fill 837 100 128 837 100 142 stone
fill 837 100 143 837 100 147 granite
fill 837 100 148 837 100 190 stone
837 100 191 iron_ore
837 100 192 iron_ore
fill 837 100 193 837 100 200 stone
837 100 201 copper_ore
837 100 202 copper_ore
fill 837 100 203 837 100 205 stone
837 100 206 coal_ore
837 100 207 coal_ore
837 100 208 granite
837 100 209 granite
fill 837 100 210 837 100 216 andesite
fill 837 100 217 837 100 224 stone
fill 837 100 225 837 100 234 granite
837 100 235 stone
837 100 236 stone
fill 837 100 237 837 100 241 granite
837 100 242 stone
837 100 243 stone
fill 837 100 244 837 100 249 diorite
fill 837 100 250 837 100 252 stone
837 100 253 gravel
837 100 254 gravel
837 100 255 stone
fill 838 100 128 838 100 142 stone
fill 838 100 143 838 100 146 granite
fill 838 100 147 838 100 149 copper_ore
fill 838 100 150 838 100 190 stone
838 100 191 iron_ore
838 100 192 iron_ore
fill 838 100 193 838 100 200 stone
838 100 201 copper_ore
838 100 202 copper_ore
fill 838 100 203 838 100 206 stone
838 100 207 coal_ore
838 100 208 granite
fill 838 100 209 838 100 216 andesite
838 100 217 stone
838 100 218 stone
fill 838 100 219 838 100 221 copper_ore
fill 838 100 222 838 100 225 stone
fill 838 100 226 838 100 231 granite
fill 838 100 232 838 100 234 granite
fill 838 100 235 838 100 237 stone
fill 838 100 238 838 100 240 granite
fill 838 100 241 838 100 243 stone
fill 838 100 244 838 100 249 diorite
fill 838 100 250 838 100 255 stone
fill 839 100 128 839 100 142 stone
fill 839 100 143 839 100 146 granite
839 100 147 copper_ore
839 100 148 copper_ore
fill 839 100 149 839 100 194 stone
fill 839 100 195 839 100 198 diorite
fill 839 100 199 839 100 205 stone
839 100 206 granite
839 100 207 granite
fill 839 100 208 839 100 215 andesite
fill 839 100 216 839 100 219 stone
fill 839 100 220 839 100 222 copper_ore
fill 839 100 223 839 100 228 stone
fill 839 100 229 839 100 234 granite
fill 839 100 235 839 100 244 stone
fill 839 100 245 839 100 248 diorite
fill 839 100 249 839 100 255 stone
840 100 128 stone
fill 840 100 132 840 100 142 stone
fill 840 100 143 840 100 147 granite
fill 840 100 148 840 100 193 stone
fill 840 100 194 840 100 198 diorite
fill 840 100 199 840 100 205 stone
fill 840 100 206 840 100 215 andesite
fill 840 100 216 840 100 230 stone
840 100 231 granite
840 100 232 granite
fill 840 100 233 840 100 255 stone
fill 841 100 133 841 100 142 stone
fill 841 100 143 841 100 148 granite
fill 841 100 149 841 100 192 stone
fill 841 100 193 841 100 199 diorite
fill 841 100 200 841 100 205 stone
fill 841 100 206 841 100 215 andesite
fill 841 100 216 841 100 236 stone
fill 841 100 237 841 100 239 andesite
fill 841 100 240 841 100 255 stone
fill 842 100 133 842 100 142 stone
fill 842 100 143 842 100 148 granite
fill 842 100 149 842 100 191 stone
fill 842 100 192 842 100 198 diorite
fill 842 100 199 842 100 204 stone
fill 842 100 205 842 100 214 andesite
fill 842 100 215 842 100 235 stone
fill 842 100 236 842 100 240 andesite
fill 842 100 241 842 100 255 stone
fill 843 100 133 843 100 138 stone
843 100 145 granite
843 100 146 granite
fill 843 100 150 843 100 191 stone
fill 843 100 192 843 100 198 diorite
fill 843 100 199 843 100 204 stone
fill 843 100 205 843 100 214 andesite
fill 843 100 215 843 100 234 stone
fill 843 100 235 843 100 240 andesite
fill 843 100 241 843 100 255 stone
844 100 128 stone
fill 844 100 132 844 100 136 stone
fill 844 100 150 844 100 190 stone
fill 844 100 191 844 100 197 diorite
844 100 198 lapis_ore
fill 844 100 199 844 100 203 stone
fill 844 100 204 844 100 213 andesite
fill 844 100 214 844 100 234 stone
fill 844 100 235 844 100 240 andesite
fill 844 100 241 844 100 255 stone
fill 845 100 128 845 100 136 stone
845 100 148 granite
fill 845 100 149 845 100 189 stone
fill 845 100 190 845 100 197 diorite
845 100 198 lapis_ore
fill 845 100 199 845 100 203 stone
fill 845 100 204 845 100 212 andesite
fill 845 100 213 845 100 233 stone
fill 845 100 234 845 100 240 andesite
fill 845 100 241 845 100 255 stone
fill 846 100 128 846 100 136 stone
846 100 140 stone
846 100 141 stone
846 100 147 granite
fill 846 100 148 846 100 189 stone
fill 846 100 190 846 100 198 diorite
fill 846 100 199 846 100 202 stone
fill 846 100 203 846 100 212 andesite
fill 846 100 213 846 100 232 stone
fill 846 100 233 846 100 239 andesite
fill 846 100 240 846 100 255 stone
fill 847 100 128 847 100 142 stone
fill 847 100 147 847 100 188 stone
fill 847 100 189 847 100 197 diorite
fill 847 100 198 847 100 202 stone
fill 847 100 203 847 100 210 andesite
847 100 211 granite
fill 847 100 212 847 100 232 stone
fill 847 100 233 847 100 239 andesite
fill 847 100 240 847 100 247 stone
fill 847 100 248 847 100 255 stone
fill 848 100 129 848 100 142 stone
fill 848 100 147 848 100 188 stone
fill 848 100 189 848 100 197 diorite
fill 848 100 198 848 100 202 stone
fill 848 100 203 848 100 208 andesite
fill 848 100 209 848 100 211 granite
fill 848 100 212 848 100 231 stone
fill 848 100 232 848 100 240 andesite
fill 848 100 241 848 100 255 stone
fill 849 100 128 849 100 188 stone
fill 849 100 189 849 100 197 diorite
fill 849 100 198 849 100 202 stone
fill 849 100 203 849 100 207 andesite
fill 849 100 208 849 100 210 granite
fill 849 100 211 849 100 231 stone
fill 849 100 232 849 100 239 andesite
fill 849 100 240 849 100 255 stone
fill 850 100 128 850 100 188 stone
fill 850 100 189 850 100 197 diorite
fill 850 100 198 850 100 203 stone
fill 850 100 204 850 100 206 andesite
fill 850 100 207 850 100 210 granite
fill 850 100 211 850 100 214 stone
850 100 215 coal_ore
fill 850 100 216 850 100 231 stone
850 100 232 andesite
850 100 233 dirt
fill 850 100 234 850 100 239 andesite
fill 850 100 240 850 100 255 stone
fill 851 100 128 851 100 187 stone
fill 851 100 188 851 100 196 diorite
fill 851 100 197 851 100 204 stone
fill 851 100 205 851 100 209 granite
fill 851 100 210 851 100 213 stone
fill 851 100 214 851 100 216 coal_ore
fill 851 100 217 851 100 231 stone
fill 851 100 232 851 100 237 dirt
851 100 238 andesite
851 100 239 andesite
fill 851 100 240 851 100 255 stone
fill 852 100 128 852 100 188 stone
fill 852 100 189 852 100 193 diorite
852 100 194 coal_ore
852 100 195 coal_ore
852 100 196 diorite
fill 852 100 197 852 100 204 stone
fill 852 100 205 852 100 208 granite
fill 852 100 209 852 100 213 stone
fill 852 100 214 852 100 216 coal_ore
fill 852 100 217 852 100 230 stone
852 100 231 andesite
fill 852 100 232 852 100 238 dirt
fill 852 100 239 852 100 242 stone
fill 852 100 243 852 100 245 granite
fill 852 100 246 852 100 255 stone
fill 853 100 129 853 100 143 stone
fill 853 100 144 853 100 146 diorite
fill 853 100 147 853 100 188 stone
fill 853 100 189 853 100 193 diorite
853 100 194 coal_ore
853 100 195 coal_ore
fill 853 100 196 853 100 205 stone
853 100 206 granite
853 100 207 granite
fill 853 100 208 853 100 213 stone
853 100 214 coal_ore
853 100 215 coal_ore
fill 853 100 216 853 100 223 stone
fill 853 100 224 853 100 226 dirt
fill 853 100 227 853 100 230 stone
fill 853 100 231 853 100 233 andesite
fill 853 100 234 853 100 239 dirt
853 100 240 stone
853 100 241 stone
fill 853 100 242 853 100 247 granite
fill 853 100 248 853 100 255 stone
fill 854 100 129 854 100 140 stone
fill 854 100 141 854 100 147 diorite
fill 854 100 148 854 100 184 stone
854 100 185 smooth_basalt
854 100 188 stone
fill 854 100 189 854 100 193 diorite
854 100 194 coal_ore
854 100 195 coal_ore
fill 854 100 196 854 100 213 stone
854 100 214 coal_ore
854 100 215 coal_ore
fill 854 100 216 854 100 223 stone
fill 854 100 224 854 100 226 dirt
fill 854 100 227 854 100 230 stone
fill 854 100 231 854 100 234 andesite
fill 854 100 235 854 100 240 dirt
fill 854 100 241 854 100 249 granite
fill 854 100 250 854 100 255 stone
fill 855 100 130 855 100 138 stone
855 100 139 copper_ore
855 100 140 copper_ore
fill 855 100 141 855 100 147 diorite
fill 855 100 148 855 100 182 stone
fill 855 100 183 855 100 185 smooth_basalt
855 100 190 granite
855 100 191 diorite
855 100 192 diorite
855 100 193 stone
855 100 194 coal_ore
855 100 195 coal_ore
fill 855 100 196 855 100 223 stone
855 100 224 dirt
855 100 225 dirt
fill 855 100 226 855 100 230 stone
fill 855 100 231 855 100 235 andesite
fill 855 100 236 855 100 240 dirt
fill 855 100 241 855 100 250 granite
fill 855 100 251 855 100 255 stone
fill 856 100 130 856 100 138 stone
856 100 139 copper_ore
856 100 140 copper_ore
fill 856 100 141 856 100 146 diorite
fill 856 100 147 856 100 181 stone
856 100 182 smooth_basalt
856 100 183 smooth_basalt
856 100 184 calcite
856 100 185 calcite
856 100 192 diorite
fill 856 100 193 856 100 222 stone
856 100 223 dirt
856 100 224 dirt
fill 856 100 225 856 100 227 stone
fill 856 100 228 856 100 230 stone
fill 856 100 231 856 100 236 andesite
fill 856 100 237 856 100 241 stone
fill 856 100 242 856 100 251 granite
fill 856 100 252 856 100 255 stone
857 100 130 granite
fill 857 100 131 857 100 137 stone
fill 857 100 138 857 100 145 diorite
fill 857 100 146 857 100 181 stone
857 100 182 smooth_basalt
857 100 183 calcite
857 100 184 amethyst_block
857 100 185 amethyst_block
fill 857 100 192 857 100 228 stone
857 100 229 copper_ore
857 100 230 stone
fill 857 100 231 857 100 235 andesite
fill 857 100 236 857 100 242 stone
fill 857 100 243 857 100 252 granite
fill 857 100 253 857 100 255 stone
858 100 130 granite
fill 858 100 131 858 100 137 stone
fill 858 100 138 858 100 144 diorite
fill 858 100 145 858 100 180 stone
858 100 181 granite
858 100 182 calcite
858 100 183 amethyst_block
858 100 184 amethyst_block
858 100 185 amethyst_cluster[facing=down,waterlogged=false]
858 100 192 smooth_basalt
fill 858 100 193 858 100 231 stone
fill 858 100 232 858 100 234 andesite
fill 858 100 235 858 100 242 stone
fill 858 100 243 858 100 253 granite
858 100 254 stone
858 100 255 stone
859 100 130 granite
fill 859 100 131 859 100 136 stone
fill 859 100 137 859 100 144 diorite
fill 859 100 145 859 100 179 stone
859 100 180 granite
859 100 181 granite
859 100 182 calcite
859 100 183 budding_amethyst
859 100 184 small_amethyst_bud[facing=south,waterlogged=false]
859 100 191 amethyst_block
859 100 192 calcite
859 100 193 diorite
fill 859 100 194 859 100 243 stone
fill 859 100 244 859 100 254 granite
859 100 255 stone
860 100 130 granite
fill 860 100 131 860 100 135 stone
fill 860 100 136 860 100 142 diorite
fill 860 100 143 860 100 178 stone
fill 860 100 179 860 100 181 granite
860 100 182 calcite
860 100 183 amethyst_block
860 100 191 amethyst_block
860 100 192 calcite
860 100 193 smooth_basalt
860 100 194 diorite
fill 860 100 195 860 100 244 stone
fill 860 100 245 860 100 255 granite
861 100 129 granite
861 100 130 granite
fill 861 100 131 861 100 136 stone
861 100 137 diorite
861 100 138 diorite
fill 861 100 139 861 100 177 stone
fill 861 100 178 861 100 181 granite
861 100 182 calcite
861 100 183 amethyst_block
861 100 191 amethyst_block
861 100 192 calcite
861 100 193 smooth_basalt
861 100 194 diorite
fill 861 100 195 861 100 197 stone
861 100 198 coal_ore
fill 861 100 199 861 100 245 stone
fill 861 100 246 861 100 255 granite
fill 862 100 128 862 100 130 granite
fill 862 100 131 862 100 177 stone
fill 862 100 178 862 100 181 granite
862 100 182 smooth_basalt
862 100 183 budding_amethyst
862 100 184 amethyst_block
862 100 191 amethyst_block
862 100 192 calcite
862 100 193 diorite
862 100 194 diorite
fill 862 100 195 862 100 197 stone
862 100 198 coal_ore
fill 862 100 199 862 100 215 stone
862 100 216 copper_ore
862 100 217 copper_ore
fill 862 100 218 862 100 246 stone
fill 862 100 247 862 100 255 granite
fill 863 100 128 863 100 130 granite
fill 863 100 131 863 100 176 stone
fill 863 100 177 863 100 181 granite
863 100 182 smooth_basalt
863 100 183 calcite
863 100 184 amethyst_block
863 100 190 amethyst_block
863 100 191 calcite
863 100 192 smooth_basalt
863 100 193 diorite
fill 863 100 194 863 100 215 stone
863 100 216 copper_ore
863 100 217 copper_ore
fill 863 100 218 863 100 247 stone
fill 863 100 248 863 100 255 granite
fill 864 100 128 864 100 130 granite
fill 864 100 131 864 100 163 stone
864 100 164 coal_ore
864 100 165 coal_ore
fill 864 100 166 864 100 176 stone
fill 864 100 177 864 100 182 granite
864 100 183 smooth_basalt
864 100 184 calcite
fill 864 100 185 864 100 189 amethyst_block
864 100 190 calcite
864 100 191 calcite
864 100 192 smooth_basalt
fill 864 100 193 864 100 240 stone
864 100 241 coal_ore
864 100 242 coal_ore
fill 864 100 243 864 100 249 stone
fill 864 100 250 864 100 255 granite
865 100 128 granite
865 100 129 granite
fill 865 100 130 865 100 163 stone
865 100 164 coal_ore
865 100 165 coal_ore
fill 865 100 166 865 100 176 stone
fill 865 100 177 865 100 182 granite
865 100 183 stone
865 100 184 smooth_basalt
865 100 185 calcite
865 100 186 calcite
865 100 187 amethyst_block
fill 865 100 188 865 100 190 calcite
865 100 191 smooth_basalt
fill 865 100 192 865 100 218 stone
fill 865 100 219 865 100 239 stone
fill 865 100 240 865 100 242 coal_ore
fill 865 100 243 865 100 251 stone
fill 865 100 252 865 100 255 granite
866 100 128 granite
866 100 129 granite
fill 866 100 130 866 100 164 stone
866 100 165 coal_ore
fill 866 100 166 866 100 184 stone
fill 866 100 185 866 100 189 smooth_basalt
fill 866 100 190 866 100 239 stone
866 100 240 coal_ore
866 100 241 coal_ore
fill 866 100 242 866 100 255 stone
867 100 128 granite
867 100 129 granite
fill 867 100 130 867 100 162 stone
867 100 163 andesite
867 100 164 andesite
867 100 165 coal_ore
fill 867 100 166 867 100 207 stone
867 100 208 copper_ore
867 100 209 copper_ore
fill 867 100 210 867 100 239 stone
867 100 240 coal_ore
867 100 241 stone
867 100 242 stone
fill 867 100 243 867 100 245 granite
fill 867 100 246 867 100 255 stone
868 100 128 granite
868 100 129 granite
fill 868 100 130 868 100 161 stone
fill 868 100 162 868 100 165 andesite
fill 868 100 166 868 100 207 stone
868 100 208 copper_ore
868 100 209 copper_ore
fill 868 100 210 868 100 237 stone
fill 868 100 238 868 100 241 coal_ore
868 100 242 stone
fill 868 100 243 868 100 247 granite
fill 868 100 248 868 100 255 stone
869 100 128 granite
fill 869 100 129 869 100 159 stone
fill 869 100 160 869 100 165 andesite
fill 869 100 166 869 100 192 stone
869 100 193 iron_ore
fill 869 100 194 869 100 208 stone
869 100 209 copper_ore
fill 869 100 210 869 100 237 stone
869 100 238 coal_ore
869 100 239 coal_ore
fill 869 100 240 869 100 243 stone
fill 869 100 244 869 100 248 granite
fill 869 100 249 869 100 255 stone
fill 870 100 128 870 100 153 stone
fill 870 100 154 870 100 156 andesite
870 100 157 stone
870 100 158 stone
fill 870 100 159 870 100 161 andesite
870 100 162 stone
870 100 163 andesite
870 100 164 andesite
fill 870 100 165 870 100 242 stone
fill 870 100 243 870 100 248 granite
fill 870 100 249 870 100 255 stone
fill 871 100 128 871 100 153 stone
fill 871 100 154 871 100 157 andesite
fill 871 100 158 871 100 178 stone
fill 871 100 179 871 100 181 granite
fill 871 100 182 871 100 243 stone
fill 871 100 244 871 100 248 granite
fill 871 100 249 871 100 255 stone
fill 872 100 128 872 100 152 stone
fill 872 100 153 872 100 157 andesite
fill 872 100 158 872 100 178 stone
fill 872 100 179 872 100 182 granite
fill 872 100 183 872 100 213 stone
fill 872 100 214 872 100 217 diorite
fill 872 100 218 872 100 243 stone
fill 872 100 244 872 100 249 granite
fill 872 100 250 872 100 255 stone
fill 873 100 128 873 100 153 stone
fill 873 100 154 873 100 158 andesite
fill 873 100 159 873 100 178 stone
fill 873 100 179 873 100 182 granite
fill 873 100 183 873 100 212 stone
fill 873 100 213 873 100 217 diorite
fill 873 100 218 873 100 245 stone
fill 873 100 246 873 100 250 granite
fill 873 100 251 873 100 255 stone
fill 874 100 128 874 100 154 stone
fill 874 100 155 874 100 159 andesite
874 100 160 diorite
fill 874 100 161 874 100 178 stone
fill 874 100 179 874 100 183 granite
874 100 184 granite
874 100 185 stone
fill 874 100 186 874 100 188 copper_ore
fill 874 100 189 874 100 210 stone
fill 874 100 211 874 100 217 diorite
fill 874 100 218 874 100 229 stone
fill 874 100 230 874 100 238 granite
fill 874 100 239 874 100 245 stone
fill 874 100 246 874 100 249 granite
fill 874 100 250 874 100 255 stone
fill 875 100 128 875 100 154 stone
fill 875 100 155 875 100 159 andesite
875 100 160 diorite
875 100 161 diorite
fill 875 100 162 875 100 179 stone
875 100 180 granite
875 100 181 granite
875 100 182 stone
875 100 183 granite
875 100 184 granite
fill 875 100 185 875 100 187 copper_ore
fill 875 100 188 875 100 209 stone
fill 875 100 210 875 100 217 diorite
fill 875 100 218 875 100 226 stone
fill 875 100 227 875 100 240 granite
fill 875 100 241 875 100 246 stone
fill 875 100 247 875 100 250 granite
fill 875 100 251 875 100 255 stone
fill 876 100 128 876 100 154 stone
876 100 155 copper_ore
fill 876 100 156 876 100 158 andesite
876 100 159 dirt
876 100 160 dirt
876 100 161 diorite
fill 876 100 162 876 100 182 stone
fill 876 100 183 876 100 187 granite
fill 876 100 188 876 100 207 stone
fill 876 100 208 876 100 216 diorite
fill 876 100 217 876 100 223 stone
fill 876 100 224 876 100 240 granite
fill 876 100 241 876 100 247 stone
876 100 248 granite
876 100 249 granite
fill 876 100 250 876 100 255 stone
fill 877 100 128 877 100 155 stone
877 100 156 andesite
877 100 157 copper_ore
fill 877 100 158 877 100 160 andesite
fill 877 100 161 877 100 183 stone
fill 877 100 184 877 100 187 granite
fill 877 100 188 877 100 206 stone
fill 877 100 207 877 100 216 diorite
fill 877 100 217 877 100 222 stone
fill 877 100 223 877 100 240 granite
fill 877 100 241 877 100 255 stone
fill 878 100 128 878 100 156 stone
fill 878 100 157 878 100 161 andesite
fill 878 100 162 878 100 183 stone
fill 878 100 184 878 100 186 granite
fill 878 100 187 878 100 205 stone
fill 878 100 206 878 100 215 diorite
fill 878 100 216 878 100 221 stone
fill 878 100 222 878 100 240 granite
fill 878 100 241 878 100 255 stone
fill 879 100 128 879 100 139 stone
879 100 140 andesite
879 100 141 andesite
fill 879 100 142 879 100 157 stone
fill 879 100 158 879 100 161 andesite
fill 879 100 162 879 100 179 stone
879 100 180 gravel
879 100 181 gravel
fill 879 100 182 879 100 205 stone
fill 879 100 206 879 100 214 diorite
fill 879 100 215 879 100 221 stone
fill 879 100 222 879 100 238 granite
fill 879 100 239 879 100 255 stone
fill 880 100 128 880 100 138 stone
fill 880 100 139 880 100 142 andesite
fill 880 100 143 880 100 157 stone
fill 880 100 158 880 100 161 andesite
fill 880 100 162 880 100 178 stone
fill 880 100 179 880 100 181 gravel
fill 880 100 182 880 100 204 stone
fill 880 100 205 880 100 213 diorite
fill 880 100 214 880 100 222 stone
fill 880 100 223 880 100 237 granite
fill 880 100 238 880 100 255 stone
fill 881 100 128 881 100 138 stone
fill 881 100 139 881 100 143 andesite
fill 881 100 144 881 100 177 stone
fill 881 100 178 881 100 181 gravel
fill 881 100 182 881 100 191 stone
881 100 192 copper_ore
881 100 193 copper_ore
fill 881 100 194 881 100 204 stone
fill 881 100 205 881 100 213 diorite
fill 881 100 214 881 100 223 stone
fill 881 100 224 881 100 233 granite
fill 881 100 234 881 100 255 stone
fill 882 100 128 882 100 138 stone
fill 882 100 139 882 100 145 andesite
fill 882 100 146 882 100 177 stone
fill 882 100 178 882 100 181 gravel
fill 882 100 182 882 100 191 stone
882 100 192 copper_ore
882 100 193 copper_ore
fill 882 100 194 882 100 203 stone
fill 882 100 204 882 100 212 diorite
fill 882 100 213 882 100 230 stone
882 100 231 iron_ore
882 100 232 iron_ore
fill 882 100 233 882 100 255 stone
fill 883 100 128 883 100 131 stone
fill 883 100 132 883 100 138 stone