823 100 358 stone
823 100 359 stone
823 100 360 stone
823 100 361 stone
823 100 362 stone
823 100 363 stone
823 100 364 stone
823 100 365 stone
823 100 366 stone
823 100 367 stone
823 100 368 stone
823 100 369 stone
823 100 378 stone
823 100 379 stone
823 100 380 stone
823 100 381 stone
823 100 382 stone
823 100 383 water[level=0]
823 100 384 stone
823 100 385 stone
823 100 386 stone
823 100 387 stone
823 100 388 stone
823 100 394 stone
823 100 395 stone
823 100 396 stone
823 100 397 stone
823 100 398 stone
823 100 399 stone
823 100 400 stone
823 100 401 stone
823 100 404 stone
823 100 405 stone
823 100 406 stone
823 100 407 stone
823 100 408 stone
823 100 409 stone
823 100 410 stone
823 100 411 stone
823 100 412 stone
823 100 413 stone
823 100 414 stone
823 100 415 stone
823 100 416 stone
823 100 417 stone
823 100 418 stone
823 100 419 stone
823 100 420 stone
823 100 421 dirt
823 100 422 dirt
823 100 423 dirt
823 100 424 andesite
823 100 425 andesite
823 100 426 andesite
823 100 427 andesite
823 100 428 andesite
823 100 429 stone
823 100 430 stone
823 100 431 stone
823 100 432 stone
823 100 433 stone
823 100 434 stone
823 100 435 stone
823 100 436 stone
823 100 437 stone
823 100 438 stone
823 100 439 stone
823 100 440 stone
823 100 441 stone
823 100 442 stone
823 100 443 stone
823 100 444 stone
823 100 445 stone
823 100 446 stone
823 100 447 stone
823 100 448 stone
823 100 449 stone
823 100 450 stone
823 100 451 stone
823 100 452 stone
823 100 453 stone
823 100 454 stone
823 100 455 stone
823 100 456 stone
823 100 457 stone
823 100 458 stone
823 100 459 stone
823 100 460 stone
823 100 461 stone
823 100 462 stone
823 100 463 water[level=0]
823 100 464 water[level=0]
823 100 465 water[level=0]
823 100 466 iron_ore
823 100 467 stone
823 100 468 stone
823 100 469 stone
823 100 470 stone
823 100 471 dirt
823 100 472 dirt
823 100 473 dirt
823 100 474 dirt
823 100 475 dirt
823 100 476 stone
823 100 477 stone
823 100 478 stone
823 100 479 stone
823 100 480 andesite
823 100 481 andesite
823 100 482 andesite
823 100 483 stone
823 100 484 stone
823 100 485 stone
823 100 486 stone
823 100 487 stone
823 100 488 stone
823 100 489 stone
823 100 490 stone
823 100 491 stone
823 100 492 stone
823 100 493 stone
823 100 494 stone
823 100 495 stone
823 100 496 stone
823 100 497 stone
823 100 498 stone
823 100 499 stone
823 100 500 stone
823 100 501 stone
823 100 502 stone
823 100 503 stone
823 100 504 stone
823 100 505 stone
823 100 506 stone
823 100 507 stone
823 100 508 stone
823 100 509 stone
823 100 510 stone
823 100 511 stone
823 100 512 stone
823 100 513 stone
823 100 514 stone
823 100 515 stone
823 100 516 stone
823 100 517 stone
823 100 518 stone
823 100 519 stone
823 100 520 stone
823 100 521 stone
823 100 522 stone
823 100 523 stone
823 100 524 stone
823 100 525 stone
823 100 526 stone
823 100 527 stone
823 100 528 stone
823 100 529 granite
823 100 530 granite
823 100 531 granite
823 100 532 granite
823 100 533 granite
823 100 534 granite
823 100 535 granite
823 100 536 granite
823 100 537 granite
823 100 538 granite
823 100 539 granite
823 100 540 granite
823 100 541 stone
823 100 542 stone
823 100 543 stone
823 100 544 stone
823 100 545 stone
823 100 546 stone
823 100 547 stone
823 100 548 stone
823 100 549 stone
823 100 550 stone
823 100 551 stone
823 100 552 stone
823 100 553 stone
823 100 554 stone
823 100 555 stone
823 100 556 stone
823 100 557 stone
823 100 558 stone
823 100 559 stone
823 100 560 stone
823 100 561 stone
823 100 562 stone
823 100 563 stone
823 100 564 stone
823 100 565 stone
823 100 566 stone
823 100 567 granite
823 100 568 andesite
823 100 569 andesite
823 100 570 andesite
823 100 571 andesite
823 100 572 andesite
823 100 573 andesite
823 100 574 andesite
823 100 575 andesite
823 100 576 andesite
823 100 577 stone
823 100 578 stone
823 100 579 stone
823 100 580 stone
823 100 581 stone
823 100 582 stone
823 100 590 stone
823 100 591 stone
823 100 592 stone
823 100 593 stone
823 100 594 stone
823 100 595 stone
823 100 596 stone
823 100 597 stone
823 100 598 stone
823 100 599 stone
823 100 600 stone
823 100 601 stone
823 100 602 stone
823 100 603 stone
823 100 604 stone
823 100 605 stone
823 100 606 stone
823 100 607 stone
823 100 608 stone
823 100 609 stone
823 100 610 stone
823 100 611 stone
823 100 612 stone
823 100 613 stone
823 100 614 stone
823 100 615 stone
823 100 616 stone
823 100 617 stone
823 100 618 stone
823 100 619 stone
823 100 620 stone
823 100 621 stone
823 100 622 stone
823 100 623 stone
823 100 624 diorite
823 100 625 diorite
823 100 626 diorite
823 100 627 stone
823 100 628 stone
823 100 629 stone
823 100 630 stone
823 100 631 stone
823 100 632 stone
823 100 633 stone
823 100 634 stone
823 100 635 stone
823 100 636 granite
823 100 637 granite
823 100 651 stone
823 100 652 stone
823 100 653 stone
823 100 654 stone
823 100 655 stone
823 100 656 stone
823 100 657 stone
823 100 658 stone
823 100 659 stone
823 100 660 stone
823 100 661 stone
823 100 662 stone
823 100 663 stone
823 100 664 stone
823 100 665 stone
823 100 666 stone
823 100 667 stone
823 100 668 stone
823 100 669 stone
823 100 670 stone
823 100 671 stone
823 100 672 stone
823 100 673 stone
823 100 674 stone
823 100 680 stone
823 100 681 stone
823 100 682 stone
823 100 683 stone
823 100 684 dirt
823 100 685 dirt
823 100 686 stone
823 100 687 stone
823 100 688 stone
823 100 689 stone
823 100 690 stone
823 100 691 stone
823 100 692 stone
823 100 693 stone
823 100 694 stone
823 100 695 stone
823 100 696 stone
823 100 697 stone
823 100 698 stone
823 100 699 andesite
823 100 700 andesite
823 100 701 andesite
823 100 702 andesite
823 100 703 andesite
823 100 704 andesite
823 100 705 andesite
823 100 706 andesite
823 100 707 stone
823 100 711 stone
823 100 712 gravel
823 100 713 gravel
823 100 714 gravel
823 100 715 gravel
823 100 716 stone
823 100 717 stone
823 100 718 stone
823 100 719 stone
823 100 720 stone
823 100 721 stone
823 100 722 stone
823 100 723 stone
823 100 724 stone
823 100 725 stone
823 100 726 stone
823 100 727 stone
823 100 728 dirt
823 100 729 dirt
823 100 730 stone
823 100 731 stone
823 100 732 stone
823 100 733 stone
823 100 734 stone
823 100 735 stone
823 100 736 stone
823 100 737 granite
823 100 738 granite
823 100 739 granite
823 100 740 granite
823 100 741 diorite
823 100 742 diorite
823 100 743 diorite
823 100 744 diorite
823 100 745 diorite
823 100 746 diorite
823 100 747 diorite
823 100 748 diorite
823 100 749 diorite
823 100 750 diorite
823 100 751 diorite
823 100 752 stone
823 100 753 stone
823 100 754 stone
823 100 755 stone
823 100 756 stone
823 100 757 stone
823 100 758 stone
823 100 759 iron_ore
823 100 760 stone
823 100 761 stone
823 100 762 stone
823 100 763 stone
823 100 764 stone
823 100 765 stone
823 100 766 andesite
823 100 767 andesite
823 100 768 andesite
823 100 769 andesite
823 100 770 andesite
823 100 771 andesite
823 100 772 andesite
823 100 773 andesite
823 100 774 andesite
823 100 775 andesite
823 100 776 andesite
823 100 777 andesite
823 100 778 andesite
823 100 779 andesite
823 100 780 andesite
823 100 781 andesite
823 100 782 andesite
823 100 783 diorite
823 100 784 diorite
823 100 785 diorite
823 100 786 diorite
823 100 787 diorite
823 100 788 diorite
823 100 789 stone
823 100 790 stone
823 100 791 stone
823 100 792 stone
823 100 793 stone
823 100 794 stone
823 100 795 stone
823 100 796 stone
823 100 797 stone
823 100 798 stone
823 100 799 stone
823 100 800 stone
823 100 801 stone
823 100 802 stone
823 100 803 stone
823 100 804 stone
823 100 805 stone
823 100 806 stone
823 100 807 stone
823 100 808 stone
823 100 809 stone
823 100 810 stone
823 100 811 stone
823 100 812 stone
823 100 813 stone
823 100 814 stone
823 100 815 andesite
823 100 816 andesite
823 100 817 andesite
823 100 818 granite
823 100 819 coal_ore
823 100 820 coal_ore
823 100 821 coal_ore
823 100 822 coal_ore
823 100 823 coal_ore
823 100 824 stone
823 100 825 stone
823 100 826 stone
823 100 827 stone
823 100 828 stone
823 100 829 stone
823 100 830 stone
823 100 831 stone
823 100 832 stone
823 100 833 stone
823 100 834 stone
823 100 835 stone
823 100 836 stone
823 100 837 stone
823 100 838 stone
823 100 839 stone
823 100 840 stone
823 100 841 stone
823 100 842 stone
823 100 843 stone
823 100 844 stone
823 100 845 stone
823 100 846 stone
823 100 847 stone
823 100 848 stone
823 100 849 stone
823 100 850 stone
823 100 851 stone
823 100 852 stone
823 100 853 stone
823 100 854 stone
823 100 855 stone
823 100 856 stone
823 100 857 stone
823 100 858 stone
823 100 859 stone
823 100 860 stone
823 100 861 stone
823 100 862 stone
823 100 863 stone
823 100 864 stone
823 100 865 stone
823 100 866 granite
823 100 867 granite
823 100 868 granite
823 100 869 stone
823 100 870 stone
823 100 871 stone
823 100 872 stone
823 100 873 andesite
823 100 874 andesite
823 100 875 stone
823 100 876 stone
823 100 877 stone
823 100 878 stone
823 100 879 stone
823 100 880 stone
823 100 881 stone
823 100 882 stone
823 100 883 stone
823 100 884 stone
823 100 885 stone
823 100 886 stone
823 100 887 stone
823 100 888 stone
823 100 889 stone
823 100 890 stone
823 100 891 stone
823 100 892 stone
823 100 893 stone
823 100 894 stone
823 100 895 stone
823 100 896 stone
823 100 897 stone
823 100 898 stone
823 100 899 stone
823 100 900 stone
823 100 901 stone
823 100 902 stone
823 100 903 stone
823 100 904 stone
823 100 905 stone
823 100 906 gravel
823 100 907 gravel
823 100 908 stone
823 100 909 stone
823 100 910 stone
823 100 911 stone
823 100 912 stone
823 100 913 stone
823 100 914 stone
823 100 915 stone
823 100 916 stone
823 100 917 stone
823 100 918 stone
823 100 919 stone
823 100 920 stone
823 100 921 stone
823 100 922 stone
823 100 923 stone
823 100 924 water[level=0]
823 100 925 stone
823 100 926 stone
823 100 927 stone
823 100 928 stone
823 100 929 stone
823 100 930 stone
823 100 931 stone
823 100 932 stone
823 100 933 stone
823 100 934 stone
823 100 935 stone
823 100 936 stone
823 100 937 stone
823 100 938 stone
823 100 939 stone
823 100 940 stone
823 100 941 stone
823 100 942 diorite
823 100 943 diorite
823 100 944 andesite
823 100 945 andesite
823 100 946 andesite
823 100 947 andesite
823 100 948 andesite
823 100 949 andesite
823 100 950 stone
823 100 951 stone
823 100 952 stone
823 100 953 coal_ore
823 100 954 stone
823 100 955 stone
823 100 956 stone
823 100 957 stone
823 100 958 stone
823 100 959 stone
823 100 960 stone
823 100 961 stone
823 100 962 stone
823 100 963 stone
823 100 964 stone
823 100 965 granite
823 100 966 granite
823 100 967 granite
823 100 968 granite
823 100 969 granite
823 100 970 granite
823 100 971 granite
823 100 972 stone
823 100 973 stone
823 100 974 stone
823 100 975 stone
823 100 976 stone
823 100 977 stone
823 100 978 stone
823 100 979 stone
823 100 980 stone
823 100 981 stone
823 100 982 stone
823 100 983 stone
823 100 984 stone
823 100 985 stone
823 100 986 stone
823 100 987 stone
823 100 997 stone
823 100 998 stone
823 100 999 stone
823 100 1000 stone
823 100 1001 stone
823 100 1002 stone
823 100 1003 stone
823 100 1004 stone
823 100 1005 stone
823 100 1006 stone
823 100 1007 stone
823 100 1008 stone
823 100 1009 stone
823 100 1010 stone
823 100 1011 stone
823 100 1012 stone
823 100 1013 stone
823 100 1014 stone
823 100 1015 stone
823 100 1016 stone
823 100 1017 stone
823 100 1018 stone
823 100 1019 stone
823 100 1020 stone
823 100 1021 stone
823 100 1022 stone
823 100 1023 stone
823 101 6 granite
823 101 7 stone
823 101 8 stone
823 101 9 stone
823 101 10 stone
823 101 11 stone
823 101 12 stone
823 101 13 stone
823 101 14 stone
823 101 22 stone
823 101 23 stone
823 101 24 stone
823 101 25 stone
823 101 26 stone
823 101 27 stone
823 101 28 stone
823 101 29 stone
823 101 30 stone
823 101 31 stone
823 101 32 stone
823 101 33 stone
823 101 34 stone
823 101 35 stone
823 101 36 stone
823 101 37 stone
823 101 38 stone
823 101 39 stone
823 101 40 stone
823 101 41 stone
823 101 42 stone
823 101 43 granite
823 101 44 granite
823 101 45 granite
823 101 46 granite
823 101 47 granite
823 101 48 stone
823 101 49 stone
823 101 50 stone
823 101 51 stone
823 101 52 stone
823 101 53 stone
823 101 54 stone
823 101 55 stone
823 101 56 stone
823 101 57 stone
823 101 58 stone
823 101 59 stone
823 101 60 stone
823 101 61 stone
823 101 62 stone
823 101 63 stone
823 101 64 stone
823 101 65 stone
823 101 66 stone
823 101 67 stone
823 101 68 stone
823 101 69 stone
823 101 70 stone
823 101 71 stone
823 101 72 stone
823 101 73 stone
823 101 74 stone
823 101 75 stone
823 101 76 stone
823 101 77 stone
823 101 78 stone
823 101 79 stone
823 101 80 stone
823 101 81 stone
823 101 82 stone
823 101 83 stone
823 101 84 stone
823 101 85 stone
823 101 86 stone
823 101 87 stone
823 101 88 stone
823 101 89 stone
823 101 90 stone
823 101 97 stone
823 101 98 stone
823 101 99 stone
823 101 100 stone
823 101 101 stone
823 101 102 stone
823 101 103 stone
823 101 107 stone
823 101 108 stone
823 101 109 andesite
823 101 110 andesite
823 101 111 andesite
823 101 112 andesite
823 101 113 andesite
823 101 114 andesite
823 101 115 andesite
823 101 116 andesite
823 101 117 andesite
823 101 118 andesite
823 101 119 andesite
823 101 120 andesite
823 101 121 andesite
823 101 122 andesite
823 101 123 andesite
823 101 124 stone
823 101 125 stone
823 101 126 stone
823 101 127 stone
823 101 128 stone
823 101 129 stone
823 101 130 stone
823 101 131 stone
823 101 132 stone
823 101 133 stone
823 101 134 stone
823 101 135 stone
823 101 136 stone
823 101 137 stone
823 101 138 stone
823 101 139 stone
823 101 140 stone
823 101 141 andesite
823 101 142 andesite
823 101 143 andesite
823 101 144 andesite
823 101 145 andesite
823 101 146 andesite
823 101 147 stone
823 101 148 dirt
823 101 149 dirt
823 101 150 stone
823 101 151 stone
823 101 152 stone
823 101 153 stone
823 101 154 stone
823 101 155 stone
823 101 156 stone
823 101 157 stone
823 101 158 stone
823 101 159 stone
823 101 160 stone
823 101 161 diorite
823 101 162 diorite
823 101 163 diorite
823 101 164 diorite
823 101 165 diorite
823 101 166 diorite
823 101 167 diorite
823 101 168 diorite
823 101 169 stone
823 101 170 stone
823 101 171 stone
823 101 172 stone
823 101 173 stone
823 101 174 stone
823 101 175 stone
823 101 176 stone
823 101 177 stone
823 101 178 stone
823 101 179 stone
823 101 180 stone
823 101 181 stone
823 101 182 stone
823 101 183 stone
823 101 184 stone
823 101 185 stone
823 101 186 stone
823 101 187 stone
823 101 188 stone
823 101 189 stone
823 101 190 diorite
823 101 191 diorite
823 101 192 diorite
823 101 193 diorite
823 101 194 diorite
823 101 195 diorite
823 101 196 diorite
823 101 197 stone
823 101 198 stone
823 101 199 stone
823 101 200 stone
823 101 201 stone
823 101 202 stone
823 101 203 stone
823 101 204 stone
823 101 205 stone
823 101 206 stone
823 101 207 stone
823 101 208 stone
823 101 209 stone
823 101 210 coal_ore
823 101 211 coal_ore
823 101 212 stone
823 101 213 stone
823 101 214 stone
823 101 215 stone
823 101 216 stone
823 101 217 stone
823 101 218 stone
823 101 219 stone
823 101 220 stone
823 101 221 stone
823 101 222 stone
823 101 223 stone
823 101 224 stone
823 101 225 stone
823 101 226 stone
823 101 227 iron_ore
823 101 228 iron_ore
823 101 229 stone
823 101 230 stone
823 101 231 stone
823 101 232 stone
823 101 233 stone
823 101 234 stone
823 101 235 stone
823 101 236 stone
823 101 237 stone
823 101 238 stone
823 101 239 stone
823 101 240 granite
823 101 241 granite
823 101 242 granite
823 101 243 granite
823 101 244 stone
823 101 245 stone
823 101 246 stone
823 101 247 diorite
823 101 248 diorite
823 101 249 diorite
823 101 250 diorite
823 101 251 diorite
823 101 252 stone
823 101 253 stone
823 101 254 stone
823 101 255 stone
823 101 256 stone
823 101 257 stone
823 101 258 stone
823 101 259 stone
823 101 260 iron_ore
823 101 261 iron_ore
823 101 262 stone
823 101 263 stone
823 101 264 stone
823 101 265 stone
823 101 266 stone
823 101 267 stone
823 101 268 stone
823 101 269 stone
823 101 270 stone
823 101 271 stone
823 101 272 stone
823 101 273 stone
823 101 274 stone
823 101 275 stone
823 101 276 stone
823 101 277 stone
823 101 278 stone
823 101 279 stone
823 101 280 granite
823 101 281 granite
823 101 282 andesite
823 101 283 andesite
823 101 284 andesite
823 101 285 andesite
823 101 286 andesite
823 101 287 andesite
823 101 288 andesite
823 101 289 andesite
823 101 290 andesite
823 101 291 andesite
823 101 292 andesite
823 101 293 andesite
823 101 294 andesite
823 101 295 stone
823 101 296 stone
823 101 297 stone
823 101 298 stone
823 101 299 stone
823 101 300 stone
823 101 301 stone
823 101 302 stone
823 101 303 stone
823 101 304 stone
823 101 305 stone
823 101 306 stone
823 101 307 stone
823 101 308 stone
823 101 309 stone
823 101 316 stone
823 101 317 stone
823 101 318 stone
823 101 319 stone
823 101 320 stone
823 101 321 stone
823 101 322 stone
823 101 323 stone
823 101 324 stone
823 101 325 stone
823 101 326 stone
823 101 327 stone
823 101 328 stone
823 101 329 stone
823 101 330 stone
823 101 331 stone
823 101 332 stone
823 101 333 stone
823 101 334 stone
823 101 335 stone
823 101 336 stone
823 101 337 stone
823 101 338 stone
823 101 339 stone
823 101 340 stone
823 101 341 stone
823 101 342 stone
823 101 343 stone
823 101 344 stone
823 101 345 stone
823 101 346 stone
823 101 347 stone
823 101 348 stone
823 101 349 stone
823 101 350 stone
823 101 351 stone
823 101 352 stone
823 101 353 stone
823 101 354 stone
823 101 355 granite
823 101 356 granite
823 101 357 granite
823 101 358 stone
823 101 359 stone
823 101 360 stone
823 101 361 stone
823 101 362 stone
823 101 363 stone
823 101 364 stone
823 101 365 dirt
823 101 366 dirt
823 101 367 stone
823 101 368 stone
823 101 378 stone
823 101 379 stone
823 101 380 stone
823 101 381 stone
823 101 382 stone
823 101 383 water[level=0]
823 101 384 water[level=0]
823 101 385 water[level=0]
823 101 386 water[level=0]
823 101 387 stone
823 101 388 stone
823 101 389 stone
823 101 390 stone
823 101 391 stone
823 101 394 stone
823 101 395 stone
823 101 396 stone
823 101 397 stone
823 101 398 stone
823 101 399 stone
823 101 400 stone
823 101 403 stone
823 101 404 stone
823 101 405 stone
823 101 406 stone
823 101 407 stone
823 101 408 stone
823 101 409 stone
823 101 410 stone
823 101 411 stone
823 101 412 stone
823 101 413 stone
823 101 414 stone
823 101 415 stone
823 101 416 stone
823 101 417 stone
823 101 418 stone
823 101 419 stone
823 101 420 stone
823 101 421 stone
823 101 422 stone
823 101 423 andesite
823 101 424 andesite
823 101 425 andesite
823 101 426 andesite
823 101 427 andesite
823 101 428 andesite
823 101 429 andesite
823 101 430 stone
823 101 431 stone
823 101 432 stone
823 101 433 stone
823 101 434 stone
823 101 435 stone
823 101 436 stone
823 101 437 stone
823 101 438 stone
823 101 439 stone
823 101 440 stone
823 101 441 stone
823 101 442 stone
823 101 443 stone
823 101 444 stone
823 101 445 stone
823 101 446 stone
823 101 447 stone
823 101 448 stone
823 101 449 stone
823 101 450 stone
823 101 451 stone
823 101 452 stone
823 101 453 stone
823 101 454 stone
823 101 455 stone
823 101 456 stone
823 101 457 stone
823 101 458 stone
823 101 459 stone
823 101 460 stone
823 101 461 stone
823 101 462 stone
823 101 463 water[level=0]
823 101 464 water[level=0]
823 101 465 water[level=0]
823 101 466 iron_ore
823 101 467 stone
823 101 468 stone
823 101 469 stone
823 101 470 stone
823 101 471 dirt
823 101 472 dirt
823 101 473 dirt
823 101 474 dirt
823 101 475 dirt
823 101 476 stone
823 101 477 stone
823 101 478 stone
823 101 479 andesite
823 101 480 andesite
823 101 481 andesite
823 101 482 andesite
823 101 483 andesite
823 101 484 andesite
823 101 485 andesite
823 101 486 stone
823 101 487 stone
823 101 488 stone
823 101 489 stone
823 101 490 stone
823 101 491 stone
823 101 492 stone
823 101 493 stone
823 101 494 stone
823 101 495 stone
823 101 496 stone
823 101 497 stone
823 101 498 stone
823 101 499 stone
823 101 500 stone
823 101 501 stone
823 101 502 stone
823 101 503 stone
823 101 504 stone
823 101 505 granite
823 101 506 granite
823 101 507 granite
823 101 508 granite
823 101 509 granite
823 101 510 stone
823 101 511 stone
823 101 512 stone
823 101 513 stone
823 101 514 stone
823 101 515 stone
823 101 516 stone
823 101 517 stone
823 101 518 stone
823 101 519 stone
823 101 520 stone
823 101 521 stone
823 101 522 stone
823 101 523 stone
823 101 524 stone
823 101 525 stone
823 101 526 stone
823 101 527 stone
823 101 528 stone
823 101 529 granite
823 101 530 granite
823 101 531 gravel
823 101 532 gravel
