824 102 824 stone
824 102 825 stone
824 102 826 stone
824 102 827 stone
824 102 828 stone
824 102 829 stone
824 102 830 stone
824 102 831 stone
824 102 832 stone
824 102 833 stone
824 102 834 stone
824 102 835 stone
824 102 836 stone
824 102 837 andesite
824 102 838 andesite
824 102 839 andesite
824 102 840 andesite
824 102 841 andesite
824 102 842 andesite
824 102 843 stone
824 102 844 stone
824 102 845 stone
824 102 846 stone
824 102 847 stone
824 102 848 stone
824 102 849 stone
824 102 850 diorite
824 102 851 diorite
824 102 852 diorite
824 102 853 diorite
824 102 857 diorite
824 102 858 stone
824 102 859 stone
824 102 860 stone
824 102 861 stone
824 102 862 stone
824 102 863 stone
824 102 864 stone
824 102 865 stone
824 102 866 stone
824 102 867 stone
824 102 868 stone
824 102 869 stone
824 102 870 stone
824 102 871 andesite
824 102 872 andesite
824 102 873 andesite
824 102 874 andesite
824 102 875 andesite
824 102 876 andesite
824 102 877 stone
824 102 878 stone
824 102 879 stone
824 102 880 stone
824 102 881 stone
824 102 882 stone
824 102 883 stone
824 102 884 stone
824 102 885 stone
824 102 886 stone
824 102 887 stone
824 102 888 stone
824 102 889 stone
824 102 890 stone
824 102 891 stone
824 102 892 stone
824 102 893 stone
824 102 894 stone
824 102 895 stone
824 102 896 stone
824 102 897 stone
824 102 898 stone
824 102 899 stone
824 102 900 stone
824 102 901 stone
824 102 902 stone
824 102 903 stone
824 102 904 stone
824 102 905 stone
824 102 906 stone
824 102 907 stone
824 102 908 stone
824 102 909 stone
824 102 910 andesite
824 102 911 andesite
824 102 912 andesite
824 102 913 andesite
824 102 914 andesite
824 102 915 andesite
824 102 916 andesite
824 102 917 stone
824 102 918 stone
824 102 919 stone
824 102 920 stone
824 102 921 water[level=0]
824 102 922 water[level=0]
824 102 923 water[level=0]
824 102 924 stone
824 102 925 stone
824 102 926 stone
824 102 927 stone
824 102 928 stone
824 102 929 stone
824 102 930 stone
824 102 931 stone
824 102 932 stone
824 102 933 stone
824 102 934 stone
824 102 935 stone
824 102 936 stone
824 102 937 stone
824 102 938 stone
824 102 939 stone
824 102 940 stone
824 102 941 diorite
824 102 942 diorite
824 102 943 diorite
824 102 944 diorite
824 102 945 diorite
824 102 946 diorite
824 102 947 diorite
824 102 948 stone
824 102 949 stone
824 102 950 stone
824 102 951 stone
824 102 952 stone
824 102 953 stone
824 102 954 stone
824 102 955 stone
824 102 956 stone
824 102 957 stone
824 102 958 stone
824 102 959 stone
824 102 960 stone
824 102 961 stone
824 102 962 stone
824 102 963 stone
824 102 964 copper_ore
824 102 965 stone
824 102 966 stone
824 102 967 granite
824 102 968 granite
824 102 969 granite
824 102 970 stone
824 102 971 stone
824 102 972 stone
824 102 973 stone
824 102 974 stone
824 102 975 stone
824 102 976 stone
824 102 977 diorite
824 102 978 diorite
824 102 979 diorite
824 102 980 diorite
824 102 981 diorite
824 102 982 diorite
824 102 983 diorite
824 102 984 stone
824 102 985 stone
824 102 986 stone
824 102 987 stone
824 102 996 stone
824 102 997 stone
824 102 998 stone
824 102 999 stone
824 102 1000 stone
824 102 1001 stone
824 102 1002 stone
824 102 1003 stone
824 102 1004 stone
824 102 1005 stone
824 102 1006 stone
824 102 1009 stone
824 102 1010 stone
824 102 1011 stone
824 102 1012 stone
824 102 1013 stone
824 102 1014 stone
824 102 1015 stone
824 102 1016 stone
824 102 1017 stone
824 102 1018 stone
824 102 1019 stone
824 102 1020 stone
824 102 1021 stone
824 102 1022 diorite
824 102 1023 diorite
824 103 4 andesite
824 103 5 granite
824 103 6 granite
824 103 7 granite
824 103 8 granite
824 103 9 stone
824 103 10 stone
824 103 11 stone
824 103 12 stone
824 103 13 stone
824 103 14 stone
824 103 15 stone
824 103 16 stone
824 103 17 stone
824 103 18 stone
824 103 19 stone
824 103 21 stone
824 103 22 stone
824 103 23 stone
824 103 24 stone
824 103 25 stone
824 103 26 stone
824 103 27 stone
824 103 28 stone
824 103 29 stone
824 103 30 stone
824 103 31 stone
824 103 32 stone
824 103 33 stone
824 103 34 stone
824 103 35 stone
824 103 36 stone
824 103 37 stone
824 103 38 stone
824 103 39 stone
824 103 40 stone
824 103 41 stone
824 103 42 stone
824 103 43 granite
824 103 44 granite
824 103 45 granite
824 103 46 stone
824 103 47 stone
824 103 48 stone
824 103 49 stone
824 103 50 stone
824 103 51 stone
824 103 52 stone
824 103 53 stone
824 103 54 stone
824 103 55 stone
824 103 56 coal_ore
824 103 57 stone
824 103 58 stone
824 103 59 stone
824 103 60 stone
824 103 61 stone
824 103 62 stone
824 103 63 stone
824 103 64 stone
824 103 65 stone
824 103 66 stone
824 103 67 stone
824 103 68 stone
824 103 69 stone
824 103 70 stone
824 103 71 stone
824 103 72 stone
824 103 73 stone
824 103 74 stone
824 103 75 stone
824 103 76 stone
824 103 77 stone
824 103 78 stone
824 103 79 stone
824 103 80 stone
824 103 81 stone
824 103 82 stone
824 103 83 stone
824 103 84 stone
824 103 85 stone
824 103 86 stone
824 103 87 stone
824 103 88 stone
824 103 89 stone
824 103 90 stone
824 103 91 stone
824 103 98 stone
824 103 99 stone
824 103 100 stone
824 103 101 stone
824 103 102 stone
824 103 103 stone
824 103 106 stone
824 103 107 stone
824 103 108 stone
824 103 109 stone
824 103 110 stone
824 103 111 stone
824 103 112 andesite
824 103 113 andesite
824 103 114 andesite
824 103 115 andesite
824 103 116 andesite
824 103 117 andesite
824 103 118 andesite
824 103 119 andesite
824 103 120 gravel
824 103 121 gravel
824 103 122 gravel
824 103 123 stone
824 103 124 stone
824 103 125 stone
824 103 126 stone
824 103 127 stone
824 103 128 stone
824 103 129 stone
824 103 130 stone
824 103 131 stone
824 103 132 stone
824 103 133 stone
824 103 134 stone
824 103 135 stone
824 103 136 stone
824 103 137 stone
824 103 138 stone
824 103 139 stone
824 103 140 stone
824 103 141 andesite
824 103 142 andesite
824 103 143 andesite
824 103 144 andesite
824 103 145 andesite
824 103 146 andesite
824 103 147 andesite
824 103 148 dirt
824 103 149 dirt
824 103 150 dirt
824 103 151 stone
824 103 152 stone
824 103 153 stone
824 103 154 stone
824 103 155 stone
824 103 156 stone
824 103 157 stone
824 103 158 stone
824 103 159 stone
824 103 160 stone
824 103 161 stone
824 103 162 stone
824 103 163 diorite
824 103 164 diorite
824 103 165 diorite
824 103 166 diorite
824 103 167 diorite
824 103 168 stone
824 103 169 stone
824 103 170 stone
824 103 171 stone
824 103 172 stone
824 103 173 stone
824 103 174 stone
824 103 175 stone
824 103 176 stone
824 103 177 stone
824 103 178 stone
824 103 179 stone
824 103 180 stone
824 103 181 stone
824 103 182 stone
824 103 183 stone
824 103 184 stone
824 103 185 stone
824 103 186 stone
824 103 187 stone
824 103 188 stone
824 103 189 diorite
824 103 190 diorite
824 103 191 diorite
824 103 192 diorite
824 103 193 diorite
824 103 194 diorite
824 103 195 diorite
824 103 196 diorite
824 103 197 diorite
824 103 198 stone
824 103 199 stone
824 103 200 stone
824 103 201 stone
824 103 202 stone
824 103 203 stone
824 103 204 stone
824 103 205 stone
824 103 206 stone
824 103 207 stone
824 103 208 stone
824 103 209 stone
824 103 210 stone
824 103 211 stone
824 103 212 stone
824 103 213 stone
824 103 214 stone
824 103 215 stone
824 103 216 stone
824 103 217 stone
824 103 218 iron_ore
824 103 219 iron_ore
824 103 220 iron_ore
824 103 221 stone
824 103 222 stone
824 103 223 stone
824 103 224 stone
824 103 225 stone
824 103 226 stone
824 103 227 stone
824 103 228 stone
824 103 229 stone
824 103 230 stone
824 103 231 stone
824 103 232 stone
824 103 233 stone
824 103 234 stone
824 103 235 stone
824 103 236 stone
824 103 237 stone
824 103 238 stone
824 103 239 stone
824 103 240 stone
824 103 241 stone
824 103 242 stone
824 103 243 stone
824 103 244 stone
824 103 245 stone
824 103 246 stone
824 103 247 diorite
824 103 248 copper_ore
824 103 249 diorite
824 103 250 diorite
824 103 251 stone
824 103 252 stone
824 103 253 stone
824 103 254 stone
824 103 255 stone
824 103 256 stone
824 103 257 stone
824 103 258 stone
824 103 259 stone
824 103 260 stone
824 103 261 stone
824 103 262 stone
824 103 263 stone
824 103 268 stone
824 103 269 stone
824 103 270 stone
824 103 271 stone
824 103 272 stone
824 103 273 stone
824 103 274 stone
824 103 275 stone
824 103 276 stone
824 103 277 stone
824 103 278 stone
824 103 279 stone
824 103 280 stone
824 103 281 stone
824 103 282 stone
824 103 283 stone
824 103 284 stone
824 103 285 stone
824 103 286 andesite
824 103 287 andesite
824 103 288 andesite
824 103 289 andesite
824 103 290 andesite
824 103 291 andesite
824 103 292 andesite
824 103 293 andesite
824 103 294 stone
824 103 300 stone
824 103 301 stone
824 103 302 stone
824 103 303 stone
824 103 304 stone
824 103 305 stone
824 103 306 stone
824 103 307 stone
824 103 308 stone
824 103 309 andesite
824 103 310 andesite
824 103 311 andesite
824 103 312 andesite
824 103 313 andesite
824 103 314 andesite
824 103 315 andesite
824 103 316 andesite
824 103 317 andesite
824 103 319 stone
824 103 320 stone
824 103 321 stone
824 103 322 stone
824 103 323 stone
824 103 324 stone
824 103 325 stone
824 103 326 stone
824 103 327 stone
824 103 328 stone
824 103 329 stone
824 103 330 stone
824 103 338 andesite
824 103 339 andesite
824 103 340 dirt
824 103 341 dirt
824 103 342 dirt
824 103 343 dirt
824 103 344 dirt
824 103 345 dirt
824 103 346 dirt
824 103 347 dirt
824 103 348 dirt
824 103 349 dirt
824 103 350 stone
824 103 351 stone
824 103 352 granite
824 103 353 granite
824 103 354 granite
824 103 355 granite
824 103 356 granite
824 103 357 granite
824 103 358 granite
824 103 359 granite
824 103 360 stone
824 103 361 stone
824 103 362 stone
824 103 363 dirt
824 103 364 dirt
824 103 365 dirt
824 103 366 dirt
824 103 367 dirt
824 103 368 stone
824 103 369 stone
824 103 374 stone
824 103 375 stone
824 103 376 stone
824 103 377 stone
824 103 378 stone
824 103 379 magma_block
824 103 380 stone
824 103 381 water[level=0]
824 103 382 water[level=0]
824 103 383 water[level=0]
824 103 384 water[level=0]
824 103 385 water[level=0]
824 103 386 water[level=0]
824 103 387 water[level=0]
824 103 388 water[level=0]
824 103 389 water[level=0]
824 103 390 water[level=0]
824 103 391 water[level=0]
824 103 392 stone
824 103 393 stone
824 103 394 stone
824 103 395 stone
824 103 396 stone
824 103 397 stone
824 103 398 stone
824 103 399 stone
824 103 400 stone
824 103 401 stone
824 103 402 stone
824 103 403 stone
824 103 404 stone
824 103 405 stone
824 103 406 stone
824 103 407 stone
824 103 408 stone
824 103 409 stone
824 103 410 stone
824 103 411 stone
824 103 412 stone
824 103 413 stone
824 103 414 stone
824 103 415 stone
824 103 416 stone
824 103 417 stone
824 103 418 diorite
824 103 419 diorite
824 103 420 diorite
824 103 421 diorite
824 103 422 diorite
824 103 423 andesite
824 103 424 andesite
824 103 425 andesite
824 103 426 andesite
824 103 427 andesite
824 103 428 andesite
824 103 429 andesite
824 103 430 andesite
824 103 431 stone
824 103 432 stone
824 103 433 stone
824 103 434 stone
824 103 435 stone
824 103 436 stone
824 103 437 stone
824 103 438 stone
824 103 439 stone
824 103 440 stone
824 103 441 stone
824 103 442 stone
824 103 443 stone
824 103 444 stone
824 103 445 stone
824 103 446 stone
824 103 447 stone
824 103 448 stone
824 103 449 stone
824 103 450 stone
824 103 451 stone
824 103 452 stone
824 103 453 stone
824 103 454 stone
824 103 455 stone
824 103 456 stone
824 103 457 stone
824 103 458 stone
824 103 459 stone
824 103 460 gravel
824 103 461 gravel
824 103 462 water[level=0]
824 103 463 water[level=0]
824 103 464 water[level=0]
824 103 465 water[level=0]
824 103 466 gravel
824 103 467 stone
824 103 468 stone
824 103 469 stone
824 103 470 stone
824 103 471 stone
824 103 472 stone
824 103 473 stone
824 103 474 stone
824 103 475 andesite
824 103 476 andesite
824 103 477 andesite
824 103 478 andesite
824 103 479 andesite
824 103 480 andesite
824 103 481 andesite
824 103 482 andesite
824 103 483 andesite
824 103 484 andesite
824 103 485 stone
824 103 486 stone
824 103 487 stone
824 103 488 stone
824 103 489 stone
824 103 490 stone
824 103 491 stone
824 103 492 stone
824 103 493 stone
824 103 494 stone
824 103 495 stone
824 103 496 stone
824 103 497 stone
824 103 498 stone
824 103 499 stone
824 103 500 stone
824 103 501 stone
824 103 502 stone
824 103 503 stone
824 103 504 granite
824 103 505 granite
824 103 506 granite
824 103 507 granite
824 103 508 granite
824 103 509 granite
824 103 510 granite
824 103 511 stone
824 103 512 stone
824 103 513 stone
824 103 514 stone
824 103 515 stone
824 103 516 stone
824 103 517 stone
824 103 518 stone
824 103 519 stone
824 103 520 stone
824 103 521 stone
824 103 522 stone
824 103 523 stone
824 103 524 stone
824 103 525 stone
824 103 526 stone
824 103 527 stone
824 103 528 diorite
824 103 529 diorite
824 103 530 diorite
824 103 531 gravel
824 103 532 gravel
824 103 533 gravel
824 103 534 gravel
824 103 535 diorite
824 103 536 diorite
824 103 537 diorite
824 103 538 diorite
824 103 539 diorite
824 103 540 diorite
824 103 541 diorite
824 103 542 diorite
824 103 543 diorite
824 103 544 diorite
824 103 545 diorite
824 103 546 diorite
824 103 547 stone
824 103 548 stone
824 103 549 stone
824 103 550 stone
824 103 551 stone
824 103 552 stone
824 103 553 stone
824 103 554 stone
824 103 555 stone
824 103 556 dirt
824 103 557 dirt
824 103 558 dirt
824 103 559 dirt
824 103 560 stone
824 103 561 stone
824 103 562 stone
824 103 563 stone
824 103 564 stone
824 103 565 stone
824 103 566 stone
824 103 567 stone
824 103 568 stone
824 103 569 stone
824 103 570 andesite
824 103 571 andesite
824 103 572 andesite
824 103 573 andesite
824 103 574 andesite
824 103 575 andesite
824 103 576 granite
824 103 577 granite
824 103 578 granite
824 103 596 stone
824 103 597 stone
824 103 598 stone
824 103 599 stone
824 103 600 stone
824 103 601 stone
824 103 602 stone
824 103 603 stone
824 103 604 stone
824 103 605 stone
824 103 606 stone
824 103 607 stone
824 103 608 stone
824 103 609 stone
824 103 610 stone
824 103 611 stone
824 103 612 stone
824 103 613 stone
824 103 614 stone
824 103 615 stone
824 103 616 stone
824 103 617 stone
824 103 618 stone
824 103 619 stone
824 103 620 stone
824 103 621 stone
824 103 622 stone
824 103 623 stone
824 103 624 stone
824 103 625 stone
824 103 626 stone
824 103 627 stone
824 103 628 stone
824 103 629 stone
824 103 630 stone
824 103 631 stone
824 103 632 stone
824 103 633 stone
824 103 634 stone
824 103 635 stone
824 103 636 stone
824 103 637 stone
824 103 638 stone
824 103 639 granite
824 103 640 granite
824 103 641 granite
824 103 642 gravel
824 103 643 gravel
824 103 660 stone
824 103 661 stone
824 103 662 stone
824 103 663 stone
824 103 664 stone
824 103 665 stone
824 103 666 stone
824 103 667 stone
824 103 668 stone
824 103 669 stone
824 103 670 stone
824 103 671 stone
824 103 672 stone
824 103 673 stone
824 103 674 stone
824 103 675 stone
824 103 676 stone
824 103 677 stone
824 103 678 stone
824 103 684 stone
824 103 685 granite
824 103 686 granite
824 103 687 granite
824 103 688 granite
824 103 689 stone
824 103 690 stone
824 103 691 stone
824 103 692 stone
824 103 693 stone
824 103 694 stone
824 103 695 stone
824 103 696 stone
824 103 697 stone
824 103 698 stone
824 103 699 stone
824 103 700 stone
824 103 701 andesite
824 103 702 andesite
824 103 703 andesite
824 103 704 stone
824 103 705 stone
824 103 706 stone
824 103 707 stone
824 103 708 stone
824 103 709 stone
824 103 710 stone
824 103 711 stone
824 103 712 stone
824 103 713 gravel
824 103 714 gravel
824 103 715 stone
824 103 716 stone
824 103 717 stone
824 103 718 stone
824 103 719 stone
824 103 720 stone
824 103 721 stone
824 103 722 stone
824 103 723 stone
824 103 724 andesite
824 103 725 andesite
824 103 726 andesite
824 103 727 andesite
824 103 728 andesite
824 103 729 andesite
824 103 730 andesite
824 103 731 andesite
824 103 732 andesite
824 103 733 stone
824 103 734 stone
824 103 735 stone
824 103 736 stone
824 103 737 gravel
824 103 738 gravel
824 103 739 gravel
824 103 740 stone
824 103 741 stone
824 103 742 stone
824 103 743 stone
824 103 744 stone
824 103 745 diorite
824 103 746 diorite
824 103 747 diorite
824 103 748 diorite
824 103 749 diorite
824 103 750 diorite
824 103 751 stone
824 103 752 stone
824 103 753 stone
824 103 754 stone
824 103 755 stone
824 103 756 stone
824 103 757 stone
824 103 758 stone
824 103 759 stone
824 103 760 stone
824 103 761 stone
824 103 762 stone
824 103 763 stone
824 103 764 stone
824 103 765 stone
824 103 766 stone
824 103 767 stone
824 103 768 stone
824 103 769 stone
824 103 770 andesite
824 103 771 andesite
824 103 772 andesite
824 103 773 andesite
824 103 774 andesite
824 103 775 andesite
824 103 776 stone
824 103 777 stone
824 103 778 stone
824 103 779 stone
824 103 780 stone
824 103 781 stone
824 103 782 diorite
824 103 783 diorite
824 103 784 diorite
824 103 785 diorite
824 103 786 diorite
824 103 787 diorite
824 103 788 diorite
824 103 789 diorite
824 103 790 diorite
824 103 791 stone
824 103 792 stone
824 103 793 coal_ore
824 103 794 stone
824 103 795 stone
824 103 796 stone
824 103 797 stone
824 103 798 stone
824 103 799 stone
824 103 800 stone
824 103 801 stone
824 103 802 stone
824 103 803 stone
824 103 804 stone
824 103 805 stone
824 103 806 stone
824 103 807 stone
824 103 808 stone
824 103 809 stone
824 103 810 stone
824 103 811 stone
824 103 812 stone
824 103 813 stone
824 103 814 stone
824 103 815 stone
824 103 816 stone
824 103 817 stone
824 103 818 stone
824 103 819 stone
824 103 820 stone
824 103 821 stone
824 103 822 stone
824 103 823 stone
824 103 824 stone
824 103 825 stone
824 103 826 stone
824 103 827 stone
824 103 828 stone
824 103 829 stone
824 103 830 stone
824 103 831 stone
824 103 832 stone
824 103 833 stone
824 103 834 stone
824 103 835 stone
824 103 836 andesite
824 103 837 andesite
824 103 838 andesite
824 103 839 andesite
824 103 840 andesite
824 103 841 andesite
824 103 842 andesite
824 103 843 stone
824 103 844 stone
824 103 845 stone
824 103 846 stone
824 103 847 stone
824 103 848 stone
824 103 849 diorite
824 103 850 diorite
824 103 858 diorite
824 103 859 stone
824 103 860 stone
824 103 861 stone
824 103 862 stone
824 103 863 stone
824 103 864 stone
824 103 865 stone
824 103 866 stone
824 103 867 stone
824 103 868 stone
824 103 869 stone
824 103 870 stone
824 103 871 andesite
824 103 872 andesite
824 103 873 andesite
824 103 874 andesite
824 103 875 andesite
824 103 876 andesite
824 103 877 stone
824 103 878 stone
824 103 879 stone
824 103 880 stone
824 103 881 stone
824 103 882 stone
824 103 883 stone
824 103 884 stone
824 103 885 stone
824 103 886 stone
824 103 887 stone
824 103 888 stone
824 103 889 stone
824 103 890 stone
824 103 891 stone
824 103 892 stone
824 103 893 stone
824 103 894 stone
824 103 895 stone
824 103 896 stone
824 103 897 stone
824 103 898 stone
824 103 899 stone
824 103 900 stone
824 103 901 stone
824 103 902 stone
824 103 903 stone
824 103 904 andesite
824 103 905 andesite
824 103 906 andesite
824 103 908 andesite
824 103 909 andesite
824 103 910 andesite
824 103 911 andesite
824 103 912 water[level=0]
824 103 913 water[level=0]
824 103 914 andesite
824 103 915 andesite
824 103 916 andesite
824 103 917 stone
824 103 918 stone
824 103 919 stone
824 103 920 water[level=0]
824 103 921 water[level=0]
824 103 922 water[level=0]
824 103 923 stone
824 103 924 stone
824 103 925 coal_ore
824 103 926 coal_ore
824 103 927 coal_ore
824 103 928 stone
824 103 929 stone
824 103 930 stone
824 103 931 stone
824 103 932 stone
824 103 933 stone
824 103 934 stone
824 103 935 stone
824 103 936 stone
824 103 937 stone
824 103 938 stone
824 103 939 stone
824 103 940 stone
824 103 941 diorite
824 103 942 diorite
824 103 943 diorite
824 103 944 diorite
824 103 945 diorite
824 103 946 diorite
824 103 947 diorite
824 103 948 stone
824 103 949 stone
824 103 950 stone
824 103 951 stone
824 103 952 stone
824 103 953 stone
824 103 954 stone
824 103 955 stone
824 103 956 stone
824 103 957 stone
824 103 958 stone
824 103 959 stone
824 103 960 stone
824 103 961 stone
824 103 962 stone
824 103 963 stone
824 103 964 copper_ore
824 103 965 copper_ore
824 103 966 stone
824 103 967 stone
824 103 968 stone
824 103 969 stone
824 103 970 stone
824 103 971 stone
824 103 972 stone
824 103 973 stone
824 103 974 stone
824 103 975 stone
824 103 976 stone
824 103 977 stone
824 103 978 diorite
824 103 979 diorite
824 103 980 diorite
824 103 981 diorite
824 103 982 diorite
824 103 983 diorite
824 103 984 stone
824 103 985 stone
824 103 986 stone
