777 131 305 stone
777 131 306 stone
777 131 307 stone
777 131 308 stone
777 131 309 stone
777 131 310 stone
777 131 311 stone
777 131 312 stone
777 131 313 stone
777 131 314 stone
777 131 315 stone
777 131 316 stone
777 131 317 stone
777 131 318 stone
777 131 319 stone
777 131 320 stone
777 131 321 stone
777 131 322 stone
777 131 323 stone
777 131 324 stone
777 131 325 stone
777 131 326 stone
777 131 327 stone
777 131 328 stone
777 131 329 stone
777 131 330 stone
777 131 331 stone
777 131 332 stone
777 131 333 stone
777 131 334 stone
777 131 335 stone
777 131 336 stone
777 131 337 stone
777 131 338 stone
777 131 339 stone
777 131 340 stone
777 131 341 stone
777 131 342 stone
777 131 343 stone
777 131 344 stone
777 131 345 stone
777 131 346 stone
777 131 347 stone
777 131 348 stone
777 131 349 stone
777 131 350 stone
777 131 351 stone
777 131 352 stone
777 131 353 stone
777 131 354 stone
777 131 359 stone
777 131 360 stone
777 131 361 stone
777 131 362 stone
777 131 363 stone
777 131 364 stone
777 131 365 stone
777 131 366 stone
777 131 367 stone
777 131 368 stone
777 131 369 stone
777 131 370 stone
777 131 371 stone
777 131 372 stone
777 131 373 stone
777 131 374 stone
777 131 375 stone
777 131 376 stone
777 131 377 stone
777 131 378 stone
777 131 379 stone
777 131 380 stone
777 131 381 stone
777 131 382 stone
777 131 383 stone
777 131 384 stone
777 131 385 stone
777 131 386 stone
777 131 387 stone
777 131 388 stone
777 131 389 stone
777 131 390 andesite
777 131 391 andesite
777 131 392 andesite
777 131 393 andesite
777 131 394 andesite
777 131 395 coal_ore
777 131 396 stone
777 131 397 stone
777 131 398 stone
777 131 399 stone
777 131 400 stone
777 131 401 stone
777 131 402 stone
777 131 403 stone
777 131 404 stone
777 131 405 stone
777 131 406 stone
777 131 407 stone
777 131 408 stone
777 131 409 stone
777 131 410 stone
777 131 411 stone
777 131 412 stone
777 131 413 stone
777 131 414 stone
777 131 415 stone
777 131 416 stone
777 131 417 stone
777 131 418 stone
777 131 419 stone
777 131 420 stone
777 131 421 stone
777 131 422 stone
777 131 423 stone
777 131 424 stone
777 131 425 stone
777 131 426 stone
777 131 427 stone
777 131 428 stone
777 131 429 stone
777 131 430 stone
777 131 431 stone
777 131 432 stone
777 131 433 stone
777 131 434 stone
777 131 435 stone
777 131 436 stone
777 131 437 stone
777 131 438 stone
777 131 439 stone
777 131 440 stone
777 131 441 stone
777 131 442 stone
777 131 443 stone
777 131 444 stone
777 131 445 stone
777 131 446 stone
777 131 447 stone
777 131 448 stone
777 131 449 stone
777 131 450 stone
777 131 451 stone
777 131 452 stone
777 131 453 stone
777 131 454 stone
777 131 455 stone
777 131 456 stone
777 131 457 stone
777 131 458 stone
777 131 459 stone
777 131 460 stone
777 131 467 stone
777 131 468 granite
777 131 469 granite
777 131 470 granite
777 131 471 granite
777 131 472 granite
777 131 473 granite
777 131 474 stone
777 131 475 stone
777 131 476 stone
777 131 477 stone
777 131 478 stone
777 131 479 stone
777 131 480 stone
777 131 481 stone
777 131 482 dirt
777 131 483 dirt
777 131 484 dirt
777 131 485 grass_block[snowy=false]
777 131 508 dirt
777 131 509 dirt
777 131 510 dirt
777 131 511 dirt
777 131 512 dirt
777 131 513 dirt
777 131 514 dirt
777 131 515 stone
777 131 516 stone
777 131 517 stone
777 131 518 stone
777 131 519 stone
777 131 520 stone
777 131 521 stone
777 131 522 stone
777 131 523 stone
777 131 524 stone
777 131 525 stone
777 131 526 stone
777 131 527 stone
777 131 528 stone
777 131 529 stone
777 131 530 stone
777 131 531 dirt
777 131 532 dirt
777 131 533 dirt
777 131 534 dirt
777 131 535 dirt
777 131 536 dirt
777 131 537 dirt
777 131 538 stone
777 131 539 stone
777 131 540 stone
777 131 541 dirt
777 131 542 dirt
777 131 543 dirt
777 131 544 dirt
777 131 545 dirt
777 131 546 copper_ore
777 131 547 copper_ore
777 131 548 stone
777 131 549 stone
777 131 550 dirt
777 131 551 dirt
777 131 552 stone
777 131 553 stone
777 131 554 dirt
777 131 555 stone
777 131 556 stone
777 131 557 stone
777 131 558 stone
777 131 559 stone
777 131 560 stone
777 131 561 stone
777 131 562 stone
777 131 563 stone
777 131 564 stone
777 131 565 stone
777 131 566 stone
777 131 567 stone
777 131 568 stone
777 131 569 stone
777 131 570 stone
777 131 571 stone
777 131 572 stone
777 131 573 stone
777 131 574 stone
777 131 575 stone
777 131 576 stone
777 131 577 stone
777 131 578 stone
777 131 579 stone
777 131 580 stone
777 131 581 stone
777 131 582 stone
777 131 583 stone
777 131 584 stone
777 131 585 stone
777 131 586 stone
777 131 587 stone
777 131 588 stone
777 131 589 stone
777 131 590 stone
777 131 591 stone
777 131 592 stone
777 131 593 stone
777 131 594 stone
777 131 595 stone
777 131 596 stone
777 131 597 stone
777 131 598 stone
777 131 599 stone
777 131 600 stone
777 131 601 stone
777 131 602 stone
777 131 603 stone
777 131 604 stone
777 131 605 stone
777 131 606 stone
777 131 607 coal_ore
777 131 608 coal_ore
777 131 609 coal_ore
777 131 610 stone
777 131 611 stone
777 131 612 stone
777 131 613 stone
777 131 614 stone
777 131 615 stone
777 131 616 stone
777 131 617 stone
777 131 618 stone
777 131 619 stone
777 131 620 stone
777 131 621 stone
777 131 622 stone
777 131 623 stone
777 131 624 stone
777 131 625 stone
777 131 626 stone
777 131 627 stone
777 131 628 stone
777 131 629 stone
777 131 630 stone
777 131 631 stone
777 131 632 stone
777 131 633 stone
777 131 634 stone
777 131 635 stone
777 131 636 stone
777 131 637 stone
777 131 638 stone
777 131 639 stone
777 131 640 stone
777 131 641 stone
777 131 642 stone
777 131 643 stone
777 131 644 stone
777 131 645 stone
777 131 646 stone
777 131 647 stone
777 131 648 stone
777 131 649 stone
777 131 650 dirt
777 131 651 dirt
777 131 652 dirt
777 131 653 dirt
777 131 654 stone
777 131 655 stone
777 131 656 stone
777 131 657 stone
777 131 658 stone
777 131 659 stone
777 131 660 stone
777 131 661 stone
777 131 662 stone
777 131 663 stone
777 131 664 stone
777 131 665 stone
777 131 666 stone
777 131 667 stone
777 131 668 stone
777 131 669 stone
777 131 670 stone
777 131 671 stone
777 131 672 stone
777 131 673 stone
777 131 674 stone
777 131 675 stone
777 131 676 stone
777 131 677 stone
777 131 678 stone
777 131 679 stone
777 131 680 stone
777 131 681 stone
777 131 682 stone
777 131 683 stone
777 131 684 stone
777 131 685 stone
777 131 686 stone
777 131 687 stone
777 131 688 stone
777 131 689 stone
777 131 690 stone
777 131 691 stone
777 131 692 stone
777 131 693 stone
777 131 694 stone
777 131 695 stone
777 131 696 stone
777 131 697 stone
777 131 698 stone
777 131 699 stone
777 131 700 stone
777 131 701 stone
777 131 702 stone
777 131 703 stone
777 131 704 stone
777 131 705 stone
777 131 706 stone
777 131 707 stone
777 131 708 stone
777 131 709 stone
777 131 710 stone
777 131 711 stone
777 131 712 stone
777 131 713 stone
777 131 714 stone
777 131 715 stone
777 131 716 stone
777 131 717 stone
777 131 718 stone
777 131 719 stone
777 131 720 stone
777 131 721 stone
777 131 722 stone
777 131 723 stone
777 131 724 stone
777 131 725 stone
777 131 726 stone
777 131 727 stone
777 131 728 stone
777 131 729 stone
777 131 730 stone
777 131 731 stone
777 131 732 stone
777 131 733 stone
777 131 734 stone
777 131 735 stone
777 131 736 stone
777 131 737 stone
777 131 738 stone
777 131 739 stone
777 131 740 stone
777 131 741 stone
777 131 742 stone
777 131 743 stone
777 131 744 stone
777 131 745 stone
777 131 746 stone
777 131 747 stone
777 131 748 stone
777 131 751 stone
777 131 752 stone
777 131 753 stone
777 131 754 stone
777 131 755 stone
777 131 756 stone
777 131 757 stone
777 131 758 stone
777 131 759 stone
777 131 760 stone
777 131 761 stone
777 131 762 stone
777 131 763 stone
777 131 764 stone
777 131 765 stone
777 131 766 stone
777 131 767 stone
777 131 768 stone
777 131 769 stone
777 131 770 stone
777 131 771 stone
777 131 772 stone
777 131 773 stone
777 131 774 stone
777 131 775 stone
777 131 776 stone
777 131 777 stone
777 131 778 stone
777 131 779 stone
777 131 780 stone
777 131 781 stone
777 131 782 stone
777 131 783 stone
777 131 784 stone
777 131 785 stone
777 131 786 stone
777 131 787 stone
777 131 788 stone
777 131 789 stone
777 131 790 stone
777 131 791 stone
777 131 792 stone
777 131 793 stone
777 131 794 stone
777 131 795 stone
777 131 796 stone
777 131 797 stone
777 131 798 stone
777 131 799 stone
777 131 800 stone
777 131 801 stone
777 131 802 stone
777 131 803 stone
777 131 804 stone
777 131 805 stone
777 131 806 stone
777 131 807 stone
777 131 808 stone
777 131 809 stone
777 131 810 stone
777 131 811 stone
777 131 812 stone
777 131 813 stone
777 131 814 stone
777 131 815 stone
777 131 816 stone
777 131 817 stone
777 131 818 stone
777 131 819 stone
777 131 820 stone
777 131 821 stone
777 131 822 stone
777 131 823 stone
777 131 824 stone
777 131 825 stone
777 131 826 stone
777 131 827 stone
777 131 828 stone
777 131 829 stone
777 131 830 stone
777 131 831 stone
777 131 832 stone
777 131 833 stone
777 131 834 stone
777 131 835 stone
777 131 836 stone
777 131 837 stone
777 131 838 stone
777 131 839 stone
777 131 840 stone
777 131 841 stone
777 131 842 stone
777 131 843 stone
777 131 844 stone
777 131 845 stone
777 131 846 stone
777 131 847 stone
777 131 848 stone
777 131 849 stone
777 131 850 stone
777 131 851 stone
777 131 852 stone
777 131 853 stone
777 131 854 stone
777 131 855 stone
777 131 856 stone
777 131 857 stone
777 131 858 stone
777 131 859 stone
777 131 860 stone
777 131 861 stone
777 131 862 stone
777 131 863 stone
777 131 864 stone
777 131 865 stone
777 131 866 stone
777 131 867 stone
777 131 868 stone
777 131 869 stone
777 131 870 stone
777 131 871 stone
777 131 872 stone
777 131 873 stone
777 131 874 stone
777 131 875 stone
777 131 876 stone
777 131 877 stone
777 131 878 stone
777 131 879 stone
777 131 880 stone
777 131 881 stone
777 131 882 stone
777 131 883 stone
777 131 884 stone
777 131 885 stone
777 131 886 stone
777 131 887 stone
777 131 888 stone
777 131 889 stone
777 131 890 stone
777 131 891 stone
777 131 892 stone
777 131 893 stone
777 131 894 stone
777 131 895 stone
777 131 896 stone
777 131 897 stone
777 131 898 stone
777 131 899 stone
777 131 900 stone
777 131 901 stone
777 131 902 stone
777 131 903 stone
777 131 904 stone
777 131 905 stone
777 131 906 stone
777 131 907 stone
777 131 908 stone
777 131 909 stone
777 131 910 stone
777 131 911 stone
777 131 912 stone
777 131 913 stone
777 131 914 stone
777 131 915 stone
777 131 916 stone
777 131 917 stone
777 131 918 stone
777 131 919 stone
777 131 920 stone
777 131 921 stone
777 131 922 stone
777 131 923 stone
777 131 924 stone
777 131 925 stone
777 131 926 stone
777 131 927 stone
777 131 928 stone
777 131 929 stone
777 131 930 stone
777 131 931 stone
777 131 932 stone
777 131 933 stone
777 131 934 stone
777 131 935 stone
777 131 936 stone
777 131 980 stone
777 131 981 stone
777 131 982 stone
777 131 983 stone
777 131 984 stone
777 131 985 stone
777 131 986 stone
777 131 987 stone
777 131 988 stone
777 131 989 stone
777 131 990 stone
777 131 991 stone
777 131 992 stone
777 131 993 stone
777 131 994 stone
777 131 995 stone
777 131 996 stone
777 131 997 stone
777 131 998 stone
777 132 1 grass_block[snowy=false]
777 132 2 dirt
777 132 3 stone
777 132 4 dirt
777 132 5 stone
777 132 6 stone
777 132 7 stone
777 132 8 stone
777 132 9 stone
777 132 10 stone
777 132 11 stone
777 132 12 stone
777 132 13 stone
777 132 14 stone
777 132 15 stone
777 132 16 stone
777 132 17 stone
777 132 18 stone
777 132 19 stone
777 132 20 stone
777 132 21 stone
777 132 22 stone
777 132 23 stone
777 132 24 stone
777 132 25 copper_ore
777 132 26 copper_ore
777 132 27 stone
777 132 28 stone
777 132 29 stone
777 132 30 stone
777 132 31 stone
777 132 32 stone
777 132 33 stone
777 132 34 stone
777 132 35 stone
777 132 36 stone
777 132 37 stone
777 132 38 stone
777 132 39 stone
777 132 40 stone
777 132 41 stone
777 132 42 stone
777 132 43 stone
777 132 44 stone
777 132 45 stone
777 132 46 stone
777 132 47 stone
777 132 48 stone
777 132 49 stone
777 132 50 stone
777 132 51 stone
777 132 52 stone
777 132 53 stone
777 132 54 stone
777 132 55 stone
777 132 56 stone
777 132 57 dirt
777 132 58 dirt
777 132 59 stone
777 132 60 stone
777 132 61 stone
777 132 62 stone
777 132 63 stone
777 132 64 stone
777 132 65 stone
777 132 66 stone
777 132 67 stone
777 132 68 iron_ore
777 132 69 stone
777 132 70 stone
777 132 71 stone
777 132 72 stone
777 132 73 stone
777 132 74 stone
777 132 75 stone
777 132 76 stone
777 132 77 stone
777 132 78 stone
777 132 79 stone
777 132 80 stone
777 132 81 stone
777 132 82 stone
777 132 83 stone
777 132 84 coal_ore
777 132 85 coal_ore
777 132 86 stone
777 132 87 stone
777 132 88 stone
777 132 89 stone
777 132 90 stone
777 132 91 stone
777 132 92 stone
777 132 93 stone
777 132 94 stone
777 132 95 stone
777 132 96 stone
777 132 97 stone
777 132 98 stone
777 132 99 dirt
777 132 100 stone
777 132 107 stone
777 132 108 stone
777 132 109 stone
777 132 110 stone
777 132 111 stone
777 132 112 andesite
777 132 113 andesite
777 132 114 stone
777 132 115 stone
777 132 116 dirt
777 132 117 stone
777 132 118 dirt
777 132 119 dirt
777 132 120 dirt
777 132 121 dirt
777 132 122 dirt
777 132 123 dirt
777 132 124 dirt
777 132 125 dirt
777 132 126 dirt
777 132 127 dirt
777 132 128 dirt
777 132 129 dirt
777 132 130 dirt
777 132 131 dirt
777 132 132 dirt
777 132 133 dirt
777 132 134 dirt
777 132 135 dirt
777 132 136 dirt
777 132 137 dirt
777 132 138 dirt
777 132 139 dirt
777 132 140 dirt
777 132 141 dirt
777 132 142 dirt
777 132 143 dirt
777 132 144 dirt
777 132 145 dirt
777 132 146 dirt
777 132 147 stone
777 132 148 dirt
777 132 149 dirt
777 132 150 dirt
777 132 151 dirt
777 132 152 dirt
777 132 153 dirt
777 132 154 stone
777 132 155 dirt
777 132 156 dirt
777 132 157 dirt
777 132 158 stone
777 132 159 stone
777 132 160 dirt
777 132 161 coal_ore
777 132 162 dirt
777 132 163 coal_ore
777 132 164 coal_ore
777 132 165 stone
777 132 166 stone
777 132 167 stone
777 132 168 stone
777 132 169 stone
777 132 170 stone
777 132 171 stone
777 132 172 stone
777 132 173 stone
777 132 174 stone
777 132 175 stone
777 132 176 stone
777 132 177 stone
777 132 178 stone
777 132 179 stone
777 132 187 stone
777 132 188 stone
777 132 189 stone
777 132 190 stone
777 132 191 stone
777 132 192 stone
777 132 193 stone
777 132 194 stone
777 132 195 stone
777 132 196 stone
777 132 197 stone
777 132 198 stone
777 132 199 stone
777 132 200 stone
777 132 201 stone
777 132 202 stone
777 132 203 stone
777 132 204 stone
777 132 205 stone
777 132 206 stone
777 132 207 stone
777 132 208 stone
777 132 209 stone
777 132 210 stone
777 132 211 stone
777 132 212 stone
777 132 213 stone
777 132 214 stone
777 132 215 stone
777 132 216 stone
777 132 217 stone
777 132 218 stone
777 132 219 stone
777 132 220 stone
777 132 221 stone
777 132 222 stone
777 132 223 stone
777 132 224 stone
777 132 225 stone
777 132 226 stone
777 132 227 coal_ore
777 132 228 coal_ore
777 132 229 stone
777 132 230 stone
777 132 231 stone
777 132 232 stone
777 132 233 stone
777 132 234 stone
777 132 235 stone
777 132 236 stone
777 132 237 stone
777 132 238 stone
777 132 239 stone
777 132 240 stone
777 132 241 stone
777 132 242 stone
777 132 243 stone
777 132 244 stone
777 132 245 stone
777 132 246 stone
777 132 247 stone
777 132 248 gravel
777 132 249 stone
777 132 250 stone
777 132 251 stone
777 132 252 stone
777 132 253 stone
777 132 254 stone
777 132 255 stone
777 132 256 stone
777 132 257 stone
777 132 258 stone
777 132 259 stone
777 132 260 gravel
777 132 261 gravel
777 132 262 gravel
777 132 263 gravel
777 132 264 gravel
777 132 265 stone
777 132 266 stone
777 132 267 stone
777 132 268 stone
777 132 269 stone
777 132 270 stone
777 132 271 stone
777 132 272 stone
777 132 273 stone
777 132 274 stone
777 132 275 stone
777 132 276 stone
777 132 277 stone
777 132 278 stone
777 132 279 stone
777 132 280 stone
777 132 281 stone
777 132 282 stone
777 132 283 stone
777 132 284 stone
777 132 285 stone
777 132 286 stone
777 132 287 stone
777 132 288 stone
777 132 289 stone
777 132 290 stone
777 132 291 stone
777 132 292 stone
777 132 293 stone
777 132 294 stone
777 132 295 stone
777 132 296 stone
777 132 297 stone
777 132 298 stone
777 132 299 stone
777 132 300 stone
777 132 301 stone
777 132 302 stone
777 132 303 stone
777 132 304 stone
777 132 305 stone
777 132 306 stone
777 132 307 stone
777 132 308 stone
777 132 309 stone
777 132 310 stone
777 132 311 stone
777 132 312 stone
777 132 313 stone
777 132 314 stone
777 132 315 stone
777 132 316 stone
777 132 317 stone
777 132 318 stone
777 132 319 stone
777 132 320 stone
777 132 321 stone
777 132 322 stone
777 132 323 stone
777 132 324 stone
777 132 325 stone
777 132 326 stone
777 132 327 stone
777 132 328 stone
777 132 329 stone
777 132 330 stone
777 132 331 stone
777 132 332 stone
777 132 333 stone
777 132 334 stone
777 132 335 stone
777 132 336 stone
777 132 337 stone
777 132 338 stone
777 132 339 stone
777 132 340 stone
777 132 341 stone
777 132 342 stone
777 132 343 stone
777 132 344 stone
777 132 345 stone
777 132 346 stone
777 132 347 stone
777 132 348 stone
777 132 349 stone
777 132 350 stone
777 132 351 stone
777 132 352 stone
777 132 353 stone
777 132 359 stone
777 132 360 stone
777 132 361 stone
777 132 362 stone
777 132 363 stone
777 132 364 stone
777 132 365 stone
777 132 366 stone
777 132 367 stone
777 132 368 stone
777 132 369 stone
777 132 370 stone
777 132 371 stone
777 132 372 stone
777 132 373 stone
777 132 374 stone
777 132 375 stone
777 132 376 stone
777 132 377 stone
777 132 378 stone
777 132 379 stone
777 132 380 stone
777 132 381 stone
777 132 382 stone
777 132 383 stone
777 132 384 stone
777 132 385 stone
777 132 386 stone
777 132 387 stone
777 132 388 stone
777 132 389 stone
777 132 390 andesite
777 132 391 andesite
777 132 392 andesite
777 132 393 andesite
777 132 394 stone
777 132 395 coal_ore
777 132 396 stone
777 132 397 stone
777 132 398 stone
777 132 399 stone
777 132 400 stone
777 132 401 stone
777 132 402 stone
777 132 403 stone
777 132 404 stone
777 132 405 stone
777 132 406 stone
777 132 407 stone
777 132 408 stone
777 132 409 stone
777 132 410 stone
777 132 411 stone
777 132 412 stone
777 132 413 stone
777 132 414 stone
777 132 415 stone
777 132 416 stone
777 132 417 stone
777 132 418 stone
777 132 419 stone
777 132 420 stone
777 132 421 stone
777 132 422 stone
777 132 423 stone
777 132 424 stone
777 132 425 stone
777 132 426 stone
777 132 427 stone
777 132 428 stone
777 132 429 stone
777 132 430 stone
777 132 431 stone
777 132 432 stone
777 132 433 stone
777 132 434 stone
777 132 435 stone
777 132 436 stone
777 132 437 stone
777 132 438 stone
777 132 439 stone
777 132 440 stone
777 132 441 stone
777 132 442 stone
777 132 443 stone
777 132 444 stone
777 132 445 stone
777 132 446 stone
777 132 447 stone
777 132 448 stone
777 132 449 stone
777 132 450 stone
777 132 451 stone
777 132 452 stone
777 132 453 stone
777 132 454 stone
777 132 455 stone
777 132 456 stone
777 132 457 stone
777 132 458 stone
777 132 459 stone
777 132 460 stone
777 132 461 stone
777 132 462 stone
777 132 463 stone
777 132 464 stone
777 132 465 stone
777 132 466 stone
777 132 467 stone
777 132 468 granite
777 132 469 granite
777 132 470 granite
777 132 471 granite
777 132 472 granite
777 132 473 granite
777 132 474 stone
777 132 475 stone
777 132 476 stone
777 132 477 stone
777 132 478 stone
777 132 479 stone
777 132 480 dirt
777 132 481 dirt
777 132 482 dirt
777 132 483 dirt
777 132 484 grass_block[snowy=false]
777 132 508 grass_block[snowy=false]
777 132 509 grass_block[snowy=false]
777 132 510 grass_block[snowy=false]
777 132 511 grass_block[snowy=false]
777 132 512 grass_block[snowy=false]
777 132 513 dirt
777 132 514 dirt
777 132 515 coal_ore
777 132 516 stone
777 132 517 stone
777 132 518 stone
777 132 519 stone
777 132 520 stone
777 132 521 stone
777 132 522 stone
777 132 523 stone
777 132 524 stone
777 132 525 stone
777 132 526 stone
777 132 527 stone
777 132 528 stone
777 132 529 stone
777 132 530 stone
777 132 531 dirt
777 132 532 dirt
777 132 533 dirt
777 132 534 dirt
777 132 535 dirt
777 132 536 dirt
777 132 537 dirt
777 132 538 dirt
777 132 539 dirt
777 132 540 dirt
777 132 541 dirt
777 132 542 dirt
777 132 543 dirt
777 132 544 dirt
777 132 545 dirt
777 132 546 dirt
777 132 547 dirt
777 132 548 dirt
777 132 549 dirt
777 132 550 dirt
777 132 551 dirt
777 132 552 dirt
777 132 553 dirt
777 132 554 dirt
777 132 555 dirt
777 132 556 dirt
777 132 557 stone
777 132 558 stone
