779 100 937 dripstone_block
779 100 938 stone
779 100 939 water[level=0]
779 100 940 water[level=0]
779 100 941 water[level=0]
779 100 942 water[level=0]
779 100 943 stone
779 100 944 stone
779 100 945 stone
779 100 946 stone
779 100 947 stone
779 100 948 stone
779 100 949 stone
779 100 950 stone
779 100 951 stone
779 100 952 stone
779 100 953 stone
779 100 954 stone
779 100 955 stone
779 100 956 stone
779 100 957 stone
779 100 958 stone
779 100 959 stone
779 100 960 stone
779 100 961 stone
779 100 962 stone
779 100 963 copper_ore
779 100 964 copper_ore
779 100 965 copper_ore
779 100 966 stone
779 100 967 stone
779 100 968 stone
779 100 969 stone
779 100 970 stone
779 100 971 stone
779 100 972 stone
779 100 973 stone
779 100 974 stone
779 100 975 stone
779 100 976 stone
779 100 977 stone
779 100 978 stone
779 100 979 stone
779 100 980 stone
779 100 981 stone
779 100 982 stone
779 100 983 stone
779 100 984 diorite
779 100 985 diorite
779 100 986 diorite
779 100 987 diorite
779 100 988 diorite
779 100 989 stone
779 100 990 stone
779 100 991 stone
779 100 992 stone
779 100 993 stone
779 100 994 stone
779 100 995 stone
779 100 996 stone
779 100 997 stone
779 100 998 stone
779 100 999 stone
779 100 1000 stone
779 100 1001 stone
779 100 1002 stone
779 100 1003 stone
779 100 1004 stone
779 100 1005 stone
779 100 1006 andesite
779 100 1007 andesite
779 100 1008 andesite
779 100 1009 andesite
779 100 1010 andesite
779 100 1011 stone
779 100 1012 stone
779 100 1013 stone
779 100 1014 stone
779 100 1015 stone
779 100 1016 stone
779 100 1017 stone
779 100 1018 stone
779 100 1019 stone
779 100 1020 stone
779 100 1021 stone
779 100 1022 stone
779 100 1023 stone
779 101 0 stone
779 101 1 stone
779 101 2 stone
779 101 3 stone
779 101 4 stone
779 101 5 stone
779 101 6 stone
779 101 7 stone
779 101 8 stone
779 101 9 stone
779 101 10 stone
779 101 11 stone
779 101 12 granite
779 101 13 granite
779 101 14 granite
779 101 15 granite
779 101 16 granite
779 101 17 granite
779 101 18 granite
779 101 19 granite
779 101 20 granite
779 101 21 granite
779 101 22 granite
779 101 23 granite
779 101 24 granite
779 101 25 granite
779 101 26 granite
779 101 27 stone
779 101 28 stone
779 101 29 stone
779 101 30 stone
779 101 31 stone
779 101 32 stone
779 101 33 stone
779 101 34 stone
779 101 35 stone
779 101 36 stone
779 101 37 stone
779 101 38 stone
779 101 39 stone
779 101 40 stone
779 101 41 lapis_ore
779 101 42 diorite
779 101 43 diorite
779 101 44 diorite
779 101 45 diorite
779 101 46 diorite
779 101 47 andesite
779 101 48 stone
779 101 49 andesite
779 101 50 andesite
779 101 51 andesite
779 101 52 andesite
779 101 53 andesite
779 101 54 andesite
779 101 55 stone
779 101 56 andesite
779 101 57 andesite
779 101 58 andesite
779 101 59 andesite
779 101 60 andesite
779 101 61 andesite
779 101 62 andesite
779 101 63 stone
779 101 64 stone
779 101 65 stone
779 101 66 stone
779 101 67 stone
779 101 68 stone
779 101 69 stone
779 101 70 stone
779 101 71 stone
779 101 72 stone
779 101 73 stone
779 101 74 stone
779 101 75 stone
779 101 76 stone
779 101 77 stone
779 101 78 stone
779 101 79 stone
779 101 80 stone
779 101 81 stone
779 101 82 stone
779 101 83 stone
779 101 84 stone
779 101 85 stone
779 101 86 stone
779 101 87 stone
779 101 88 stone
779 101 89 stone
779 101 90 stone
779 101 91 stone
779 101 92 stone
779 101 93 stone
779 101 94 stone
779 101 95 stone
779 101 96 stone
779 101 97 stone
779 101 98 stone
779 101 99 stone
779 101 100 stone
779 101 101 stone
779 101 102 stone
779 101 103 stone
779 101 104 stone
779 101 105 granite
779 101 106 granite
779 101 107 granite
779 101 108 granite
779 101 109 granite
779 101 110 granite
779 101 111 granite
779 101 112 granite
779 101 113 stone
779 101 114 stone
779 101 115 stone
779 101 116 stone
779 101 117 granite
779 101 118 granite
779 101 119 granite
779 101 120 granite
779 101 121 granite
779 101 122 granite
779 101 123 granite
779 101 124 stone
779 101 125 stone
779 101 126 stone
779 101 127 stone
779 101 128 stone
779 101 129 stone
779 101 130 stone
779 101 131 stone
779 101 132 stone
779 101 133 stone
779 101 134 stone
779 101 135 stone
779 101 136 stone
779 101 137 stone
779 101 138 stone
779 101 139 stone
779 101 140 stone
779 101 141 stone
779 101 142 stone
779 101 143 stone
779 101 144 stone
779 101 145 stone
779 101 146 stone
779 101 147 stone
779 101 148 stone
779 101 149 stone
779 101 150 stone
779 101 151 stone
779 101 152 stone
779 101 153 stone
779 101 154 stone
779 101 155 stone
779 101 156 stone
779 101 157 stone
779 101 158 stone
779 101 159 stone
779 101 160 stone
779 101 161 stone
779 101 162 stone
779 101 163 stone
779 101 164 stone
779 101 165 stone
779 101 166 stone
779 101 167 stone
779 101 168 stone
779 101 169 stone
779 101 170 stone
779 101 171 stone
779 101 172 stone
779 101 173 stone
779 101 174 stone
779 101 175 stone
779 101 176 stone
779 101 177 granite
779 101 178 granite
779 101 179 granite
779 101 180 granite
779 101 181 granite
779 101 182 granite
779 101 183 granite
779 101 184 granite
779 101 185 stone
779 101 186 andesite
779 101 187 andesite
779 101 188 andesite
779 101 189 stone
779 101 190 stone
779 101 191 stone
779 101 192 stone
779 101 193 stone
779 101 194 stone
779 101 195 stone
779 101 196 stone
779 101 197 stone
779 101 198 stone
779 101 199 stone
779 101 200 stone
779 101 201 stone
779 101 202 stone
779 101 203 stone
779 101 204 stone
779 101 205 stone
779 101 206 stone
779 101 207 stone
779 101 208 stone
779 101 209 stone
779 101 210 stone
779 101 211 stone
779 101 212 stone
779 101 213 stone
779 101 214 stone
779 101 215 stone
779 101 216 gravel
779 101 217 gravel
779 101 218 gravel
779 101 219 gravel
779 101 220 stone
779 101 221 stone
779 101 222 stone
779 101 223 stone
779 101 224 stone
779 101 225 stone
779 101 226 stone
779 101 227 iron_ore
779 101 228 stone
779 101 229 stone
779 101 230 stone
779 101 231 stone
779 101 232 stone
779 101 233 stone
779 101 234 stone
779 101 235 stone
779 101 236 stone
779 101 237 stone
779 101 238 stone
779 101 239 granite
779 101 240 granite
779 101 241 granite
779 101 242 granite
779 101 243 granite
779 101 244 granite
779 101 245 granite
779 101 246 stone
779 101 247 copper_ore
779 101 248 stone
779 101 249 stone
779 101 250 stone
779 101 251 stone
779 101 252 stone
779 101 253 stone
779 101 254 stone
779 101 255 stone
779 101 256 stone
779 101 257 stone
779 101 258 andesite
779 101 259 andesite
779 101 260 andesite
779 101 261 stone
779 101 262 stone
779 101 263 stone
779 101 264 stone
779 101 265 stone
779 101 266 stone
779 101 267 stone
779 101 268 stone
779 101 269 stone
779 101 270 stone
779 101 271 diorite
779 101 272 diorite
779 101 273 diorite
779 101 274 diorite
779 101 275 diorite
779 101 276 diorite
779 101 277 diorite
779 101 278 diorite
779 101 279 diorite
779 101 280 diorite
779 101 281 diorite
779 101 282 stone
779 101 283 stone
779 101 284 stone
779 101 285 stone
779 101 286 stone
779 101 287 stone
779 101 288 stone
779 101 289 stone
779 101 290 stone
779 101 291 stone
779 101 292 stone
779 101 293 stone
779 101 294 stone
779 101 295 stone
779 101 296 stone
779 101 297 stone
779 101 298 stone
779 101 299 stone
779 101 300 stone
779 101 301 stone
779 101 302 stone
779 101 303 stone
779 101 304 stone
779 101 305 stone
779 101 306 stone
779 101 307 stone
779 101 308 stone
779 101 309 stone
779 101 310 stone
779 101 311 stone
779 101 312 granite
779 101 313 granite
779 101 314 granite
779 101 315 granite
779 101 316 granite
779 101 317 granite
779 101 318 dirt
779 101 323 granite
779 101 324 stone
779 101 325 stone
779 101 326 stone
779 101 327 stone
779 101 328 stone
779 101 329 stone
779 101 330 stone
779 101 331 stone
779 101 332 stone
779 101 333 stone
779 101 334 stone
779 101 335 stone
779 101 336 stone
779 101 337 stone
779 101 338 stone
779 101 339 stone
779 101 340 stone
779 101 341 stone
779 101 342 stone
779 101 343 andesite
779 101 344 andesite
779 101 345 andesite
779 101 346 andesite
779 101 347 andesite
779 101 348 andesite
779 101 349 andesite
779 101 350 andesite
779 101 351 stone
779 101 352 stone
779 101 353 stone
779 101 354 stone
779 101 355 stone
779 101 356 gravel
779 101 357 gravel
779 101 358 gravel
779 101 359 gravel
779 101 360 gravel
779 101 361 gravel
779 101 362 gravel
779 101 363 stone
779 101 364 stone
779 101 365 stone
779 101 366 stone
779 101 367 stone
779 101 383 stone
779 101 384 stone
779 101 385 diorite
779 101 386 diorite
779 101 393 granite
779 101 394 granite
779 101 395 granite
779 101 396 granite
779 101 397 granite
779 101 398 granite
779 101 399 granite
779 101 400 granite
779 101 401 granite
779 101 402 stone
779 101 403 stone
779 101 404 stone
779 101 405 stone
779 101 406 stone
779 101 407 stone
779 101 408 stone
779 101 409 stone
779 101 410 stone
779 101 411 stone
779 101 412 stone
779 101 413 stone
779 101 414 stone
779 101 415 stone
779 101 416 stone
779 101 417 stone
779 101 418 stone
779 101 419 stone
779 101 420 stone
779 101 421 stone
779 101 422 stone
779 101 423 stone
779 101 424 stone
779 101 425 stone
779 101 426 stone
779 101 427 stone
779 101 428 stone
779 101 429 stone
779 101 430 stone
779 101 431 stone
779 101 432 stone
779 101 433 stone
779 101 434 stone
779 101 435 stone
779 101 436 stone
779 101 437 stone
779 101 438 stone
779 101 439 stone
779 101 440 stone
779 101 441 stone
779 101 442 stone
779 101 443 stone
779 101 444 stone
779 101 445 stone
779 101 446 stone
779 101 447 stone
779 101 449 stone
779 101 450 stone
779 101 451 stone
779 101 452 stone
779 101 453 stone
779 101 454 stone
779 101 455 stone
779 101 468 stone
779 101 469 stone
779 101 470 stone
779 101 471 stone
779 101 472 stone
779 101 473 coal_ore
779 101 474 coal_ore
779 101 475 stone
779 101 476 stone
779 101 477 granite
779 101 478 granite
779 101 479 granite
779 101 480 granite
779 101 481 diorite
779 101 482 diorite
779 101 483 coal_ore
779 101 484 coal_ore
779 101 485 diorite
779 101 486 granite
779 101 487 granite
779 101 488 granite
779 101 489 lapis_ore
779 101 490 granite
779 101 491 granite
779 101 492 granite
779 101 493 granite
779 101 494 stone
779 101 495 stone
779 101 496 andesite
779 101 497 andesite
779 101 498 andesite
779 101 499 andesite
779 101 500 andesite
779 101 501 coal_ore
779 101 502 coal_ore
779 101 503 diorite
779 101 504 diorite
779 101 505 diorite
779 101 506 granite
779 101 507 granite
779 101 508 granite
779 101 509 granite
779 101 510 granite
779 101 511 granite
779 101 512 granite
779 101 513 granite
779 101 514 granite
779 101 515 stone
779 101 516 stone
779 101 517 stone
779 101 518 stone
779 101 519 stone
779 101 520 stone
779 101 521 stone
779 101 522 stone
779 101 523 stone
779 101 524 stone
779 101 525 stone
779 101 526 stone
779 101 527 stone
779 101 528 stone
779 101 529 stone
779 101 530 stone
779 101 531 stone
779 101 532 stone
779 101 533 stone
779 101 534 stone
779 101 535 stone
779 101 536 stone
779 101 537 stone
779 101 538 stone
779 101 539 stone
779 101 540 stone
779 101 541 stone
779 101 542 stone
779 101 543 stone
779 101 544 stone
779 101 545 stone
779 101 546 stone
779 101 547 stone
779 101 548 stone
779 101 549 stone
779 101 550 stone
779 101 551 stone
779 101 552 stone
779 101 553 stone
779 101 554 stone
779 101 555 stone
779 101 556 stone
779 101 557 stone
779 101 558 stone
779 101 559 stone
779 101 560 stone
779 101 561 stone
779 101 562 stone
779 101 563 stone
779 101 564 stone
779 101 565 stone
779 101 566 stone
779 101 567 stone
779 101 568 stone
779 101 569 stone
779 101 570 stone
779 101 571 stone
779 101 572 stone
779 101 573 stone
779 101 574 stone
779 101 575 stone
779 101 576 stone
779 101 577 stone
779 101 578 stone
779 101 579 stone
779 101 580 stone
779 101 581 stone
779 101 582 stone
779 101 583 stone
779 101 584 stone
779 101 585 stone
779 101 586 stone
779 101 587 stone
779 101 588 stone
779 101 589 stone
779 101 590 stone
779 101 591 stone
779 101 592 stone
779 101 593 stone
779 101 594 stone
779 101 595 stone
779 101 596 stone
779 101 597 stone
779 101 598 stone
779 101 599 stone
779 101 600 stone
779 101 601 stone
779 101 602 granite
779 101 603 stone
779 101 604 granite
779 101 605 granite
779 101 606 granite
779 101 607 granite
779 101 608 stone
779 101 609 stone
779 101 610 stone
779 101 611 stone
779 101 612 stone
779 101 613 stone
779 101 614 stone
779 101 615 diorite
779 101 616 diorite
779 101 617 diorite
779 101 618 diorite
779 101 619 stone
779 101 620 stone
779 101 621 stone
779 101 622 diorite
779 101 623 diorite
779 101 624 diorite
779 101 625 diorite
779 101 626 diorite
779 101 627 diorite
779 101 628 diorite
779 101 629 diorite
779 101 630 stone
779 101 631 stone
779 101 632 stone
779 101 633 stone
779 101 634 stone
779 101 635 stone
779 101 636 stone
779 101 637 stone
779 101 638 stone
779 101 639 stone
779 101 640 stone
779 101 641 stone
779 101 642 stone
779 101 643 stone
779 101 644 stone
779 101 645 stone
779 101 646 stone
779 101 647 stone
779 101 648 stone
779 101 649 stone
779 101 650 stone
779 101 651 stone
779 101 652 stone
779 101 653 stone
779 101 654 stone
779 101 655 stone
779 101 656 stone
779 101 657 stone
779 101 658 stone
779 101 659 stone
779 101 660 stone
779 101 661 stone
779 101 662 stone
779 101 663 stone
779 101 664 gravel
779 101 665 gravel
779 101 666 stone
779 101 667 stone
779 101 668 stone
779 101 669 stone
779 101 670 stone
779 101 671 stone
779 101 672 stone
779 101 673 stone
779 101 674 stone
779 101 675 stone
779 101 676 stone
779 101 677 stone
779 101 678 stone
779 101 679 granite
779 101 680 granite
779 101 681 granite
779 101 682 granite
779 101 683 granite
779 101 684 granite
779 101 685 granite
779 101 686 granite
779 101 687 dirt
779 101 688 dirt
779 101 689 dirt
779 101 690 dirt
779 101 691 stone
779 101 692 stone
779 101 693 stone
779 101 694 stone
779 101 695 iron_ore
779 101 696 iron_ore
779 101 697 stone
779 101 698 stone
779 101 699 stone
779 101 700 stone
779 101 701 stone
779 101 702 stone
779 101 703 stone
779 101 704 stone
779 101 705 stone
779 101 706 stone
779 101 707 stone
779 101 708 stone
779 101 709 stone
779 101 710 stone
779 101 711 stone
779 101 712 stone
779 101 713 stone
779 101 714 stone
779 101 715 stone
779 101 716 stone
779 101 717 stone
779 101 718 stone
779 101 719 stone
779 101 720 stone
779 101 721 stone
779 101 722 stone
779 101 723 stone
779 101 724 stone
779 101 725 stone
779 101 726 stone
779 101 727 stone
779 101 728 gravel
779 101 729 gravel
779 101 730 gravel
779 101 731 granite
779 101 732 stone
779 101 733 stone
779 101 734 stone
779 101 735 stone
779 101 736 stone
779 101 737 andesite
779 101 738 andesite
779 101 739 andesite
779 101 740 andesite
779 101 741 andesite
779 101 742 andesite
779 101 743 andesite
779 101 744 andesite
779 101 745 diorite
779 101 746 diorite
779 101 747 diorite
779 101 748 diorite
779 101 749 diorite
779 101 750 diorite
779 101 751 stone
779 101 752 stone
779 101 753 stone
779 101 754 diorite
779 101 755 diorite
779 101 756 diorite
779 101 757 diorite
779 101 758 diorite
779 101 759 diorite
779 101 760 diorite
779 101 761 stone
779 101 762 stone
779 101 763 stone
779 101 764 stone
779 101 765 stone
779 101 766 stone
779 101 767 stone
779 101 768 granite
779 101 769 granite
779 101 770 granite
779 101 771 granite
779 101 772 andesite
779 101 773 andesite
779 101 774 andesite
779 101 775 andesite
779 101 776 andesite
779 101 777 andesite
779 101 778 andesite
779 101 779 andesite
779 101 780 andesite
779 101 781 andesite
779 101 782 andesite
779 101 783 andesite
779 101 784 stone
779 101 785 stone
779 101 786 stone
779 101 787 stone
779 101 788 stone
779 101 789 stone
779 101 790 stone
779 101 791 stone
779 101 792 stone
779 101 793 stone
779 101 794 stone
779 101 795 stone
779 101 796 stone
779 101 797 stone
779 101 798 stone
779 101 799 stone
779 101 800 stone
779 101 801 stone
779 101 802 stone
779 101 803 stone
779 101 804 stone
779 101 805 stone
779 101 806 stone
779 101 807 stone
779 101 808 stone
779 101 809 stone
779 101 810 stone
779 101 811 stone
779 101 812 stone
779 101 813 stone
779 101 814 andesite
779 101 815 andesite
779 101 816 andesite
779 101 817 andesite
779 101 818 andesite
779 101 819 andesite
779 101 820 andesite
779 101 821 diorite
779 101 822 stone
779 101 823 stone
779 101 824 gravel
779 101 825 gravel
779 101 826 gravel
779 101 827 gravel
779 101 828 gravel
779 101 829 gravel
779 101 830 stone
779 101 831 dirt
779 101 832 dirt
779 101 833 dirt
779 101 834 dirt
779 101 835 granite
779 101 836 granite
779 101 837 granite
779 101 838 granite
779 101 839 stone
779 101 840 stone
779 101 841 stone
779 101 842 stone
779 101 843 stone
779 101 844 stone
779 101 845 stone
779 101 846 stone
779 101 847 stone
779 101 848 stone
779 101 849 stone
779 101 850 stone
779 101 851 stone
779 101 852 stone
779 101 853 stone
779 101 854 stone
779 101 855 stone
779 101 856 stone
779 101 857 stone
779 101 858 stone
779 101 859 stone
779 101 860 stone
779 101 861 stone
779 101 862 stone
779 101 863 stone
779 101 864 stone
779 101 865 stone
779 101 866 diorite
779 101 867 diorite
779 101 868 diorite
779 101 869 diorite
779 101 870 diorite
779 101 871 stone
779 101 872 stone
779 101 873 dirt
779 101 874 dirt
779 101 875 dirt
779 101 876 dirt
779 101 877 stone
779 101 878 stone
779 101 879 stone
779 101 880 stone
779 101 881 stone
779 101 882 stone
779 101 883 stone
779 101 884 stone
779 101 885 stone
779 101 886 stone
779 101 887 stone
779 101 888 stone
779 101 889 granite
779 101 890 granite
779 101 891 granite
779 101 892 granite
779 101 893 granite
779 101 894 granite
779 101 895 stone
779 101 896 stone
779 101 897 stone
779 101 898 stone
779 101 899 stone
779 101 900 stone
779 101 901 stone
779 101 902 granite
779 101 903 granite
779 101 904 granite
779 101 905 granite
779 101 906 granite
779 101 907 granite
779 101 908 granite
779 101 909 granite
779 101 910 granite
779 101 911 granite
779 101 912 granite
779 101 913 stone
779 101 914 stone
779 101 915 stone
779 101 916 stone
779 101 917 stone
779 101 918 stone
779 101 919 stone
779 101 920 gravel
779 101 921 gravel
779 101 922 gravel
779 101 923 stone
779 101 924 stone
779 101 925 stone
779 101 926 stone
779 101 927 stone
779 101 928 stone
779 101 929 stone
779 101 930 stone
779 101 937 dripstone_block
779 101 938 dripstone_block
779 101 939 water[level=0]
779 101 940 water[level=0]
779 101 941 water[level=0]
779 101 942 water[level=0]
779 101 943 stone
779 101 944 stone
779 101 945 stone
779 101 946 stone
779 101 947 stone
779 101 948 stone
779 101 949 stone
779 101 950 stone
779 101 951 stone
779 101 952 dirt
779 101 953 stone
779 101 954 stone
779 101 955 stone
779 101 956 stone
779 101 957 stone
779 101 958 stone
779 101 959 stone
779 101 960 stone
779 101 961 stone
779 101 962 stone
779 101 963 stone
779 101 964 stone
779 101 965 stone
779 101 966 stone
779 101 967 stone
779 101 968 stone
779 101 969 stone
779 101 970 stone
779 101 971 stone
779 101 972 copper_ore
779 101 973 stone
779 101 974 stone
779 101 975 stone
779 101 976 stone
779 101 977 stone
779 101 978 stone
779 101 979 stone
779 101 980 stone
779 101 981 stone
779 101 982 stone
779 101 983 stone
779 101 984 stone
779 101 985 diorite
779 101 986 diorite
779 101 987 diorite
779 101 988 stone
779 101 989 stone
779 101 990 stone
779 101 991 stone
779 101 992 stone
779 101 993 stone
779 101 994 stone
779 101 995 stone
779 101 996 stone
779 101 997 stone
779 101 998 stone
779 101 999 stone
779 101 1000 stone
779 101 1001 stone
779 101 1002 stone
779 101 1003 stone
779 101 1004 stone
779 101 1005 stone
779 101 1006 stone
779 101 1007 stone
779 101 1008 stone
779 101 1009 stone
779 101 1010 stone
779 101 1011 stone
779 101 1012 stone
779 101 1013 stone
779 101 1014 stone
779 101 1015 stone
779 101 1016 stone
779 101 1017 stone
779 101 1018 stone
779 101 1019 stone
779 101 1020 stone
779 101 1021 stone
779 101 1022 stone
779 101 1023 stone
779 102 0 stone
779 102 1 stone
779 102 2 stone
779 102 3 stone
779 102 4 stone
779 102 5 stone
779 102 6 stone
779 102 7 stone
779 102 8 stone
779 102 9 stone
779 102 10 stone
779 102 11 stone
779 102 12 coal_ore
779 102 13 granite
779 102 14 granite
779 102 15 granite
779 102 16 granite
779 102 17 granite
779 102 18 granite
779 102 19 granite
779 102 20 granite
779 102 21 granite
779 102 22 granite
779 102 23 granite
779 102 24 granite
779 102 25 granite
779 102 26 granite
779 102 27 stone
779 102 28 stone
779 102 29 stone
779 102 30 stone
779 102 31 stone
779 102 32 stone
779 102 33 stone
