752 119 318 stone
752 119 319 stone
752 119 320 stone
752 119 321 stone
752 119 322 stone
752 119 323 stone
752 119 324 stone
752 119 325 stone
752 119 326 stone
752 119 327 stone
752 119 328 stone
752 119 329 stone
752 119 330 stone
752 119 331 stone
752 119 332 stone
752 119 333 stone
752 119 334 stone
752 119 335 stone
752 119 336 stone
752 119 337 stone
752 119 338 stone
752 119 339 stone
752 119 340 stone
752 119 341 stone
752 119 342 stone
752 119 343 stone
752 119 344 stone
752 119 345 stone
752 119 346 stone
752 119 347 stone
752 119 348 stone
752 119 349 granite
752 119 350 granite
752 119 351 granite
752 119 352 granite
752 119 353 stone
752 119 354 stone
752 119 355 stone
752 119 356 stone
752 119 357 stone
752 119 358 stone
752 119 359 stone
752 119 360 stone
752 119 361 stone
752 119 362 stone
752 119 363 stone
752 119 364 stone
752 119 365 stone
752 119 366 stone
752 119 367 stone
752 119 368 stone
752 119 369 stone
752 119 370 stone
752 119 371 stone
752 119 372 stone
752 119 373 stone
752 119 374 stone
752 119 375 stone
752 119 376 stone
752 119 382 stone
752 119 383 stone
753 119 256 granite
753 119 257 stone
753 119 258 stone
753 119 259 stone
753 119 260 stone
753 119 261 stone
753 119 262 stone
753 119 263 stone
753 119 264 stone
753 119 265 stone
753 119 266 stone
753 119 267 stone
753 119 268 stone
753 119 269 stone
753 119 270 stone
753 119 271 stone
753 119 272 andesite
753 119 273 andesite
753 119 274 andesite
753 119 275 andesite
753 119 276 andesite
753 119 277 andesite
753 119 278 andesite
753 119 279 andesite
753 119 280 andesite
753 119 281 andesite
753 119 282 stone
753 119 283 stone
753 119 284 stone
753 119 285 stone
753 119 286 stone
753 119 287 stone
753 119 288 stone
753 119 289 stone
753 119 290 stone
753 119 300 andesite
753 119 301 andesite
753 119 302 andesite
753 119 303 andesite
753 119 304 andesite
753 119 305 andesite
753 119 306 andesite
753 119 307 stone
753 119 308 stone
753 119 309 stone
753 119 310 stone
753 119 311 stone
753 119 312 stone
753 119 313 gravel
753 119 314 gravel
753 119 315 gravel
753 119 316 gravel
753 119 317 stone
753 119 318 stone
753 119 319 stone
753 119 320 stone
753 119 321 stone
753 119 322 stone
753 119 323 stone
753 119 324 stone
753 119 325 stone
753 119 326 stone
753 119 327 stone
753 119 328 stone
753 119 329 stone
753 119 330 stone
753 119 331 stone
753 119 332 stone
753 119 333 stone
753 119 334 stone
753 119 335 stone
753 119 336 stone
753 119 337 stone
753 119 338 stone
753 119 339 stone
753 119 340 stone
753 119 341 stone
753 119 342 stone
753 119 343 stone
753 119 344 stone
753 119 345 stone
753 119 346 stone
753 119 347 stone
753 119 348 stone
753 119 349 stone
753 119 350 granite
753 119 351 granite
753 119 352 stone
753 119 353 stone
753 119 354 stone
753 119 355 stone
753 119 356 stone
753 119 357 stone
753 119 358 stone
753 119 359 stone
753 119 360 stone
753 119 361 stone
753 119 362 stone
753 119 363 stone
753 119 364 stone
753 119 365 stone
753 119 366 stone
753 119 367 stone
753 119 368 stone
753 119 369 stone
753 119 370 stone
753 119 371 stone
753 119 372 stone
753 119 373 stone
753 119 374 stone
753 119 375 stone
753 119 376 stone
753 119 382 stone
753 119 383 stone
754 119 256 stone
754 119 257 stone
754 119 258 stone
754 119 259 stone
754 119 260 stone
754 119 261 stone
754 119 262 stone
754 119 263 stone
754 119 264 stone
754 119 265 stone
754 119 266 stone
754 119 267 stone
754 119 268 stone
754 119 269 stone
754 119 270 stone
754 119 271 stone
754 119 272 andesite
754 119 273 andesite
754 119 274 andesite
754 119 275 andesite
754 119 276 andesite
754 119 277 andesite
754 119 278 andesite
754 119 279 andesite
754 119 280 andesite
754 119 281 andesite
754 119 282 andesite
754 119 283 stone
754 119 284 stone
754 119 285 stone
754 119 286 stone
754 119 287 stone
754 119 288 stone
754 119 289 stone
754 119 290 stone
754 119 302 andesite
754 119 303 andesite
754 119 304 andesite
754 119 305 andesite
754 119 306 copper_ore
754 119 311 stone
754 119 312 gravel
754 119 313 gravel
754 119 314 gravel
754 119 315 gravel
754 119 316 gravel
754 119 317 stone
754 119 318 stone
754 119 319 stone
754 119 320 stone
754 119 321 stone
754 119 322 stone
754 119 323 stone
754 119 324 stone
754 119 325 stone
754 119 326 stone
754 119 327 stone
754 119 328 stone
754 119 329 stone
754 119 330 stone
754 119 331 stone
754 119 332 stone
754 119 333 stone
754 119 334 stone
754 119 335 stone
754 119 336 stone
754 119 337 stone
754 119 338 stone
754 119 339 stone
754 119 340 stone
754 119 341 stone
754 119 342 stone
754 119 343 stone
754 119 344 stone
754 119 345 stone
754 119 346 stone
754 119 347 stone
754 119 348 stone
754 119 349 stone
754 119 350 granite
754 119 351 stone
754 119 352 stone
754 119 353 stone
754 119 354 stone
754 119 355 stone
754 119 356 stone
754 119 357 stone
754 119 358 stone
754 119 359 stone
754 119 360 stone
754 119 361 stone
754 119 362 stone
754 119 363 stone
754 119 364 stone
754 119 365 stone
754 119 366 stone
754 119 367 stone
754 119 368 stone
754 119 369 stone
754 119 370 stone
754 119 371 stone
754 119 372 stone
754 119 373 stone
754 119 374 stone
754 119 375 stone
754 119 376 stone
754 119 382 stone
754 119 383 stone
755 119 256 stone
755 119 257 stone
755 119 258 stone
755 119 259 stone
755 119 260 stone
755 119 261 stone
755 119 262 stone
755 119 263 stone
755 119 264 stone
755 119 265 stone
755 119 266 stone
755 119 267 stone
755 119 268 stone
755 119 269 stone
755 119 270 stone
755 119 271 stone
755 119 272 stone
755 119 273 andesite
755 119 274 andesite
755 119 275 andesite
755 119 276 andesite
755 119 277 andesite
755 119 278 andesite
755 119 279 andesite
755 119 280 andesite
755 119 281 andesite
755 119 282 andesite
755 119 283 andesite
755 119 284 andesite
755 119 285 stone
755 119 286 stone
755 119 287 stone
755 119 288 stone
755 119 289 stone
755 119 290 stone
755 119 314 gravel
755 119 315 gravel
755 119 316 stone
755 119 317 stone
755 119 318 stone
755 119 319 stone
755 119 320 stone
755 119 321 stone
755 119 322 stone
755 119 323 stone
755 119 324 stone
755 119 325 stone
755 119 326 stone
755 119 327 stone
755 119 328 stone
755 119 329 stone
755 119 330 stone
755 119 331 stone
755 119 332 stone
755 119 333 stone
755 119 334 stone
755 119 335 stone
755 119 336 stone
755 119 337 stone
755 119 338 stone
755 119 339 stone
755 119 340 stone
755 119 341 stone
755 119 342 stone
755 119 343 stone
755 119 344 stone
755 119 345 stone
755 119 346 stone
755 119 347 stone
755 119 348 stone
755 119 349 stone
755 119 350 stone
755 119 351 stone
755 119 352 stone
755 119 353 stone
755 119 354 stone
755 119 355 stone
755 119 356 stone
755 119 357 stone
755 119 358 stone
755 119 359 stone
755 119 360 stone
755 119 361 stone
755 119 362 stone
755 119 363 stone
755 119 364 stone
755 119 365 stone
755 119 366 stone
755 119 367 stone
755 119 368 stone
755 119 369 stone
755 119 370 stone
755 119 371 stone
755 119 372 stone
755 119 373 stone
755 119 374 stone
755 119 375 stone
755 119 376 stone
755 119 377 stone
755 119 378 stone
755 119 379 stone
755 119 380 stone
755 119 381 stone
755 119 382 stone
755 119 383 stone
756 119 256 stone
756 119 257 stone
756 119 258 stone
756 119 259 stone
756 119 260 stone
756 119 261 stone
756 119 262 stone
756 119 263 stone
756 119 264 stone
756 119 265 stone
756 119 266 stone
756 119 267 stone
756 119 268 stone
756 119 269 stone
756 119 270 stone
756 119 271 stone
756 119 272 stone
756 119 273 stone
756 119 274 andesite
756 119 275 andesite
756 119 276 andesite
756 119 277 andesite
756 119 278 andesite
756 119 279 andesite
756 119 280 andesite
756 119 281 andesite
756 119 282 andesite
756 119 283 andesite
756 119 284 andesite
756 119 285 stone
756 119 286 stone
756 119 287 stone
756 119 288 stone
756 119 289 stone
756 119 290 stone
756 119 315 stone
756 119 316 stone
756 119 317 stone
756 119 318 stone
756 119 319 stone
756 119 320 stone
756 119 321 stone
756 119 322 stone
756 119 323 stone
756 119 324 stone
756 119 325 stone
756 119 326 stone
756 119 327 stone
756 119 328 stone
756 119 329 stone
756 119 330 stone
756 119 331 stone
756 119 332 stone
756 119 333 stone
756 119 334 stone
756 119 335 stone
756 119 336 stone
756 119 337 stone
756 119 338 stone
756 119 339 stone
756 119 340 stone
756 119 341 stone
756 119 342 stone
756 119 343 stone
756 119 344 stone
756 119 345 stone
756 119 346 stone
756 119 347 stone
756 119 348 stone
756 119 349 stone
756 119 350 stone
756 119 351 coal_ore
756 119 352 coal_ore
756 119 353 coal_ore
756 119 354 stone
756 119 355 stone
756 119 356 stone
756 119 357 stone
756 119 358 stone
756 119 359 stone
756 119 360 stone
756 119 361 stone
756 119 362 stone
756 119 363 stone
756 119 364 stone
756 119 365 stone
756 119 366 stone
756 119 367 stone
756 119 368 stone
756 119 369 stone
756 119 370 stone
756 119 371 stone
756 119 372 stone
756 119 373 stone
756 119 374 stone
756 119 375 stone
756 119 376 stone
756 119 377 stone
756 119 378 stone
756 119 379 stone
756 119 380 stone
756 119 381 stone
756 119 382 stone
756 119 383 stone
757 119 256 stone
757 119 257 stone
757 119 258 stone
757 119 259 stone
757 119 260 stone
757 119 261 stone
757 119 262 stone
757 119 263 stone
757 119 264 stone
757 119 265 stone
757 119 266 stone
757 119 267 stone
757 119 268 stone
757 119 269 stone
757 119 270 stone
757 119 271 stone
757 119 272 stone
757 119 273 stone
757 119 274 stone
757 119 275 andesite
757 119 276 andesite
757 119 277 andesite
757 119 278 andesite
757 119 279 andesite
757 119 280 andesite
757 119 281 andesite
757 119 282 andesite
757 119 283 andesite
757 119 284 andesite
757 119 285 andesite
757 119 286 stone
757 119 287 stone
757 119 288 stone
757 119 289 stone
757 119 290 stone
757 119 315 diorite
757 119 316 stone
757 119 317 diorite
757 119 318 diorite
757 119 319 stone
757 119 320 stone
757 119 321 stone
757 119 322 stone
757 119 323 stone
757 119 324 stone
757 119 325 stone
757 119 326 stone
757 119 327 stone
757 119 328 stone
757 119 329 stone
757 119 330 stone
757 119 331 stone
757 119 332 stone
757 119 333 stone
757 119 334 stone
757 119 335 stone
757 119 336 stone
757 119 337 stone
757 119 338 stone
757 119 339 stone
757 119 340 stone
757 119 341 stone
757 119 342 stone
757 119 343 stone
757 119 344 copper_ore
757 119 345 stone
757 119 346 stone
757 119 347 stone
757 119 348 stone
757 119 349 stone
757 119 350 stone
757 119 351 coal_ore
757 119 352 coal_ore
757 119 353 coal_ore
757 119 354 stone
757 119 355 stone
757 119 356 stone
757 119 357 stone
757 119 358 stone
757 119 359 stone
757 119 360 stone
757 119 361 stone
757 119 362 stone
757 119 363 stone
757 119 364 stone
757 119 365 stone
757 119 366 stone
757 119 367 stone
757 119 368 stone
757 119 369 stone
757 119 370 stone
757 119 371 stone
757 119 372 stone
757 119 373 stone
757 119 374 stone
757 119 375 stone
757 119 376 stone
757 119 377 stone
757 119 378 stone
757 119 379 stone
757 119 380 stone
757 119 381 stone
757 119 382 stone
757 119 383 stone
758 119 256 stone
758 119 257 stone
758 119 258 stone
758 119 259 stone
758 119 260 stone
758 119 261 stone
758 119 262 stone
758 119 263 stone
758 119 264 stone
758 119 265 stone
758 119 266 stone
758 119 267 stone
758 119 268 stone
758 119 269 stone
758 119 270 stone
758 119 271 stone
758 119 272 stone
758 119 273 stone
758 119 274 stone
758 119 275 stone
758 119 276 andesite
758 119 277 andesite
758 119 278 andesite
758 119 279 andesite
758 119 280 andesite
758 119 281 andesite
758 119 282 andesite
758 119 283 andesite
758 119 284 andesite
758 119 285 andesite
758 119 286 andesite
758 119 287 stone
758 119 288 stone
758 119 289 stone
758 119 290 stone
758 119 315 diorite
758 119 316 diorite
758 119 317 diorite
758 119 318 diorite
758 119 319 diorite
758 119 320 stone
758 119 321 stone
758 119 322 stone
758 119 323 stone
758 119 324 stone
758 119 328 stone
758 119 329 stone
758 119 330 stone
758 119 331 stone
758 119 332 stone
758 119 333 stone
758 119 334 stone
758 119 335 stone
758 119 336 stone
758 119 337 stone
758 119 338 stone
758 119 339 stone
758 119 340 stone
758 119 341 stone
758 119 342 stone
758 119 343 stone
758 119 344 stone
758 119 345 copper_ore
758 119 346 stone
758 119 347 stone
758 119 348 stone
758 119 349 stone
758 119 350 stone
758 119 351 stone
758 119 352 stone
758 119 353 andesite
758 119 354 andesite
758 119 355 stone
758 119 356 stone
758 119 357 stone
758 119 358 stone
758 119 359 stone
758 119 360 stone
758 119 361 stone
758 119 362 stone
758 119 363 stone
758 119 364 stone
758 119 365 stone
758 119 366 stone
758 119 367 stone
758 119 368 stone
758 119 369 stone
758 119 370 stone
758 119 371 stone
758 119 372 stone
758 119 373 stone
758 119 374 stone
758 119 375 stone
758 119 376 stone
758 119 377 stone
758 119 378 stone
758 119 379 stone
758 119 380 stone
758 119 381 stone
758 119 382 stone
758 119 383 stone
759 119 256 stone
759 119 257 stone
759 119 258 stone
759 119 259 stone
759 119 260 stone
759 119 261 stone
759 119 262 stone
759 119 263 stone
759 119 264 stone
759 119 265 stone
759 119 266 stone
759 119 267 stone
759 119 268 stone
759 119 269 stone
759 119 270 stone
759 119 271 stone
759 119 272 stone
759 119 273 stone
759 119 274 stone
759 119 275 stone
759 119 276 stone
759 119 277 andesite
759 119 278 andesite
759 119 279 andesite
759 119 280 andesite
759 119 281 andesite
759 119 282 andesite
759 119 283 andesite
759 119 284 andesite
759 119 285 andesite
759 119 286 andesite
759 119 287 stone
759 119 288 stone
759 119 289 stone
759 119 290 stone
759 119 314 diorite
759 119 315 diorite
759 119 316 diorite
759 119 317 diorite
759 119 318 diorite
759 119 319 diorite
759 119 320 stone
759 119 321 stone
759 119 322 stone
759 119 323 stone
759 119 324 stone
759 119 329 stone
759 119 330 stone
759 119 331 stone
759 119 332 stone
759 119 333 stone
759 119 334 stone
759 119 335 stone
759 119 336 stone
759 119 337 stone
759 119 338 stone
759 119 339 stone
759 119 340 stone
759 119 341 stone
759 119 342 stone
759 119 343 stone
759 119 344 stone
759 119 345 copper_ore
759 119 346 stone
759 119 347 stone
759 119 348 stone
759 119 349 stone
759 119 350 stone
759 119 351 stone
759 119 352 andesite
759 119 353 andesite
759 119 354 andesite
759 119 355 andesite
759 119 356 stone
759 119 357 stone
759 119 358 stone
759 119 359 stone
759 119 360 stone
759 119 361 stone
759 119 362 stone
759 119 363 stone
759 119 364 andesite
759 119 365 andesite
759 119 366 andesite
759 119 367 stone
759 119 368 stone
759 119 369 stone
759 119 370 stone
759 119 371 stone
759 119 372 stone
759 119 373 stone
759 119 374 stone
759 119 375 stone
759 119 376 stone
759 119 377 stone
759 119 378 stone
759 119 379 stone
759 119 380 stone
759 119 381 stone
759 119 382 stone
759 119 383 stone
760 119 256 stone
760 119 257 stone
760 119 258 stone
760 119 259 stone
760 119 260 stone
760 119 261 stone
760 119 262 stone
760 119 263 stone
760 119 264 stone
760 119 265 stone
760 119 266 stone
760 119 267 stone
760 119 268 stone
760 119 269 stone
760 119 270 stone
760 119 271 stone
760 119 272 stone
760 119 273 stone
760 119 274 stone
760 119 275 stone
760 119 276 stone
760 119 277 stone
760 119 278 stone
760 119 279 andesite
760 119 280 andesite
760 119 281 andesite
760 119 282 andesite
760 119 283 andesite
760 119 284 andesite
760 119 285 andesite
760 119 286 andesite
760 119 287 stone
760 119 288 stone
760 119 289 stone
760 119 290 stone
760 119 315 stone
760 119 316 stone
760 119 317 diorite
760 119 318 diorite
760 119 319 diorite
760 119 320 stone
760 119 321 stone
760 119 322 stone
760 119 323 stone
760 119 324 stone
760 119 329 stone
760 119 330 stone
760 119 331 stone
760 119 332 stone
760 119 333 stone
760 119 334 stone
760 119 335 stone
760 119 336 stone
760 119 337 coal_ore
760 119 338 stone
760 119 339 stone
760 119 340 stone
760 119 341 stone
760 119 342 stone
760 119 343 stone
760 119 344 stone
760 119 345 stone
760 119 346 stone
760 119 347 stone
760 119 348 stone
760 119 349 stone
760 119 350 stone
760 119 351 stone
760 119 352 andesite
760 119 353 andesite
760 119 354 andesite
760 119 355 andesite
760 119 356 stone
760 119 357 stone
760 119 358 stone
760 119 359 stone
760 119 360 stone
760 119 361 stone
760 119 362 stone
760 119 363 stone
760 119 364 andesite
760 119 365 andesite
760 119 366 andesite
760 119 367 stone
760 119 368 stone
760 119 369 stone
760 119 370 stone
760 119 371 stone
760 119 372 stone
760 119 373 stone
760 119 374 stone
760 119 375 stone
760 119 376 stone
760 119 377 stone
760 119 378 stone
760 119 379 stone
760 119 380 stone
760 119 381 stone
760 119 382 stone
760 119 383 stone
761 119 256 stone
761 119 257 stone
761 119 258 stone
761 119 259 stone
761 119 260 stone
761 119 261 stone
761 119 262 stone
761 119 263 stone
761 119 264 stone
761 119 265 stone
761 119 266 stone
761 119 267 stone
761 119 268 stone
761 119 269 stone
761 119 270 stone
761 119 271 stone
761 119 272 stone
761 119 273 stone
761 119 274 stone
761 119 275 stone
761 119 276 stone
761 119 277 stone
761 119 278 stone
761 119 279 stone
761 119 280 andesite
761 119 281 andesite
761 119 282 andesite
761 119 283 andesite
761 119 284 andesite
761 119 285 andesite
761 119 286 stone
761 119 287 stone
761 119 288 stone
761 119 289 stone
761 119 290 stone
761 119 291 stone
761 119 316 stone
761 119 317 stone
761 119 318 stone
761 119 319 stone
761 119 320 stone
761 119 321 stone
761 119 322 stone
761 119 323 stone
761 119 324 stone
761 119 329 diorite
761 119 330 diorite
761 119 331 diorite
761 119 332 diorite
761 119 333 stone
761 119 334 stone
761 119 335 stone
761 119 336 stone
761 119 337 coal_ore
761 119 338 coal_ore
761 119 339 coal_ore
761 119 340 stone
761 119 341 stone
761 119 342 stone
761 119 343 stone
761 119 344 stone
761 119 345 stone
761 119 346 stone
761 119 347 stone
761 119 348 stone
761 119 349 stone
761 119 350 stone
761 119 351 stone
761 119 352 andesite
761 119 353 andesite
761 119 354 andesite
761 119 355 granite
761 119 356 stone
761 119 357 stone
761 119 358 stone
761 119 359 stone
761 119 360 stone
761 119 361 stone
761 119 362 stone
761 119 363 stone
761 119 364 andesite
761 119 365 andesite
761 119 366 andesite
761 119 367 andesite
761 119 368 stone
761 119 369 stone
761 119 370 stone
761 119 371 stone
761 119 372 stone
761 119 373 stone
761 119 374 stone
761 119 375 stone
761 119 376 stone
761 119 377 stone
761 119 378 stone
761 119 379 stone
761 119 380 stone
761 119 381 stone
761 119 382 stone
761 119 383 stone
762 119 256 stone
762 119 257 stone
762 119 258 stone
762 119 259 stone
762 119 260 stone
762 119 261 stone
762 119 262 stone
762 119 263 stone
762 119 264 stone
762 119 265 stone
762 119 266 stone
762 119 267 stone
762 119 268 stone
762 119 269 stone
762 119 270 stone
762 119 271 stone
762 119 272 stone
762 119 273 stone
762 119 274 stone
762 119 275 stone
762 119 276 stone
762 119 277 stone
762 119 278 stone
762 119 279 stone
762 119 280 stone
762 119 281 stone
762 119 282 stone
762 119 283 andesite
762 119 284 andesite
762 119 285 gravel
762 119 286 gravel
762 119 287 stone
762 119 288 stone
762 119 289 stone
762 119 290 stone
762 119 291 stone
762 119 310 stone
762 119 317 stone
762 119 318 stone
762 119 319 stone
762 119 320 stone
762 119 321 stone
762 119 322 stone
762 119 323 diorite
762 119 329 diorite
762 119 330 diorite
762 119 331 diorite
762 119 332 diorite
762 119 333 diorite
762 119 334 stone
762 119 335 stone
762 119 336 stone
762 119 337 stone
762 119 338 coal_ore
762 119 339 coal_ore
762 119 340 stone
762 119 341 stone
762 119 342 stone
762 119 343 stone
762 119 344 stone
762 119 345 stone
762 119 346 stone
762 119 347 stone
762 119 348 stone
762 119 349 stone
762 119 350 stone
762 119 351 granite
762 119 352 granite
762 119 353 granite
762 119 354 granite
762 119 355 granite
762 119 356 granite
762 119 357 stone
762 119 358 stone
762 119 359 stone
762 119 360 stone
762 119 361 stone
762 119 362 stone
762 119 363 stone
762 119 364 stone
762 119 365 andesite
762 119 366 andesite
762 119 367 andesite
762 119 368 andesite
762 119 369 andesite
762 119 370 stone
762 119 371 stone
762 119 372 stone
762 119 373 stone
762 119 374 stone
762 119 375 stone
762 119 376 stone
762 119 377 stone
762 119 378 stone
762 119 379 stone
762 119 380 stone
762 119 381 stone
762 119 382 stone
762 119 383 stone
763 119 256 stone
763 119 257 stone
763 119 258 stone
763 119 259 stone
763 119 260 stone
763 119 261 stone
763 119 262 stone
763 119 263 stone
763 119 264 stone
763 119 265 stone
