668 118 376 stone
668 118 377 stone
668 118 378 stone
668 118 379 stone
668 118 380 stone
668 118 381 stone
668 118 382 stone
668 118 383 stone
669 118 256 stone
669 118 257 stone
669 118 258 stone
669 118 259 stone
669 118 260 stone
669 118 261 stone
669 118 262 stone
669 118 263 stone
669 118 264 stone
669 118 265 stone
669 118 266 stone
669 118 267 diorite
669 118 268 diorite
669 118 269 diorite
669 118 270 diorite
669 118 271 diorite
669 118 272 diorite
669 118 273 diorite
669 118 274 diorite
669 118 275 diorite
669 118 276 diorite
669 118 277 stone
669 118 278 stone
669 118 279 stone
669 118 280 stone
669 118 281 stone
669 118 282 stone
669 118 283 stone
669 118 284 stone
669 118 285 granite
669 118 286 stone
669 118 287 stone
669 118 288 coal_ore
669 118 289 coal_ore
669 118 290 coal_ore
669 118 291 stone
669 118 292 stone
669 118 293 stone
669 118 294 stone
669 118 295 stone
669 118 296 stone
669 118 297 stone
669 118 298 stone
669 118 299 stone
669 118 300 stone
669 118 301 stone
669 118 302 stone
669 118 303 stone
669 118 304 stone
669 118 305 andesite
669 118 306 andesite
669 118 307 andesite
669 118 308 andesite
669 118 309 andesite
669 118 310 andesite
669 118 311 andesite
669 118 312 andesite
669 118 313 andesite
669 118 314 andesite
669 118 315 stone
669 118 316 stone
669 118 317 stone
669 118 318 stone
669 118 319 stone
669 118 320 stone
669 118 321 stone
669 118 322 stone
669 118 323 stone
669 118 324 stone
669 118 325 stone
669 118 326 stone
669 118 327 stone
669 118 328 stone
669 118 329 stone
669 118 330 gravel
669 118 331 gravel
669 118 332 gravel
669 118 333 gravel
669 118 334 gravel
669 118 335 gravel
669 118 336 gravel
669 118 337 gravel
669 118 338 stone
669 118 339 stone
669 118 340 stone
669 118 341 stone
669 118 342 stone
669 118 343 stone
669 118 344 stone
669 118 345 stone
669 118 346 stone
669 118 347 andesite
669 118 348 andesite
669 118 349 andesite
669 118 350 andesite
669 118 351 andesite
669 118 352 stone
669 118 353 stone
669 118 354 stone
669 118 355 stone
669 118 356 stone
669 118 357 stone
669 118 358 stone
669 118 359 stone
669 118 360 stone
669 118 361 stone
669 118 362 stone
669 118 363 stone
669 118 364 stone
669 118 365 stone
669 118 366 gravel
669 118 367 gravel
669 118 368 gravel
669 118 369 gravel
669 118 370 stone
669 118 371 stone
669 118 372 stone
669 118 373 stone
669 118 374 stone
669 118 375 stone
669 118 376 stone
669 118 377 stone
669 118 378 stone
669 118 379 stone
669 118 380 stone
669 118 381 stone
669 118 382 stone
669 118 383 stone
670 118 256 stone
670 118 257 stone
670 118 258 stone
670 118 259 stone
670 118 260 stone
670 118 261 stone
670 118 262 stone
670 118 263 stone
670 118 264 stone
670 118 265 stone
670 118 266 diorite
670 118 267 diorite
670 118 268 diorite
670 118 269 diorite
670 118 270 diorite
670 118 271 diorite
670 118 272 diorite
670 118 273 diorite
670 118 274 diorite
670 118 275 diorite
670 118 276 diorite
670 118 277 stone
670 118 278 stone
670 118 279 stone
670 118 280 granite
670 118 281 granite
670 118 282 granite
670 118 283 granite
670 118 284 granite
670 118 285 granite
670 118 286 granite
670 118 287 stone
670 118 288 stone
670 118 289 stone
670 118 290 diorite
670 118 291 diorite
670 118 292 diorite
670 118 293 stone
670 118 294 stone
670 118 295 stone
670 118 296 stone
670 118 297 stone
670 118 298 stone
670 118 299 stone
670 118 300 stone
670 118 301 stone
670 118 302 stone
670 118 303 stone
670 118 304 stone
670 118 305 stone
670 118 306 stone
670 118 307 andesite
670 118 308 andesite
670 118 309 andesite
670 118 310 andesite
670 118 311 andesite
670 118 312 andesite
670 118 313 andesite
670 118 314 andesite
670 118 315 stone
670 118 316 stone
670 118 317 stone
670 118 318 stone
670 118 319 stone
670 118 320 stone
670 118 321 stone
670 118 322 stone
670 118 323 stone
670 118 324 stone
670 118 325 stone
670 118 326 stone
670 118 327 stone
670 118 328 stone
670 118 329 stone
670 118 330 stone
670 118 331 stone
670 118 332 gravel
670 118 333 gravel
670 118 334 gravel
670 118 335 gravel
670 118 336 stone
670 118 337 stone
670 118 338 stone
670 118 339 stone
670 118 340 stone
670 118 341 stone
670 118 342 stone
670 118 343 stone
670 118 344 stone
670 118 345 stone
670 118 346 andesite
670 118 347 andesite
670 118 348 andesite
670 118 349 andesite
670 118 350 andesite
670 118 351 andesite
670 118 352 andesite
670 118 353 andesite
670 118 354 stone
670 118 355 stone
670 118 356 stone
670 118 357 stone
670 118 358 stone
670 118 359 stone
670 118 360 stone
670 118 361 stone
670 118 362 stone
670 118 363 stone
670 118 364 stone
670 118 365 stone
670 118 366 gravel
670 118 367 gravel
670 118 368 gravel
670 118 369 stone
670 118 370 stone
670 118 371 stone
670 118 372 stone
670 118 373 stone
670 118 374 stone
670 118 375 stone
670 118 376 diorite
670 118 377 diorite
670 118 378 diorite
670 118 379 diorite
670 118 380 diorite
670 118 381 diorite
670 118 382 diorite
670 118 383 diorite
671 118 256 stone
671 118 257 stone
671 118 258 stone
671 118 259 stone
671 118 260 stone
671 118 261 stone
671 118 262 stone
671 118 263 stone
671 118 264 stone
671 118 265 diorite
671 118 266 diorite
671 118 267 diorite
671 118 268 diorite
671 118 269 diorite
671 118 270 diorite
671 118 271 diorite
671 118 272 diorite
671 118 273 diorite
671 118 274 diorite
671 118 275 diorite
671 118 276 stone
671 118 277 stone
671 118 278 stone
671 118 279 granite
671 118 280 granite
671 118 281 granite
671 118 282 granite
671 118 283 granite
671 118 284 granite
671 118 285 granite
671 118 286 granite
671 118 287 stone
671 118 288 stone
671 118 289 diorite
671 118 290 diorite
671 118 291 diorite
671 118 292 diorite
671 118 293 stone
671 118 294 stone
671 118 295 stone
671 118 296 stone
671 118 297 stone
671 118 298 stone
671 118 299 stone
671 118 300 stone
671 118 301 stone
671 118 302 stone
671 118 303 stone
671 118 304 stone
671 118 305 stone
671 118 306 stone
671 118 307 andesite
671 118 308 andesite
671 118 309 andesite
671 118 310 andesite
671 118 311 andesite
671 118 312 andesite
671 118 313 andesite
671 118 314 andesite
671 118 315 andesite
671 118 316 stone
671 118 317 stone
671 118 318 stone
671 118 319 stone
671 118 320 stone
671 118 321 stone
671 118 322 stone
671 118 323 stone
671 118 324 stone
671 118 325 stone
671 118 326 stone
671 118 327 stone
671 118 328 stone
671 118 329 stone
671 118 330 stone
671 118 331 stone
671 118 332 stone
671 118 333 stone
671 118 334 stone
671 118 335 stone
671 118 336 stone
671 118 337 stone
671 118 338 stone
671 118 339 stone
671 118 340 stone
671 118 341 stone
671 118 342 stone
671 118 343 granite
671 118 344 stone
671 118 345 stone
671 118 346 stone
671 118 347 andesite
671 118 348 andesite
671 118 349 andesite
671 118 350 andesite
671 118 351 andesite
671 118 352 andesite
671 118 353 andesite
671 118 354 andesite
671 118 355 stone
671 118 356 stone
671 118 357 stone
671 118 358 stone
671 118 359 stone
671 118 360 stone
671 118 361 stone
671 118 362 stone
671 118 363 stone
671 118 364 stone
671 118 365 stone
671 118 366 gravel
671 118 367 gravel
671 118 368 gravel
671 118 369 stone
671 118 370 stone
671 118 371 stone
671 118 372 stone
671 118 373 stone
671 118 374 diorite
671 118 375 diorite
671 118 376 diorite
671 118 377 diorite
671 118 378 diorite
671 118 379 diorite
671 118 380 diorite
671 118 381 diorite
671 118 382 diorite
671 118 383 diorite
672 118 256 stone
672 118 257 diorite
672 118 258 diorite
672 118 259 stone
672 118 260 stone
672 118 261 stone
672 118 262 stone
672 118 263 stone
672 118 264 stone
672 118 265 diorite
672 118 266 diorite
672 118 267 diorite
672 118 268 diorite
672 118 269 diorite
672 118 270 diorite
672 118 271 diorite
672 118 272 diorite
672 118 273 diorite
672 118 274 diorite
672 118 275 stone
672 118 276 stone
672 118 277 granite
672 118 278 granite
672 118 279 granite
672 118 280 granite
672 118 281 granite
672 118 282 granite
672 118 283 granite
672 118 284 granite
672 118 285 granite
672 118 286 granite
672 118 287 stone
672 118 288 stone
672 118 289 diorite
672 118 290 diorite
672 118 291 diorite
672 118 292 diorite
672 118 293 diorite
672 118 294 stone
672 118 295 stone
672 118 296 stone
672 118 297 stone
672 118 298 stone
672 118 299 stone
672 118 300 stone
672 118 301 stone
672 118 302 stone
672 118 303 stone
672 118 304 stone
672 118 305 stone
672 118 306 stone
672 118 307 andesite
672 118 308 andesite
672 118 309 andesite
672 118 310 andesite
672 118 311 andesite
672 118 312 andesite
672 118 313 andesite
672 118 314 andesite
672 118 315 andesite
672 118 316 andesite
672 118 317 stone
672 118 318 stone
672 118 319 stone
672 118 320 stone
672 118 321 stone
672 118 322 stone
672 118 323 stone
672 118 324 stone
672 118 325 stone
672 118 326 stone
672 118 327 stone
672 118 328 stone
672 118 329 stone
672 118 330 copper_ore
672 118 331 copper_ore
672 118 332 stone
672 118 333 stone
672 118 334 stone
672 118 335 stone
672 118 336 stone
672 118 337 stone
672 118 338 stone
672 118 339 stone
672 118 340 stone
672 118 341 stone
672 118 342 copper_ore
672 118 343 granite
672 118 344 granite
672 118 345 stone
672 118 346 stone
672 118 347 andesite
672 118 348 andesite
672 118 349 andesite
672 118 350 andesite
672 118 351 andesite
672 118 352 andesite
672 118 353 andesite
672 118 354 andesite
672 118 355 stone
672 118 356 stone
672 118 357 stone
672 118 358 stone
672 118 359 stone
672 118 360 stone
672 118 361 stone
672 118 362 stone
672 118 363 stone
672 118 364 stone
672 118 365 stone
672 118 366 stone
672 118 367 gravel
672 118 368 stone
672 118 369 stone
672 118 370 stone
672 118 371 stone
672 118 372 diorite
672 118 373 diorite
672 118 374 diorite
672 118 375 diorite
672 118 376 diorite
672 118 377 diorite
672 118 378 diorite
672 118 379 diorite
672 118 380 diorite
672 118 381 diorite
672 118 382 diorite
672 118 383 diorite
673 118 256 diorite
673 118 257 diorite
673 118 258 diorite
673 118 259 copper_ore
673 118 260 stone
673 118 261 stone
673 118 262 stone
673 118 263 stone
673 118 264 diorite
673 118 265 diorite
673 118 266 diorite
673 118 267 diorite
673 118 268 diorite
673 118 269 diorite
673 118 270 diorite
673 118 271 diorite
673 118 272 diorite
673 118 273 diorite
673 118 274 stone
673 118 275 granite
673 118 276 granite
673 118 277 granite
673 118 278 granite
673 118 279 granite
673 118 280 granite
673 118 281 granite
673 118 282 granite
673 118 283 granite
673 118 284 granite
673 118 285 granite
673 118 286 stone
673 118 287 stone
673 118 288 diorite
673 118 289 diorite
673 118 290 diorite
673 118 291 diorite
673 118 292 diorite
673 118 293 stone
673 118 294 stone
673 118 295 stone
673 118 296 stone
673 118 297 stone
673 118 298 stone
673 118 299 stone
673 118 300 stone
673 118 301 stone
673 118 302 stone
673 118 303 stone
673 118 304 stone
673 118 305 stone
673 118 306 stone
673 118 307 stone
673 118 308 stone
673 118 309 andesite
673 118 310 andesite
673 118 311 andesite
673 118 312 andesite
673 118 313 andesite
673 118 314 andesite
673 118 315 andesite
673 118 316 andesite
673 118 317 stone
673 118 318 stone
673 118 319 stone
673 118 320 stone
673 118 321 stone
673 118 322 stone
673 118 323 stone
673 118 324 stone
673 118 325 stone
673 118 326 stone
673 118 327 stone
673 118 328 stone
673 118 329 stone
673 118 330 copper_ore
673 118 331 copper_ore
673 118 332 stone
673 118 333 stone
673 118 334 stone
673 118 335 stone
673 118 336 stone
673 118 337 stone
673 118 338 stone
673 118 339 stone
673 118 340 stone
673 118 341 granite
673 118 342 copper_ore
673 118 343 copper_ore
673 118 344 granite
673 118 345 stone
673 118 346 stone
673 118 347 stone
673 118 348 stone
673 118 349 andesite
673 118 350 andesite
673 118 351 andesite
673 118 352 andesite
673 118 353 andesite
673 118 354 andesite
673 118 355 andesite
673 118 356 andesite
673 118 357 stone
673 118 358 stone
673 118 359 stone
673 118 360 stone
673 118 361 stone
673 118 362 stone
673 118 363 stone
673 118 364 stone
673 118 365 stone
673 118 366 stone
673 118 367 stone
673 118 368 stone
673 118 369 stone
673 118 370 stone
673 118 371 diorite
673 118 372 diorite
673 118 373 diorite
673 118 374 diorite
673 118 375 diorite
673 118 376 diorite
673 118 377 diorite
673 118 378 diorite
673 118 379 diorite
673 118 380 diorite
673 118 381 diorite
673 118 382 diorite
673 118 383 diorite
674 118 256 diorite
674 118 257 diorite
674 118 258 diorite
674 118 259 diorite
674 118 260 stone
674 118 261 stone
674 118 262 stone
674 118 263 stone
674 118 264 diorite
674 118 265 diorite
674 118 266 diorite
674 118 267 diorite
674 118 268 diorite
674 118 269 diorite
674 118 270 diorite
674 118 271 diorite
674 118 272 stone
674 118 273 stone
674 118 274 granite
674 118 275 granite
674 118 276 granite
674 118 277 granite
674 118 278 granite
674 118 279 granite
674 118 280 granite
674 118 281 granite
674 118 282 granite
674 118 283 granite
674 118 284 granite
674 118 285 granite
674 118 286 stone
674 118 287 stone
674 118 288 diorite
674 118 289 diorite
674 118 290 diorite
674 118 291 diorite
674 118 292 diorite
674 118 293 stone
674 118 294 stone
674 118 295 stone
674 118 296 stone
674 118 297 stone
674 118 298 stone
674 118 299 stone
674 118 300 stone
674 118 301 stone
674 118 302 stone
674 118 303 stone
674 118 304 stone
674 118 305 stone
674 118 306 stone
674 118 307 stone
674 118 308 stone
674 118 309 stone
674 118 310 stone
674 118 311 andesite
674 118 312 andesite
674 118 313 andesite
674 118 314 andesite
674 118 315 andesite
674 118 316 andesite
674 118 317 stone
674 118 318 stone
674 118 319 stone
674 118 320 stone
674 118 321 stone
674 118 322 stone
674 118 323 stone
674 118 324 stone
674 118 325 stone
674 118 326 stone
674 118 327 stone
674 118 328 stone
674 118 329 stone
674 118 330 copper_ore
674 118 331 stone
674 118 332 stone
674 118 333 stone
674 118 334 stone
674 118 335 stone
674 118 336 stone
674 118 337 stone
674 118 338 stone
674 118 339 stone
674 118 340 stone
674 118 341 granite
674 118 342 copper_ore
674 118 343 copper_ore
674 118 344 granite
674 118 345 stone
674 118 346 stone
674 118 347 stone
674 118 348 stone
674 118 349 stone
674 118 350 andesite
674 118 351 andesite
674 118 352 andesite
674 118 353 andesite
674 118 354 andesite
674 118 355 andesite
674 118 356 andesite
674 118 357 stone
674 118 358 stone
674 118 359 stone
674 118 360 stone
674 118 361 stone
674 118 362 stone
674 118 363 stone
674 118 364 stone
674 118 365 stone
674 118 366 stone
674 118 367 stone
674 118 368 stone
674 118 369 stone
674 118 370 diorite
674 118 371 diorite
674 118 372 diorite
674 118 373 diorite
674 118 374 diorite
674 118 375 diorite
674 118 376 diorite
674 118 377 diorite
674 118 378 diorite
674 118 379 diorite
674 118 380 diorite
674 118 381 diorite
674 118 382 diorite
674 118 383 diorite
675 118 256 diorite
675 118 257 diorite
675 118 258 diorite
675 118 259 diorite
675 118 260 stone
675 118 261 stone
675 118 262 stone
675 118 263 stone
675 118 264 stone
675 118 265 diorite
675 118 266 diorite
675 118 267 diorite
675 118 268 diorite
675 118 269 diorite
675 118 270 stone
675 118 271 stone
675 118 272 stone
675 118 273 granite
675 118 274 granite
675 118 275 granite
675 118 276 granite
675 118 277 granite
675 118 278 granite
675 118 279 granite
675 118 280 granite
675 118 281 granite
675 118 282 granite
675 118 283 granite
675 118 284 granite
675 118 285 stone
675 118 286 stone
675 118 287 diorite
675 118 288 diorite
675 118 289 diorite
675 118 290 diorite
675 118 291 diorite
675 118 292 stone
675 118 293 stone
675 118 294 stone
675 118 295 stone
675 118 296 stone
675 118 297 stone
675 118 298 stone
675 118 299 stone
675 118 300 stone
675 118 301 stone
675 118 302 stone
675 118 303 stone
675 118 304 stone
675 118 305 stone
675 118 306 stone
675 118 307 stone
675 118 308 stone
675 118 309 stone
675 118 310 stone
675 118 311 stone
675 118 312 stone
675 118 313 stone
675 118 314 stone
675 118 315 stone
675 118 316 stone
675 118 317 stone
675 118 318 stone
675 118 319 stone
675 118 320 stone
675 118 321 stone
675 118 322 stone
675 118 323 stone
675 118 324 stone
675 118 325 stone
675 118 326 stone
675 118 327 stone
675 118 328 stone
675 118 329 stone
675 118 330 stone
675 118 331 stone
675 118 332 stone
675 118 333 stone
675 118 334 stone
675 118 335 stone
675 118 336 stone
675 118 337 stone
675 118 338 stone
675 118 339 stone
675 118 340 granite
675 118 341 granite
675 118 342 granite
675 118 343 granite
675 118 344 granite
675 118 345 granite
675 118 346 coal_ore
675 118 347 coal_ore
675 118 348 stone
675 118 349 stone
675 118 350 stone
675 118 351 andesite
675 118 352 andesite
675 118 353 andesite
675 118 354 andesite
675 118 355 andesite
675 118 356 andesite
675 118 357 stone
675 118 358 stone
675 118 359 stone
675 118 360 stone
675 118 361 stone
675 118 362 stone
675 118 363 stone
675 118 364 stone
675 118 365 stone
675 118 366 stone
675 118 367 stone
675 118 368 diorite
675 118 369 diorite
675 118 370 diorite
675 118 371 diorite
675 118 372 diorite
675 118 373 diorite
675 118 374 diorite
675 118 375 diorite
675 118 376 diorite
675 118 377 diorite
675 118 378 diorite
675 118 379 diorite
675 118 380 diorite
675 118 381 diorite
675 118 382 stone
675 118 383 stone
676 118 256 diorite
676 118 257 diorite
676 118 258 diorite
676 118 259 stone
676 118 260 stone
676 118 261 stone
676 118 262 stone
676 118 263 stone
676 118 264 stone
676 118 265 stone
676 118 266 stone
676 118 267 stone
676 118 268 stone
676 118 269 stone
676 118 270 stone
676 118 271 stone
676 118 272 granite
676 118 273 granite
676 118 274 granite
676 118 275 granite
676 118 276 granite
676 118 277 granite
676 118 278 granite
676 118 279 granite
676 118 280 granite
676 118 281 granite
676 118 282 granite
676 118 283 granite
676 118 284 granite
676 118 285 stone
676 118 286 stone
676 118 287 diorite
676 118 288 diorite
676 118 289 diorite
676 118 290 diorite
676 118 291 diorite
676 118 292 andesite
676 118 293 andesite
676 118 294 andesite
676 118 295 andesite
676 118 296 stone
676 118 297 stone
676 118 298 stone
676 118 299 stone
676 118 300 stone
676 118 301 stone
676 118 302 stone
676 118 303 stone
676 118 304 stone
676 118 305 stone
676 118 306 stone
676 118 307 stone
676 118 308 stone
676 118 309 stone
676 118 310 stone
676 118 311 stone
676 118 312 stone
676 118 313 stone
676 118 314 stone
676 118 315 stone
676 118 316 stone
676 118 317 stone
676 118 318 stone
676 118 319 stone
676 118 320 stone
676 118 321 stone
676 118 322 stone
676 118 323 stone
676 118 324 stone
676 118 325 stone
676 118 326 stone
676 118 327 stone
676 118 328 stone
676 118 329 stone
676 118 330 stone
676 118 331 stone
676 118 332 stone
676 118 333 stone
676 118 334 stone
676 118 335 stone
676 118 336 stone
676 118 337 stone
676 118 338 stone
676 118 339 stone
676 118 340 granite
676 118 341 granite
676 118 342 granite
676 118 343 granite
676 118 344 granite
676 118 345 granite
676 118 346 coal_ore
676 118 347 stone
676 118 348 stone
676 118 349 stone
676 118 350 stone
676 118 351 stone
676 118 352 stone
676 118 353 andesite
676 118 354 andesite
676 118 355 andesite
676 118 356 andesite
676 118 357 stone
676 118 358 stone
676 118 359 stone
676 118 360 stone
676 118 361 stone
676 118 362 stone
676 118 363 stone
676 118 364 stone
676 118 365 stone
676 118 366 stone
676 118 367 diorite
676 118 368 diorite
676 118 369 diorite
676 118 370 diorite
676 118 371 diorite
676 118 372 diorite
676 118 373 diorite
676 118 374 diorite
676 118 375 diorite
676 118 376 diorite
676 118 377 diorite
676 118 378 diorite
676 118 379 diorite
676 118 380 diorite
676 118 381 stone
676 118 382 stone
676 118 383 stone
677 118 256 stone
677 118 257 diorite
677 118 258 diorite
677 118 259 stone
677 118 260 stone
677 118 261 stone
677 118 262 stone
677 118 263 stone
677 118 264 stone
677 118 265 stone
677 118 266 stone
677 118 267 stone
677 118 268 stone
677 118 269 stone
677 118 270 stone
677 118 271 stone
677 118 272 granite
677 118 273 granite
677 118 274 granite
677 118 275 granite
677 118 276 granite
677 118 277 granite
677 118 278 granite
677 118 279 granite
677 118 280 granite
677 118 281 granite
677 118 282 granite
677 118 283 stone
677 118 284 stone
677 118 285 stone
677 118 286 stone
677 118 287 diorite
677 118 288 diorite
677 118 289 diorite
677 118 290 diorite
677 118 291 stone
677 118 292 andesite
677 118 293 andesite
677 118 294 andesite
677 118 295 andesite
677 118 296 andesite
677 118 297 stone
677 118 298 stone
677 118 299 stone
677 118 300 stone
677 118 301 stone
677 118 302 stone
