675 108 278 stone
675 108 279 stone
675 108 280 stone
675 108 281 stone
675 108 282 stone
675 108 283 stone
675 108 284 stone
675 108 285 stone
675 108 286 stone
675 108 287 stone
675 108 288 stone
675 108 289 andesite
675 108 290 andesite
675 108 291 andesite
675 108 292 andesite
675 108 293 andesite
675 108 294 andesite
675 108 295 andesite
675 108 296 andesite
675 108 297 andesite
675 108 298 andesite
675 108 299 stone
675 108 300 stone
675 108 301 stone
675 108 302 stone
675 108 303 stone
675 108 304 stone
675 108 305 stone
675 108 306 stone
675 108 307 stone
675 108 308 stone
675 108 309 stone
675 108 310 stone
675 108 311 stone
675 108 312 stone
675 108 313 stone
675 108 314 stone
675 108 315 stone
675 108 316 stone
675 108 317 stone
675 108 318 stone
675 108 319 stone
675 108 320 stone
675 108 321 stone
675 108 322 stone
675 108 323 stone
675 108 324 stone
675 108 325 stone
675 108 326 stone
675 108 327 stone
675 108 328 stone
675 108 329 granite
675 108 330 granite
675 108 331 granite
675 108 332 granite
675 108 333 granite
675 108 334 granite
675 108 335 granite
675 108 336 stone
675 108 337 stone
675 108 338 stone
675 108 339 stone
675 108 340 stone
675 108 341 stone
675 108 342 stone
675 108 343 stone
675 108 344 stone
675 108 345 stone
675 108 346 stone
675 108 347 stone
675 108 348 stone
675 108 349 stone
675 108 350 stone
675 108 351 stone
675 108 352 stone
675 108 353 stone
675 108 354 stone
675 108 355 stone
675 108 356 stone
675 108 357 stone
675 108 358 stone
675 108 359 granite
675 108 360 granite
675 108 361 granite
675 108 362 iron_ore
675 108 363 dirt
675 108 364 dirt
675 108 365 dirt
675 108 366 dirt
675 108 367 dirt
675 108 368 dirt
675 108 369 dirt
675 108 370 granite
675 108 371 granite
675 108 372 stone
675 108 373 stone
675 108 374 stone
675 108 375 stone
675 108 376 stone
675 108 377 stone
675 108 378 stone
675 108 379 stone
675 108 380 andesite
675 108 381 andesite
675 108 382 andesite
675 108 383 andesite
676 108 256 stone
676 108 257 stone
676 108 258 stone
676 108 259 stone
676 108 260 stone
676 108 261 stone
676 108 262 stone
676 108 263 stone
676 108 264 stone
676 108 265 stone
676 108 266 stone
676 108 267 stone
676 108 268 stone
676 108 269 stone
676 108 270 stone
676 108 271 stone
676 108 272 stone
676 108 273 stone
676 108 274 stone
676 108 275 stone
676 108 276 stone
676 108 277 stone
676 108 278 stone
676 108 279 stone
676 108 280 stone
676 108 281 stone
676 108 282 stone
676 108 283 stone
676 108 284 stone
676 108 285 stone
676 108 286 stone
676 108 287 stone
676 108 288 stone
676 108 289 andesite
676 108 290 andesite
676 108 291 andesite
676 108 292 andesite
676 108 293 andesite
676 108 294 andesite
676 108 295 andesite
676 108 296 andesite
676 108 297 andesite
676 108 298 granite
676 108 299 stone
676 108 300 stone
676 108 301 stone
676 108 302 stone
676 108 303 stone
676 108 304 stone
676 108 305 stone
676 108 306 stone
676 108 307 stone
676 108 308 stone
676 108 309 stone
676 108 310 stone
676 108 311 stone
676 108 312 stone
676 108 313 stone
676 108 314 stone
676 108 315 stone
676 108 316 stone
676 108 317 stone
676 108 318 stone
676 108 319 stone
676 108 320 stone
676 108 321 stone
676 108 322 stone
676 108 323 stone
676 108 324 stone
676 108 325 stone
676 108 326 stone
676 108 327 stone
676 108 328 stone
676 108 329 stone
676 108 330 stone
676 108 331 stone
676 108 332 granite
676 108 333 granite
676 108 334 granite
676 108 335 granite
676 108 336 stone
676 108 337 stone
676 108 338 stone
676 108 339 stone
676 108 340 stone
676 108 341 stone
676 108 342 stone
676 108 343 stone
676 108 344 stone
676 108 345 stone
676 108 346 stone
676 108 347 stone
676 108 348 stone
676 108 349 stone
676 108 350 stone
676 108 351 stone
676 108 352 stone
676 108 353 stone
676 108 354 stone
676 108 355 stone
676 108 356 stone
676 108 357 stone
676 108 358 stone
676 108 359 granite
676 108 360 granite
676 108 361 granite
676 108 362 granite
676 108 363 granite
676 108 364 dirt
676 108 365 dirt
676 108 366 dirt
676 108 367 dirt
676 108 368 dirt
676 108 369 dirt
676 108 370 dirt
676 108 371 stone
676 108 372 stone
676 108 373 stone
676 108 374 stone
676 108 375 stone
676 108 376 stone
676 108 377 stone
676 108 378 stone
676 108 379 stone
676 108 380 andesite
676 108 381 andesite
676 108 382 andesite
676 108 383 andesite
677 108 256 stone
677 108 257 stone
677 108 258 stone
677 108 259 stone
677 108 260 stone
677 108 261 stone
677 108 262 stone
677 108 263 stone
677 108 264 stone
677 108 265 stone
677 108 266 stone
677 108 267 stone
677 108 268 stone
677 108 269 stone
677 108 270 stone
677 108 271 stone
677 108 272 stone
677 108 273 stone
677 108 274 stone
677 108 275 stone
677 108 276 stone
677 108 277 stone
677 108 278 stone
677 108 279 stone
677 108 280 stone
677 108 281 stone
677 108 282 stone
677 108 283 stone
677 108 284 stone
677 108 285 stone
677 108 286 stone
677 108 287 stone
677 108 288 stone
677 108 289 andesite
677 108 290 andesite
677 108 291 andesite
677 108 292 andesite
677 108 293 andesite
677 108 294 andesite
677 108 295 andesite
677 108 296 andesite
677 108 297 granite
677 108 298 granite
677 108 299 granite
677 108 300 stone
677 108 301 stone
677 108 302 stone
677 108 303 stone
677 108 304 stone
677 108 305 stone
677 108 306 stone
677 108 307 stone
677 108 308 stone
677 108 309 stone
677 108 310 stone
677 108 311 stone
677 108 312 stone
677 108 313 stone
677 108 314 stone
677 108 315 stone
677 108 316 stone
677 108 317 stone
677 108 318 stone
677 108 319 stone
677 108 320 stone
677 108 321 stone
677 108 322 stone
677 108 323 stone
677 108 324 stone
677 108 325 stone
677 108 326 stone
677 108 327 stone
677 108 328 stone
677 108 329 stone
677 108 330 stone
677 108 331 stone
677 108 332 stone
677 108 333 stone
677 108 334 stone
677 108 335 stone
677 108 336 stone
677 108 337 stone
677 108 338 stone
677 108 339 stone
677 108 340 stone
677 108 341 stone
677 108 342 stone
677 108 343 stone
677 108 344 stone
677 108 345 stone
677 108 346 stone
677 108 347 stone
677 108 348 stone
677 108 349 stone
677 108 350 stone
677 108 351 stone
677 108 352 stone
677 108 353 stone
677 108 354 stone
677 108 355 stone
677 108 356 stone
677 108 357 stone
677 108 358 stone
677 108 359 granite
677 108 360 granite
677 108 361 granite
677 108 362 granite
677 108 363 granite
677 108 364 granite
677 108 365 dirt
677 108 366 dirt
677 108 367 dirt
677 108 368 dirt
677 108 369 dirt
677 108 370 dirt
677 108 371 dirt
677 108 372 stone
677 108 373 stone
677 108 374 stone
677 108 375 stone
677 108 376 stone
677 108 377 stone
677 108 378 stone
677 108 379 stone
677 108 380 stone
677 108 381 andesite
677 108 382 andesite
677 108 383 andesite
678 108 256 stone
678 108 257 stone
678 108 258 stone
678 108 259 stone
678 108 260 stone
678 108 261 stone
678 108 262 stone
678 108 263 stone
678 108 264 stone
678 108 265 stone
678 108 266 stone
678 108 267 stone
678 108 268 stone
678 108 269 stone
678 108 270 stone
678 108 271 stone
678 108 272 stone
678 108 273 stone
678 108 274 stone
678 108 275 stone
678 108 276 stone
678 108 277 stone
678 108 278 stone
678 108 279 stone
678 108 280 stone
678 108 281 stone
678 108 282 stone
678 108 283 stone
678 108 284 stone
678 108 285 stone
678 108 286 stone
678 108 287 stone
678 108 288 andesite
678 108 289 andesite
678 108 290 andesite
678 108 291 andesite
678 108 292 andesite
678 108 293 andesite
678 108 294 andesite
678 108 295 andesite
678 108 296 andesite
678 108 297 granite
678 108 298 granite
678 108 299 granite
678 108 300 stone
678 108 301 stone
678 108 302 stone
678 108 303 stone
678 108 304 stone
678 108 305 stone
678 108 306 stone
678 108 307 stone
678 108 308 stone
678 108 309 stone
678 108 310 stone
678 108 311 stone
678 108 312 stone
678 108 313 stone
678 108 314 stone
678 108 315 stone
678 108 316 stone
678 108 317 stone
678 108 318 stone
678 108 319 stone
678 108 320 stone
678 108 321 stone
678 108 322 stone
678 108 323 stone
678 108 324 stone
678 108 325 stone
678 108 326 stone
678 108 327 stone
678 108 328 stone
678 108 329 stone
678 108 330 stone
678 108 331 stone
678 108 332 stone
678 108 333 stone
678 108 334 stone
678 108 335 stone
678 108 336 stone
678 108 337 stone
678 108 338 stone
678 108 339 stone
678 108 340 stone
678 108 341 stone
678 108 342 stone
678 108 343 stone
678 108 344 stone
678 108 345 stone
678 108 346 stone
678 108 347 stone
678 108 348 stone
678 108 349 stone
678 108 350 stone
678 108 351 stone
678 108 352 stone
678 108 353 stone
678 108 354 stone
678 108 355 stone
678 108 356 stone
678 108 357 stone
678 108 358 stone
678 108 359 stone
678 108 360 diorite
678 108 361 diorite
678 108 362 diorite
678 108 363 granite
678 108 364 diorite
678 108 365 diorite
678 108 366 diorite
678 108 367 dirt
678 108 368 dirt
678 108 369 dirt
678 108 370 dirt
678 108 371 stone
678 108 372 stone
678 108 373 stone
678 108 374 stone
678 108 375 stone
678 108 376 stone
678 108 377 stone
678 108 378 stone
678 108 379 stone
678 108 380 stone
678 108 381 andesite
678 108 382 andesite
678 108 383 andesite
679 108 256 stone
679 108 257 stone
679 108 258 stone
679 108 259 stone
679 108 260 stone
679 108 261 stone
679 108 262 stone
679 108 263 stone
679 108 264 stone
679 108 265 stone
679 108 266 stone
679 108 267 stone
679 108 268 stone
679 108 269 stone
679 108 270 stone
679 108 271 stone
679 108 272 stone
679 108 273 stone
679 108 274 stone
679 108 275 stone
679 108 276 stone
679 108 277 stone
679 108 278 stone
679 108 279 stone
679 108 280 stone
679 108 281 coal_ore
679 108 282 coal_ore
679 108 283 stone
679 108 284 stone
679 108 285 stone
679 108 286 stone
679 108 287 andesite
679 108 288 andesite
679 108 289 andesite
679 108 290 andesite
679 108 291 andesite
679 108 292 andesite
679 108 293 andesite
679 108 294 andesite
679 108 295 granite
679 108 296 granite
679 108 297 granite
679 108 298 granite
679 108 299 granite
679 108 300 stone
679 108 301 stone
679 108 302 stone
679 108 303 stone
679 108 304 stone
679 108 305 stone
679 108 306 stone
679 108 307 stone
679 108 308 stone
679 108 309 stone
679 108 310 stone
679 108 311 stone
679 108 312 stone
679 108 313 stone
679 108 314 stone
679 108 315 stone
679 108 316 stone
679 108 317 stone
679 108 318 stone
679 108 319 stone
679 108 320 stone
679 108 321 stone
679 108 322 stone
679 108 323 stone
679 108 324 stone
679 108 325 stone
679 108 326 stone
679 108 327 stone
679 108 328 stone
679 108 329 stone
679 108 330 stone
679 108 331 stone
679 108 332 stone
679 108 333 stone
679 108 334 stone
679 108 335 stone
679 108 336 stone
679 108 337 stone
679 108 338 stone
679 108 339 stone
679 108 340 stone
679 108 341 stone
679 108 342 stone
679 108 343 stone
679 108 344 stone
679 108 345 stone
679 108 346 stone
679 108 347 stone
679 108 348 stone
679 108 349 stone
679 108 350 stone
679 108 351 stone
679 108 352 stone
679 108 353 stone
679 108 354 stone
679 108 355 stone
679 108 356 stone
679 108 357 stone
679 108 358 stone
679 108 359 diorite
679 108 360 diorite
679 108 361 diorite
679 108 362 diorite
679 108 363 diorite
679 108 364 diorite
679 108 365 diorite
679 108 366 diorite
679 108 367 diorite
679 108 368 stone
679 108 369 stone
679 108 370 stone
679 108 371 stone
679 108 372 stone
679 108 373 stone
679 108 374 stone
679 108 375 stone
679 108 376 stone
679 108 377 stone
679 108 378 stone
679 108 379 stone
679 108 380 stone
679 108 381 andesite
679 108 382 andesite
679 108 383 andesite
680 108 256 stone
680 108 257 stone
680 108 258 stone
680 108 259 dirt
680 108 260 dirt
680 108 261 stone
680 108 262 stone
680 108 263 stone
680 108 264 stone
680 108 265 stone
680 108 266 stone
680 108 267 stone
680 108 268 stone
680 108 269 stone
680 108 270 stone
680 108 271 stone
680 108 272 stone
680 108 273 stone
680 108 274 stone
680 108 275 stone
680 108 276 stone
680 108 277 stone
680 108 278 stone
680 108 279 stone
680 108 280 coal_ore
680 108 281 coal_ore
680 108 282 coal_ore
680 108 283 coal_ore
680 108 284 stone
680 108 285 stone
680 108 286 stone
680 108 287 andesite
680 108 288 andesite
680 108 289 andesite
680 108 290 andesite
680 108 291 andesite
680 108 292 andesite
680 108 293 andesite
680 108 294 granite
680 108 295 granite
680 108 296 granite
680 108 297 granite
680 108 298 granite
680 108 299 granite
680 108 300 stone
680 108 301 stone
680 108 302 stone
680 108 303 stone
680 108 304 stone
680 108 305 stone
680 108 306 stone
680 108 307 stone
680 108 308 stone
680 108 309 stone
680 108 310 stone
680 108 311 stone
680 108 312 stone
680 108 313 stone
680 108 314 stone
680 108 315 stone
680 108 316 stone
680 108 317 stone
680 108 318 stone
680 108 319 stone
680 108 320 stone
680 108 321 stone
680 108 322 stone
680 108 323 stone
680 108 324 stone
680 108 325 stone
680 108 326 stone
680 108 327 stone
680 108 328 stone
680 108 329 stone
680 108 330 stone
680 108 331 stone
680 108 332 stone
680 108 333 stone
680 108 334 stone
680 108 335 stone
680 108 336 stone
680 108 337 stone
680 108 338 stone
680 108 339 stone
680 108 340 stone
680 108 341 stone
680 108 342 stone
680 108 343 stone
680 108 344 stone
680 108 345 stone
680 108 346 stone
680 108 347 stone
680 108 348 stone
680 108 349 stone
680 108 350 stone
680 108 351 stone
680 108 352 stone
680 108 353 stone
680 108 354 stone
680 108 355 stone
680 108 356 stone
680 108 357 stone
680 108 358 diorite
680 108 359 diorite
680 108 360 diorite
680 108 361 diorite
680 108 362 diorite
680 108 363 diorite
680 108 364 diorite
680 108 365 diorite
680 108 366 diorite
680 108 367 stone
680 108 368 stone
680 108 369 stone
680 108 370 stone
680 108 371 stone
680 108 372 stone
680 108 373 stone
680 108 374 stone
680 108 375 stone
680 108 376 stone
680 108 377 andesite
680 108 378 andesite
680 108 379 andesite
680 108 380 andesite
680 108 381 andesite
680 108 382 andesite
680 108 383 andesite
681 108 256 stone
681 108 257 dirt
681 108 258 dirt
681 108 259 dirt
681 108 260 dirt
681 108 261 copper_ore
681 108 262 copper_ore
681 108 263 stone
681 108 264 stone
681 108 265 stone
681 108 266 stone
681 108 267 stone
681 108 268 stone
681 108 269 stone
681 108 270 stone
681 108 271 stone
681 108 272 stone
681 108 273 stone
681 108 274 stone
681 108 275 stone
681 108 276 stone
681 108 277 stone
681 108 278 coal_ore
681 108 279 coal_ore
681 108 280 coal_ore
681 108 281 coal_ore
681 108 282 coal_ore
681 108 283 stone
681 108 284 stone
681 108 285 stone
681 108 286 stone
681 108 287 stone
681 108 288 andesite
681 108 289 andesite
681 108 290 andesite
681 108 291 andesite
681 108 292 granite
681 108 293 granite
681 108 294 granite
681 108 295 granite
681 108 296 granite
681 108 297 granite
681 108 298 granite
681 108 299 stone
681 108 300 stone
681 108 301 stone
681 108 302 stone
681 108 303 stone
681 108 304 stone
681 108 305 stone
681 108 306 stone
681 108 307 stone
681 108 308 stone
681 108 309 stone
681 108 310 stone
681 108 311 stone
681 108 312 stone
681 108 313 stone
681 108 314 stone
681 108 315 stone
681 108 316 stone
681 108 317 stone
681 108 318 granite
681 108 319 granite
681 108 320 stone
681 108 321 granite
681 108 322 stone
681 108 323 stone
681 108 324 stone
681 108 325 stone
681 108 326 stone
681 108 327 stone
681 108 328 stone
681 108 329 stone
681 108 330 stone
681 108 331 stone
681 108 332 stone
681 108 333 stone
681 108 334 stone
681 108 335 stone
681 108 336 stone
681 108 337 stone
681 108 338 stone
681 108 339 stone
681 108 340 stone
681 108 341 stone
681 108 342 stone
681 108 343 stone
681 108 344 stone
681 108 345 stone
681 108 346 stone
681 108 347 stone
681 108 348 stone
681 108 349 stone
681 108 350 stone
681 108 351 stone
681 108 352 stone
681 108 353 stone
681 108 354 stone
681 108 355 stone
681 108 356 stone
681 108 357 stone
681 108 358 diorite
681 108 359 diorite
681 108 360 diorite
681 108 361 diorite
681 108 362 diorite
681 108 363 diorite
681 108 364 diorite
681 108 365 diorite
681 108 366 diorite
681 108 367 stone
681 108 368 stone
681 108 369 stone
681 108 370 stone
681 108 371 stone
681 108 372 stone
681 108 373 andesite
681 108 374 andesite
681 108 375 andesite
681 108 376 andesite
681 108 377 lapis_ore
681 108 378 andesite
681 108 379 andesite
681 108 380 andesite
681 108 381 andesite
681 108 382 andesite
681 108 383 andesite
682 108 256 stone
682 108 257 dirt
682 108 258 dirt
682 108 259 dirt
682 108 260 dirt
682 108 261 copper_ore
682 108 262 copper_ore
682 108 263 stone
682 108 264 stone
682 108 265 stone
682 108 266 stone
682 108 267 stone
682 108 268 stone
682 108 269 stone
682 108 270 stone
682 108 271 andesite
682 108 272 andesite
682 108 273 andesite
682 108 274 stone
682 108 275 stone
682 108 276 stone
682 108 277 stone
682 108 278 stone
682 108 279 stone
682 108 280 stone
682 108 281 stone
682 108 282 stone
682 108 283 stone
682 108 284 stone
682 108 285 stone
682 108 286 stone
682 108 287 stone
682 108 288 stone
682 108 289 granite
682 108 290 granite
682 108 291 granite
682 108 292 granite
682 108 293 granite
682 108 294 granite
682 108 295 granite
682 108 296 granite
682 108 297 granite
682 108 298 granite
682 108 299 stone
682 108 300 stone
682 108 301 stone
682 108 302 stone
682 108 303 stone
682 108 304 stone
682 108 305 stone
682 108 306 stone
682 108 307 stone
682 108 308 stone
682 108 309 stone
682 108 310 stone
682 108 311 stone
682 108 312 stone
682 108 313 granite
682 108 314 granite
682 108 315 granite
682 108 316 granite
682 108 317 granite
682 108 318 granite
682 108 319 granite
682 108 320 granite
682 108 321 granite
682 108 322 granite
682 108 323 granite
682 108 324 stone
682 108 325 stone
682 108 326 stone
682 108 327 stone
682 108 328 stone
682 108 329 stone
682 108 330 stone
682 108 331 stone
682 108 332 stone
682 108 333 stone
682 108 334 stone
682 108 335 stone
682 108 336 stone
682 108 337 stone
682 108 338 stone
682 108 339 stone
682 108 340 stone
682 108 341 stone
682 108 342 stone
682 108 343 stone
682 108 344 stone
682 108 345 stone
682 108 346 stone
682 108 347 stone
682 108 348 stone
682 108 349 stone
682 108 350 stone
682 108 351 stone
682 108 352 stone
682 108 353 stone
682 108 354 stone
682 108 355 stone
682 108 356 stone
682 108 357 diorite
682 108 358 copper_ore
682 108 359 diorite
682 108 360 diorite
682 108 361 diorite
682 108 362 diorite
682 108 363 diorite
682 108 364 diorite
682 108 365 diorite
682 108 366 stone
682 108 367 stone
682 108 368 stone
682 108 369 stone
682 108 370 andesite
682 108 371 andesite
682 108 372 andesite
682 108 373 andesite
682 108 374 andesite
682 108 375 andesite
682 108 376 andesite
682 108 377 lapis_ore
682 108 378 lapis_ore
682 108 379 andesite
682 108 380 andesite
682 108 381 andesite
682 108 382 andesite
682 108 383 andesite
683 108 256 dirt
683 108 257 dirt
683 108 258 dirt
683 108 259 dirt
683 108 260 dirt
683 108 261 stone
683 108 262 stone
683 108 263 stone
683 108 264 stone
683 108 265 stone
683 108 266 stone
683 108 267 stone
683 108 268 andesite
683 108 269 andesite
683 108 270 andesite
683 108 271 andesite
683 108 272 andesite
683 108 273 andesite
683 108 274 andesite
683 108 275 stone
683 108 276 stone
683 108 277 stone
683 108 278 stone
683 108 279 stone
683 108 280 stone
683 108 281 stone
683 108 282 stone
683 108 283 stone
683 108 284 stone
683 108 285 stone
683 108 286 stone
683 108 287 stone
683 108 288 granite
683 108 289 granite
683 108 290 granite
683 108 291 granite
683 108 292 granite
683 108 293 granite
683 108 294 granite
683 108 295 granite
683 108 296 granite
683 108 297 granite
683 108 298 stone
683 108 299 stone
683 108 300 stone
683 108 301 stone
683 108 302 stone
683 108 303 stone
683 108 304 stone
683 108 305 stone
683 108 306 stone
683 108 307 stone
683 108 308 stone
683 108 309 stone
683 108 310 stone
683 108 311 granite
683 108 312 granite
683 108 313 granite
683 108 314 granite
683 108 315 granite
683 108 316 granite
683 108 317 granite
683 108 318 granite
683 108 319 granite
683 108 320 granite
683 108 321 granite
683 108 322 granite
683 108 323 granite
683 108 324 stone
683 108 325 stone
683 108 326 stone
683 108 327 stone
683 108 328 stone
683 108 329 stone
683 108 330 stone
683 108 331 stone
683 108 332 stone
683 108 333 stone
683 108 334 stone
683 108 335 stone
683 108 336 stone
683 108 337 stone
683 108 338 stone
683 108 339 stone
683 108 340 stone
683 108 341 stone
683 108 342 stone
683 108 343 stone
683 108 344 stone
683 108 345 stone
683 108 346 stone
683 108 347 stone
683 108 348 stone
683 108 349 gravel
683 108 350 gravel
683 108 351 gravel
683 108 352 stone
683 108 353 stone
683 108 354 stone
