687 100 367 gravel
687 100 368 gravel
687 100 369 gravel
687 100 370 gravel
687 100 371 gravel
687 100 372 stone
687 100 373 stone
687 100 374 stone
687 100 375 stone
687 100 376 stone
687 100 377 stone
687 100 378 diorite
687 100 379 diorite
687 100 380 diorite
687 100 381 diorite
687 100 382 diorite
687 100 383 diorite
688 100 256 diorite
688 100 257 diorite
688 100 258 diorite
688 100 259 diorite
688 100 260 diorite
688 100 261 diorite
688 100 262 diorite
688 100 263 diorite
688 100 264 granite
688 100 265 stone
688 100 266 stone
688 100 267 stone
688 100 268 stone
688 100 269 stone
688 100 270 stone
688 100 271 stone
688 100 272 stone
688 100 273 stone
688 100 274 stone
688 100 275 stone
688 100 276 stone
688 100 277 stone
688 100 278 stone
688 100 279 diorite
688 100 280 diorite
688 100 281 diorite
688 100 282 diorite
688 100 283 diorite
688 100 284 diorite
688 100 285 diorite
688 100 286 stone
688 100 287 stone
688 100 288 copper_ore
688 100 289 stone
688 100 290 stone
688 100 291 stone
688 100 292 stone
688 100 293 stone
688 100 294 stone
688 100 295 stone
688 100 296 stone
688 100 297 stone
688 100 298 stone
688 100 299 stone
688 100 300 stone
688 100 301 stone
688 100 302 stone
688 100 303 stone
688 100 304 stone
688 100 305 stone
688 100 306 stone
688 100 307 stone
688 100 308 stone
688 100 309 stone
688 100 310 stone
688 100 311 stone
688 100 312 stone
688 100 313 stone
688 100 314 stone
688 100 315 stone
688 100 316 stone
688 100 317 stone
688 100 318 stone
688 100 319 diorite
688 100 320 diorite
688 100 321 diorite
688 100 322 diorite
688 100 323 diorite
688 100 324 diorite
688 100 325 iron_ore
688 100 326 diorite
688 100 327 diorite
688 100 328 diorite
688 100 329 stone
688 100 330 stone
688 100 331 stone
688 100 332 stone
688 100 333 stone
688 100 334 stone
688 100 335 stone
688 100 336 stone
688 100 337 stone
688 100 338 stone
688 100 339 stone
688 100 340 stone
688 100 341 stone
688 100 342 stone
688 100 343 stone
688 100 344 stone
688 100 345 stone
688 100 346 stone
688 100 347 stone
688 100 348 stone
688 100 349 stone
688 100 350 stone
688 100 351 stone
688 100 352 stone
688 100 353 stone
688 100 354 stone
688 100 355 stone
688 100 356 stone
688 100 357 stone
688 100 358 stone
688 100 359 stone
688 100 360 stone
688 100 361 stone
688 100 362 stone
688 100 363 gravel
688 100 364 gravel
688 100 365 gravel
688 100 366 gravel
688 100 367 gravel
688 100 368 gravel
688 100 369 gravel
688 100 370 gravel
688 100 371 gravel
688 100 372 gravel
688 100 373 stone
688 100 374 stone
688 100 375 stone
688 100 376 stone
688 100 377 diorite
688 100 378 diorite
688 100 379 diorite
688 100 380 diorite
688 100 381 diorite
688 100 382 diorite
688 100 383 diorite
689 100 256 diorite
689 100 257 diorite
689 100 258 diorite
689 100 259 diorite
689 100 260 diorite
689 100 261 diorite
689 100 262 diorite
689 100 263 diorite
689 100 264 diorite
689 100 265 stone
689 100 266 stone
689 100 267 stone
689 100 268 stone
689 100 269 stone
689 100 270 stone
689 100 271 stone
689 100 272 stone
689 100 273 stone
689 100 274 stone
689 100 275 stone
689 100 276 stone
689 100 277 stone
689 100 278 stone
689 100 279 diorite
689 100 280 diorite
689 100 281 diorite
689 100 282 diorite
689 100 283 diorite
689 100 284 diorite
689 100 285 diorite
689 100 286 diorite
689 100 287 diorite
689 100 288 stone
689 100 289 stone
689 100 290 stone
689 100 291 stone
689 100 292 stone
689 100 293 stone
689 100 294 stone
689 100 295 stone
689 100 296 stone
689 100 297 stone
689 100 298 stone
689 100 299 stone
689 100 300 stone
689 100 301 stone
689 100 302 stone
689 100 303 stone
689 100 304 stone
689 100 305 stone
689 100 306 dirt
689 100 307 dirt
689 100 308 dirt
689 100 309 dirt
689 100 310 dirt
689 100 311 dirt
689 100 312 stone
689 100 313 stone
689 100 314 stone
689 100 315 stone
689 100 316 stone
689 100 317 stone
689 100 318 stone
689 100 319 diorite
689 100 320 diorite
689 100 321 diorite
689 100 322 diorite
689 100 323 diorite
689 100 324 diorite
689 100 325 diorite
689 100 326 diorite
689 100 327 diorite
689 100 328 stone
689 100 329 stone
689 100 330 stone
689 100 331 stone
689 100 332 stone
689 100 333 stone
689 100 334 stone
689 100 335 stone
689 100 336 stone
689 100 337 stone
689 100 338 stone
689 100 339 stone
689 100 340 stone
689 100 341 stone
689 100 342 stone
689 100 343 stone
689 100 344 stone
689 100 345 stone
689 100 346 stone
689 100 347 stone
689 100 348 stone
689 100 349 stone
689 100 350 stone
689 100 351 stone
689 100 352 stone
689 100 353 stone
689 100 354 stone
689 100 355 stone
689 100 356 stone
689 100 357 stone
689 100 358 stone
689 100 359 stone
689 100 360 stone
689 100 361 stone
689 100 362 stone
689 100 363 gravel
689 100 364 gravel
689 100 365 gravel
689 100 366 gravel
689 100 367 gravel
689 100 368 gravel
689 100 369 gravel
689 100 370 gravel
689 100 371 gravel
689 100 372 stone
689 100 373 stone
689 100 374 stone
689 100 375 stone
689 100 376 diorite
689 100 377 diorite
689 100 378 diorite
689 100 379 diorite
689 100 380 diorite
689 100 381 diorite
689 100 382 diorite
689 100 383 diorite
690 100 256 diorite
690 100 257 diorite
690 100 258 diorite
690 100 259 diorite
690 100 260 diorite
690 100 261 diorite
690 100 262 diorite
690 100 263 diorite
690 100 264 diorite
690 100 265 diorite
690 100 266 stone
690 100 267 stone
690 100 268 stone
690 100 269 stone
690 100 270 stone
690 100 271 stone
690 100 272 stone
690 100 273 stone
690 100 274 stone
690 100 275 stone
690 100 276 stone
690 100 277 stone
690 100 278 diorite
690 100 279 diorite
690 100 280 diorite
690 100 281 diorite
690 100 282 diorite
690 100 283 diorite
690 100 284 diorite
690 100 285 diorite
690 100 286 diorite
690 100 287 diorite
690 100 288 diorite
690 100 289 stone
690 100 290 stone
690 100 291 stone
690 100 292 stone
690 100 293 stone
690 100 294 stone
690 100 295 stone
690 100 296 stone
690 100 297 stone
690 100 298 stone
690 100 299 stone
690 100 300 stone
690 100 301 stone
690 100 302 stone
690 100 303 stone
690 100 304 stone
690 100 305 stone
690 100 306 dirt
690 100 307 dirt
690 100 308 dirt
690 100 309 dirt
690 100 310 dirt
690 100 311 dirt
690 100 312 dirt
690 100 313 dirt
690 100 314 stone
690 100 315 stone
690 100 316 stone
690 100 317 stone
690 100 318 diorite
690 100 319 diorite
690 100 320 diorite
690 100 321 diorite
690 100 322 diorite
690 100 323 diorite
690 100 324 diorite
690 100 325 diorite
690 100 326 diorite
690 100 327 diorite
690 100 328 stone
690 100 329 stone
690 100 330 stone
690 100 331 stone
690 100 332 stone
690 100 333 stone
690 100 334 stone
690 100 335 stone
690 100 336 stone
690 100 337 stone
690 100 338 stone
690 100 339 stone
690 100 340 stone
690 100 341 stone
690 100 342 stone
690 100 343 stone
690 100 344 stone
690 100 345 stone
690 100 346 stone
690 100 347 stone
690 100 348 stone
690 100 349 stone
690 100 350 stone
690 100 351 stone
690 100 352 stone
690 100 353 stone
690 100 354 stone
690 100 355 stone
690 100 356 stone
690 100 357 stone
690 100 358 stone
690 100 359 stone
690 100 360 stone
690 100 361 stone
690 100 362 stone
690 100 363 gravel
690 100 364 gravel
690 100 365 gravel
690 100 366 gravel
690 100 367 gravel
690 100 368 gravel
690 100 369 gravel
690 100 370 gravel
690 100 371 stone
690 100 372 stone
690 100 373 stone
690 100 374 stone
690 100 375 stone
690 100 376 diorite
690 100 377 diorite
690 100 378 diorite
690 100 379 diorite
690 100 380 diorite
690 100 381 diorite
690 100 382 diorite
690 100 383 diorite
691 100 256 diorite
691 100 257 diorite
691 100 258 diorite
691 100 259 diorite
691 100 260 diorite
691 100 261 diorite
691 100 262 diorite
691 100 263 diorite
691 100 264 diorite
691 100 265 diorite
691 100 266 stone
691 100 267 stone
691 100 268 stone
691 100 269 stone
691 100 270 stone
691 100 271 stone
691 100 272 stone
691 100 273 stone
691 100 274 stone
691 100 275 stone
691 100 276 stone
691 100 277 stone
691 100 278 diorite
691 100 279 diorite
691 100 280 diorite
691 100 281 diorite
691 100 282 diorite
691 100 283 diorite
691 100 284 diorite
691 100 285 diorite
691 100 286 diorite
691 100 287 diorite
691 100 288 diorite
691 100 289 diorite
691 100 290 stone
691 100 291 stone
691 100 292 stone
691 100 293 stone
691 100 294 stone
691 100 295 stone
691 100 296 stone
691 100 297 stone
691 100 298 stone
691 100 299 stone
691 100 300 stone
691 100 301 stone
691 100 302 stone
691 100 303 stone
691 100 304 stone
691 100 305 stone
691 100 306 stone
691 100 307 dirt
691 100 308 dirt
691 100 309 dirt
691 100 310 dirt
691 100 311 dirt
691 100 312 dirt
691 100 313 dirt
691 100 314 dirt
691 100 315 stone
691 100 316 stone
691 100 317 diorite
691 100 318 diorite
691 100 319 diorite
691 100 320 diorite
691 100 321 diorite
691 100 322 diorite
691 100 323 diorite
691 100 324 diorite
691 100 325 diorite
691 100 326 diorite
691 100 327 diorite
691 100 328 stone
691 100 329 stone
691 100 330 stone
691 100 331 stone
691 100 332 stone
691 100 333 stone
691 100 334 stone
691 100 335 stone
691 100 336 stone
691 100 337 stone
691 100 338 stone
691 100 339 stone
691 100 340 stone
691 100 341 stone
691 100 342 stone
691 100 343 stone
691 100 344 stone
691 100 345 stone
691 100 346 stone
691 100 347 stone
691 100 348 stone
691 100 349 stone
691 100 350 stone
691 100 351 stone
691 100 352 stone
691 100 353 stone
691 100 354 stone
691 100 355 stone
691 100 356 dirt
691 100 357 dirt
691 100 358 dirt
691 100 359 dirt
691 100 360 stone
691 100 361 stone
691 100 362 stone
691 100 363 stone
691 100 364 stone
691 100 365 stone
691 100 366 gravel
691 100 367 stone
691 100 368 stone
691 100 369 stone
691 100 370 stone
691 100 371 stone
691 100 372 stone
691 100 373 stone
691 100 374 stone
691 100 375 stone
691 100 376 stone
691 100 377 diorite
691 100 378 diorite
691 100 379 diorite
691 100 380 diorite
691 100 381 diorite
691 100 382 diorite
691 100 383 diorite
692 100 256 diorite
692 100 257 diorite
692 100 258 diorite
692 100 259 diorite
692 100 260 diorite
692 100 261 diorite
692 100 262 diorite
692 100 263 diorite
692 100 264 diorite
692 100 265 diorite
692 100 266 stone
692 100 267 stone
692 100 268 stone
692 100 269 stone
692 100 270 stone
692 100 271 stone
692 100 272 stone
692 100 273 stone
692 100 274 stone
692 100 275 stone
692 100 276 stone
692 100 277 stone
692 100 278 diorite
692 100 279 diorite
692 100 280 diorite
692 100 281 diorite
692 100 282 diorite
692 100 283 diorite
692 100 284 diorite
692 100 285 diorite
692 100 286 diorite
692 100 287 diorite
692 100 288 diorite
692 100 289 stone
692 100 290 stone
692 100 291 stone
692 100 292 stone
692 100 293 stone
692 100 294 stone
692 100 295 stone
692 100 296 stone
692 100 297 stone
692 100 298 stone
692 100 299 stone
692 100 300 stone
692 100 301 stone
692 100 302 stone
692 100 303 stone
692 100 304 stone
692 100 305 stone
692 100 306 stone
692 100 307 stone
692 100 308 dirt
692 100 309 dirt
692 100 310 dirt
692 100 311 dirt
692 100 312 dirt
692 100 313 dirt
692 100 314 dirt
692 100 315 stone
692 100 316 stone
692 100 317 diorite
692 100 318 diorite
692 100 319 diorite
692 100 320 diorite
692 100 321 diorite
692 100 322 diorite
692 100 323 diorite
692 100 324 diorite
692 100 325 diorite
692 100 326 diorite
692 100 327 stone
692 100 328 stone
692 100 329 stone
692 100 330 stone
692 100 331 stone
692 100 332 stone
692 100 333 stone
692 100 334 stone
692 100 335 stone
692 100 336 stone
692 100 337 stone
692 100 338 stone
692 100 339 stone
692 100 340 stone
692 100 341 stone
692 100 342 stone
692 100 343 stone
692 100 344 stone
692 100 345 stone
692 100 346 stone
692 100 347 stone
692 100 348 stone
692 100 349 stone
692 100 350 stone
692 100 351 stone
692 100 352 stone
692 100 353 stone
692 100 354 stone
692 100 355 stone
692 100 356 dirt
692 100 357 dirt
692 100 358 dirt
692 100 359 dirt
692 100 360 dirt
692 100 361 stone
692 100 362 stone
692 100 363 stone
692 100 364 stone
692 100 365 stone
692 100 366 stone
692 100 367 stone
692 100 368 stone
692 100 369 stone
692 100 370 stone
692 100 371 stone
692 100 372 stone
692 100 373 stone
692 100 374 stone
692 100 375 stone
692 100 376 stone
692 100 377 diorite
692 100 378 diorite
692 100 379 diorite
692 100 380 diorite
692 100 381 diorite
692 100 382 diorite
692 100 383 diorite
693 100 256 granite
693 100 257 diorite
693 100 258 diorite
693 100 259 diorite
693 100 260 diorite
693 100 261 diorite
693 100 262 diorite
693 100 263 diorite
693 100 264 diorite
693 100 265 diorite
693 100 266 stone
693 100 267 stone
693 100 268 stone
693 100 269 stone
693 100 270 stone
693 100 271 stone
693 100 272 stone
693 100 273 dirt
693 100 274 dirt
693 100 275 stone
693 100 276 stone
693 100 277 diorite
693 100 278 diorite
693 100 279 diorite
693 100 280 diorite
693 100 281 diorite
693 100 282 diorite
693 100 283 diorite
693 100 284 diorite
693 100 285 diorite
693 100 286 diorite
693 100 287 diorite
693 100 288 diorite
693 100 289 stone
693 100 290 stone
693 100 291 stone
693 100 292 stone
693 100 293 stone
693 100 294 stone
693 100 295 stone
693 100 296 stone
693 100 297 stone
693 100 298 stone
693 100 299 stone
693 100 300 stone
693 100 301 stone
693 100 302 stone
693 100 303 stone
693 100 304 stone
693 100 305 stone
693 100 306 stone
693 100 307 stone
693 100 308 copper_ore
693 100 309 copper_ore
693 100 310 stone
693 100 311 stone
693 100 312 stone
693 100 313 stone
693 100 314 stone
693 100 315 stone
693 100 316 stone
693 100 317 diorite
693 100 318 diorite
693 100 319 diorite
693 100 320 diorite
693 100 321 diorite
693 100 322 diorite
693 100 323 diorite
693 100 324 diorite
693 100 325 diorite
693 100 326 stone
693 100 327 stone
693 100 328 stone
693 100 329 stone
693 100 330 stone
693 100 331 stone
693 100 332 stone
693 100 333 stone
693 100 334 stone
693 100 335 stone
693 100 336 stone
693 100 337 stone
693 100 338 stone
693 100 339 stone
693 100 340 stone
693 100 341 stone
693 100 342 stone
693 100 343 stone
693 100 344 stone
693 100 345 stone
693 100 346 stone
693 100 347 stone
693 100 348 stone
693 100 349 stone
693 100 350 stone
693 100 351 stone
693 100 352 stone
693 100 353 stone
693 100 354 stone
693 100 355 stone
693 100 356 stone
693 100 357 dirt
693 100 358 dirt
693 100 359 dirt
693 100 360 dirt
693 100 361 dirt
693 100 362 stone
693 100 363 stone
693 100 364 stone
693 100 365 stone
693 100 366 stone
693 100 367 stone
693 100 368 stone
693 100 369 stone
693 100 370 stone
693 100 371 stone
693 100 372 stone
693 100 373 andesite
693 100 374 andesite
693 100 375 andesite
693 100 376 andesite
693 100 377 andesite
693 100 378 andesite
693 100 379 andesite
693 100 380 andesite
693 100 381 stone
693 100 382 stone
693 100 383 stone
694 100 256 granite
694 100 257 granite
694 100 258 granite
694 100 259 granite
694 100 260 granite
694 100 261 stone
694 100 262 stone
694 100 263 diorite
694 100 264 diorite
694 100 265 stone
694 100 266 stone
694 100 267 stone
694 100 268 stone
694 100 269 stone
694 100 270 stone
694 100 271 stone
694 100 272 dirt
694 100 273 dirt
694 100 274 dirt
694 100 275 dirt
694 100 276 dirt
694 100 277 dirt
694 100 278 diorite
694 100 279 diorite
694 100 280 diorite
694 100 281 diorite
694 100 282 diorite
694 100 283 diorite
694 100 284 diorite
694 100 285 diorite
694 100 286 diorite
694 100 287 stone
694 100 288 stone
694 100 289 stone
694 100 290 stone
694 100 291 stone
694 100 292 stone
694 100 293 stone
694 100 294 stone
694 100 295 stone
694 100 296 stone
694 100 297 stone
694 100 298 stone
694 100 299 stone
694 100 300 stone
694 100 301 stone
694 100 302 stone
694 100 303 stone
694 100 304 stone
694 100 305 stone
694 100 306 andesite
694 100 307 andesite
694 100 308 andesite
694 100 309 stone
694 100 310 stone
694 100 311 stone
694 100 312 stone
694 100 313 stone
694 100 314 stone
694 100 315 stone
694 100 316 diorite
694 100 317 diorite
694 100 318 diorite
694 100 319 diorite
694 100 320 diorite
694 100 321 diorite
694 100 322 diorite
694 100 323 diorite
694 100 324 diorite
694 100 325 stone
694 100 326 stone
694 100 327 stone
694 100 328 stone
694 100 329 stone
694 100 330 stone
694 100 331 stone
694 100 332 stone
694 100 333 stone
694 100 334 stone
694 100 335 stone
694 100 336 stone
694 100 337 stone
694 100 338 stone
694 100 339 stone
694 100 340 stone
694 100 341 stone
694 100 342 stone
694 100 343 stone
694 100 344 stone
694 100 345 stone
694 100 346 stone
694 100 347 stone
694 100 348 stone
694 100 349 stone
694 100 350 stone
694 100 351 stone
694 100 352 stone
694 100 353 stone
694 100 354 stone
694 100 355 stone
694 100 356 stone
694 100 357 stone
694 100 358 dirt
694 100 359 dirt
694 100 360 dirt
694 100 361 dirt
694 100 362 stone
694 100 363 stone
694 100 364 stone
694 100 365 stone
694 100 366 stone
694 100 367 stone
694 100 368 stone
694 100 369 stone
694 100 370 stone
694 100 371 stone
694 100 372 andesite
694 100 373 andesite
694 100 374 andesite
694 100 375 andesite
694 100 376 andesite
694 100 377 andesite
694 100 378 andesite
694 100 379 andesite
694 100 380 andesite
694 100 381 stone
694 100 382 stone
694 100 383 stone
695 100 256 granite
695 100 257 granite
695 100 258 stone
695 100 259 stone
695 100 260 stone
695 100 261 stone
695 100 262 stone
695 100 263 stone
695 100 264 stone
695 100 265 stone
695 100 266 stone
695 100 267 stone
695 100 268 stone
695 100 269 stone
695 100 270 stone
695 100 271 stone
695 100 272 dirt
695 100 273 dirt
695 100 274 dirt
695 100 275 dirt
695 100 276 dirt
695 100 277 dirt
695 100 278 dirt
695 100 279 diorite
695 100 280 diorite
695 100 281 diorite
695 100 282 diorite
695 100 283 diorite
695 100 284 diorite
695 100 285 diorite
695 100 286 diorite
695 100 287 stone
695 100 288 stone
695 100 289 stone
695 100 290 stone
695 100 291 stone
695 100 292 stone
695 100 293 stone
695 100 294 stone
695 100 295 stone
695 100 296 stone
695 100 297 stone
695 100 298 stone
695 100 299 stone
695 100 300 stone
695 100 301 stone
695 100 302 stone
695 100 303 stone
695 100 304 stone
695 100 305 andesite
695 100 306 andesite
695 100 307 andesite
695 100 308 andesite
695 100 309 andesite
695 100 310 andesite
695 100 311 andesite
695 100 312 andesite
695 100 313 stone
695 100 314 stone
695 100 315 diorite
695 100 316 diorite
695 100 317 diorite
695 100 318 diorite
695 100 319 diorite
695 100 320 diorite
695 100 321 diorite
695 100 322 diorite
695 100 323 diorite
695 100 324 stone
695 100 325 stone
695 100 326 stone
695 100 327 stone
695 100 328 stone
695 100 329 stone
695 100 330 stone
695 100 331 stone
695 100 332 stone
695 100 333 stone
695 100 334 stone
695 100 335 stone
695 100 336 stone
695 100 337 stone
695 100 338 stone
695 100 339 stone
695 100 340 stone
695 100 341 stone
695 100 342 stone
695 100 343 stone
695 100 344 stone
695 100 345 stone
695 100 346 stone
695 100 347 stone
695 100 348 stone
695 100 349 stone
695 100 350 stone
695 100 351 stone
695 100 352 stone
695 100 353 stone
695 100 354 stone
695 100 355 stone
695 100 356 stone
695 100 357 stone
695 100 358 stone
695 100 359 stone
695 100 360 dirt
695 100 361 dirt
695 100 362 stone
695 100 363 stone
695 100 364 stone
695 100 365 stone
695 100 366 stone
695 100 367 stone
695 100 368 stone
695 100 369 stone
695 100 370 stone
695 100 371 stone
695 100 372 andesite
695 100 373 andesite
695 100 374 andesite
695 100 375 andesite
695 100 376 andesite
695 100 377 andesite
695 100 378 andesite
695 100 379 andesite
695 100 380 stone
695 100 381 stone
695 100 382 stone
695 100 383 stone
696 100 256 stone
696 100 257 stone
696 100 258 stone
696 100 259 stone
696 100 260 stone
696 100 261 stone
696 100 262 stone
696 100 263 stone
696 100 264 stone
696 100 265 stone
696 100 266 stone
696 100 267 stone
696 100 268 stone
696 100 269 stone
696 100 270 stone
696 100 271 stone
696 100 272 stone
696 100 273 dirt
696 100 274 dirt
696 100 275 dirt
696 100 276 dirt
696 100 277 dirt
696 100 278 dirt
696 100 279 dirt
696 100 280 diorite
696 100 281 diorite
696 100 282 diorite
696 100 283 diorite
696 100 284 diorite
696 100 285 diorite
696 100 286 diorite
696 100 287 stone
696 100 288 stone
696 100 289 stone
696 100 290 stone
696 100 291 stone
696 100 292 stone
696 100 293 stone
696 100 294 stone
696 100 295 stone
696 100 296 stone
696 100 297 stone
696 100 298 stone
696 100 299 stone
696 100 300 stone
696 100 301 stone
696 100 302 stone
696 100 303 stone
696 100 304 stone
696 100 305 andesite
696 100 306 andesite
696 100 307 andesite
696 100 308 andesite
696 100 309 andesite
696 100 310 andesite
696 100 311 andesite
696 100 312 andesite
696 100 313 andesite
696 100 314 diorite
