679 100 274 stone
679 100 275 stone
679 100 276 stone
679 100 277 stone
679 100 278 stone
679 100 279 stone
679 100 280 stone
679 100 281 stone
679 100 282 stone
679 100 283 stone
679 100 284 stone
679 100 285 stone
679 100 286 stone
679 100 287 stone
679 100 288 stone
679 100 289 stone
679 100 290 stone
679 100 291 stone
679 100 292 stone
679 100 293 stone
679 100 294 stone
679 100 295 stone
679 100 296 stone
679 100 297 stone
679 100 298 stone
679 100 299 stone
679 100 300 stone
679 100 301 stone
679 100 302 stone
679 100 303 stone
679 100 304 stone
679 100 305 stone
679 100 306 diorite
679 100 307 diorite
679 100 308 diorite
679 100 309 diorite
679 100 310 diorite
679 100 311 diorite
679 100 312 diorite
679 100 313 stone
679 100 314 stone
679 100 315 stone
679 100 316 stone
679 100 317 stone
679 100 318 stone
679 100 319 stone
679 100 320 stone
679 100 321 stone
679 100 322 stone
679 100 323 stone
679 100 324 stone
679 100 325 stone
679 100 326 copper_ore
679 100 327 copper_ore
679 100 328 stone
679 100 329 stone
679 100 330 stone
679 100 331 stone
679 100 332 stone
679 100 333 stone
679 100 334 stone
679 100 335 lapis_ore
679 100 336 lapis_ore
679 100 337 stone
679 100 338 stone
679 100 339 stone
679 100 340 stone
679 100 341 stone
679 100 342 stone
679 100 343 stone
679 100 344 stone
679 100 345 stone
679 100 346 stone
679 100 347 stone
679 100 348 stone
679 100 349 stone
679 100 350 stone
679 100 351 stone
679 100 352 stone
679 100 353 coal_ore
679 100 354 coal_ore
679 100 355 stone
679 100 356 stone
679 100 357 stone
679 100 358 stone
679 100 359 stone
679 100 360 stone
679 100 361 stone
679 100 362 stone
679 100 363 stone
679 100 364 stone
679 100 365 diorite
679 100 366 diorite
679 100 367 diorite
679 100 368 diorite
679 100 369 diorite
679 100 370 diorite
679 100 371 diorite
679 100 372 diorite
679 100 373 stone
679 100 374 stone
679 100 375 stone
679 100 376 stone
679 100 377 stone
679 100 378 stone
679 100 379 stone
679 100 380 stone
679 100 381 stone
679 100 382 stone
679 100 383 stone
680 100 256 stone
680 100 257 stone
680 100 258 iron_ore
680 100 259 stone
680 100 260 stone
680 100 261 stone
680 100 262 dirt
680 100 263 dirt
680 100 264 dirt
680 100 265 stone
680 100 266 stone
680 100 267 stone
680 100 268 stone
680 100 269 stone
680 100 270 stone
680 100 271 stone
680 100 272 stone
680 100 273 dirt
680 100 274 stone
680 100 275 stone
680 100 276 stone
680 100 277 stone
680 100 278 stone
680 100 279 stone
680 100 280 stone
680 100 281 stone
680 100 282 stone
680 100 283 stone
680 100 284 stone
680 100 285 stone
680 100 286 stone
680 100 287 stone
680 100 288 stone
680 100 289 stone
680 100 290 stone
680 100 291 stone
680 100 292 stone
680 100 293 stone
680 100 294 stone
680 100 295 stone
680 100 296 stone
680 100 297 stone
680 100 298 stone
680 100 299 stone
680 100 300 stone
680 100 301 stone
680 100 302 stone
680 100 303 stone
680 100 304 stone
680 100 305 stone
680 100 306 stone
680 100 307 diorite
680 100 308 diorite
680 100 309 diorite
680 100 310 diorite
680 100 311 diorite
680 100 312 diorite
680 100 313 diorite
680 100 314 stone
680 100 315 stone
680 100 316 stone
680 100 317 stone
680 100 318 stone
680 100 319 stone
680 100 320 stone
680 100 321 stone
680 100 322 stone
680 100 323 stone
680 100 324 stone
680 100 325 stone
680 100 326 copper_ore
680 100 327 copper_ore
680 100 328 stone
680 100 329 stone
680 100 330 stone
680 100 331 stone
680 100 332 stone
680 100 333 stone
680 100 334 stone
680 100 335 lapis_ore
680 100 336 lapis_ore
680 100 337 stone
680 100 338 stone
680 100 339 stone
680 100 340 stone
680 100 341 stone
680 100 342 stone
680 100 343 stone
680 100 344 stone
680 100 345 stone
680 100 346 stone
680 100 347 stone
680 100 348 stone
680 100 349 stone
680 100 350 stone
680 100 351 stone
680 100 352 stone
680 100 353 stone
680 100 354 stone
680 100 355 stone
680 100 356 stone
680 100 357 stone
680 100 358 stone
680 100 359 stone
680 100 360 stone
680 100 361 stone
680 100 362 stone
680 100 363 stone
680 100 364 stone
680 100 365 stone
680 100 366 diorite
680 100 367 diorite
680 100 368 diorite
680 100 369 diorite
680 100 370 diorite
680 100 371 diorite
680 100 372 diorite
680 100 373 stone
680 100 374 stone
680 100 375 stone
680 100 376 stone
680 100 377 stone
680 100 378 stone
680 100 379 stone
680 100 380 stone
680 100 381 stone
680 100 382 stone
680 100 383 stone
681 100 256 stone
681 100 257 stone
681 100 258 stone
681 100 259 stone
681 100 260 stone
681 100 261 stone
681 100 262 stone
681 100 263 stone
681 100 264 stone
681 100 265 stone
681 100 266 stone
681 100 267 stone
681 100 268 stone
681 100 269 stone
681 100 270 stone
681 100 271 stone
681 100 272 stone
681 100 273 stone
681 100 274 stone
681 100 275 stone
681 100 276 stone
681 100 277 stone
681 100 278 stone
681 100 279 stone
681 100 280 stone
681 100 281 stone
681 100 282 stone
681 100 283 stone
681 100 284 stone
681 100 285 stone
681 100 286 stone
681 100 287 stone
681 100 288 stone
681 100 289 stone
681 100 290 stone
681 100 291 stone
681 100 292 stone
681 100 293 stone
681 100 294 stone
681 100 295 stone
681 100 296 stone
681 100 297 stone
681 100 298 stone
681 100 299 stone
681 100 300 stone
681 100 301 stone
681 100 302 stone
681 100 303 stone
681 100 304 stone
681 100 305 stone
681 100 306 stone
681 100 307 stone
681 100 308 diorite
681 100 309 diorite
681 100 310 diorite
681 100 311 diorite
681 100 312 diorite
681 100 313 diorite
681 100 314 stone
681 100 315 stone
681 100 316 stone
681 100 317 stone
681 100 318 stone
681 100 319 stone
681 100 320 stone
681 100 321 stone
681 100 322 stone
681 100 323 stone
681 100 324 stone
681 100 325 stone
681 100 326 copper_ore
681 100 327 stone
681 100 328 stone
681 100 329 stone
681 100 330 stone
681 100 331 stone
681 100 332 stone
681 100 333 stone
681 100 334 stone
681 100 335 stone
681 100 336 stone
681 100 337 stone
681 100 338 stone
681 100 339 stone
681 100 340 stone
681 100 341 stone
681 100 342 stone
681 100 343 stone
681 100 344 stone
681 100 345 stone
681 100 346 stone
681 100 347 stone
681 100 348 stone
681 100 349 stone
681 100 350 stone
681 100 351 stone
681 100 352 stone
681 100 353 stone
681 100 354 stone
681 100 355 stone
681 100 356 stone
681 100 357 stone
681 100 358 stone
681 100 359 stone
681 100 360 stone
681 100 361 stone
681 100 362 stone
681 100 363 stone
681 100 364 stone
681 100 365 stone
681 100 366 diorite
681 100 367 diorite
681 100 368 diorite
681 100 369 diorite
681 100 370 diorite
681 100 371 diorite
681 100 372 stone
681 100 373 stone
681 100 374 stone
681 100 375 stone
681 100 376 stone
681 100 377 stone
681 100 378 stone
681 100 379 stone
681 100 380 stone
681 100 381 stone
681 100 382 stone
681 100 383 stone
682 100 256 stone
682 100 257 stone
682 100 258 stone
682 100 259 stone
682 100 260 stone
682 100 261 stone
682 100 262 stone
682 100 263 stone
682 100 264 stone
682 100 265 stone
682 100 266 stone
682 100 267 stone
682 100 268 stone
682 100 269 stone
682 100 270 stone
682 100 271 stone
682 100 272 stone
682 100 273 stone
682 100 274 stone
682 100 275 stone
682 100 276 stone
682 100 277 stone
682 100 278 stone
682 100 279 stone
682 100 280 stone
682 100 281 stone
682 100 282 stone
682 100 283 stone
682 100 284 stone
682 100 285 stone
682 100 286 stone
682 100 287 stone
682 100 288 stone
682 100 289 stone
682 100 290 stone
682 100 291 stone
682 100 292 stone
682 100 293 stone
682 100 294 stone
682 100 295 stone
682 100 296 stone
682 100 297 stone
682 100 298 stone
682 100 299 stone
682 100 300 stone
682 100 301 stone
682 100 302 stone
682 100 303 stone
682 100 304 stone
682 100 305 stone
682 100 306 stone
682 100 307 stone
682 100 308 stone
682 100 309 stone
682 100 310 stone
682 100 311 diorite
682 100 312 diorite
682 100 313 stone
682 100 314 stone
682 100 315 stone
682 100 316 stone
682 100 317 stone
682 100 318 stone
682 100 319 stone
682 100 320 stone
682 100 321 stone
682 100 322 stone
682 100 323 stone
682 100 324 stone
682 100 325 stone
682 100 326 stone
682 100 327 stone
682 100 328 stone
682 100 329 stone
682 100 330 stone
682 100 331 stone
682 100 332 stone
682 100 333 stone
682 100 334 stone
682 100 335 stone
682 100 336 stone
682 100 337 stone
682 100 338 stone
682 100 339 stone
682 100 340 stone
682 100 341 stone
682 100 342 stone
682 100 343 stone
682 100 344 stone
682 100 345 stone
682 100 346 stone
682 100 347 stone
682 100 348 stone
682 100 349 stone
682 100 350 stone
682 100 351 stone
682 100 352 stone
682 100 353 stone
682 100 354 stone
682 100 355 stone
682 100 356 stone
682 100 357 stone
682 100 358 stone
682 100 359 stone
682 100 360 stone
682 100 361 stone
682 100 362 stone
682 100 363 stone
682 100 364 stone
682 100 365 stone
682 100 366 diorite
682 100 367 diorite
682 100 368 diorite
682 100 369 diorite
682 100 370 diorite
682 100 371 diorite
682 100 372 stone
682 100 373 stone
682 100 374 stone
682 100 375 stone
682 100 376 stone
682 100 377 stone
682 100 378 stone
682 100 379 stone
682 100 380 stone
682 100 381 stone
682 100 382 stone
682 100 383 stone
683 100 256 stone
683 100 257 stone
683 100 258 stone
683 100 259 stone
683 100 260 stone
683 100 261 stone
683 100 262 stone
683 100 263 stone
683 100 264 stone
683 100 265 stone
683 100 266 stone
683 100 267 stone
683 100 268 stone
683 100 269 stone
683 100 270 stone
683 100 271 stone
683 100 272 stone
683 100 273 stone
683 100 274 stone
683 100 275 stone
683 100 276 stone
683 100 277 stone
683 100 278 stone
683 100 279 stone
683 100 280 stone
683 100 281 diorite
683 100 282 stone
683 100 283 stone
683 100 284 stone
683 100 285 stone
683 100 286 stone
683 100 287 stone
683 100 288 stone
683 100 289 stone
683 100 290 stone
683 100 291 stone
683 100 292 stone
683 100 293 stone
683 100 294 stone
683 100 295 stone
683 100 296 stone
683 100 297 stone
683 100 298 stone
683 100 299 stone
683 100 300 stone
683 100 301 stone
683 100 302 stone
683 100 303 stone
683 100 304 stone
683 100 305 stone
683 100 306 stone
683 100 307 stone
683 100 308 stone
683 100 309 stone
683 100 310 stone
683 100 311 stone
683 100 312 stone
683 100 313 stone
683 100 314 stone
683 100 315 stone
683 100 316 stone
683 100 317 stone
683 100 318 stone
683 100 319 stone
683 100 320 stone
683 100 321 stone
683 100 322 stone
683 100 323 stone
683 100 324 stone
683 100 325 stone
683 100 326 stone
683 100 327 stone
683 100 328 stone
683 100 329 stone
683 100 330 stone
683 100 331 stone
683 100 332 stone
683 100 333 stone
683 100 334 stone
683 100 335 stone
683 100 336 stone
683 100 337 stone
683 100 338 stone
683 100 339 stone
683 100 340 stone
683 100 341 stone
683 100 342 stone
683 100 343 stone
683 100 344 stone
683 100 345 stone
683 100 346 stone
683 100 347 stone
683 100 348 stone
683 100 349 stone
683 100 350 stone
683 100 351 stone
683 100 352 stone
683 100 353 stone
683 100 354 stone
683 100 355 stone
683 100 356 stone
683 100 357 stone
683 100 358 stone
683 100 359 stone
683 100 360 stone
683 100 361 stone
683 100 362 stone
683 100 363 stone
683 100 364 stone
683 100 365 stone
683 100 366 diorite
683 100 367 diorite
683 100 368 diorite
683 100 369 diorite
683 100 370 diorite
683 100 371 diorite
683 100 372 stone
683 100 373 stone
683 100 374 stone
683 100 375 stone
683 100 376 stone
683 100 377 stone
683 100 378 stone
683 100 379 stone
683 100 380 stone
683 100 381 stone
683 100 382 stone
683 100 383 copper_ore
684 100 256 stone
684 100 257 stone
684 100 258 stone
684 100 259 stone
684 100 260 stone
684 100 261 stone
684 100 262 stone
684 100 263 stone
684 100 264 stone
684 100 265 stone
684 100 266 stone
684 100 267 stone
684 100 268 stone
684 100 269 stone
684 100 270 stone
684 100 271 stone
684 100 272 stone
684 100 273 stone
684 100 274 stone
684 100 275 stone
684 100 276 stone
684 100 277 stone
684 100 278 stone
684 100 279 diorite
684 100 280 diorite
684 100 281 diorite
684 100 282 diorite
684 100 283 diorite
684 100 284 stone
684 100 285 stone
684 100 286 stone
684 100 287 stone
684 100 288 stone
684 100 289 stone
684 100 290 stone
684 100 291 stone
684 100 292 stone
684 100 293 stone
684 100 294 stone
684 100 295 stone
684 100 296 stone
684 100 297 iron_ore
684 100 298 iron_ore
684 100 299 stone
684 100 300 stone
684 100 301 stone
684 100 302 stone
684 100 303 stone
684 100 304 stone
684 100 305 stone
684 100 306 stone
684 100 307 stone
684 100 308 stone
684 100 309 stone
684 100 310 stone
684 100 311 stone
684 100 312 stone
684 100 313 stone
684 100 314 stone
684 100 315 stone
684 100 316 stone
684 100 317 stone
684 100 318 stone
684 100 319 stone
684 100 320 stone
684 100 321 stone
684 100 322 stone
684 100 323 stone
684 100 324 stone
684 100 325 stone
684 100 326 stone
684 100 327 stone
684 100 328 stone
684 100 329 stone
684 100 330 stone
684 100 331 stone
684 100 332 stone
684 100 333 stone
684 100 334 stone
684 100 335 stone
684 100 336 stone
684 100 337 stone
684 100 338 stone
684 100 339 stone
684 100 340 stone
684 100 341 stone
684 100 342 stone
684 100 343 stone
684 100 344 stone
684 100 345 stone
684 100 346 stone
684 100 347 stone
684 100 348 stone
684 100 349 stone
684 100 350 stone
684 100 351 stone
684 100 352 stone
684 100 353 stone
684 100 354 stone
684 100 355 stone
684 100 356 stone
684 100 357 stone
684 100 358 stone
684 100 359 stone
684 100 360 stone
684 100 361 stone
684 100 362 stone
684 100 363 stone
684 100 364 stone
684 100 365 stone
684 100 366 stone
684 100 367 diorite
684 100 368 diorite
684 100 369 diorite
684 100 370 diorite
684 100 371 diorite
684 100 372 stone
684 100 373 stone
684 100 374 stone
684 100 375 stone
684 100 376 stone
684 100 377 stone
684 100 378 stone
684 100 379 stone
684 100 380 stone
684 100 381 stone
684 100 382 stone
684 100 383 stone
685 100 256 diorite
685 100 257 diorite
685 100 258 diorite
685 100 259 stone
685 100 260 stone
685 100 261 stone
685 100 262 stone
685 100 263 stone
685 100 264 stone
685 100 265 stone
685 100 266 stone
685 100 267 stone
685 100 268 stone
685 100 269 stone
685 100 270 stone
685 100 271 stone
685 100 272 stone
685 100 273 stone
685 100 274 stone
685 100 275 stone
685 100 276 stone
685 100 277 stone
685 100 278 stone
685 100 279 diorite
685 100 280 diorite
685 100 281 diorite
685 100 282 diorite
685 100 283 diorite
685 100 284 stone
685 100 285 stone
685 100 286 stone
685 100 287 copper_ore
685 100 288 stone
685 100 289 stone
685 100 290 stone
685 100 291 copper_ore
685 100 292 iron_ore
685 100 293 stone
685 100 294 stone
685 100 295 stone
685 100 296 stone
685 100 297 iron_ore
685 100 298 iron_ore
685 100 299 stone
685 100 300 stone
685 100 301 stone
685 100 302 stone
685 100 303 stone
685 100 304 stone
685 100 305 stone
685 100 306 stone
685 100 307 stone
685 100 308 stone
685 100 309 stone
685 100 310 stone
685 100 311 stone
685 100 312 stone
685 100 313 stone
685 100 314 stone
685 100 315 stone
685 100 316 stone
685 100 317 stone
685 100 318 stone
685 100 319 stone
685 100 320 stone
685 100 321 stone
685 100 322 stone
685 100 323 stone
685 100 324 stone
685 100 325 diorite
685 100 326 diorite
685 100 327 diorite
685 100 328 stone
685 100 329 stone
685 100 330 stone
685 100 331 stone
685 100 332 stone
685 100 333 stone
685 100 334 stone
685 100 335 stone
685 100 336 stone
685 100 337 stone
685 100 338 stone
685 100 339 stone
685 100 340 stone
685 100 341 stone
685 100 342 stone
685 100 343 stone
685 100 344 stone
685 100 345 stone
685 100 346 stone
685 100 347 stone
685 100 348 stone
685 100 349 stone
685 100 350 stone
685 100 351 stone
685 100 352 stone
685 100 353 stone
685 100 354 stone
685 100 355 stone
685 100 356 stone
685 100 357 stone
685 100 358 stone
685 100 359 stone
685 100 360 stone
685 100 361 stone
685 100 362 stone
685 100 363 stone
685 100 364 stone
685 100 365 stone
685 100 366 stone
685 100 367 stone
685 100 368 diorite
685 100 369 diorite
685 100 370 diorite
685 100 371 stone
685 100 372 stone
685 100 373 stone
685 100 374 stone
685 100 375 stone
685 100 376 stone
685 100 377 stone
685 100 378 stone
685 100 379 stone
685 100 380 stone
685 100 381 diorite
685 100 382 diorite
685 100 383 diorite
686 100 256 diorite
686 100 257 diorite
686 100 258 diorite
686 100 259 diorite
686 100 260 diorite
686 100 261 stone
686 100 262 stone
686 100 263 stone
686 100 264 stone
686 100 265 stone
686 100 266 stone
686 100 267 stone
686 100 268 stone
686 100 269 stone
686 100 270 stone
686 100 271 stone
686 100 272 stone
686 100 273 stone
686 100 274 stone
686 100 275 stone
686 100 276 stone
686 100 277 stone
686 100 278 stone
686 100 279 diorite
686 100 280 diorite
686 100 281 diorite
686 100 282 diorite
686 100 283 diorite
686 100 284 diorite
686 100 285 stone
686 100 286 stone
686 100 287 copper_ore
686 100 288 stone
686 100 289 stone
686 100 290 copper_ore
686 100 291 copper_ore
686 100 292 stone
686 100 293 stone
686 100 294 stone
686 100 295 stone
686 100 296 stone
686 100 297 stone
686 100 298 stone
686 100 299 stone
686 100 300 stone
686 100 301 stone
686 100 302 stone
686 100 303 stone
686 100 304 stone
686 100 305 stone
686 100 306 stone
686 100 307 stone
686 100 308 stone
686 100 309 stone
686 100 310 stone
686 100 311 stone
686 100 312 stone
686 100 313 stone
686 100 314 stone
686 100 315 stone
686 100 316 stone
686 100 317 stone
686 100 318 stone
686 100 319 stone
686 100 320 stone
686 100 321 stone
686 100 322 diorite
686 100 323 diorite
686 100 324 diorite
686 100 325 diorite
686 100 326 diorite
686 100 327 diorite
686 100 328 diorite
686 100 329 stone
686 100 330 stone
686 100 331 stone
686 100 332 stone
686 100 333 stone
686 100 334 stone
686 100 335 stone
686 100 336 stone
686 100 337 stone
686 100 338 stone
686 100 339 stone
686 100 340 stone
686 100 341 stone
686 100 342 stone
686 100 343 stone
686 100 344 stone
686 100 345 stone
686 100 346 stone
686 100 347 stone
686 100 348 stone
686 100 349 stone
686 100 350 stone
686 100 351 stone
686 100 352 stone
686 100 353 stone
686 100 354 stone
686 100 355 stone
686 100 356 stone
686 100 357 stone
686 100 358 stone
686 100 359 stone
686 100 360 stone
686 100 361 stone
686 100 362 stone
686 100 363 stone
686 100 364 stone
686 100 365 stone
686 100 366 stone
686 100 367 stone
686 100 368 stone
686 100 369 stone
686 100 370 stone
686 100 371 stone
686 100 372 stone
686 100 373 stone
686 100 374 stone
686 100 375 stone
686 100 376 stone
686 100 377 stone
686 100 378 stone
686 100 379 diorite
686 100 380 diorite
686 100 381 diorite
686 100 382 diorite
686 100 383 diorite
687 100 256 diorite
687 100 257 diorite
687 100 258 diorite
687 100 259 diorite
687 100 260 diorite
687 100 261 diorite
687 100 262 diorite
687 100 263 stone
687 100 264 stone
687 100 265 stone
687 100 266 stone
687 100 267 stone
687 100 268 stone
687 100 269 stone
687 100 270 stone
687 100 271 stone
687 100 272 stone
687 100 273 stone
687 100 274 stone
687 100 275 stone
687 100 276 stone
687 100 277 stone
687 100 278 stone
687 100 279 diorite
687 100 280 diorite
687 100 281 diorite
687 100 282 diorite
687 100 283 diorite
687 100 284 diorite
687 100 285 stone
687 100 286 stone
687 100 287 copper_ore
687 100 288 copper_ore
687 100 289 stone
687 100 290 copper_ore
687 100 291 copper_ore
687 100 292 stone
687 100 293 stone
687 100 294 stone
687 100 295 stone
687 100 296 stone
687 100 297 stone
687 100 298 stone
687 100 299 stone
687 100 300 stone
687 100 301 stone
687 100 302 stone
687 100 303 stone
687 100 304 stone
687 100 305 stone
687 100 306 stone
687 100 307 stone
687 100 308 stone
687 100 309 stone
687 100 310 stone
687 100 311 stone
687 100 312 stone
687 100 313 stone
687 100 314 stone
687 100 315 stone
687 100 316 stone
687 100 317 stone
687 100 318 stone
687 100 319 stone
687 100 320 stone
687 100 321 diorite
687 100 322 diorite
687 100 323 diorite
687 100 324 diorite
687 100 325 diorite
687 100 326 diorite
687 100 327 diorite
687 100 328 diorite
687 100 329 stone
687 100 330 stone
687 100 331 stone
687 100 332 stone
687 100 333 stone
687 100 334 stone
687 100 335 stone
687 100 336 stone
687 100 337 stone
687 100 338 stone
687 100 339 stone
687 100 340 stone
687 100 341 stone
687 100 342 stone
687 100 343 stone
687 100 344 stone
687 100 345 stone
687 100 346 stone
687 100 347 stone
687 100 348 stone
687 100 349 stone
687 100 350 stone
687 100 351 stone
687 100 352 stone
687 100 353 stone
687 100 354 stone
687 100 355 stone
687 100 356 stone
687 100 357 stone
687 100 358 stone
687 100 359 stone
687 100 360 stone
687 100 361 stone
687 100 362 stone
687 100 363 stone
687 100 364 stone
687 100 365 gravel
687 100 366 gravel
