803 126 612 granite
803 126 613 granite
803 126 614 granite
803 126 615 granite
803 126 616 stone
803 126 617 stone
803 126 618 stone
803 126 619 stone
803 126 620 stone
803 126 621 stone
803 126 622 stone
803 126 623 gravel
803 126 624 stone
803 126 625 stone
803 126 626 stone
803 126 627 stone
803 126 628 stone
803 126 629 stone
803 126 630 stone
803 126 631 stone
803 126 632 stone
803 126 633 stone
803 126 634 stone
803 126 635 stone
803 126 636 stone
803 126 637 stone
803 126 638 stone
803 126 639 stone
803 126 640 stone
803 126 641 stone
803 126 642 stone
803 126 643 stone
803 126 644 stone
803 126 645 stone
803 126 646 stone
803 126 647 stone
803 126 648 stone
803 126 649 stone
803 126 650 stone
803 126 651 stone
803 126 652 stone
803 126 653 stone
803 126 654 stone
803 126 655 stone
803 126 656 stone
803 126 657 stone
803 126 658 stone
803 126 659 stone
803 126 660 stone
803 126 661 stone
803 126 662 stone
803 126 663 stone
803 126 664 stone
803 126 665 stone
803 126 666 stone
803 126 667 stone
803 126 668 stone
803 126 669 stone
803 126 670 stone
803 126 671 stone
803 126 672 stone
803 126 673 stone
803 126 674 stone
803 126 675 stone
803 126 676 stone
803 126 677 stone
803 126 678 stone
803 126 679 stone
803 126 680 stone
803 126 681 stone
803 126 682 stone
803 126 683 stone
803 126 684 stone
803 126 685 stone
803 126 686 stone
803 126 687 stone
803 126 688 stone
803 126 689 stone
803 126 690 stone
803 126 691 stone
803 126 692 stone
803 126 693 stone
803 126 694 stone
803 126 695 stone
803 126 696 stone
803 126 697 stone
803 126 698 stone
803 126 699 stone
803 126 700 stone
803 126 701 stone
803 126 702 stone
803 126 703 stone
803 126 704 stone
803 126 705 stone
803 126 706 stone
803 126 707 stone
803 126 708 stone
803 126 709 stone
803 126 710 stone
803 126 711 stone
803 126 712 stone
803 126 713 stone
803 126 714 stone
803 126 715 stone
803 126 716 stone
803 126 717 stone
803 126 718 stone
803 126 719 stone
803 126 720 stone
803 126 721 stone
803 126 722 stone
803 126 723 stone
803 126 724 stone
803 126 725 stone
803 126 726 stone
803 126 727 stone
803 126 728 stone
803 126 729 stone
803 126 730 stone
803 126 731 stone
803 126 732 stone
803 126 733 stone
803 126 734 stone
803 126 735 dirt
803 126 736 stone
803 126 737 stone
803 126 738 stone
803 126 739 stone
803 126 740 stone
803 126 741 water[level=0]
803 126 742 water[level=0]
803 126 743 water[level=0]
803 126 744 water[level=0]
803 126 745 stone
803 126 746 stone
803 126 747 stone
803 126 748 stone
803 126 749 stone
803 126 750 stone
803 126 751 stone
803 126 752 stone
803 126 753 stone
803 126 754 stone
803 126 755 stone
803 126 756 stone
803 126 757 stone
803 126 758 stone
803 126 759 stone
803 126 760 stone
803 126 761 stone
803 126 762 stone
803 126 763 stone
803 126 764 stone
803 126 765 stone
803 126 766 stone
803 126 767 stone
803 126 768 stone
803 126 769 stone
803 126 770 stone
803 126 771 stone
803 126 772 stone
803 126 773 stone
803 126 774 stone
803 126 775 stone
803 126 776 stone
803 126 777 stone
803 126 778 stone
803 126 779 stone
803 126 780 stone
803 126 781 stone
803 126 782 stone
803 126 783 stone
803 126 784 stone
803 126 785 stone
803 126 786 stone
803 126 787 stone
803 126 788 stone
803 126 789 stone
803 126 799 stone
803 126 800 stone
803 126 801 stone
803 126 802 stone
803 126 803 copper_ore
803 126 804 copper_ore
803 126 805 stone
803 126 806 stone
803 126 807 stone
803 126 808 stone
803 126 809 stone
803 126 810 stone
803 126 811 stone
803 126 812 stone
803 126 813 stone
803 126 814 stone
803 126 815 stone
803 126 816 stone
803 126 817 stone
803 126 818 stone
803 126 819 stone
803 126 820 stone
803 126 821 stone
803 126 822 stone
803 126 823 dirt
803 126 824 dirt
803 126 825 dirt
803 126 826 dirt
803 126 827 stone
803 126 828 stone
803 126 829 stone
803 126 830 dirt
803 126 831 dirt
803 126 832 dirt
803 126 833 stone
803 126 834 stone
803 126 835 stone
803 126 836 stone
803 126 837 stone
803 126 838 stone
803 126 839 stone
803 126 840 stone
803 126 841 stone
803 126 842 stone
803 126 843 stone
803 126 844 stone
803 126 845 stone
803 126 846 stone
803 126 847 stone
803 126 852 stone
803 126 853 stone
803 126 854 stone
803 126 855 stone
803 126 864 stone
803 126 865 stone
803 126 866 stone
803 126 867 gravel
803 126 868 gravel
803 126 869 gravel
803 126 870 gravel
803 126 871 gravel
803 126 872 stone
803 126 873 diorite
803 126 874 diorite
803 126 875 diorite
803 126 876 diorite
803 126 877 stone
803 126 878 copper_ore
803 126 879 stone
803 126 880 stone
803 126 881 stone
803 126 882 dirt
803 126 883 dirt
803 126 884 dirt
803 126 885 dirt
803 126 886 dirt
803 126 887 dirt
803 126 888 dirt
803 126 889 dirt
803 126 890 dirt
803 126 891 dirt
803 126 892 stone
803 126 893 stone
803 126 894 stone
803 126 895 stone
803 126 896 stone
803 126 897 stone
803 126 898 stone
803 126 899 stone
803 126 900 stone
803 126 901 stone
803 126 902 stone
803 126 903 stone
803 126 904 stone
803 126 905 stone
803 126 906 stone
803 126 907 stone
803 126 908 stone
803 126 909 stone
803 126 910 stone
803 126 911 stone
803 126 912 stone
803 126 913 stone
803 126 914 stone
803 126 915 stone
803 126 916 stone
803 126 917 stone
803 126 918 stone
803 126 919 stone
803 126 920 stone
803 126 921 stone
803 126 922 stone
803 126 923 stone
803 126 924 stone
803 126 925 stone
803 126 926 stone
803 126 927 stone
803 126 928 stone
803 126 929 stone
803 126 930 copper_ore
803 126 931 stone
803 126 932 stone
803 126 933 stone
803 126 934 stone
803 126 935 stone
803 126 936 stone
803 126 937 stone
803 126 938 stone
803 126 939 stone
803 126 940 stone
803 126 941 stone
803 126 942 copper_ore
803 126 943 stone
803 126 944 stone
803 126 945 stone
803 126 946 stone
803 126 947 stone
803 126 948 stone
803 126 949 water[level=0]
803 126 950 water[level=0]
803 126 951 water[level=0]
803 126 952 water[level=0]
803 126 953 water[level=0]
803 126 954 water[level=0]
803 126 955 water[level=0]
803 126 956 water[level=0]
803 126 957 water[level=0]
803 126 958 water[level=0]
803 126 959 water[level=0]
803 126 960 water[level=0]
803 126 961 water[level=0]
803 126 962 water[level=0]
803 126 963 water[level=0]
803 126 964 water[level=0]
803 126 965 water[level=0]
803 126 966 water[level=0]
803 126 967 water[level=0]
803 126 968 water[level=0]
803 126 969 water[level=0]
803 126 970 grass_block[snowy=false]
803 126 971 grass_block[snowy=false]
803 126 972 water[level=0]
803 126 973 stone
803 126 974 stone
803 126 975 stone
803 126 976 stone
803 126 977 stone
803 126 978 stone
803 126 979 stone
803 126 980 stone
803 126 981 stone
803 126 982 stone
803 126 983 stone
803 126 984 stone
803 126 985 stone
803 126 986 gravel
803 126 987 gravel
803 126 988 gravel
803 126 989 gravel
803 126 990 stone
803 126 991 stone
803 126 992 stone
803 126 993 stone
803 126 994 stone
803 126 995 stone
803 126 996 stone
803 126 997 stone
803 126 998 stone
803 126 999 stone
803 126 1000 stone
803 126 1001 stone
803 126 1002 stone
803 126 1003 stone
803 126 1004 stone
803 126 1005 stone
803 126 1006 stone
803 126 1007 stone
803 126 1008 stone
803 126 1009 stone
803 126 1010 stone
803 126 1011 stone
803 126 1012 stone
803 126 1013 stone
803 126 1014 stone
803 126 1015 stone
803 126 1016 stone
803 126 1017 stone
803 126 1018 stone
803 126 1019 stone
803 126 1020 stone
803 126 1021 stone
803 126 1022 stone
803 126 1023 stone
803 127 0 stone
803 127 1 stone
803 127 2 stone
803 127 3 stone
803 127 4 stone
803 127 5 stone
803 127 6 stone
803 127 7 stone
803 127 8 stone
803 127 9 stone
803 127 10 stone
803 127 11 stone
803 127 12 stone
803 127 13 stone
803 127 14 stone
803 127 15 stone
803 127 16 stone
803 127 17 stone
803 127 18 stone
803 127 19 stone
803 127 20 stone
803 127 21 stone
803 127 22 stone
803 127 23 stone
803 127 24 stone
803 127 25 stone
803 127 26 stone
803 127 27 stone
803 127 28 stone
803 127 29 stone
803 127 30 stone
803 127 31 stone
803 127 32 stone
803 127 33 stone
803 127 34 stone
803 127 35 stone
803 127 36 stone
803 127 37 stone
803 127 38 stone
803 127 39 stone
803 127 40 stone
803 127 41 stone
803 127 42 stone
803 127 43 stone
803 127 44 stone
803 127 45 stone
803 127 46 stone
803 127 47 stone
803 127 48 stone
803 127 49 stone
803 127 50 stone
803 127 51 stone
803 127 52 stone
803 127 53 stone
803 127 54 stone
803 127 55 stone
803 127 56 stone
803 127 57 stone
803 127 58 stone
803 127 59 stone
803 127 60 stone
803 127 61 stone
803 127 62 stone
803 127 63 stone
803 127 64 stone
803 127 65 stone
803 127 66 stone
803 127 67 dirt
803 127 68 stone
803 127 69 stone
803 127 70 dirt
803 127 71 dirt
803 127 72 dirt
803 127 73 dirt
803 127 74 stone
803 127 75 stone
803 127 76 stone
803 127 77 stone
803 127 78 stone
803 127 79 stone
803 127 80 stone
803 127 81 stone
803 127 82 stone
803 127 83 stone
803 127 84 stone
803 127 85 stone
803 127 86 stone
803 127 87 stone
803 127 88 stone
803 127 89 stone
803 127 90 stone
803 127 91 stone
803 127 92 stone
803 127 93 stone
803 127 94 stone
803 127 95 stone
803 127 96 stone
803 127 97 stone
803 127 98 stone
803 127 99 stone
803 127 100 stone
803 127 101 stone
803 127 102 stone
803 127 103 stone
803 127 108 stone
803 127 109 stone
803 127 110 stone
803 127 111 stone
803 127 112 stone
803 127 113 stone
803 127 114 stone
803 127 115 stone
803 127 116 stone
803 127 117 stone
803 127 118 stone
803 127 119 stone
803 127 120 dirt
803 127 121 dirt
803 127 122 dirt
803 127 123 dirt
803 127 124 dirt
803 127 125 dirt
803 127 126 dirt
803 127 127 dirt
803 127 128 dirt
803 127 152 dirt
803 127 153 dirt
803 127 154 dirt
803 127 155 dirt
803 127 156 dirt
803 127 157 stone
803 127 158 stone
803 127 159 stone
803 127 160 stone
803 127 161 stone
803 127 162 stone
803 127 163 stone
803 127 164 stone
803 127 165 stone
803 127 166 stone
803 127 167 stone
803 127 168 stone
803 127 169 stone
803 127 170 stone
803 127 171 stone
803 127 172 stone
803 127 173 stone
803 127 174 stone
803 127 175 stone
803 127 176 stone
803 127 177 stone
803 127 178 stone
803 127 179 stone
803 127 180 stone
803 127 181 stone
803 127 182 stone
803 127 183 stone
803 127 184 gravel
803 127 185 gravel
803 127 186 gravel
803 127 187 gravel
803 127 188 gravel
803 127 189 gravel
803 127 190 gravel
803 127 191 gravel
803 127 192 stone
803 127 193 stone
803 127 194 stone
803 127 195 stone
803 127 196 stone
803 127 197 stone
803 127 198 stone
803 127 199 stone
803 127 200 stone
803 127 201 stone
803 127 202 stone
803 127 203 grass_block[snowy=false]
803 127 231 stone
803 127 232 stone
803 127 233 stone
803 127 234 stone
803 127 235 stone
803 127 236 stone
803 127 237 stone
803 127 238 stone
803 127 239 stone
803 127 240 stone
803 127 241 stone
803 127 242 stone
803 127 243 stone
803 127 244 stone
803 127 245 stone
803 127 246 stone
803 127 247 stone
803 127 248 stone
803 127 249 stone
803 127 250 stone
803 127 251 stone
803 127 252 stone
803 127 253 stone
803 127 254 stone
803 127 255 stone
803 127 256 stone
803 127 257 stone
803 127 258 stone
803 127 259 stone
803 127 260 stone
803 127 261 stone
803 127 262 stone
803 127 263 stone
803 127 264 stone
803 127 265 stone
803 127 266 stone
803 127 267 stone
803 127 268 stone
803 127 269 stone
803 127 270 stone
803 127 271 gravel
803 127 272 gravel
803 127 273 gravel
803 127 274 gravel
803 127 308 stone
803 127 309 stone
803 127 310 stone
803 127 311 stone
803 127 312 stone
803 127 313 stone
803 127 314 coal_ore
803 127 315 coal_ore
803 127 316 coal_ore
803 127 317 stone
803 127 318 stone
803 127 319 stone
803 127 320 stone
803 127 321 stone
803 127 322 stone
803 127 323 stone
803 127 324 stone
803 127 325 stone
803 127 326 stone
803 127 327 stone
803 127 328 stone
803 127 329 stone
803 127 330 stone
803 127 331 stone
803 127 332 stone
803 127 333 stone
803 127 334 stone
803 127 335 stone
803 127 336 coal_ore
803 127 337 coal_ore
803 127 338 stone
803 127 339 stone
803 127 340 stone
803 127 341 stone
803 127 342 stone
803 127 343 stone
803 127 344 stone
803 127 345 stone
803 127 346 stone
803 127 347 stone
803 127 348 stone
803 127 349 stone
803 127 350 stone
803 127 351 stone
803 127 352 stone
803 127 353 stone
803 127 354 stone
803 127 355 stone
803 127 356 stone
803 127 357 stone
803 127 358 stone
803 127 359 stone
803 127 360 stone
803 127 361 stone
803 127 362 stone
803 127 363 stone
803 127 364 stone
803 127 365 stone
803 127 366 stone
803 127 367 stone
803 127 368 stone
803 127 369 stone
803 127 370 stone
803 127 371 stone
803 127 372 stone
803 127 373 stone
803 127 374 stone
803 127 375 stone
803 127 376 stone
803 127 377 stone
803 127 378 stone
803 127 379 stone
803 127 380 stone
803 127 381 stone
803 127 382 stone
803 127 383 stone
803 127 384 stone
803 127 385 stone
803 127 386 stone
803 127 387 stone
803 127 388 gravel
803 127 389 gravel
803 127 390 gravel
803 127 391 stone
803 127 392 stone
803 127 393 stone
803 127 394 stone
803 127 395 stone
803 127 396 stone
803 127 397 stone
803 127 405 stone
803 127 406 stone
803 127 407 stone
803 127 408 stone
803 127 409 stone
803 127 410 stone
803 127 411 stone
803 127 412 stone
803 127 413 gravel
803 127 414 gravel
803 127 415 gravel
803 127 416 gravel
803 127 417 gravel
803 127 418 stone
803 127 419 coal_ore
803 127 420 coal_ore
803 127 421 coal_ore
803 127 422 coal_ore
803 127 423 stone
803 127 424 stone
803 127 425 stone
803 127 426 stone
803 127 427 stone
803 127 428 stone
803 127 429 stone
803 127 430 stone
803 127 431 stone
803 127 432 stone
803 127 443 stone
803 127 444 stone
803 127 445 stone
803 127 446 coal_ore
803 127 447 coal_ore
803 127 448 stone
803 127 449 stone
803 127 450 stone
803 127 451 stone
803 127 452 stone
803 127 453 stone
803 127 454 stone
803 127 455 stone
803 127 456 stone
803 127 457 stone
803 127 458 stone
803 127 459 dirt
803 127 507 dirt
803 127 508 dirt
803 127 509 dirt
803 127 510 dirt
803 127 511 stone
803 127 512 stone
803 127 513 stone
803 127 514 stone
803 127 515 stone
803 127 516 stone
803 127 517 stone
803 127 518 stone
803 127 519 stone
803 127 520 stone
803 127 521 stone
803 127 522 stone
803 127 523 stone
803 127 524 stone
803 127 525 stone
803 127 526 stone
803 127 527 stone
803 127 528 stone
803 127 529 stone
803 127 530 stone
803 127 531 stone
803 127 532 stone
803 127 533 stone
803 127 534 stone
803 127 535 stone
803 127 536 stone
803 127 537 stone
803 127 538 stone
803 127 539 stone
803 127 540 stone
803 127 541 stone
803 127 542 stone
803 127 543 stone
803 127 544 stone
803 127 545 stone
803 127 546 stone
803 127 547 stone
803 127 548 stone
803 127 549 stone
803 127 550 stone
803 127 551 stone
803 127 552 stone
803 127 553 stone
803 127 554 stone
803 127 555 stone
803 127 556 stone
803 127 557 stone
803 127 558 stone
803 127 559 granite
803 127 560 stone
803 127 561 granite
803 127 562 granite
803 127 563 granite
803 127 564 granite
803 127 565 stone
803 127 566 stone
803 127 567 stone
803 127 568 stone
803 127 569 stone
803 127 570 stone
803 127 571 stone
803 127 572 stone
803 127 573 stone
803 127 574 stone
803 127 575 stone
803 127 576 stone
803 127 577 stone
803 127 578 stone
803 127 579 stone
803 127 580 stone
803 127 581 stone
803 127 582 stone
803 127 583 stone
803 127 584 stone
803 127 585 stone
803 127 586 stone
803 127 587 stone
803 127 588 stone
803 127 589 stone
803 127 590 stone
803 127 591 stone
803 127 592 stone
803 127 593 stone
803 127 594 stone
803 127 595 stone
803 127 596 stone
803 127 597 stone
803 127 598 stone
803 127 599 stone
803 127 600 stone
803 127 601 coal_ore
803 127 602 stone
803 127 603 stone
803 127 604 stone
803 127 605 stone
803 127 606 stone
803 127 607 stone
803 127 608 stone
803 127 609 granite
803 127 610 granite
803 127 611 granite
803 127 612 granite
803 127 613 granite
803 127 614 granite
803 127 615 granite
803 127 616 stone
803 127 617 stone
803 127 618 stone
803 127 619 stone
803 127 620 stone
803 127 621 stone
803 127 622 stone
803 127 623 stone
803 127 624 stone
803 127 625 stone
803 127 626 stone
803 127 627 stone
803 127 628 stone
803 127 629 stone
803 127 630 stone
803 127 631 stone
803 127 632 stone
803 127 633 stone
803 127 634 stone
803 127 635 stone
803 127 636 stone
803 127 637 stone
803 127 638 stone
803 127 639 stone
803 127 640 stone
803 127 641 stone
803 127 642 stone
803 127 643 stone
803 127 644 stone
803 127 645 stone
803 127 646 stone
803 127 647 stone
803 127 648 stone
803 127 649 stone
803 127 650 stone
803 127 651 stone
803 127 652 stone
803 127 653 stone
803 127 654 stone
803 127 655 stone
803 127 656 stone
803 127 657 stone
803 127 658 stone
803 127 659 stone
803 127 660 stone
803 127 661 stone
803 127 662 stone
803 127 663 stone
803 127 664 stone
803 127 665 stone
803 127 666 stone
803 127 667 stone
803 127 668 stone
803 127 669 stone
803 127 670 stone
803 127 671 stone
803 127 672 stone
803 127 673 stone
803 127 674 stone
803 127 675 stone
803 127 676 stone
803 127 677 stone
803 127 678 stone
803 127 679 stone
803 127 680 stone
803 127 681 stone
803 127 682 stone
803 127 683 stone
803 127 684 stone
803 127 685 stone
803 127 686 stone
803 127 687 stone
803 127 688 stone
803 127 689 stone
803 127 690 stone
803 127 691 stone
803 127 692 stone
803 127 693 stone
803 127 694 stone
803 127 695 stone
803 127 696 stone
803 127 697 stone
803 127 698 stone
803 127 699 stone
803 127 700 stone
803 127 701 stone
803 127 702 stone
803 127 703 stone
803 127 704 stone
803 127 705 stone
803 127 706 stone
803 127 707 stone
803 127 708 stone
803 127 709 stone
803 127 710 stone
803 127 711 stone
803 127 712 stone
803 127 713 stone
803 127 714 stone
803 127 715 stone
803 127 716 stone
803 127 717 stone
803 127 718 stone
803 127 719 stone
803 127 720 stone
803 127 721 stone
803 127 722 stone
803 127 723 stone
803 127 724 stone
803 127 725 stone
803 127 726 stone
803 127 727 stone
803 127 728 stone
803 127 729 stone
803 127 730 stone
803 127 731 stone
803 127 732 stone
803 127 733 stone
803 127 734 stone
803 127 735 dirt
803 127 736 stone
803 127 737 stone
803 127 738 stone
803 127 739 stone
803 127 746 stone
803 127 747 stone
803 127 748 stone
803 127 749 stone
803 127 750 stone
803 127 751 stone
803 127 752 stone
803 127 753 stone
803 127 754 stone
803 127 755 stone
803 127 756 stone
803 127 757 stone
803 127 758 stone
803 127 759 stone
803 127 760 stone
803 127 761 stone
803 127 762 stone
803 127 763 stone
803 127 764 stone
803 127 765 stone
803 127 766 stone
803 127 767 stone
803 127 768 stone
803 127 769 stone
803 127 770 stone
803 127 771 stone
803 127 772 stone
803 127 773 stone
803 127 774 stone
803 127 775 stone
803 127 776 stone
803 127 777 stone
803 127 778 stone
803 127 779 stone
803 127 780 stone
803 127 781 stone
803 127 782 stone
803 127 783 stone
803 127 784 stone
803 127 785 stone
803 127 786 stone
803 127 787 stone
803 127 788 stone
803 127 798 stone
803 127 799 stone
803 127 800 stone
803 127 801 stone
803 127 802 stone
803 127 803 stone
803 127 804 stone
803 127 805 stone
803 127 806 stone
803 127 807 stone
803 127 808 stone
803 127 809 stone
803 127 810 stone
803 127 811 stone
803 127 812 stone
803 127 813 stone
803 127 814 stone
803 127 815 stone
803 127 816 stone
803 127 817 stone
803 127 818 stone
803 127 819 stone
803 127 820 stone
803 127 821 stone
803 127 822 stone
803 127 823 stone
803 127 824 dirt
803 127 825 dirt
803 127 826 stone
803 127 827 stone
803 127 828 stone
803 127 829 stone
803 127 830 dirt
803 127 831 dirt
803 127 832 dirt
803 127 833 stone
803 127 834 stone
803 127 835 stone
803 127 836 stone
803 127 837 stone
803 127 838 stone
803 127 839 stone
803 127 840 stone
803 127 841 stone
803 127 842 stone
803 127 843 stone
803 127 844 stone
803 127 845 stone
803 127 846 stone
803 127 851 stone
803 127 852 stone
803 127 853 stone
803 127 854 stone
803 127 855 stone
803 127 865 stone
803 127 866 stone
803 127 867 stone
803 127 868 gravel
803 127 869 gravel
803 127 870 gravel
803 127 871 stone
803 127 872 stone
803 127 873 stone
803 127 874 stone
803 127 875 stone
803 127 876 stone
803 127 877 stone
803 127 878 stone
803 127 879 stone
803 127 880 stone
803 127 881 stone
803 127 882 stone
803 127 883 dirt
803 127 884 dirt
803 127 885 dirt
803 127 886 dirt
803 127 887 dirt
803 127 888 dirt
803 127 889 dirt
803 127 890 stone
803 127 891 stone
803 127 892 stone
803 127 893 stone
803 127 894 stone
803 127 895 stone
803 127 896 stone
803 127 897 stone
803 127 898 stone
803 127 899 stone
803 127 900 stone
803 127 901 stone
803 127 902 stone
803 127 903 stone
803 127 904 stone
803 127 905 stone
803 127 906 stone
803 127 907 stone
803 127 908 stone
