381 122 895 iron_ore
382 122 768 andesite
fill 382 122 769 382 122 776 stone
fill 382 122 777 382 122 791 diorite
382 122 792 stone
fill 382 122 793 382 122 798 diorite
fill 382 122 799 382 122 814 stone
fill 382 122 815 382 122 822 diorite
382 122 823 stone
382 122 824 stone
fill 382 122 825 382 122 828 coal_ore
fill 382 122 829 382 122 847 stone
fill 382 122 848 382 122 851 dirt
fill 382 122 852 382 122 860 stone
fill 382 122 861 382 122 863 gravel
382 122 864 stone
382 122 865 stone
382 122 866 diorite
fill 382 122 867 382 122 870 gravel
fill 382 122 871 382 122 882 stone
fill 382 122 883 382 122 885 dirt
fill 382 122 886 382 122 895 stone
fill 383 122 768 383 122 776 stone
fill 383 122 777 383 122 788 diorite
fill 383 122 789 383 122 793 stone
fill 383 122 794 383 122 797 diorite
fill 383 122 798 383 122 814 stone
fill 383 122 815 383 122 822 diorite
fill 383 122 823 383 122 847 stone
fill 383 122 848 383 122 850 dirt
fill 383 122 851 383 122 860 stone
fill 383 122 861 383 122 864 gravel
383 122 865 diorite
383 122 866 diorite
fill 383 122 867 383 122 871 gravel
fill 383 122 872 383 122 882 stone
383 122 883 dirt
383 122 884 dirt
fill 383 122 885 383 122 895 stone
256 123 789 dirt
fill 256 123 790 256 123 794 water[level=0]
fill 256 123 795 256 123 809 stone
fill 256 123 810 256 123 817 andesite
256 123 818 stone
fill 256 123 819 256 123 833 diorite
fill 256 123 834 256 123 839 stone
fill 256 123 840 256 123 844 water[level=0]
fill 256 123 845 256 123 848 andesite
fill 256 123 849 256 123 856 stone
fill 256 123 857 256 123 861 diorite
fill 256 123 862 256 123 871 andesite
fill 256 123 872 256 123 895 stone
257 123 789 dirt
fill 257 123 790 257 123 796 water[level=0]
fill 257 123 797 257 123 812 stone
fill 257 123 813 257 123 815 andesite
fill 257 123 816 257 123 820 stone
fill 257 123 821 257 123 833 diorite
fill 257 123 834 257 123 839 stone
fill 257 123 840 257 123 844 water[level=0]
fill 257 123 845 257 123 849 andesite
fill 257 123 850 257 123 856 stone
fill 257 123 857 257 123 860 diorite
fill 257 123 861 257 123 870 andesite
fill 257 123 871 257 123 895 stone
258 123 789 dirt
fill 258 123 790 258 123 797 water[level=0]
fill 258 123 798 258 123 821 stone
fill 258 123 822 258 123 833 diorite
fill 258 123 834 258 123 840 stone
fill 258 123 841 258 123 844 water[level=0]
fill 258 123 845 258 123 850 andesite
fill 258 123 851 258 123 856 stone
fill 258 123 857 258 123 861 diorite
fill 258 123 862 258 123 867 andesite
258 123 868 diorite
fill 258 123 869 258 123 895 stone
259 123 789 grass_block[snowy=false]
259 123 790 dirt
fill 259 123 791 259 123 798 water[level=0]
fill 259 123 799 259 123 821 stone
fill 259 123 822 259 123 832 diorite
259 123 833 gravel
fill 259 123 834 259 123 841 stone
fill 259 123 842 259 123 844 water[level=0]
fill 259 123 845 259 123 851 andesite
fill 259 123 852 259 123 856 stone
fill 259 123 857 259 123 867 diorite
259 123 868 copper_ore
259 123 869 stone
259 123 870 stone
fill 259 123 871 259 123 875 coal_ore
fill 259 123 876 259 123 895 stone
260 123 789 grass_block[snowy=false]
260 123 790 dirt
fill 260 123 791 260 123 799 water[level=0]
fill 260 123 800 260 123 808 stone
fill 260 123 809 260 123 814 stone
260 123 815 coal_ore
260 123 816 coal_ore
fill 260 123 817 260 123 820 stone
fill 260 123 821 260 123 832 diorite
fill 260 123 833 260 123 835 gravel
fill 260 123 836 260 123 841 stone
fill 260 123 842 260 123 844 water[level=0]
fill 260 123 845 260 123 852 andesite
fill 260 123 853 260 123 856 stone
fill 260 123 857 260 123 866 diorite
260 123 867 copper_ore
260 123 868 copper_ore
fill 260 123 869 260 123 871 stone
fill 260 123 872 260 123 876 coal_ore
fill 260 123 877 260 123 895 stone
261 123 789 grass_block[snowy=false]
261 123 790 dirt
fill 261 123 791 261 123 800 water[level=0]
fill 261 123 801 261 123 814 stone
fill 261 123 815 261 123 817 coal_ore
fill 261 123 818 261 123 820 stone
fill 261 123 821 261 123 830 diorite
261 123 831 granite
261 123 832 granite
fill 261 123 833 261 123 835 gravel
fill 261 123 836 261 123 840 stone
fill 261 123 841 261 123 844 water[level=0]
fill 261 123 845 261 123 852 andesite
fill 261 123 853 261 123 857 stone
fill 261 123 858 261 123 867 diorite
fill 261 123 868 261 123 895 stone
262 123 790 grass_block[snowy=false]
262 123 791 dirt
fill 262 123 792 262 123 800 water[level=0]
fill 262 123 801 262 123 815 stone
fill 262 123 816 262 123 818 coal_ore
262 123 819 stone
fill 262 123 820 262 123 830 diorite
262 123 831 granite
262 123 832 granite
fill 262 123 833 262 123 836 gravel
262 123 837 stone
262 123 838 stone
fill 262 123 839 262 123 843 water[level=0]
fill 262 123 844 262 123 846 stone
fill 262 123 847 262 123 853 andesite
fill 262 123 854 262 123 857 stone
fill 262 123 858 262 123 867 diorite
fill 262 123 868 262 123 895 stone
263 123 790 grass_block[snowy=false]
263 123 791 dirt
263 123 792 dirt
fill 263 123 793 263 123 801 water[level=0]
fill 263 123 802 263 123 816 stone
263 123 817 coal_ore
263 123 818 coal_ore
fill 263 123 819 263 123 829 diorite
263 123 830 granite
fill 263 123 831 263 123 843 water[level=0]
fill 263 123 844 263 123 848 stone
fill 263 123 849 263 123 853 andesite
fill 263 123 854 263 123 857 stone
fill 263 123 858 263 123 867 diorite
fill 263 123 868 263 123 895 stone
264 123 790 grass_block[snowy=false]
264 123 791 dirt
264 123 792 stone
264 123 793 dirt
fill 264 123 794 264 123 802 water[level=0]
fill 264 123 803 264 123 818 stone
fill 264 123 819 264 123 828 diorite
264 123 829 granite
fill 264 123 830 264 123 841 water[level=0]
fill 264 123 842 264 123 857 stone
fill 264 123 858 264 123 866 diorite
fill 264 123 867 264 123 895 stone
265 123 790 grass_block[snowy=false]
fill 265 123 791 265 123 793 dirt
fill 265 123 794 265 123 802 water[level=0]
fill 265 123 803 265 123 818 stone
fill 265 123 819 265 123 826 diorite
fill 265 123 827 265 123 830 granite
fill 265 123 831 265 123 841 water[level=0]
fill 265 123 842 265 123 857 stone
fill 265 123 858 265 123 866 diorite
fill 265 123 867 265 123 895 stone
266 123 791 grass_block[snowy=false]
266 123 792 dirt
266 123 793 dirt
fill 266 123 794 266 123 803 water[level=0]
fill 266 123 804 266 123 818 stone
fill 266 123 819 266 123 823 diorite
fill 266 123 824 266 123 831 stone
fill 266 123 832 266 123 839 water[level=0]
fill 266 123 840 266 123 858 stone
fill 266 123 859 266 123 866 diorite
fill 266 123 867 266 123 895 stone
267 123 792 dirt
267 123 793 stone
267 123 794 stone
fill 267 123 795 267 123 804 water[level=0]
fill 267 123 805 267 123 834 stone
fill 267 123 835 267 123 837 gravel
fill 267 123 838 267 123 859 stone
fill 267 123 860 267 123 866 diorite
fill 267 123 867 267 123 895 stone
268 123 793 grass_block[snowy=false]
268 123 794 dirt
268 123 795 dirt
268 123 796 stone
fill 268 123 797 268 123 804 water[level=0]
fill 268 123 805 268 123 859 stone
fill 268 123 860 268 123 866 diorite
fill 268 123 867 268 123 895 stone
269 123 796 grass_block[snowy=false]
269 123 797 stone
fill 269 123 798 269 123 804 water[level=0]
fill 269 123 805 269 123 859 stone
fill 269 123 860 269 123 866 diorite
fill 269 123 867 269 123 895 stone
270 123 797 dirt
270 123 798 stone
270 123 799 water[level=0]
fill 270 123 800 270 123 804 water[level=0]
fill 270 123 805 270 123 860 stone
fill 270 123 861 270 123 866 diorite
270 123 867 stone
270 123 868 stone
270 123 869 coal_ore
270 123 870 coal_ore
fill 270 123 871 270 123 895 stone
271 123 797 grass_block[snowy=false]
271 123 798 stone
fill 271 123 799 271 123 805 water[level=0]
fill 271 123 806 271 123 862 stone
fill 271 123 863 271 123 866 diorite
271 123 867 stone
fill 271 123 868 271 123 870 coal_ore
fill 271 123 871 271 123 895 stone
272 123 798 dirt
272 123 799 stone
272 123 800 glow_lichen[down=false,east=false,north=true,south=false,up=false,waterlogged=true,west=false]
fill 272 123 801 272 123 805 water[level=0]
fill 272 123 806 272 123 860 stone
272 123 861 gravel
272 123 862 stone
fill 272 123 863 272 123 865 diorite
272 123 866 stone
fill 272 123 867 272 123 869 coal_ore
fill 272 123 870 272 123 895 stone
273 123 798 grass_block[snowy=false]
273 123 799 stone
fill 273 123 800 273 123 805 water[level=0]
fill 273 123 806 273 123 858 stone
fill 273 123 859 273 123 861 gravel
fill 273 123 862 273 123 866 stone
273 123 867 coal_ore
273 123 868 coal_ore
fill 273 123 869 273 123 895 stone
274 123 799 stone
fill 274 123 800 274 123 805 water[level=0]
274 123 806 stone
274 123 807 stone
274 123 808 dirt
fill 274 123 809 274 123 858 stone
fill 274 123 859 274 123 862 gravel
fill 274 123 863 274 123 889 stone
fill 274 123 890 274 123 892 coal_ore
fill 274 123 893 274 123 895 stone
275 123 799 grass_block[snowy=false]
275 123 800 stone
fill 275 123 801 275 123 805 water[level=0]
275 123 806 stone
fill 275 123 807 275 123 809 dirt
fill 275 123 810 275 123 857 stone
fill 275 123 858 275 123 862 gravel
fill 275 123 863 275 123 888 stone
fill 275 123 889 275 123 892 coal_ore
fill 275 123 893 275 123 895 stone
276 123 800 stone
fill 276 123 801 276 123 806 water[level=0]
276 123 807 dirt
276 123 808 dirt
276 123 809 gravel
fill 276 123 810 276 123 857 stone
fill 276 123 858 276 123 861 gravel
fill 276 123 862 276 123 875 stone
276 123 876 gravel
fill 276 123 877 276 123 889 stone
276 123 890 coal_ore
fill 276 123 891 276 123 895 stone
277 123 800 dirt
277 123 801 stone
277 123 802 dirt
fill 277 123 803 277 123 807 water[level=0]
277 123 808 gravel
277 123 809 gravel
fill 277 123 810 277 123 856 stone
fill 277 123 857 277 123 861 gravel
fill 277 123 862 277 123 872 stone
fill 277 123 873 277 123 879 gravel
fill 277 123 880 277 123 895 stone
278 123 801 stone
278 123 802 stone
fill 278 123 803 278 123 808 water[level=0]
fill 278 123 809 278 123 856 stone
fill 278 123 857 278 123 861 gravel
fill 278 123 862 278 123 870 stone
fill 278 123 871 278 123 879 gravel
fill 278 123 880 278 123 895 stone
279 123 799 water[level=1]
279 123 800 water[level=8]
279 123 801 dirt
fill 279 123 802 279 123 808 water[level=0]
fill 279 123 809 279 123 814 stone
279 123 815 coal_ore
fill 279 123 816 279 123 856 stone
fill 279 123 857 279 123 860 gravel
fill 279 123 861 279 123 869 stone
fill 279 123 870 279 123 878 gravel
fill 279 123 879 279 123 895 stone
280 123 799 water[level=8]
280 123 800 dirt
280 123 801 dirt
fill 280 123 802 280 123 808 water[level=0]
fill 280 123 809 280 123 813 stone
fill 280 123 814 280 123 816 coal_ore
fill 280 123 817 280 123 856 stone
fill 280 123 857 280 123 860 gravel
fill 280 123 861 280 123 869 stone
fill 280 123 870 280 123 876 gravel
fill 280 123 877 280 123 895 stone
281 123 798 water[level=8]
281 123 799 dirt
281 123 800 dirt
fill 281 123 801 281 123 808 water[level=0]
fill 281 123 809 281 123 813 stone
281 123 814 stone
fill 281 123 815 281 123 817 coal_ore
fill 281 123 818 281 123 856 stone
fill 281 123 857 281 123 860 gravel
fill 281 123 861 281 123 870 stone
281 123 871 gravel
281 123 872 gravel
fill 281 123 873 281 123 895 stone
282 123 797 water[level=8]
fill 282 123 798 282 123 800 dirt
fill 282 123 801 282 123 808 water[level=0]
fill 282 123 809 282 123 815 stone
282 123 816 coal_ore
282 123 817 coal_ore
fill 282 123 818 282 123 856 stone
fill 282 123 857 282 123 860 gravel
fill 282 123 861 282 123 895 stone
283 123 796 water[level=8]
283 123 797 water[level=8]
283 123 798 dirt
283 123 799 dirt
fill 283 123 800 283 123 808 water[level=0]
fill 283 123 809 283 123 854 stone
283 123 855 andesite
283 123 856 stone
fill 283 123 857 283 123 859 gravel
fill 283 123 860 283 123 895 stone
284 123 795 water[level=8]
fill 284 123 796 284 123 798 dirt
fill 284 123 799 284 123 808 water[level=0]
fill 284 123 809 284 123 852 stone
fill 284 123 853 284 123 856 andesite
fill 284 123 857 284 123 859 gravel
fill 284 123 860 284 123 895 stone
285 123 795 water[level=8]
285 123 796 dirt
285 123 797 dirt
fill 285 123 798 285 123 808 water[level=0]
fill 285 123 809 285 123 851 stone
fill 285 123 852 285 123 856 andesite
285 123 857 gravel
285 123 858 gravel
fill 285 123 859 285 123 895 stone
286 123 796 water[level=8]
286 123 797 dirt
286 123 798 dirt
fill 286 123 799 286 123 808 water[level=0]
fill 286 123 809 286 123 850 stone
fill 286 123 851 286 123 857 andesite
fill 286 123 858 286 123 865 stone
fill 286 123 866 286 123 869 andesite
fill 286 123 870 286 123 895 stone
287 123 797 dirt
287 123 798 dirt
fill 287 123 799 287 123 808 water[level=0]
fill 287 123 809 287 123 850 stone
fill 287 123 851 287 123 857 andesite
fill 287 123 858 287 123 865 stone
fill 287 123 866 287 123 870 andesite
fill 287 123 871 287 123 880 stone
287 123 881 copper_ore
287 123 882 copper_ore
fill 287 123 883 287 123 890 stone
287 123 891 gravel
fill 287 123 892 287 123 895 stone
288 123 797 stone
288 123 798 stone
fill 288 123 799 288 123 809 water[level=0]
fill 288 123 810 288 123 849 stone
fill 288 123 850 288 123 857 andesite
fill 288 123 858 288 123 864 stone
fill 288 123 865 288 123 870 andesite
fill 288 123 871 288 123 880 stone
fill 288 123 881 288 123 883 copper_ore
fill 288 123 884 288 123 888 stone
fill 288 123 889 288 123 895 gravel
289 123 798 stone
289 123 799 stone
fill 289 123 800 289 123 809 water[level=0]
fill 289 123 810 289 123 829 stone
289 123 830 diorite
289 123 831 diorite
fill 289 123 832 289 123 849 stone
fill 289 123 850 289 123 857 andesite
fill 289 123 858 289 123 863 stone
fill 289 123 864 289 123 869 andesite
fill 289 123 870 289 123 888 stone
fill 289 123 889 289 123 895 gravel
290 123 798 stone
290 123 799 stone
fill 290 123 800 290 123 812 water[level=0]
fill 290 123 813 290 123 823 stone
fill 290 123 824 290 123 834 diorite
fill 290 123 835 290 123 848 stone
fill 290 123 849 290 123 857 andesite
fill 290 123 858 290 123 863 stone
fill 290 123 864 290 123 869 andesite
fill 290 123 870 290 123 888 stone
fill 290 123 889 290 123 895 gravel
291 123 798 stone
291 123 799 stone
fill 291 123 800 291 123 813 water[level=0]
fill 291 123 814 291 123 821 stone
fill 291 123 822 291 123 836 diorite
fill 291 123 837 291 123 848 stone
fill 291 123 849 291 123 857 andesite
fill 291 123 858 291 123 862 stone
fill 291 123 863 291 123 869 andesite
fill 291 123 870 291 123 879 stone
fill 291 123 880 291 123 889 stone
fill 291 123 890 291 123 895 gravel
292 123 799 stone
292 123 800 stone
fill 292 123 801 292 123 815 water[level=0]
fill 292 123 816 292 123 820 stone
fill 292 123 821 292 123 836 diorite
fill 292 123 837 292 123 848 stone
fill 292 123 849 292 123 857 andesite
fill 292 123 858 292 123 861 stone
fill 292 123 862 292 123 868 andesite
fill 292 123 869 292 123 888 stone
fill 292 123 889 292 123 891 coal_ore
fill 292 123 892 292 123 895 stone
293 123 799 stone
293 123 800 stone
fill 293 123 801 293 123 824 water[level=0]
fill 293 123 825 293 123 831 diorite
fill 293 123 832 293 123 839 water[level=0]
fill 293 123 840 293 123 848 stone
fill 293 123 849 293 123 856 andesite
fill 293 123 857 293 123 859 granite
293 123 860 stone
fill 293 123 861 293 123 866 andesite
293 123 867 copper_ore
293 123 868 copper_ore
fill 293 123 869 293 123 888 stone
293 123 889 coal_ore
293 123 890 coal_ore
293 123 891 stone
293 123 892 coal_ore
fill 293 123 893 293 123 895 stone
294 123 799 stone
294 123 800 stone
fill 294 123 801 294 123 840 water[level=0]
fill 294 123 841 294 123 848 stone
fill 294 123 849 294 123 856 andesite
fill 294 123 857 294 123 860 granite
fill 294 123 861 294 123 866 andesite
294 123 867 copper_ore
294 123 868 copper_ore
fill 294 123 869 294 123 891 stone
fill 294 123 892 294 123 895 coal_ore
295 123 800 stone
295 123 801 stone
fill 295 123 802 295 123 840 water[level=0]
fill 295 123 841 295 123 847 stone
fill 295 123 848 295 123 855 andesite
fill 295 123 856 295 123 862 granite
fill 295 123 863 295 123 867 andesite
fill 295 123 868 295 123 880 stone
295 123 881 coal_ore
295 123 882 coal_ore
fill 295 123 883 295 123 892 stone
fill 295 123 893 295 123 895 coal_ore
296 123 768 stone
296 123 769 stone
296 123 800 stone
296 123 801 stone
fill 296 123 802 296 123 841 water[level=0]
fill 296 123 842 296 123 847 stone
fill 296 123 848 296 123 855 andesite
fill 296 123 856 296 123 865 granite
296 123 866 andesite
296 123 867 andesite
fill 296 123 868 296 123 880 stone
296 123 881 coal_ore
296 123 882 coal_ore
fill 296 123 883 296 123 893 stone
296 123 894 coal_ore
296 123 895 coal_ore
fill 297 123 768 297 123 770 stone
fill 297 123 799 297 123 804 stone
fill 297 123 805 297 123 820 water[level=0]
297 123 821 bubble_column[drag=true]
fill 297 123 822 297 123 843 water[level=0]
fill 297 123 844 297 123 846 stone
297 123 847 water[level=0]
297 123 848 water[level=0]
fill 297 123 849 297 123 855 andesite
fill 297 123 856 297 123 863 granite
297 123 864 iron_ore
297 123 865 iron_ore
297 123 866 granite
297 123 867 andesite
fill 297 123 868 297 123 880 stone
297 123 881 coal_ore
297 123 882 coal_ore
297 123 883 lapis_ore
fill 297 123 884 297 123 895 stone
fill 298 123 768 298 123 771 stone
298 123 801 glow_lichen[down=false,east=false,north=false,south=false,up=false,waterlogged=false,west=true]
fill 298 123 802 298 123 807 stone
fill 298 123 808 298 123 849 water[level=0]
fill 298 123 850 298 123 854 andesite
fill 298 123 855 298 123 866 granite
fill 298 123 867 298 123 872 stone
298 123 873 copper_ore
298 123 874 copper_ore
fill 298 123 875 298 123 881 stone
298 123 882 lapis_ore
fill 298 123 883 298 123 885 stone
fill 298 123 887 298 123 895 stone
fill 299 123 768 299 123 772 stone
fill 299 123 804 299 123 808 stone
fill 299 123 809 299 123 850 water[level=0]
fill 299 123 851 299 123 854 andesite
299 123 855 stone
fill 299 123 856 299 123 867 granite
fill 299 123 868 299 123 872 stone
299 123 873 copper_ore
299 123 874 copper_ore
fill 299 123 875 299 123 883 stone
299 123 884 grass_block[snowy=false]
fill 299 123 887 299 123 895 stone
fill 300 123 768 300 123 773 stone
fill 300 123 807 300 123 809 stone
fill 300 123 810 300 123 851 water[level=0]
300 123 852 andesite
300 123 853 andesite
fill 300 123 854 300 123 857 stone
fill 300 123 858 300 123 869 granite
fill 300 123 870 300 123 873 stone
300 123 874 copper_ore
fill 300 123 875 300 123 883 stone
300 123 884 dirt
fill 300 123 888 300 123 895 stone
fill 301 123 768 301 123 774 stone
301 123 809 stone
fill 301 123 810 301 123 835 water[level=0]
fill 301 123 836 301 123 852 water[level=0]
fill 301 123 853 301 123 858 stone
fill 301 123 859 301 123 870 granite
fill 301 123 871 301 123 884 stone
301 123 885 grass_block[snowy=false]
301 123 887 grass_block[snowy=false]
fill 301 123 888 301 123 895 stone
fill 302 123 768 302 123 775 stone
302 123 809 stone
fill 302 123 810 302 123 853 water[level=0]
fill 302 123 854 302 123 859 stone
fill 302 123 860 302 123 870 granite
fill 302 123 871 302 123 895 stone
fill 303 123 768 303 123 775 stone
303 123 809 stone
303 123 810 stone
fill 303 123 811 303 123 853 water[level=0]
303 123 854 dirt
fill 303 123 855 303 123 861 stone
fill 303 123 862 303 123 870 granite
fill 303 123 871 303 123 895 stone
fill 304 123 768 304 123 776 stone
fill 304 123 799 304 123 802 stone
304 123 809 stone
304 123 810 stone
fill 304 123 811 304 123 854 water[level=0]
304 123 855 dirt
fill 304 123 856 304 123 864 stone
fill 304 123 865 304 123 869 granite
fill 304 123 870 304 123 895 stone
fill 305 123 768 305 123 777 stone
fill 305 123 798 305 123 802 stone
305 123 807 water[level=8]
305 123 810 stone
fill 305 123 811 305 123 855 water[level=0]
305 123 856 dirt
fill 305 123 857 305 123 864 stone
fill 305 123 865 305 123 869 granite
fill 305 123 870 305 123 894 stone
305 123 895 granite
fill 306 123 768 306 123 778 stone
fill 306 123 798 306 123 803 stone
306 123 810 stone
fill 306 123 811 306 123 855 water[level=0]
306 123 856 dirt
306 123 857 dirt
fill 306 123 858 306 123 864 stone
fill 306 123 865 306 123 869 granite
fill 306 123 870 306 123 894 stone
306 123 895 granite
fill 307 123 768 307 123 779 stone
fill 307 123 798 307 123 805 stone
307 123 810 stone
fill 307 123 811 307 123 817 water[level=0]
fill 307 123 818 307 123 821 stone
fill 307 123 822 307 123 856 water[level=0]
307 123 857 dirt
fill 307 123 858 307 123 864 stone
fill 307 123 865 307 123 868 granite
fill 307 123 869 307 123 871 stone
307 123 872 copper_ore
307 123 873 copper_ore
fill 307 123 874 307 123 893 stone
307 123 894 granite
307 123 895 granite
fill 308 123 768 308 123 775 stone
308 123 776 iron_ore
fill 308 123 777 308 123 781 stone
fill 308 123 799 308 123 801 diorite
fill 308 123 802 308 123 806 stone
308 123 810 stone
308 123 811 stone