fill 307 103 707 307 103 716 andesite
307 103 717 stone
fill 307 103 718 307 103 720 dirt
fill 307 103 721 307 103 726 stone
fill 307 103 727 307 103 737 andesite
fill 307 103 738 307 103 767 stone
fill 308 103 640 308 103 653 stone
308 103 654 water[level=0]
308 103 655 stone
fill 308 103 670 308 103 673 diorite
fill 308 103 674 308 103 684 water[level=0]
fill 308 103 685 308 103 696 stone
308 103 697 coal_ore
fill 308 103 698 308 103 700 gravel
308 103 701 stone
308 103 702 stone
fill 308 103 703 308 103 707 gravel
fill 308 103 708 308 103 716 andesite
308 103 717 stone
fill 308 103 718 308 103 720 dirt
fill 308 103 721 308 103 727 stone
308 103 728 stone
fill 308 103 729 308 103 736 andesite
fill 308 103 737 308 103 747 stone
308 103 748 dirt
308 103 749 dirt
fill 308 103 750 308 103 767 stone
fill 309 103 640 309 103 651 stone
fill 309 103 652 309 103 654 water[level=0]
309 103 655 stone
fill 309 103 670 309 103 674 diorite
fill 309 103 675 309 103 684 water[level=0]
fill 309 103 685 309 103 697 stone
fill 309 103 698 309 103 701 gravel
309 103 702 stone
fill 309 103 703 309 103 708 gravel
fill 309 103 709 309 103 716 andesite
309 103 717 stone
fill 309 103 718 309 103 720 dirt
fill 309 103 721 309 103 733 stone
309 103 734 andesite
309 103 735 andesite
fill 309 103 736 309 103 745 stone
fill 309 103 746 309 103 750 dirt
fill 309 103 751 309 103 767 stone
fill 310 103 640 310 103 648 stone
fill 310 103 649 310 103 653 water[level=0]
310 103 654 stone
310 103 655 stone
fill 310 103 670 310 103 674 diorite
fill 310 103 675 310 103 684 water[level=0]
fill 310 103 685 310 103 698 stone
fill 310 103 699 310 103 701 gravel
fill 310 103 702 310 103 704 stone
fill 310 103 705 310 103 708 gravel
fill 310 103 709 310 103 715 andesite
fill 310 103 716 310 103 744 stone
fill 310 103 745 310 103 749 dirt
fill 310 103 750 310 103 767 stone
fill 311 103 640 311 103 647 stone
fill 311 103 648 311 103 653 water[level=0]
311 103 654 stone
fill 311 103 670 311 103 674 diorite
fill 311 103 675 311 103 684 water[level=0]
311 103 685 stone
311 103 686 stone
311 103 687 dirt
fill 311 103 688 311 103 698 stone
fill 311 103 699 311 103 702 gravel
311 103 703 stone
311 103 704 stone
fill 311 103 705 311 103 708 gravel
fill 311 103 709 311 103 714 andesite
fill 311 103 715 311 103 744 stone
fill 311 103 745 311 103 749 dirt
fill 311 103 750 311 103 767 stone
fill 312 103 640 312 103 654 stone
fill 312 103 666 312 103 668 stone
fill 312 103 669 312 103 671 copper_ore
312 103 672 iron_ore
312 103 673 diorite
fill 312 103 674 312 103 683 water[level=0]
fill 312 103 684 312 103 686 stone
312 103 687 dirt
fill 312 103 688 312 103 699 stone
fill 312 103 700 312 103 702 gravel
fill 312 103 703 312 103 706 stone
fill 312 103 707 312 103 712 andesite
fill 312 103 713 312 103 728 stone
312 103 729 andesite
312 103 730 stone
312 103 731 stone
fill 312 103 732 312 103 734 andesite
fill 312 103 735 312 103 743 stone
fill 312 103 744 312 103 748 dirt
312 103 749 stone
fill 312 103 752 312 103 767 stone
fill 313 103 640 313 103 654 stone
fill 313 103 658 313 103 668 stone
fill 313 103 669 313 103 671 copper_ore
fill 313 103 672 313 103 674 diorite
fill 313 103 675 313 103 681 water[level=0]
fill 313 103 682 313 103 701 stone
313 103 702 gravel
fill 313 103 703 313 103 707 stone
313 103 708 andesite
313 103 709 andesite
fill 313 103 710 313 103 726 stone
fill 313 103 727 313 103 737 andesite
313 103 738 stone
313 103 739 gravel
fill 313 103 740 313 103 743 stone
fill 313 103 744 313 103 748 dirt
313 103 749 stone
fill 313 103 753 313 103 767 stone
fill 314 103 640 314 103 670 stone
fill 314 103 671 314 103 673 diorite
fill 314 103 674 314 103 680 water[level=0]
fill 314 103 681 314 103 686 stone
fill 314 103 687 314 103 695 granite
fill 314 103 696 314 103 714 stone
fill 314 103 715 314 103 717 copper_ore
fill 314 103 718 314 103 724 stone
fill 314 103 725 314 103 737 andesite
fill 314 103 738 314 103 740 gravel
fill 314 103 741 314 103 743 stone
fill 314 103 744 314 103 747 dirt
314 103 748 stone
314 103 749 stone
fill 314 103 753 314 103 758 stone
314 103 759 iron_ore
314 103 760 iron_ore
fill 314 103 761 314 103 767 stone
315 103 640 diorite
fill 315 103 641 315 103 666 stone
fill 315 103 667 315 103 677 water[level=0]
315 103 678 diorite
315 103 679 stone
fill 315 103 680 315 103 683 granite
315 103 684 stone
fill 315 103 685 315 103 697 granite
fill 315 103 698 315 103 713 stone
fill 315 103 714 315 103 716 copper_ore
fill 315 103 717 315 103 723 stone
fill 315 103 724 315 103 736 andesite
fill 315 103 737 315 103 739 gravel
fill 315 103 740 315 103 742 stone
fill 315 103 743 315 103 746 dirt
fill 315 103 747 315 103 749 stone
fill 315 103 753 315 103 758 stone
315 103 759 iron_ore
315 103 760 iron_ore
fill 315 103 761 315 103 767 stone
316 103 640 diorite
316 103 641 diorite
fill 316 103 642 316 103 658 stone
fill 316 103 659 316 103 675 water[level=0]
fill 316 103 676 316 103 678 diorite
fill 316 103 679 316 103 698 granite
fill 316 103 699 316 103 723 stone
fill 316 103 724 316 103 736 andesite
fill 316 103 737 316 103 740 gravel
fill 316 103 741 316 103 743 stone
316 103 744 dirt
fill 316 103 745 316 103 749 stone
fill 316 103 753 316 103 767 stone
317 103 640 diorite
317 103 641 diorite
fill 317 103 642 317 103 655 stone
fill 317 103 656 317 103 674 water[level=0]
fill 317 103 675 317 103 678 diorite
fill 317 103 679 317 103 695 granite
fill 317 103 696 317 103 698 granite
fill 317 103 699 317 103 723 stone
fill 317 103 724 317 103 736 andesite
fill 317 103 737 317 103 739 gravel
fill 317 103 740 317 103 749 stone
fill 317 103 752 317 103 767 stone
fill 318 103 640 318 103 642 diorite
fill 318 103 643 318 103 656 stone
fill 318 103 657 318 103 673 water[level=0]
318 103 674 stone
fill 318 103 675 318 103 678 diorite
fill 318 103 679 318 103 697 granite
fill 318 103 698 318 103 707 stone
318 103 708 copper_ore
318 103 709 copper_ore
fill 318 103 710 318 103 724 stone
fill 318 103 725 318 103 733 andesite
fill 318 103 734 318 103 736 diorite
318 103 737 gravel
318 103 738 gravel
fill 318 103 739 318 103 748 stone
fill 318 103 753 318 103 767 stone
319 103 640 diorite
319 103 641 diorite
fill 319 103 642 319 103 644 stone
fill 319 103 645 319 103 654 water[level=0]
319 103 655 stone
fill 319 103 656 319 103 672 water[level=0]
fill 319 103 673 319 103 675 stone
fill 319 103 676 319 103 678 diorite
fill 319 103 679 319 103 695 granite
fill 319 103 696 319 103 707 stone
319 103 708 copper_ore
319 103 709 copper_ore
fill 319 103 710 319 103 726 stone
319 103 729 andesite
319 103 730 andesite
fill 319 103 731 319 103 733 diorite
319 103 734 stone
319 103 735 diorite
319 103 736 diorite
319 103 737 gravel
319 103 738 gravel
fill 319 103 739 319 103 748 stone
fill 319 103 753 319 103 767 stone
fill 320 103 640 320 103 645 stone
fill 320 103 646 320 103 671 water[level=0]
fill 320 103 672 320 103 679 stone
fill 320 103 680 320 103 694 granite
fill 320 103 695 320 103 726 stone
fill 320 103 730 320 103 734 diorite
320 103 735 stone
320 103 736 diorite
320 103 737 gravel
320 103 738 gravel
fill 320 103 739 320 103 748 stone
fill 320 103 752 320 103 767 stone
fill 321 103 640 321 103 646 stone
fill 321 103 647 321 103 670 water[level=0]
321 103 671 coal_ore
321 103 672 coal_ore
fill 321 103 673 321 103 685 stone
fill 321 103 686 321 103 689 granite
321 103 690 stone
321 103 691 granite
fill 321 103 692 321 103 726 stone
fill 321 103 730 321 103 734 diorite
fill 321 103 735 321 103 749 stone
fill 321 103 752 321 103 759 stone
321 103 760 andesite
321 103 761 andesite
fill 321 103 762 321 103 767 stone
fill 322 103 640 322 103 645 stone
322 103 646 andesite
fill 322 103 647 322 103 669 water[level=0]
322 103 670 coal_ore
322 103 671 coal_ore
fill 322 103 672 322 103 713 stone
fill 322 103 714 322 103 716 granite
fill 322 103 717 322 103 726 stone
fill 322 103 730 322 103 734 diorite
fill 322 103 735 322 103 746 stone
fill 322 103 751 322 103 758 stone
fill 322 103 759 322 103 764 andesite
fill 322 103 765 322 103 767 stone
fill 323 103 640 323 103 644 stone
323 103 645 andesite
fill 323 103 646 323 103 668 water[level=0]
323 103 669 stone
323 103 670 iron_ore
323 103 671 iron_ore
fill 323 103 672 323 103 686 stone
323 103 687 iron_ore
fill 323 103 688 323 103 711 stone
323 103 712 diorite
323 103 713 diorite
fill 323 103 714 323 103 717 granite
fill 323 103 718 323 103 727 stone
323 103 729 stone
323 103 730 stone
fill 323 103 731 323 103 733 diorite
fill 323 103 734 323 103 746 stone
fill 323 103 751 323 103 758 stone
fill 323 103 759 323 103 765 andesite
323 103 766 stone
323 103 767 andesite
fill 324 103 640 324 103 643 stone
324 103 644 andesite
324 103 645 andesite
fill 324 103 646 324 103 668 water[level=0]
fill 324 103 669 324 103 687 stone
324 103 688 iron_ore
324 103 689 stone
324 103 690 granite
324 103 691 granite
fill 324 103 692 324 103 710 stone
fill 324 103 711 324 103 714 diorite
fill 324 103 715 324 103 717 granite
fill 324 103 718 324 103 727 stone
fill 324 103 731 324 103 746 stone
fill 324 103 751 324 103 759 stone
fill 324 103 760 324 103 765 andesite
324 103 766 stone
324 103 767 andesite
fill 325 103 640 325 103 643 stone
325 103 644 andesite
fill 325 103 645 325 103 667 water[level=0]
fill 325 103 668 325 103 688 stone
fill 325 103 689 325 103 692 granite
fill 325 103 693 325 103 710 stone
fill 325 103 711 325 103 714 diorite
fill 325 103 715 325 103 718 granite
fill 325 103 719 325 103 726 stone
fill 325 103 732 325 103 736 stone
fill 325 103 737 325 103 746 stone
325 103 747 glow_lichen[down=false,east=false,north=true,south=false,up=false,waterlogged=false,west=false]
fill 325 103 751 325 103 760 stone
fill 325 103 761 325 103 765 andesite
325 103 766 stone
325 103 767 water[level=0]
fill 326 103 640 326 103 642 stone
fill 326 103 643 326 103 666 water[level=0]
fill 326 103 667 326 103 675 stone
fill 326 103 676 326 103 679 diorite
fill 326 103 680 326 103 688 stone
fill 326 103 689 326 103 693 granite
fill 326 103 694 326 103 709 stone
fill 326 103 710 326 103 715 diorite
fill 326 103 716 326 103 718 granite
fill 326 103 719 326 103 726 stone
fill 326 103 732 326 103 746 stone
fill 326 103 751 326 103 761 stone
fill 326 103 762 326 103 765 andesite
326 103 766 water[level=0]
326 103 767 water[level=0]
fill 327 103 640 327 103 642 stone
fill 327 103 643 327 103 663 water[level=0]
327 103 664 andesite
327 103 665 water[level=0]
327 103 666 andesite
fill 327 103 667 327 103 675 stone
fill 327 103 676 327 103 681 diorite
fill 327 103 682 327 103 688 stone
fill 327 103 689 327 103 693 granite
fill 327 103 694 327 103 709 stone
fill 327 103 710 327 103 715 diorite
fill 327 103 716 327 103 718 granite
fill 327 103 719 327 103 727 stone
fill 327 103 732 327 103 746 stone
fill 327 103 752 327 103 765 stone
327 103 766 water[level=0]
327 103 767 water[level=0]
328 103 640 stone
328 103 641 stone
fill 328 103 642 328 103 658 water[level=0]
328 103 659 stone
328 103 660 stone
fill 328 103 661 328 103 665 water[level=0]
328 103 666 andesite
fill 328 103 667 328 103 675 stone
fill 328 103 676 328 103 683 diorite
fill 328 103 684 328 103 688 stone
fill 328 103 689 328 103 693 granite
fill 328 103 694 328 103 709 stone
fill 328 103 710 328 103 715 diorite
fill 328 103 716 328 103 719 granite
fill 328 103 720 328 103 727 stone
fill 328 103 732 328 103 746 stone
fill 328 103 752 328 103 766 stone
328 103 767 water[level=0]
329 103 640 stone
fill 329 103 641 329 103 645 water[level=0]
329 103 646 bubble_column[drag=true]
fill 329 103 647 329 103 664 water[level=0]
329 103 665 andesite
329 103 666 andesite
fill 329 103 667 329 103 675 stone
fill 329 103 676 329 103 684 diorite
fill 329 103 685 329 103 689 stone
fill 329 103 690 329 103 693 granite
fill 329 103 694 329 103 709 stone
fill 329 103 710 329 103 715 diorite
fill 329 103 716 329 103 719 granite
fill 329 103 720 329 103 727 stone
fill 329 103 732 329 103 746 stone
fill 329 103 753 329 103 766 stone
329 103 767 water[level=0]
330 103 640 stone
fill 330 103 641 330 103 663 water[level=0]
fill 330 103 664 330 103 666 andesite
fill 330 103 667 330 103 676 stone
fill 330 103 677 330 103 683 diorite
330 103 684 lapis_ore
330 103 685 diorite
fill 330 103 686 330 103 689 stone
fill 330 103 690 330 103 693 granite
fill 330 103 694 330 103 710 stone
fill 330 103 711 330 103 714 diorite
fill 330 103 715 330 103 719 granite
fill 330 103 720 330 103 728 stone
fill 330 103 733 330 103 747 stone
fill 330 103 755 330 103 763 stone
fill 330 103 765 330 103 767 stone
fill 331 103 640 331 103 662 water[level=0]
331 103 663 stone
331 103 664 andesite
fill 331 103 665 331 103 676 stone
fill 331 103 677 331 103 685 diorite
fill 331 103 686 331 103 689 stone
fill 331 103 690 331 103 693 granite
fill 331 103 694 331 103 698 stone
331 103 699 copper_ore
fill 331 103 700 331 103 710 stone
fill 331 103 711 331 103 714 diorite
fill 331 103 715 331 103 719 granite
fill 331 103 720 331 103 726 stone
331 103 727 copper_ore
331 103 728 copper_ore
fill 331 103 734 331 103 748 stone
fill 331 103 756 331 103 767 stone
332 103 640 water[level=0]
332 103 641 water[level=0]
fill 332 103 642 332 103 653 stone
fill 332 103 654 332 103 662 water[level=0]
fill 332 103 663 332 103 675 stone
332 103 676 copper_ore
332 103 677 copper_ore
fill 332 103 678 332 103 686 diorite
fill 332 103 687 332 103 691 stone
332 103 692 granite
332 103 693 granite
fill 332 103 694 332 103 710 stone
fill 332 103 711 332 103 714 diorite
fill 332 103 715 332 103 719 granite
fill 332 103 720 332 103 726 stone
332 103 727 copper_ore
332 103 728 copper_ore
fill 332 103 734 332 103 748 stone
fill 332 103 759 332 103 766 stone
fill 333 103 640 333 103 643 water[level=0]
333 103 644 coal_ore
fill 333 103 645 333 103 653 stone
fill 333 103 654 333 103 661 water[level=0]
fill 333 103 662 333 103 664 stone
333 103 665 andesite
fill 333 103 666 333 103 675 stone
fill 333 103 676 333 103 678 copper_ore
fill 333 103 679 333 103 687 diorite
fill 333 103 688 333 103 690 stone
fill 333 103 691 333 103 694 granite
fill 333 103 695 333 103 710 stone
fill 333 103 711 333 103 714 diorite
fill 333 103 715 333 103 719 granite
fill 333 103 720 333 103 726 stone
333 103 727 copper_ore
333 103 728 stone
fill 333 103 734 333 103 749 stone
fill 333 103 761 333 103 763 stone
fill 334 103 640 334 103 643 water[level=0]
334 103 644 coal_ore
334 103 645 coal_ore
fill 334 103 646 334 103 648 stone
334 103 652 stone
334 103 653 stone
fill 334 103 654 334 103 660 water[level=0]
fill 334 103 661 334 103 678 stone
fill 334 103 679 334 103 687 diorite
fill 334 103 688 334 103 690 stone
fill 334 103 691 334 103 694 granite
fill 334 103 695 334 103 700 stone
334 103 701 dirt
334 103 702 dirt
334 103 703 dirt
fill 334 103 704 334 103 710 stone
fill 334 103 711 334 103 714 diorite
fill 334 103 715 334 103 719 granite
fill 334 103 720 334 103 728 stone
fill 334 103 734 334 103 737 stone
334 103 738 gravel
fill 334 103 739 334 103 751 stone
334 103 762 stone
fill 335 103 640 335 103 643 water[level=0]
fill 335 103 644 335 103 648 stone
335 103 652 stone
335 103 653 stone
fill 335 103 654 335 103 660 water[level=0]
fill 335 103 661 335 103 679 stone
fill 335 103 680 335 103 687 diorite
fill 335 103 688 335 103 691 stone
335 103 692 granite
335 103 693 granite
fill 335 103 694 335 103 701 stone
fill 335 103 702 335 103 705 dirt
fill 335 103 706 335 103 711 stone
335 103 712 diorite
335 103 713 diorite
fill 335 103 714 335 103 719 granite
fill 335 103 720 335 103 728 stone
fill 335 103 734 335 103 753 stone
fill 336 103 640 336 103 644 water[level=0]
fill 336 103 645 336 103 649 stone
336 103 652 stone
336 103 653 stone
fill 336 103 654 336 103 659 water[level=0]
fill 336 103 660 336 103 675 stone
fill 336 103 676 336 103 681 granite
fill 336 103 682 336 103 688 diorite
fill 336 103 689 336 103 701 stone
fill 336 103 702 336 103 706 dirt
fill 336 103 707 336 103 712 stone
fill 336 103 713 336 103 718 granite
fill 336 103 719 336 103 729 stone
fill 336 103 735 336 103 754 stone
336 103 767 granite
fill 337 103 640 337 103 644 water[level=0]
fill 337 103 645 337 103 649 stone
337 103 652 stone
337 103 653 stone
fill 337 103 654 337 103 658 water[level=0]
fill 337 103 659 337 103 673 stone
fill 337 103 674 337 103 679 dirt
fill 337 103 680 337 103 682 granite
fill 337 103 683 337 103 688 diorite
fill 337 103 689 337 103 694 stone
fill 337 103 695 337 103 697 copper_ore
fill 337 103 698 337 103 702 stone
fill 337 103 703 337 103 707 dirt
fill 337 103 708 337 103 713 stone
fill 337 103 714 337 103 718 granite
fill 337 103 719 337 103 729 stone
fill 337 103 736 337 103 756 stone
337 103 766 granite
337 103 767 granite
fill 338 103 640 338 103 644 water[level=0]
fill 338 103 645 338 103 649 stone
338 103 653 stone
fill 338 103 654 338 103 658 water[level=0]
fill 338 103 659 338 103 670 stone
338 103 671 granite
338 103 672 granite
fill 338 103 673 338 103 679 dirt
fill 338 103 680 338 103 684 granite
338 103 685 stone
fill 338 103 686 338 103 688 diorite
fill 338 103 689 338 103 695 stone
338 103 696 copper_ore
338 103 697 copper_ore
fill 338 103 698 338 103 703 stone
fill 338 103 704 338 103 707 dirt
fill 338 103 708 338 103 713 stone
fill 338 103 714 338 103 718 granite
fill 338 103 719 338 103 729 stone
338 103 736 andesite
338 103 737 andesite
fill 338 103 738 338 103 757 stone
fill 338 103 764 338 103 766 stone
338 103 767 granite
fill 339 103 640 339 103 644 water[level=0]
339 103 645 dirt
fill 339 103 646 339 103 649 stone
339 103 653 stone
fill 339 103 654 339 103 657 water[level=0]
fill 339 103 658 339 103 668 stone
339 103 669 granite
339 103 670 granite
fill 339 103 671 339 103 677 dirt
fill 339 103 678 339 103 684 granite
fill 339 103 685 339 103 705 stone
339 103 706 dirt
339 103 707 dirt
fill 339 103 708 339 103 713 stone
fill 339 103 714 339 103 718 granite
fill 339 103 719 339 103 728 stone
fill 339 103 737 339 103 740 andesite
fill 339 103 741 339 103 756 stone
fill 339 103 763 339 103 767 stone
fill 340 103 640 340 103 644 water[level=0]
340 103 645 dirt
fill 340 103 646 340 103 649 stone
340 103 653 stone
340 103 654 stone
fill 340 103 655 340 103 657 water[level=0]
fill 340 103 658 340 103 667 stone
fill 340 103 668 340 103 670 granite
fill 340 103 671 340 103 677 dirt
fill 340 103 678 340 103 683 granite
fill 340 103 684 340 103 714 stone
fill 340 103 715 340 103 717 granite
fill 340 103 718 340 103 728 stone
fill 340 103 737 340 103 741 andesite
fill 340 103 742 340 103 755 stone
fill 340 103 762 340 103 767 stone
fill 341 103 640 341 103 645 water[level=0]
fill 341 103 646 341 103 650 stone
341 103 653 stone
341 103 654 stone
341 103 655 water[level=0]
341 103 656 water[level=0]
fill 341 103 657 341 103 667 stone
fill 341 103 668 341 103 670 granite
fill 341 103 671 341 103 675 dirt
fill 341 103 676 341 103 678 granite
341 103 679 copper_ore
341 103 680 copper_ore
341 103 681 granite
341 103 682 granite
fill 341 103 683 341 103 728 stone
fill 341 103 737 341 103 744 andesite
341 103 745 stone
341 103 746 stone
fill 341 103 751 341 103 754 stone
fill 341 103 761 341 103 767 stone
fill 342 103 640 342 103 645 water[level=0]
fill 342 103 646 342 103 650 stone
342 103 653 stone
342 103 654 stone
342 103 655 water[level=0]
342 103 656 water[level=0]
fill 342 103 657 342 103 661 stone
342 103 662 copper_ore
342 103 663 stone
342 103 664 stone
342 103 665 andesite
342 103 666 andesite
342 103 667 stone
fill 342 103 668 342 103 673 granite
342 103 674 coal_ore
fill 342 103 675 342 103 678 granite
342 103 679 copper_ore
342 103 680 copper_ore
fill 342 103 681 342 103 687 stone
342 103 688 copper_ore
342 103 689 copper_ore
fill 342 103 690 342 103 729 stone
342 103 738 iron_ore
fill 342 103 739 342 103 745 andesite
342 103 746 stone
fill 342 103 760 342 103 767 stone
fill 343 103 640 343 103 645 water[level=0]
fill 343 103 646 343 103 650 stone
343 103 653 stone
343 103 654 stone
343 103 655 water[level=0]
fill 343 103 656 343 103 664 stone
343 103 665 andesite
343 103 666 andesite
343 103 667 stone
343 103 668 stone
fill 343 103 669 343 103 672 granite
343 103 673 coal_ore
343 103 674 coal_ore
fill 343 103 675 343 103 678 granite
fill 343 103 679 343 103 685 stone
343 103 686 lapis_ore
343 103 687 lapis_ore
343 103 688 copper_ore
343 103 689 copper_ore
fill 343 103 690 343 103 729 stone
fill 343 103 740 343 103 745 andesite
343 103 746 stone
fill 343 103 760 343 103 767 stone
fill 344 103 640 344 103 645 water[level=0]
fill 344 103 646 344 103 650 stone