fill 259 109 568 259 109 573 andesite
259 109 574 dirt
259 109 575 dirt
fill 259 109 576 259 109 579 andesite
fill 259 109 580 259 109 584 stone
fill 259 109 585 259 109 599 granite
fill 259 109 600 259 109 605 stone
259 109 606 diorite
259 109 607 diorite
fill 259 109 608 259 109 610 andesite
fill 259 109 617 259 109 620 stone
fill 259 109 621 259 109 627 diorite
fill 259 109 628 259 109 637 stone
259 109 638 granite
259 109 639 granite
fill 260 109 512 260 109 519 diorite
fill 260 109 520 260 109 544 stone
fill 260 109 545 260 109 554 water[level=0]
fill 260 109 555 260 109 567 stone
fill 260 109 568 260 109 573 andesite
260 109 574 dirt
260 109 575 dirt
fill 260 109 576 260 109 579 andesite
fill 260 109 580 260 109 585 stone
fill 260 109 586 260 109 600 granite
fill 260 109 601 260 109 605 stone
fill 260 109 606 260 109 608 diorite
fill 260 109 609 260 109 613 andesite
260 109 614 stone
260 109 615 stone
fill 260 109 617 260 109 619 stone
fill 260 109 620 260 109 625 diorite
260 109 626 copper_ore
260 109 627 copper_ore
fill 260 109 628 260 109 637 stone
260 109 638 granite
260 109 639 granite
fill 261 109 512 261 109 520 diorite
fill 261 109 521 261 109 546 stone
fill 261 109 547 261 109 554 water[level=0]
261 109 555 stone
261 109 556 stone
261 109 557 diorite
261 109 558 diorite
fill 261 109 559 261 109 568 stone
fill 261 109 569 261 109 573 andesite
261 109 574 dirt
fill 261 109 575 261 109 578 andesite
261 109 579 andesite
fill 261 109 580 261 109 583 stone
261 109 584 andesite
261 109 585 andesite
fill 261 109 586 261 109 600 granite
fill 261 109 601 261 109 605 stone
fill 261 109 606 261 109 608 diorite
fill 261 109 609 261 109 613 andesite
fill 261 109 614 261 109 619 stone
fill 261 109 620 261 109 624 diorite
fill 261 109 625 261 109 627 copper_ore
fill 261 109 628 261 109 635 stone
fill 261 109 636 261 109 639 granite
262 109 512 stone
fill 262 109 513 262 109 521 diorite
fill 262 109 522 262 109 548 stone
fill 262 109 549 262 109 554 water[level=0]
262 109 555 diorite
fill 262 109 559 262 109 563 diorite
fill 262 109 564 262 109 568 stone
fill 262 109 569 262 109 580 andesite
262 109 581 stone
262 109 582 stone
fill 262 109 583 262 109 585 andesite
fill 262 109 586 262 109 601 granite
fill 262 109 602 262 109 606 stone
262 109 607 diorite
262 109 608 diorite
fill 262 109 609 262 109 613 andesite
fill 262 109 614 262 109 616 stone
fill 262 109 617 262 109 621 andesite
fill 262 109 622 262 109 627 diorite
fill 262 109 628 262 109 635 stone
fill 262 109 636 262 109 639 granite
263 109 512 stone
263 109 513 stone
fill 263 109 514 263 109 521 diorite
fill 263 109 522 263 109 549 stone
fill 263 109 550 263 109 553 water[level=0]
263 109 554 diorite
263 109 555 diorite
fill 263 109 560 263 109 565 diorite
fill 263 109 566 263 109 570 stone
fill 263 109 571 263 109 585 andesite
fill 263 109 586 263 109 601 granite
fill 263 109 602 263 109 606 stone
fill 263 109 607 263 109 609 diorite
fill 263 109 610 263 109 612 andesite
fill 263 109 613 263 109 616 stone
fill 263 109 617 263 109 622 andesite
fill 263 109 623 263 109 627 diorite
fill 263 109 628 263 109 634 stone
fill 263 109 635 263 109 639 granite
264 109 512 stone
264 109 513 stone
fill 264 109 514 264 109 521 diorite
fill 264 109 522 264 109 550 stone
264 109 551 water[level=0]
264 109 552 stone
fill 264 109 553 264 109 555 diorite
fill 264 109 561 264 109 566 diorite
fill 264 109 567 264 109 571 stone
fill 264 109 572 264 109 585 andesite
fill 264 109 586 264 109 591 granite
264 109 592 stone
fill 264 109 593 264 109 600 granite
fill 264 109 601 264 109 606 stone
fill 264 109 607 264 109 609 diorite
fill 264 109 610 264 109 612 andesite
fill 264 109 613 264 109 616 stone
fill 264 109 617 264 109 623 andesite
fill 264 109 624 264 109 627 diorite
fill 264 109 628 264 109 633 stone
fill 264 109 634 264 109 639 granite
fill 265 109 512 265 109 515 stone
fill 265 109 516 265 109 521 diorite
fill 265 109 522 265 109 540 stone
265 109 541 coal_ore
265 109 542 coal_ore
fill 265 109 543 265 109 552 stone
265 109 553 diorite
fill 265 109 561 265 109 567 diorite
fill 265 109 568 265 109 571 stone
fill 265 109 572 265 109 585 andesite
fill 265 109 586 265 109 590 granite
fill 265 109 591 265 109 607 stone
fill 265 109 608 265 109 610 diorite
fill 265 109 611 265 109 616 stone
fill 265 109 617 265 109 625 andesite
265 109 626 diorite
265 109 627 diorite
fill 265 109 628 265 109 633 stone
fill 265 109 634 265 109 639 granite
fill 266 109 512 266 109 516 stone
fill 266 109 517 266 109 521 diorite
fill 266 109 522 266 109 540 stone
266 109 541 coal_ore
266 109 542 coal_ore
fill 266 109 543 266 109 552 stone
fill 266 109 562 266 109 567 diorite
fill 266 109 568 266 109 571 stone
266 109 572 andesite
fill 266 109 576 266 109 585 andesite
fill 266 109 586 266 109 590 granite
fill 266 109 591 266 109 599 stone
fill 266 109 608 266 109 617 stone
266 109 618 copper_ore
266 109 619 copper_ore
fill 266 109 620 266 109 626 andesite
266 109 627 diorite
fill 266 109 628 266 109 633 stone
fill 266 109 634 266 109 639 granite
fill 267 109 512 267 109 515 stone
267 109 516 copper_ore
267 109 517 copper_ore
fill 267 109 518 267 109 540 stone
267 109 541 coal_ore
267 109 542 coal_ore
fill 267 109 543 267 109 553 stone
fill 267 109 562 267 109 566 diorite
fill 267 109 567 267 109 570 stone
fill 267 109 577 267 109 584 andesite
fill 267 109 585 267 109 590 granite
fill 267 109 591 267 109 599 stone
fill 267 109 609 267 109 617 stone
fill 267 109 618 267 109 620 copper_ore
fill 267 109 621 267 109 626 andesite
267 109 627 diorite
fill 267 109 628 267 109 632 stone
fill 267 109 633 267 109 639 granite
fill 268 109 512 268 109 515 stone
268 109 516 copper_ore
268 109 517 copper_ore
fill 268 109 518 268 109 540 stone
268 109 541 coal_ore
fill 268 109 542 268 109 544 stone
268 109 545 copper_ore
268 109 546 copper_ore
fill 268 109 547 268 109 554 stone
268 109 562 diorite
268 109 563 diorite
fill 268 109 564 268 109 570 stone
fill 268 109 577 268 109 584 andesite
fill 268 109 585 268 109 589 granite
fill 268 109 590 268 109 593 andesite
fill 268 109 594 268 109 599 stone
fill 268 109 609 268 109 619 stone
268 109 620 diorite
268 109 621 diorite
fill 268 109 622 268 109 627 andesite
fill 268 109 628 268 109 632 stone
fill 268 109 633 268 109 639 granite
fill 269 109 512 269 109 516 stone
269 109 517 copper_ore
fill 269 109 518 269 109 544 stone
269 109 545 copper_ore
269 109 546 copper_ore
fill 269 109 547 269 109 553 stone
fill 269 109 562 269 109 570 stone
fill 269 109 578 269 109 584 andesite
fill 269 109 585 269 109 588 granite
fill 269 109 589 269 109 597 andesite
269 109 598 stone
269 109 599 stone
fill 269 109 610 269 109 614 diorite
fill 269 109 615 269 109 619 stone
269 109 620 diorite
269 109 621 diorite
fill 269 109 622 269 109 627 andesite
fill 269 109 628 269 109 632 stone
fill 269 109 633 269 109 639 granite
fill 270 109 512 270 109 545 stone
270 109 546 copper_ore
fill 270 109 547 270 109 552 stone
fill 270 109 562 270 109 570 stone
fill 270 109 578 270 109 584 andesite
fill 270 109 585 270 109 587 granite
fill 270 109 588 270 109 598 andesite
270 109 599 stone
fill 270 109 610 270 109 615 diorite
fill 270 109 616 270 109 619 stone
fill 270 109 620 270 109 622 diorite
270 109 623 andesite
fill 270 109 624 270 109 627 andesite
fill 270 109 628 270 109 632 stone
fill 270 109 633 270 109 638 granite
270 109 639 stone
fill 271 109 512 271 109 552 stone
fill 271 109 562 271 109 570 stone
fill 271 109 579 271 109 583 andesite
fill 271 109 584 271 109 586 granite
fill 271 109 587 271 109 599 andesite
fill 271 109 610 271 109 617 diorite
fill 271 109 618 271 109 620 stone
fill 271 109 621 271 109 625 diorite
fill 271 109 626 271 109 632 stone
fill 271 109 633 271 109 637 granite
271 109 638 stone
271 109 639 stone
fill 272 109 512 272 109 552 stone
fill 272 109 561 272 109 570 stone
272 109 580 andesite
272 109 581 andesite
fill 272 109 582 272 109 584 granite
fill 272 109 585 272 109 600 andesite
fill 272 109 611 272 109 618 diorite
272 109 619 stone
272 109 620 stone
fill 272 109 621 272 109 625 diorite
fill 272 109 626 272 109 632 stone
fill 272 109 633 272 109 636 granite
fill 272 109 637 272 109 639 stone
fill 273 109 512 273 109 552 stone
fill 273 109 561 273 109 571 stone
273 109 581 andesite
273 109 582 andesite
fill 273 109 583 273 109 586 stone
fill 273 109 587 273 109 600 andesite
fill 273 109 611 273 109 618 diorite
fill 273 109 619 273 109 621 stone
fill 273 109 622 273 109 624 diorite
273 109 625 stone
273 109 626 copper_ore
273 109 627 copper_ore
fill 273 109 628 273 109 633 stone
273 109 634 granite
fill 273 109 635 273 109 639 stone
fill 274 109 512 274 109 532 stone
274 109 533 copper_ore
fill 274 109 534 274 109 550 stone
274 109 551 granite
274 109 552 granite
fill 274 109 560 274 109 571 stone
274 109 582 andesite
fill 274 109 583 274 109 587 stone
fill 274 109 588 274 109 600 andesite
fill 274 109 611 274 109 618 diorite
274 109 619 stone
274 109 620 stone
274 109 621 dirt
fill 274 109 622 274 109 625 stone
274 109 626 copper_ore
274 109 627 copper_ore
fill 274 109 628 274 109 631 granite
fill 274 109 632 274 109 639 stone
fill 275 109 512 275 109 526 stone
275 109 527 water[level=0]
fill 275 109 528 275 109 537 stone
275 109 538 iron_ore
fill 275 109 539 275 109 550 stone
275 109 551 granite
275 109 552 granite
fill 275 109 559 275 109 572 stone
275 109 582 andesite
fill 275 109 583 275 109 591 stone
fill 275 109 592 275 109 600 andesite
fill 275 109 612 275 109 618 diorite
fill 275 109 619 275 109 621 stone
275 109 623 dirt
275 109 624 dirt
275 109 625 stone
275 109 626 copper_ore
275 109 627 stone
fill 275 109 628 275 109 631 granite
fill 275 109 632 275 109 639 stone
fill 276 109 512 276 109 522 stone
fill 276 109 523 276 109 526 coal_ore
276 109 527 water[level=0]
276 109 528 water[level=0]
fill 276 109 529 276 109 549 stone
fill 276 109 550 276 109 552 granite
fill 276 109 559 276 109 572 stone
276 109 582 andesite
fill 276 109 583 276 109 586 stone
fill 276 109 587 276 109 589 dirt
fill 276 109 590 276 109 594 stone
276 109 595 andesite
fill 276 109 596 276 109 600 stone
fill 276 109 612 276 109 617 diorite
fill 276 109 618 276 109 621 stone
fill 276 109 622 276 109 624 dirt
276 109 625 stone
276 109 626 stone
fill 276 109 627 276 109 631 granite
fill 276 109 632 276 109 639 stone
fill 277 109 512 277 109 522 stone
fill 277 109 523 277 109 525 coal_ore
fill 277 109 526 277 109 528 water[level=0]
fill 277 109 529 277 109 548 stone
fill 277 109 549 277 109 553 granite
fill 277 109 558 277 109 574 stone
fill 277 109 584 277 109 586 stone
fill 277 109 587 277 109 589 dirt
fill 277 109 590 277 109 600 stone
277 109 612 stone
277 109 613 stone
277 109 614 diorite
277 109 615 diorite
fill 277 109 616 277 109 621 stone
277 109 622 dirt
277 109 623 dirt
277 109 626 dirt
fill 277 109 627 277 109 631 granite
fill 277 109 632 277 109 639 stone
fill 278 109 512 278 109 526 stone
278 109 527 water[level=0]
fill 278 109 528 278 109 547 stone
fill 278 109 548 278 109 556 granite
fill 278 109 557 278 109 575 stone
278 109 581 andesite
278 109 585 stone
278 109 586 stone
278 109 587 dirt
278 109 588 dirt
fill 278 109 589 278 109 600 stone
fill 278 109 613 278 109 623 stone
fill 278 109 624 278 109 626 dirt
fill 278 109 627 278 109 630 granite
fill 278 109 631 278 109 638 stone
278 109 639 diorite
fill 279 109 512 279 109 526 stone
279 109 527 water[level=0]
fill 279 109 528 279 109 546 stone
fill 279 109 547 279 109 555 granite
fill 279 109 556 279 109 569 stone
279 109 570 coal_ore
fill 279 109 571 279 109 581 stone
fill 279 109 584 279 109 586 stone
279 109 587 dirt
fill 279 109 588 279 109 600 stone
fill 279 109 614 279 109 623 stone
fill 279 109 624 279 109 626 dirt
fill 279 109 627 279 109 630 granite
fill 279 109 631 279 109 637 stone
279 109 638 diorite
279 109 639 diorite
fill 280 109 512 280 109 546 stone
fill 280 109 547 280 109 554 granite
fill 280 109 555 280 109 567 stone
fill 280 109 568 280 109 571 coal_ore
fill 280 109 572 280 109 601 stone
fill 280 109 614 280 109 623 stone
fill 280 109 624 280 109 630 granite
fill 280 109 631 280 109 636 stone
fill 280 109 637 280 109 639 diorite
fill 281 109 512 281 109 519 stone
fill 281 109 520 281 109 522 copper_ore
fill 281 109 523 281 109 545 stone
281 109 546 granite
281 109 547 granite
fill 281 109 548 281 109 553 granite
fill 281 109 554 281 109 567 stone
fill 281 109 568 281 109 571 coal_ore
fill 281 109 572 281 109 601 stone
fill 281 109 615 281 109 622 stone
fill 281 109 623 281 109 629 granite
fill 281 109 630 281 109 635 stone
fill 281 109 636 281 109 639 diorite
fill 282 109 512 282 109 520 stone
fill 282 109 521 282 109 523 copper_ore
fill 282 109 524 282 109 545 stone
fill 282 109 546 282 109 551 granite
fill 282 109 554 282 109 567 stone
282 109 568 coal_ore
282 109 569 coal_ore
282 109 570 granite
fill 282 109 571 282 109 574 stone
fill 282 109 575 282 109 578 granite
fill 282 109 579 282 109 602 stone
fill 282 109 615 282 109 622 stone
fill 282 109 623 282 109 630 granite
fill 282 109 631 282 109 634 stone
fill 282 109 635 282 109 639 diorite
fill 283 109 512 283 109 541 stone
283 109 542 granite
283 109 543 granite
283 109 544 stone
fill 283 109 545 283 109 550 granite
fill 283 109 555 283 109 564 stone
fill 283 109 565 283 109 570 granite
fill 283 109 571 283 109 574 stone
fill 283 109 575 283 109 579 granite
fill 283 109 580 283 109 603 stone
fill 283 109 615 283 109 622 stone
fill 283 109 623 283 109 629 granite
fill 283 109 630 283 109 634 stone
fill 283 109 635 283 109 639 diorite
fill 284 109 512 284 109 540 stone
fill 284 109 541 284 109 550 granite
fill 284 109 555 284 109 563 stone
fill 284 109 564 284 109 570 granite
fill 284 109 571 284 109 573 stone
fill 284 109 574 284 109 579 granite
fill 284 109 580 284 109 605 stone
fill 284 109 615 284 109 622 stone
fill 284 109 623 284 109 629 granite
fill 284 109 630 284 109 634 stone
fill 284 109 635 284 109 639 diorite
fill 285 109 512 285 109 539 stone
285 109 540 copper_ore
fill 285 109 541 285 109 544 granite
285 109 545 stone
fill 285 109 546 285 109 549 granite
285 109 550 stone
fill 285 109 555 285 109 562 stone
fill 285 109 563 285 109 570 granite
fill 285 109 571 285 109 573 stone
fill 285 109 574 285 109 580 granite
fill 285 109 581 285 109 606 stone
285 109 616 coal_ore
fill 285 109 617 285 109 622 stone
fill 285 109 623 285 109 627 granite
fill 285 109 628 285 109 633 stone
fill 285 109 634 285 109 639 diorite
fill 286 109 512 286 109 539 stone
286 109 540 copper_ore
286 109 541 copper_ore
fill 286 109 542 286 109 544 granite
fill 286 109 545 286 109 552 stone
fill 286 109 554 286 109 558 stone
286 109 561 stone
286 109 562 stone
fill 286 109 563 286 109 569 granite
fill 286 109 570 286 109 573 stone
fill 286 109 574 286 109 580 granite
fill 286 109 581 286 109 608 stone
286 109 609 glow_lichen[down=false,east=false,north=true,south=false,up=false,waterlogged=false,west=false]
286 109 616 coal_ore
fill 286 109 617 286 109 622 stone
fill 286 109 623 286 109 626 granite
fill 286 109 627 286 109 633 stone
fill 286 109 634 286 109 639 diorite
fill 287 109 512 287 109 538 stone
fill 287 109 539 287 109 543 granite
fill 287 109 544 287 109 557 stone
287 109 563 dirt
287 109 564 dirt
fill 287 109 565 287 109 568 granite
fill 287 109 569 287 109 573 stone
fill 287 109 574 287 109 580 granite
fill 287 109 581 287 109 608 stone
fill 287 109 616 287 109 622 stone
fill 287 109 623 287 109 625 granite
287 109 626 andesite
287 109 627 andesite
fill 287 109 628 287 109 632 stone
fill 287 109 633 287 109 639 diorite
fill 288 109 512 288 109 537 stone
fill 288 109 538 288 109 543 granite
fill 288 109 544 288 109 558 stone
fill 288 109 563 288 109 565 dirt
288 109 566 granite
288 109 567 granite
fill 288 109 568 288 109 573 stone
fill 288 109 574 288 109 580 granite
fill 288 109 581 288 109 609 stone
fill 288 109 616 288 109 622 stone
fill 288 109 623 288 109 628 andesite
fill 288 109 629 288 109 632 stone
fill 288 109 633 288 109 639 diorite
fill 289 109 512 289 109 538 stone
fill 289 109 539 289 109 542 granite
fill 289 109 543 289 109 558 stone
289 109 559 dirt
fill 289 109 562 289 109 564 dirt
fill 289 109 565 289 109 573 stone
fill 289 109 574 289 109 580 granite
fill 289 109 581 289 109 609 stone
fill 289 109 617 289 109 623 stone
fill 289 109 624 289 109 629 andesite
fill 289 109 630 289 109 632 stone
fill 289 109 633 289 109 638 diorite
289 109 639 granite
fill 290 109 512 290 109 538 stone
fill 290 109 539 290 109 541 granite
fill 290 109 542 290 109 557 stone
fill 290 109 558 290 109 565 dirt
fill 290 109 566 290 109 573 stone
290 109 574 granite
fill 290 109 575 290 109 579 andesite
290 109 580 granite
290 109 581 lapis_ore
fill 290 109 582 290 109 603 stone
fill 290 109 604 290 109 610 stone
fill 290 109 617 290 109 623 stone
fill 290 109 624 290 109 629 andesite
fill 290 109 630 290 109 632 stone
fill 290 109 633 290 109 638 diorite
290 109 639 stone
fill 291 109 512 291 109 528 stone
291 109 529 dirt
291 109 530 dirt
fill 291 109 531 291 109 557 stone
fill 291 109 558 291 109 565 dirt
fill 291 109 566 291 109 572 stone
fill 291 109 573 291 109 583 andesite
fill 291 109 584 291 109 610 stone
fill 291 109 617 291 109 624 stone
fill 291 109 625 291 109 629 andesite
fill 291 109 630 291 109 633 stone
fill 291 109 634 291 109 636 diorite
fill 291 109 637 291 109 639 stone
fill 292 109 512 292 109 527 stone
fill 292 109 528 292 109 530 dirt
fill 292 109 531 292 109 558 stone
292 109 559 dirt
292 109 560 stone
292 109 561 stone
fill 292 109 562 292 109 565 dirt
fill 292 109 566 292 109 571 stone
fill 292 109 572 292 109 584 andesite
fill 292 109 585 292 109 611 stone
fill 292 109 617 292 109 624 stone
fill 292 109 625 292 109 629 andesite
292 109 630 copper_ore
292 109 631 copper_ore
fill 292 109 632 292 109 639 stone
fill 293 109 512 293 109 526 stone
fill 293 109 527 293 109 530 dirt
fill 293 109 531 293 109 537 stone
293 109 538 copper_ore
293 109 539 copper_ore
fill 293 109 540 293 109 571 stone
fill 293 109 572 293 109 584 andesite
fill 293 109 585 293 109 611 stone
fill 293 109 617 293 109 627 stone
293 109 628 andesite
293 109 629 andesite
293 109 630 copper_ore
293 109 631 copper_ore
fill 293 109 632 293 109 639 stone
fill 294 109 512 294 109 526 stone
fill 294 109 527 294 109 530 dirt
fill 294 109 531 294 109 537 stone
294 109 538 copper_ore
294 109 539 copper_ore
fill 294 109 540 294 109 574 stone
fill 294 109 575 294 109 577 andesite
294 109 578 gravel
294 109 579 gravel
fill 294 109 580 294 109 584 andesite
fill 294 109 585 294 109 613 stone
fill 294 109 617 294 109 628 stone
294 109 629 andesite
294 109 630 andesite
294 109 631 copper_ore
fill 294 109 632 294 109 639 stone
fill 295 109 512 295 109 526 stone
fill 295 109 527 295 109 530 dirt
fill 295 109 531 295 109 573 stone
fill 295 109 574 295 109 579 gravel
295 109 580 granite
295 109 581 andesite
295 109 582 andesite
fill 295 109 583 295 109 615 stone
fill 295 109 617 295 109 629 stone
295 109 630 andesite
fill 295 109 631 295 109 639 stone
fill 296 109 512 296 109 526 stone
fill 296 109 527 296 109 530 dirt
fill 296 109 531 296 109 539 stone
296 109 540 andesite
fill 296 109 541 296 109 572 stone
fill 296 109 573 296 109 578 gravel
fill 296 109 579 296 109 581 granite
fill 296 109 582 296 109 592 stone
296 109 593 coal_ore
296 109 594 coal_ore
fill 296 109 595 296 109 639 stone
fill 297 109 512 297 109 525 stone
fill 297 109 526 297 109 529 dirt
fill 297 109 530 297 109 538 stone
fill 297 109 539 297 109 541 andesite
fill 297 109 542 297 109 555 stone
fill 297 109 556 297 109 558 gravel
fill 297 109 559 297 109 571 stone
fill 297 109 572 297 109 577 gravel
fill 297 109 578 297 109 580 granite
fill 297 109 581 297 109 592 stone
297 109 593 coal_ore
297 109 594 coal_ore
fill 297 109 595 297 109 629 stone
297 109 630 copper_ore
fill 297 109 631 297 109 634 stone
fill 297 109 635 297 109 637 copper_ore
297 109 638 stone
297 109 639 stone
fill 298 109 512 298 109 526 stone
fill 298 109 527 298 109 529 dirt
fill 298 109 530 298 109 537 granite
fill 298 109 538 298 109 543 andesite
fill 298 109 544 298 109 555 stone
fill 298 109 556 298 109 558 gravel
fill 298 109 559 298 109 570 stone
fill 298 109 571 298 109 576 gravel
fill 298 109 577 298 109 580 granite
fill 298 109 581 298 109 592 stone
298 109 593 coal_ore
298 109 594 coal_ore
fill 298 109 595 298 109 629 stone
298 109 630 copper_ore
298 109 631 copper_ore
298 109 632 stone
298 109 633 stone