fill 369 118 874 369 118 878 andesite
fill 369 118 879 369 118 883 dirt
fill 369 118 884 369 118 895 stone
fill 370 118 768 370 118 818 stone
fill 370 118 819 370 118 825 diorite
fill 370 118 826 370 118 828 stone
fill 370 118 829 370 118 839 andesite
370 118 840 stone
fill 370 118 841 370 118 845 diorite
fill 370 118 846 370 118 873 stone
fill 370 118 874 370 118 877 andesite
fill 370 118 878 370 118 882 dirt
fill 370 118 883 370 118 895 stone
fill 371 118 768 371 118 817 stone
fill 371 118 818 371 118 825 diorite
fill 371 118 826 371 118 829 stone
fill 371 118 830 371 118 836 andesite
fill 371 118 837 371 118 840 stone
fill 371 118 841 371 118 844 diorite
fill 371 118 845 371 118 873 stone
fill 371 118 874 371 118 876 andesite
fill 371 118 877 371 118 882 dirt
fill 371 118 883 371 118 895 stone
fill 372 118 768 372 118 817 stone
fill 372 118 818 372 118 825 diorite
fill 372 118 826 372 118 830 stone
fill 372 118 831 372 118 834 andesite
fill 372 118 835 372 118 873 stone
fill 372 118 874 372 118 876 andesite
fill 372 118 877 372 118 881 dirt
fill 372 118 882 372 118 895 stone
fill 373 118 768 373 118 803 stone
fill 373 118 804 373 118 806 granite
fill 373 118 807 373 118 816 stone
fill 373 118 817 373 118 825 diorite
fill 373 118 826 373 118 873 stone
373 118 874 andesite
373 118 875 andesite
fill 373 118 876 373 118 881 dirt
373 118 882 andesite
fill 373 118 883 373 118 895 stone
374 118 768 stone
374 118 769 stone
fill 374 118 770 374 118 775 andesite
fill 374 118 776 374 118 801 stone
fill 374 118 802 374 118 806 granite
fill 374 118 807 374 118 816 stone
fill 374 118 817 374 118 825 diorite
fill 374 118 826 374 118 874 stone
374 118 875 andesite
fill 374 118 876 374 118 880 dirt
fill 374 118 881 374 118 883 andesite
fill 374 118 884 374 118 895 stone
fill 375 118 768 375 118 775 andesite
fill 375 118 776 375 118 801 stone
fill 375 118 802 375 118 805 granite
fill 375 118 806 375 118 816 stone
fill 375 118 817 375 118 824 diorite
fill 375 118 825 375 118 874 stone
375 118 875 andesite
375 118 876 andesite
fill 375 118 877 375 118 879 dirt
fill 375 118 880 375 118 883 andesite
fill 375 118 884 375 118 895 stone
fill 376 118 768 376 118 775 andesite
fill 376 118 776 376 118 802 stone
376 118 803 granite
fill 376 118 804 376 118 815 stone
fill 376 118 816 376 118 824 diorite
fill 376 118 825 376 118 832 stone
376 118 833 copper_ore
fill 376 118 834 376 118 863 stone
376 118 864 copper_ore
fill 376 118 865 376 118 874 stone
fill 376 118 875 376 118 884 andesite
fill 376 118 885 376 118 895 stone
fill 377 118 768 377 118 775 andesite
fill 377 118 776 377 118 815 stone
fill 377 118 816 377 118 823 diorite
fill 377 118 824 377 118 832 stone
377 118 833 copper_ore
fill 377 118 834 377 118 863 stone
377 118 864 copper_ore
fill 377 118 865 377 118 874 stone
fill 377 118 875 377 118 884 andesite
fill 377 118 885 377 118 895 stone
fill 378 118 768 378 118 774 andesite
fill 378 118 775 378 118 784 stone
fill 378 118 785 378 118 790 diorite
fill 378 118 791 378 118 794 stone
fill 378 118 795 378 118 797 diorite
fill 378 118 798 378 118 815 stone
fill 378 118 816 378 118 822 diorite
fill 378 118 823 378 118 875 stone
fill 378 118 876 378 118 879 andesite
378 118 880 coal_ore
378 118 881 andesite
378 118 882 coal_ore
378 118 883 andesite
378 118 884 andesite
fill 378 118 885 378 118 895 stone
fill 379 118 768 379 118 773 andesite
fill 379 118 774 379 118 778 stone
fill 379 118 779 379 118 798 diorite
fill 379 118 799 379 118 815 stone
fill 379 118 816 379 118 822 diorite
fill 379 118 823 379 118 875 stone
fill 379 118 876 379 118 881 andesite
379 118 882 coal_ore
fill 379 118 883 379 118 885 andesite
fill 379 118 886 379 118 891 stone
379 118 892 gravel
379 118 893 gravel
379 118 894 stone
379 118 895 stone
fill 380 118 768 380 118 772 andesite
fill 380 118 773 380 118 777 stone
fill 380 118 778 380 118 798 diorite
fill 380 118 799 380 118 815 stone
fill 380 118 816 380 118 822 diorite
380 118 823 stone
380 118 824 coal_ore
fill 380 118 825 380 118 876 stone
fill 380 118 877 380 118 885 andesite
fill 380 118 886 380 118 892 stone
380 118 893 gravel
380 118 894 stone
380 118 895 stone
fill 381 118 768 381 118 770 andesite
fill 381 118 771 381 118 775 stone
381 118 776 diorite
fill 381 118 777 381 118 798 diorite
fill 381 118 799 381 118 815 stone
fill 381 118 816 381 118 821 diorite
381 118 822 stone
381 118 823 stone
381 118 824 coal_ore
fill 381 118 825 381 118 870 stone
381 118 871 coal_ore
381 118 872 coal_ore
fill 381 118 873 381 118 877 stone
fill 381 118 878 381 118 885 andesite
fill 381 118 886 381 118 895 stone
382 118 768 andesite
fill 382 118 769 382 118 775 stone
fill 382 118 776 382 118 799 diorite
fill 382 118 800 382 118 815 stone
fill 382 118 816 382 118 820 diorite
fill 382 118 821 382 118 864 stone
382 118 865 diorite
382 118 866 diorite
fill 382 118 867 382 118 870 stone
382 118 871 coal_ore
382 118 872 coal_ore
fill 382 118 873 382 118 878 stone
fill 382 118 879 382 118 885 andesite
fill 382 118 886 382 118 895 stone
fill 383 118 768 383 118 774 stone
fill 383 118 775 383 118 798 diorite
fill 383 118 799 383 118 815 stone
fill 383 118 816 383 118 820 diorite
fill 383 118 821 383 118 863 stone
fill 383 118 864 383 118 868 diorite
383 118 869 stone
383 118 870 coal_ore
383 118 871 coal_ore
fill 383 118 872 383 118 879 stone
fill 383 118 880 383 118 885 andesite
fill 383 118 886 383 118 894 stone
383 118 895 andesite
256 119 791 stone
256 119 792 stone
256 119 793 dirt
256 119 794 dirt
fill 256 119 795 256 119 806 stone
fill 256 119 807 256 119 822 andesite
fill 256 119 823 256 119 826 stone
fill 256 119 827 256 119 832 andesite
256 119 833 diorite
256 119 834 diorite
fill 256 119 835 256 119 847 andesite
256 119 848 water[level=0]
fill 256 119 849 256 119 858 stone
fill 256 119 859 256 119 861 diorite
fill 256 119 862 256 119 895 stone
257 119 792 stone
fill 257 119 793 257 119 795 dirt
257 119 796 water[level=0]
257 119 797 water[level=0]
fill 257 119 798 257 119 808 stone
fill 257 119 809 257 119 822 andesite
257 119 823 stone
257 119 824 stone
257 119 825 diorite
257 119 826 diorite
fill 257 119 827 257 119 832 andesite
257 119 833 diorite
257 119 834 diorite
fill 257 119 835 257 119 849 andesite
fill 257 119 850 257 119 857 stone
fill 257 119 858 257 119 860 coal_ore
257 119 861 diorite
257 119 862 stone
257 119 863 stone
257 119 864 diorite
fill 257 119 865 257 119 895 stone
258 119 792 stone
fill 258 119 793 258 119 795 dirt
fill 258 119 796 258 119 798 water[level=0]
fill 258 119 799 258 119 809 stone
fill 258 119 810 258 119 822 andesite
258 119 823 stone
fill 258 119 824 258 119 826 diorite
fill 258 119 827 258 119 831 andesite
fill 258 119 832 258 119 834 diorite
258 119 835 stone
258 119 836 andesite
258 119 837 andesite
258 119 838 stone
258 119 839 andesite
258 119 840 andesite
258 119 841 stone
fill 258 119 842 258 119 846 andesite
fill 258 119 847 258 119 851 granite
fill 258 119 852 258 119 857 stone
fill 258 119 858 258 119 861 diorite
258 119 862 stone
fill 258 119 863 258 119 865 diorite
fill 258 119 866 258 119 895 stone
259 119 792 stone
fill 259 119 793 259 119 796 dirt
fill 259 119 797 259 119 799 water[level=0]
fill 259 119 800 259 119 812 stone
fill 259 119 813 259 119 817 andesite
259 119 818 stone
259 119 819 stone
259 119 820 andesite
259 119 821 stone
259 119 822 stone
fill 259 119 823 259 119 825 diorite
fill 259 119 826 259 119 830 andesite
fill 259 119 831 259 119 833 diorite
fill 259 119 834 259 119 842 stone
fill 259 119 843 259 119 846 andesite
fill 259 119 847 259 119 852 granite
fill 259 119 853 259 119 858 stone
fill 259 119 859 259 119 865 diorite
fill 259 119 866 259 119 895 stone
260 119 788 dirt
260 119 792 stone
260 119 793 stone
260 119 794 dirt
fill 260 119 795 260 119 800 water[level=0]
fill 260 119 801 260 119 813 stone
fill 260 119 814 260 119 818 andesite
fill 260 119 819 260 119 821 stone
260 119 822 diorite
260 119 823 copper_ore
260 119 824 copper_ore
260 119 825 diorite
fill 260 119 826 260 119 830 andesite
fill 260 119 831 260 119 833 diorite
fill 260 119 834 260 119 842 stone
fill 260 119 843 260 119 847 andesite
fill 260 119 848 260 119 854 granite
fill 260 119 855 260 119 858 stone
fill 260 119 859 260 119 865 diorite
fill 260 119 866 260 119 895 stone
fill 261 119 787 261 119 789 dirt
261 119 793 stone
261 119 794 dirt
261 119 795 dirt
fill 261 119 796 261 119 800 water[level=0]
fill 261 119 801 261 119 810 stone
fill 261 119 811 261 119 817 andesite
fill 261 119 818 261 119 820 stone
261 119 821 diorite
261 119 822 diorite
fill 261 119 823 261 119 825 copper_ore
261 119 826 diorite
fill 261 119 827 261 119 830 andesite
261 119 831 diorite
fill 261 119 832 261 119 844 stone
fill 261 119 845 261 119 847 andesite
fill 261 119 848 261 119 855 granite
fill 261 119 856 261 119 859 stone
fill 261 119 860 261 119 865 diorite
fill 261 119 866 261 119 895 stone
fill 262 119 787 262 119 790 dirt
262 119 793 stone
262 119 794 dirt
262 119 795 dirt
fill 262 119 796 262 119 801 water[level=0]
fill 262 119 802 262 119 807 stone
fill 262 119 808 262 119 817 andesite
fill 262 119 818 262 119 820 stone
fill 262 119 821 262 119 826 diorite
262 119 827 andesite
262 119 828 andesite
262 119 829 diorite
262 119 830 diorite
262 119 831 stone
262 119 832 stone
262 119 833 iron_ore
fill 262 119 834 262 119 846 stone
262 119 847 andesite
fill 262 119 848 262 119 856 granite
fill 262 119 857 262 119 859 stone
fill 262 119 860 262 119 865 diorite
fill 262 119 866 262 119 894 stone
262 119 895 coal_ore
fill 263 119 787 263 119 789 dirt
263 119 793 stone
263 119 794 dirt
263 119 795 dirt
263 119 796 sand
fill 263 119 797 263 119 801 water[level=0]
fill 263 119 802 263 119 806 stone
fill 263 119 807 263 119 816 andesite
fill 263 119 817 263 119 819 stone
fill 263 119 820 263 119 829 diorite
fill 263 119 830 263 119 847 stone
263 119 848 andesite
fill 263 119 849 263 119 857 granite
263 119 858 stone
263 119 859 stone
fill 263 119 860 263 119 865 diorite
fill 263 119 866 263 119 895 stone
264 119 793 stone
264 119 794 stone
264 119 795 sand
264 119 796 sand
fill 264 119 797 264 119 802 water[level=0]
fill 264 119 803 264 119 805 stone
fill 264 119 806 264 119 815 andesite
fill 264 119 816 264 119 819 stone
fill 264 119 820 264 119 828 diorite
fill 264 119 829 264 119 848 stone
fill 264 119 849 264 119 857 granite
264 119 858 stone
264 119 859 stone
fill 264 119 860 264 119 865 diorite
fill 264 119 866 264 119 895 stone
265 119 794 stone
265 119 795 dirt
265 119 796 sand
fill 265 119 797 265 119 803 water[level=0]
265 119 804 stone
265 119 805 stone
fill 265 119 806 265 119 814 andesite
fill 265 119 815 265 119 820 stone
fill 265 119 821 265 119 826 diorite
fill 265 119 827 265 119 848 stone
fill 265 119 849 265 119 858 granite
265 119 859 stone
265 119 860 stone
fill 265 119 861 265 119 864 diorite
fill 265 119 865 265 119 895 stone
fill 266 119 794 266 119 796 stone
fill 266 119 797 266 119 805 water[level=0]
fill 266 119 806 266 119 812 andesite
fill 266 119 813 266 119 822 stone
266 119 823 copper_ore
fill 266 119 824 266 119 849 stone
fill 266 119 850 266 119 859 granite
266 119 860 stone
fill 266 119 861 266 119 864 diorite
fill 266 119 865 266 119 870 stone
266 119 871 copper_ore
fill 266 119 872 266 119 895 stone
fill 267 119 794 267 119 796 stone
fill 267 119 797 267 119 806 water[level=0]
fill 267 119 807 267 119 811 andesite
fill 267 119 812 267 119 823 stone
267 119 824 copper_ore
fill 267 119 825 267 119 850 stone
fill 267 119 851 267 119 859 granite
267 119 860 stone
fill 267 119 861 267 119 863 diorite
fill 267 119 864 267 119 895 stone
fill 268 119 794 268 119 796 stone
fill 268 119 797 268 119 806 water[level=0]
fill 268 119 807 268 119 810 andesite
fill 268 119 811 268 119 833 stone
268 119 834 coal_ore
fill 268 119 835 268 119 851 stone
fill 268 119 852 268 119 859 granite
268 119 860 stone
268 119 861 diorite
268 119 862 diorite
268 119 863 coal_ore
268 119 864 coal_ore
fill 268 119 865 268 119 895 stone
fill 269 119 795 269 119 797 stone
fill 269 119 798 269 119 807 water[level=0]
fill 269 119 808 269 119 833 stone
269 119 834 coal_ore
fill 269 119 835 269 119 853 stone
fill 269 119 854 269 119 860 granite
269 119 861 stone
269 119 862 stone
269 119 863 coal_ore
269 119 864 coal_ore
fill 269 119 865 269 119 877 stone
fill 269 119 878 269 119 880 granite
fill 269 119 881 269 119 895 stone
fill 270 119 795 270 119 797 stone
fill 270 119 798 270 119 807 water[level=0]
fill 270 119 808 270 119 832 stone
270 119 833 coal_ore
270 119 834 coal_ore
fill 270 119 835 270 119 851 stone
270 119 852 copper_ore
270 119 853 stone
fill 270 119 854 270 119 860 granite
270 119 861 stone
270 119 862 stone
270 119 863 coal_ore
270 119 864 coal_ore
fill 270 119 865 270 119 876 stone
fill 270 119 877 270 119 881 granite
fill 270 119 882 270 119 895 stone
271 119 796 granite
fill 271 119 797 271 119 808 water[level=0]
fill 271 119 809 271 119 832 stone
271 119 833 coal_ore
271 119 834 coal_ore
fill 271 119 835 271 119 851 stone
271 119 852 copper_ore
fill 271 119 853 271 119 855 stone
fill 271 119 856 271 119 859 granite
fill 271 119 860 271 119 862 stone
271 119 863 coal_ore
271 119 864 coal_ore
fill 271 119 865 271 119 876 stone
fill 271 119 877 271 119 881 granite
fill 271 119 882 271 119 895 stone
fill 272 119 796 272 119 798 granite
fill 272 119 799 272 119 808 water[level=0]
fill 272 119 809 272 119 831 stone
fill 272 119 832 272 119 834 coal_ore
fill 272 119 835 272 119 863 stone
272 119 864 andesite
272 119 865 andesite
272 119 866 stone
fill 272 119 867 272 119 870 andesite
fill 272 119 871 272 119 875 stone
fill 272 119 876 272 119 881 granite
fill 272 119 882 272 119 895 stone
273 119 796 granite
273 119 797 granite
273 119 798 water[level=0]
273 119 799 water[level=0]
fill 273 119 800 273 119 809 water[level=0]
fill 273 119 810 273 119 832 stone
273 119 833 coal_ore
fill 273 119 834 273 119 863 stone
fill 273 119 864 273 119 873 andesite
273 119 874 stone
273 119 875 stone
fill 273 119 876 273 119 881 granite
fill 273 119 882 273 119 895 stone
274 119 796 granite
274 119 797 granite
fill 274 119 798 274 119 809 water[level=0]
fill 274 119 810 274 119 864 stone
fill 274 119 865 274 119 874 andesite
274 119 875 stone
274 119 876 stone
fill 274 119 877 274 119 880 granite
fill 274 119 881 274 119 895 stone
275 119 796 granite
275 119 797 granite
fill 275 119 798 275 119 809 water[level=0]
fill 275 119 810 275 119 865 stone
fill 275 119 866 275 119 874 andesite
275 119 875 stone
275 119 876 stone
fill 275 119 877 275 119 880 granite
fill 275 119 881 275 119 895 stone
276 119 796 granite
276 119 797 granite
fill 276 119 798 276 119 810 water[level=0]
fill 276 119 811 276 119 867 stone
fill 276 119 868 276 119 874 andesite
276 119 875 stone
276 119 876 stone
fill 276 119 877 276 119 879 granite
fill 276 119 880 276 119 883 stone
fill 276 119 884 276 119 886 granite
fill 276 119 887 276 119 895 stone
fill 277 119 795 277 119 797 granite
fill 277 119 798 277 119 810 water[level=0]
fill 277 119 811 277 119 876 stone
fill 277 119 877 277 119 879 granite
fill 277 119 880 277 119 882 stone
fill 277 119 883 277 119 888 granite
fill 277 119 889 277 119 895 stone
fill 278 119 795 278 119 797 granite
fill 278 119 798 278 119 811 water[level=0]
fill 278 119 812 278 119 876 stone
fill 278 119 877 278 119 879 granite
fill 278 119 880 278 119 882 stone
fill 278 119 883 278 119 889 granite
fill 278 119 890 278 119 895 stone
279 119 794 water[level=1]
279 119 795 water[level=8]
279 119 796 granite
279 119 797 stone
fill 279 119 798 279 119 811 water[level=0]
fill 279 119 812 279 119 848 stone
279 119 849 coal_ore
279 119 850 coal_ore
fill 279 119 851 279 119 871 stone
fill 279 119 872 279 119 874 coal_ore
fill 279 119 875 279 119 881 stone
fill 279 119 882 279 119 889 granite
fill 279 119 890 279 119 895 stone
280 119 794 water[level=8]
fill 280 119 795 280 119 797 gravel
fill 280 119 798 280 119 812 water[level=0]
fill 280 119 813 280 119 848 stone
280 119 849 coal_ore
280 119 850 coal_ore
fill 280 119 851 280 119 870 stone
fill 280 119 871 280 119 874 coal_ore
fill 280 119 875 280 119 881 stone
fill 280 119 882 280 119 890 granite
fill 280 119 891 280 119 895 stone
281 119 794 water[level=8]
fill 281 119 795 281 119 797 gravel
fill 281 119 798 281 119 812 water[level=0]
fill 281 119 813 281 119 838 stone
281 119 839 copper_ore
fill 281 119 840 281 119 848 stone
281 119 849 coal_ore
281 119 850 coal_ore
fill 281 119 851 281 119 871 stone
281 119 872 coal_ore
fill 281 119 873 281 119 882 stone
fill 281 119 883 281 119 891 granite
fill 281 119 892 281 119 895 stone
282 119 794 water[level=1]
282 119 795 water[level=8]
282 119 796 gravel
282 119 797 gravel
fill 282 119 798 282 119 813 water[level=0]
282 119 814 stone
fill 282 119 815 282 119 821 dirt
fill 282 119 822 282 119 837 stone
282 119 838 copper_ore
282 119 839 copper_ore
fill 282 119 840 282 119 848 stone
282 119 849 coal_ore
282 119 850 coal_ore
fill 282 119 851 282 119 853 stone
282 119 854 coal_ore
282 119 855 coal_ore
fill 282 119 856 282 119 882 stone
fill 282 119 883 282 119 891 granite
fill 282 119 892 282 119 895 stone
283 119 795 water[level=8]
fill 283 119 796 283 119 798 gravel
fill 283 119 799 283 119 813 water[level=0]
283 119 814 stone
fill 283 119 815 283 119 822 dirt
fill 283 119 823 283 119 828 stone
fill 283 119 829 283 119 849 stone
283 119 850 coal_ore
283 119 851 stone
fill 283 119 852 283 119 855 coal_ore
fill 283 119 856 283 119 883 stone
fill 283 119 884 283 119 891 granite
fill 283 119 892 283 119 895 stone
284 119 795 water[level=8]
fill 284 119 796 284 119 798 gravel
fill 284 119 799 284 119 813 water[level=0]
284 119 814 stone
284 119 815 stone
fill 284 119 816 284 119 823 dirt
fill 284 119 824 284 119 835 stone
fill 284 119 836 284 119 838 andesite
fill 284 119 839 284 119 851 stone
284 119 852 coal_ore
284 119 853 coal_ore
fill 284 119 854 284 119 883 stone
fill 284 119 884 284 119 892 granite
fill 284 119 893 284 119 895 stone
285 119 784 stone
285 119 795 water[level=8]
285 119 797 gravel
285 119 798 gravel
fill 285 119 799 285 119 814 water[level=0]
285 119 815 stone
285 119 816 stone
fill 285 119 817 285 119 823 dirt
fill 285 119 824 285 119 834 stone
fill 285 119 835 285 119 839 andesite
fill 285 119 840 285 119 884 stone
fill 285 119 885 285 119 892 granite
fill 285 119 893 285 119 895 stone
286 119 783 stone
286 119 784 copper_ore
286 119 785 copper_ore
286 119 796 water[level=8]
286 119 797 stone
286 119 798 gravel
286 119 799 gravel
fill 286 119 800 286 119 814 water[level=0]
fill 286 119 815 286 119 819 stone
286 119 820 dirt
fill 286 119 821 286 119 833 stone
fill 286 119 834 286 119 840 andesite
fill 286 119 841 286 119 885 stone
fill 286 119 886 286 119 893 granite
286 119 894 stone
286 119 895 stone
287 119 784 stone
fill 287 119 797 287 119 799 stone
fill 287 119 800 287 119 815 water[level=0]
fill 287 119 816 287 119 833 stone
fill 287 119 834 287 119 840 andesite
fill 287 119 841 287 119 886 stone
fill 287 119 887 287 119 893 granite
287 119 894 stone
287 119 895 stone
fill 288 119 797 288 119 799 stone
fill 288 119 800 288 119 815 water[level=0]
fill 288 119 816 288 119 833 stone
fill 288 119 834 288 119 840 andesite
fill 288 119 841 288 119 866 stone
288 119 867 andesite
288 119 868 andesite
fill 288 119 869 288 119 887 stone
fill 288 119 888 288 119 893 granite
288 119 894 stone
288 119 895 stone
fill 289 119 797 289 119 799 stone
fill 289 119 800 289 119 816 water[level=0]
fill 289 119 817 289 119 824 stone
289 119 825 diorite
289 119 826 diorite
289 119 827 stone
289 119 828 stone
fill 289 119 829 289 119 833 diorite
fill 289 119 834 289 119 841 andesite
fill 289 119 842 289 119 865 stone
289 119 866 andesite
289 119 867 andesite
289 119 868 stone
289 119 869 copper_ore
289 119 870 copper_ore
fill 289 119 871 289 119 888 stone
fill 289 119 889 289 119 893 granite
289 119 894 stone
289 119 895 stone
290 119 797 stone
290 119 798 stone
fill 290 119 799 290 119 817 water[level=0]
fill 290 119 818 290 119 822 stone
fill 290 119 823 290 119 833 diorite
fill 290 119 834 290 119 841 andesite
fill 290 119 842 290 119 864 stone
fill 290 119 865 290 119 867 andesite
290 119 868 stone
fill 290 119 869 290 119 871 copper_ore
fill 290 119 872 290 119 888 stone
fill 290 119 889 290 119 893 granite
290 119 894 stone
290 119 895 stone
291 119 797 stone
291 119 798 stone
fill 291 119 799 291 119 818 water[level=0]
291 119 819 stone
291 119 820 stone