fill 309 113 821 309 113 826 granite
fill 309 113 827 309 113 843 water[level=0]
309 113 844 stone
fill 309 113 848 309 113 852 andesite
fill 309 113 853 309 113 863 stone
fill 309 113 864 309 113 870 granite
fill 309 113 871 309 113 879 stone
fill 309 113 880 309 113 885 granite
fill 309 113 886 309 113 889 stone
fill 310 113 768 310 113 777 stone
fill 310 113 778 310 113 800 water[level=0]
310 113 801 stone
310 113 802 stone
fill 310 113 803 310 113 809 diorite
310 113 810 stone
310 113 811 stone
fill 310 113 812 310 113 817 andesite
310 113 818 coal_ore
310 113 819 andesite
310 113 820 stone
310 113 821 stone
fill 310 113 822 310 113 825 granite
310 113 826 stone
fill 310 113 827 310 113 843 water[level=0]
310 113 844 stone
fill 310 113 848 310 113 852 andesite
fill 310 113 853 310 113 864 stone
fill 310 113 865 310 113 870 granite
fill 310 113 871 310 113 880 stone
fill 310 113 881 310 113 885 granite
fill 310 113 886 310 113 888 stone
fill 311 113 768 311 113 778 stone
311 113 779 copper_ore
fill 311 113 780 311 113 800 water[level=0]
311 113 801 stone
311 113 802 stone
fill 311 113 803 311 113 809 diorite
fill 311 113 810 311 113 812 stone
fill 311 113 813 311 113 817 andesite
311 113 818 coal_ore
311 113 819 coal_ore
311 113 820 andesite
311 113 821 stone
fill 311 113 822 311 113 824 granite
311 113 825 stone
311 113 826 stone
fill 311 113 827 311 113 843 water[level=0]
311 113 844 stone
311 113 845 andesite
fill 311 113 848 311 113 850 andesite
fill 311 113 851 311 113 865 stone
fill 311 113 866 311 113 870 granite
fill 311 113 871 311 113 880 stone
fill 311 113 881 311 113 885 granite
fill 311 113 886 311 113 888 stone
311 113 894 stone
311 113 895 stone
fill 312 113 768 312 113 778 stone
312 113 779 copper_ore
312 113 780 copper_ore
fill 312 113 781 312 113 800 water[level=0]
fill 312 113 801 312 113 803 stone
fill 312 113 804 312 113 809 diorite
fill 312 113 810 312 113 813 stone
fill 312 113 814 312 113 817 andesite
312 113 818 coal_ore
312 113 819 coal_ore
312 113 820 andesite
312 113 821 stone
fill 312 113 822 312 113 824 granite
fill 312 113 825 312 113 827 stone
fill 312 113 828 312 113 843 water[level=0]
312 113 844 stone
312 113 845 stone
fill 312 113 848 312 113 866 stone
fill 312 113 867 312 113 870 granite
fill 312 113 871 312 113 882 stone
312 113 883 granite
312 113 884 granite
fill 312 113 885 312 113 888 stone
312 113 894 stone
312 113 895 stone
fill 313 113 768 313 113 781 stone
fill 313 113 782 313 113 800 water[level=0]
fill 313 113 801 313 113 803 stone
fill 313 113 804 313 113 810 diorite
fill 313 113 811 313 113 815 stone
313 113 816 andesite
313 113 817 andesite
313 113 818 coal_ore
313 113 819 coal_ore
fill 313 113 820 313 113 822 stone
313 113 823 granite
fill 313 113 824 313 113 827 stone
fill 313 113 828 313 113 842 water[level=0]
fill 313 113 843 313 113 845 stone
313 113 848 stone
fill 313 113 849 313 113 867 stone
313 113 868 granite
313 113 869 iron_ore
313 113 870 granite
fill 313 113 871 313 113 887 stone
fill 313 113 893 313 113 895 stone
fill 314 113 768 314 113 783 stone
fill 314 113 784 314 113 799 water[level=0]
fill 314 113 800 314 113 803 stone
fill 314 113 804 314 113 810 diorite
314 113 811 stone
314 113 812 copper_ore
314 113 813 copper_ore
fill 314 113 814 314 113 816 stone
314 113 817 andesite
fill 314 113 818 314 113 820 coal_ore
fill 314 113 821 314 113 828 stone
fill 314 113 829 314 113 840 water[level=0]
fill 314 113 841 314 113 887 stone
fill 314 113 893 314 113 895 stone
fill 315 113 768 315 113 784 stone
fill 315 113 785 315 113 789 gravel
315 113 790 stone
fill 315 113 791 315 113 797 water[level=0]
fill 315 113 798 315 113 803 stone
fill 315 113 804 315 113 810 diorite
315 113 811 stone
315 113 812 copper_ore
315 113 813 copper_ore
fill 315 113 814 315 113 818 stone
315 113 819 coal_ore
fill 315 113 820 315 113 829 stone
fill 315 113 830 315 113 838 water[level=0]
fill 315 113 839 315 113 844 stone
315 113 846 stone
315 113 847 stone
315 113 848 coal_ore
315 113 849 coal_ore
fill 315 113 850 315 113 859 stone
fill 315 113 860 315 113 862 dirt
fill 315 113 863 315 113 865 stone
fill 315 113 866 315 113 869 andesite
fill 315 113 870 315 113 886 stone
315 113 887 dirt
315 113 888 dirt
fill 315 113 892 315 113 895 stone
fill 316 113 768 316 113 784 stone
fill 316 113 785 316 113 791 gravel
fill 316 113 792 316 113 794 water[level=0]
fill 316 113 795 316 113 804 stone
fill 316 113 805 316 113 810 diorite
fill 316 113 811 316 113 830 stone
fill 316 113 831 316 113 836 water[level=0]
fill 316 113 837 316 113 842 stone
316 113 846 stone
316 113 847 stone
316 113 848 coal_ore
316 113 849 coal_ore
fill 316 113 850 316 113 859 stone
fill 316 113 860 316 113 862 dirt
fill 316 113 863 316 113 865 stone
fill 316 113 866 316 113 871 andesite
fill 316 113 872 316 113 876 stone
316 113 877 copper_ore
fill 316 113 878 316 113 886 stone
fill 316 113 887 316 113 889 dirt
fill 316 113 890 316 113 895 stone
fill 317 113 768 317 113 785 stone
fill 317 113 786 317 113 792 gravel
fill 317 113 793 317 113 798 stone
317 113 799 iron_ore
317 113 800 iron_ore
fill 317 113 801 317 113 804 stone
fill 317 113 805 317 113 810 diorite
fill 317 113 811 317 113 831 stone
fill 317 113 832 317 113 835 water[level=0]
fill 317 113 836 317 113 841 stone
fill 317 113 845 317 113 859 stone
fill 317 113 860 317 113 862 dirt
fill 317 113 863 317 113 865 stone
fill 317 113 866 317 113 873 andesite
fill 317 113 874 317 113 886 stone
fill 317 113 887 317 113 889 dirt
fill 317 113 890 317 113 895 stone
fill 318 113 768 318 113 786 stone
fill 318 113 787 318 113 793 gravel
fill 318 113 794 318 113 798 stone
318 113 799 iron_ore
318 113 800 iron_ore
fill 318 113 801 318 113 805 stone
fill 318 113 806 318 113 810 diorite
fill 318 113 811 318 113 839 stone
fill 318 113 843 318 113 858 stone
fill 318 113 859 318 113 862 dirt
fill 318 113 863 318 113 865 stone
fill 318 113 866 318 113 873 andesite
fill 318 113 874 318 113 886 stone
fill 318 113 887 318 113 889 dirt
fill 318 113 890 318 113 895 stone
fill 319 113 768 319 113 789 stone
fill 319 113 790 319 113 793 gravel
fill 319 113 794 319 113 806 stone
fill 319 113 807 319 113 809 diorite
fill 319 113 810 319 113 829 stone
319 113 830 diorite
319 113 831 diorite
fill 319 113 832 319 113 858 stone
fill 319 113 859 319 113 862 dirt
fill 319 113 863 319 113 865 stone
fill 319 113 866 319 113 874 andesite
fill 319 113 875 319 113 888 stone
319 113 889 dirt
fill 319 113 890 319 113 895 stone
fill 320 113 768 320 113 828 stone
fill 320 113 829 320 113 833 diorite
fill 320 113 834 320 113 858 stone
fill 320 113 859 320 113 862 dirt
fill 320 113 863 320 113 866 stone
fill 320 113 867 320 113 875 andesite
fill 320 113 876 320 113 886 stone
320 113 887 diorite
320 113 888 dirt
320 113 889 dirt
fill 320 113 890 320 113 895 stone
fill 321 113 768 321 113 827 stone
fill 321 113 828 321 113 833 diorite
fill 321 113 834 321 113 855 stone
fill 321 113 856 321 113 858 diorite
fill 321 113 859 321 113 861 dirt
fill 321 113 862 321 113 866 stone
fill 321 113 867 321 113 873 andesite
321 113 874 copper_ore
321 113 875 copper_ore
321 113 876 andesite
321 113 877 andesite
fill 321 113 878 321 113 885 stone
fill 321 113 886 321 113 888 diorite
321 113 889 dirt
fill 321 113 890 321 113 895 stone
fill 322 113 768 322 113 809 stone
fill 322 113 810 322 113 827 stone
fill 322 113 828 322 113 834 diorite
fill 322 113 835 322 113 841 stone
322 113 842 copper_ore
322 113 843 copper_ore
fill 322 113 844 322 113 852 stone
fill 322 113 853 322 113 858 diorite
fill 322 113 859 322 113 861 dirt
fill 322 113 862 322 113 864 diorite
fill 322 113 865 322 113 867 stone
fill 322 113 868 322 113 872 andesite
fill 322 113 873 322 113 875 copper_ore
fill 322 113 876 322 113 878 andesite
fill 322 113 879 322 113 884 stone
fill 322 113 885 322 113 890 diorite
fill 322 113 891 322 113 895 stone
323 113 768 stone
323 113 769 dirt
323 113 770 stone
fill 323 113 771 323 113 774 dirt
fill 323 113 775 323 113 828 stone
fill 323 113 829 323 113 834 diorite
fill 323 113 835 323 113 841 stone
323 113 842 copper_ore
323 113 843 copper_ore
fill 323 113 844 323 113 850 stone
fill 323 113 851 323 113 865 diorite
fill 323 113 866 323 113 868 stone
fill 323 113 869 323 113 878 andesite
fill 323 113 879 323 113 884 stone
fill 323 113 885 323 113 890 diorite
fill 323 113 891 323 113 895 stone
324 113 768 stone
fill 324 113 769 324 113 775 dirt
fill 324 113 776 324 113 803 stone
fill 324 113 804 324 113 806 granite
324 113 807 lapis_ore
324 113 808 lapis_ore
fill 324 113 809 324 113 828 stone
fill 324 113 829 324 113 835 diorite
fill 324 113 836 324 113 842 stone
324 113 843 copper_ore
fill 324 113 844 324 113 850 stone
324 113 851 copper_ore
324 113 852 copper_ore
fill 324 113 853 324 113 865 diorite
fill 324 113 866 324 113 870 stone
fill 324 113 871 324 113 879 andesite
fill 324 113 880 324 113 884 stone
fill 324 113 885 324 113 890 diorite
fill 324 113 891 324 113 894 granite
324 113 895 stone
325 113 768 stone
325 113 769 stone
fill 325 113 770 325 113 775 dirt
fill 325 113 776 325 113 801 stone
fill 325 113 802 325 113 806 granite
325 113 807 lapis_ore
fill 325 113 808 325 113 812 granite
fill 325 113 813 325 113 828 stone
fill 325 113 829 325 113 836 diorite
fill 325 113 837 325 113 849 stone
325 113 850 diorite
325 113 851 copper_ore
325 113 852 copper_ore
fill 325 113 853 325 113 864 diorite
fill 325 113 865 325 113 871 stone
fill 325 113 872 325 113 879 andesite
fill 325 113 880 325 113 885 stone
fill 325 113 886 325 113 891 diorite
fill 325 113 892 325 113 894 granite
325 113 895 stone
fill 326 113 768 326 113 771 stone
fill 326 113 772 326 113 774 dirt
fill 326 113 775 326 113 801 stone
fill 326 113 802 326 113 815 granite
fill 326 113 816 326 113 829 stone
fill 326 113 830 326 113 835 diorite
326 113 836 copper_ore
326 113 837 diorite
fill 326 113 838 326 113 849 stone
fill 326 113 850 326 113 862 diorite
fill 326 113 863 326 113 871 stone
fill 326 113 872 326 113 880 andesite
fill 326 113 881 326 113 885 stone
fill 326 113 886 326 113 892 diorite
326 113 893 granite
326 113 894 granite
326 113 895 stone
fill 327 113 768 327 113 801 stone
fill 327 113 802 327 113 816 granite
fill 327 113 817 327 113 829 stone
fill 327 113 830 327 113 833 diorite
327 113 834 copper_ore
327 113 835 copper_ore
327 113 836 diorite
327 113 837 diorite
fill 327 113 838 327 113 849 stone
fill 327 113 850 327 113 861 diorite
fill 327 113 862 327 113 864 dirt
fill 327 113 865 327 113 872 stone
fill 327 113 873 327 113 880 andesite
fill 327 113 881 327 113 884 stone
327 113 885 granite
fill 327 113 886 327 113 893 diorite
327 113 894 granite
327 113 895 stone
fill 328 113 768 328 113 777 stone
fill 328 113 778 328 113 781 granite
328 113 782 iron_ore
328 113 783 granite
328 113 784 granite
fill 328 113 785 328 113 801 stone
fill 328 113 802 328 113 816 granite
fill 328 113 817 328 113 829 stone
fill 328 113 830 328 113 833 diorite
328 113 834 copper_ore
328 113 835 copper_ore
328 113 836 diorite
328 113 837 diorite
fill 328 113 838 328 113 851 stone
fill 328 113 852 328 113 859 diorite
328 113 860 stone
fill 328 113 861 328 113 867 dirt
fill 328 113 868 328 113 875 stone
fill 328 113 876 328 113 880 andesite
328 113 881 stone
328 113 882 stone
fill 328 113 883 328 113 886 dirt
fill 328 113 887 328 113 893 diorite
328 113 894 granite
328 113 895 stone
fill 329 113 768 329 113 776 stone
fill 329 113 777 329 113 782 granite
329 113 783 iron_ore
fill 329 113 784 329 113 786 granite
fill 329 113 787 329 113 802 stone
fill 329 113 803 329 113 818 granite
fill 329 113 819 329 113 829 stone
fill 329 113 830 329 113 833 diorite
329 113 834 copper_ore
fill 329 113 835 329 113 837 diorite
fill 329 113 838 329 113 851 stone
fill 329 113 852 329 113 859 granite
329 113 860 stone
fill 329 113 861 329 113 869 dirt
fill 329 113 870 329 113 877 stone
329 113 878 andesite
fill 329 113 879 329 113 882 stone
329 113 883 dirt
329 113 884 dirt
fill 329 113 885 329 113 893 diorite
329 113 894 stone
329 113 895 stone
fill 330 113 768 330 113 773 stone
330 113 774 gravel
330 113 775 gravel
330 113 776 stone
fill 330 113 777 330 113 787 granite
fill 330 113 788 330 113 803 stone
fill 330 113 804 330 113 819 granite
fill 330 113 820 330 113 829 stone
330 113 830 granite
fill 330 113 831 330 113 838 diorite
fill 330 113 839 330 113 851 stone
fill 330 113 852 330 113 860 granite
330 113 861 stone
fill 330 113 862 330 113 870 dirt
330 113 871 stone
fill 330 113 872 330 113 882 stone
fill 330 113 883 330 113 885 granite
fill 330 113 886 330 113 890 diorite
330 113 891 gravel
330 113 892 diorite
330 113 893 diorite
330 113 894 stone
330 113 895 stone
fill 331 113 768 331 113 771 stone
fill 331 113 772 331 113 775 gravel
331 113 776 stone
fill 331 113 777 331 113 789 granite
fill 331 113 790 331 113 806 stone
fill 331 113 807 331 113 818 granite
fill 331 113 819 331 113 829 stone
331 113 830 granite
331 113 831 granite
fill 331 113 832 331 113 838 diorite
fill 331 113 839 331 113 851 stone
fill 331 113 852 331 113 860 granite
fill 331 113 861 331 113 863 stone
fill 331 113 864 331 113 870 dirt
fill 331 113 871 331 113 881 stone
fill 331 113 882 331 113 885 granite
fill 331 113 886 331 113 888 diorite
fill 331 113 889 331 113 892 gravel
331 113 893 diorite
331 113 894 stone
331 113 895 stone
fill 332 113 768 332 113 770 stone
fill 332 113 771 332 113 775 gravel
332 113 776 stone
332 113 777 stone
fill 332 113 778 332 113 791 granite
fill 332 113 792 332 113 808 stone
fill 332 113 809 332 113 818 granite
fill 332 113 819 332 113 831 stone
332 113 832 granite
fill 332 113 833 332 113 838 diorite
332 113 839 granite
fill 332 113 840 332 113 852 stone
fill 332 113 853 332 113 861 granite
fill 332 113 862 332 113 866 stone
fill 332 113 867 332 113 869 dirt
fill 332 113 870 332 113 881 stone
fill 332 113 882 332 113 886 granite
332 113 887 diorite
fill 332 113 888 332 113 892 gravel
332 113 893 diorite
332 113 894 diorite
332 113 895 stone
fill 333 113 768 333 113 770 stone
fill 333 113 771 333 113 775 gravel
fill 333 113 776 333 113 779 stone
fill 333 113 780 333 113 792 granite
fill 333 113 793 333 113 812 stone
333 113 813 granite
fill 333 113 814 333 113 832 stone
fill 333 113 833 333 113 838 diorite
333 113 839 granite
fill 333 113 840 333 113 853 stone
fill 333 113 854 333 113 861 granite
fill 333 113 862 333 113 880 stone
fill 333 113 881 333 113 886 granite
333 113 887 diorite
fill 333 113 888 333 113 890 gravel
fill 333 113 891 333 113 894 diorite
333 113 895 stone
334 113 768 stone
334 113 769 stone
fill 334 113 770 334 113 774 gravel
fill 334 113 775 334 113 779 stone
fill 334 113 780 334 113 792 granite
fill 334 113 793 334 113 833 stone
fill 334 113 834 334 113 838 diorite
334 113 839 granite
fill 334 113 840 334 113 853 stone
fill 334 113 854 334 113 862 granite
fill 334 113 863 334 113 880 stone
fill 334 113 881 334 113 886 granite
fill 334 113 887 334 113 894 diorite
334 113 895 stone
335 113 768 stone
335 113 769 stone
fill 335 113 770 335 113 774 gravel
fill 335 113 775 335 113 777 granite
fill 335 113 778 335 113 781 stone
fill 335 113 782 335 113 792 granite
fill 335 113 793 335 113 834 stone
fill 335 113 835 335 113 838 diorite
fill 335 113 839 335 113 854 stone
fill 335 113 855 335 113 862 granite
fill 335 113 863 335 113 881 stone
fill 335 113 882 335 113 884 granite
fill 335 113 885 335 113 887 stone
fill 335 113 888 335 113 894 diorite
335 113 895 stone
336 113 768 stone
336 113 769 stone
fill 336 113 770 336 113 773 gravel
fill 336 113 774 336 113 777 granite
fill 336 113 778 336 113 786 stone
fill 336 113 787 336 113 791 granite
fill 336 113 792 336 113 836 stone
336 113 837 diorite
fill 336 113 838 336 113 844 stone
336 113 845 copper_ore
fill 336 113 846 336 113 855 stone
fill 336 113 856 336 113 862 granite
fill 336 113 863 336 113 870 stone
336 113 871 dirt
fill 336 113 872 336 113 888 stone
fill 336 113 889 336 113 893 diorite
336 113 894 stone
336 113 895 stone
337 113 768 stone
337 113 769 stone
337 113 770 gravel
337 113 771 gravel
337 113 772 stone
fill 337 113 773 337 113 777 granite
fill 337 113 778 337 113 843 stone
337 113 844 copper_ore
337 113 845 copper_ore
fill 337 113 846 337 113 856 stone
fill 337 113 857 337 113 861 granite
fill 337 113 862 337 113 869 stone
337 113 870 dirt
337 113 871 dirt
fill 337 113 872 337 113 889 stone
fill 337 113 890 337 113 893 diorite
337 113 894 stone
337 113 895 stone
338 113 768 stone
338 113 769 stone
338 113 770 gravel
338 113 771 gravel
fill 338 113 772 338 113 776 granite
fill 338 113 777 338 113 814 stone
338 113 815 coal_ore
fill 338 113 816 338 113 826 stone
fill 338 113 827 338 113 833 diorite
fill 338 113 834 338 113 843 stone
338 113 844 copper_ore
fill 338 113 845 338 113 858 stone
338 113 859 granite
338 113 860 granite
fill 338 113 861 338 113 869 stone
338 113 870 dirt
338 113 871 dirt
fill 338 113 872 338 113 890 stone
fill 338 113 891 338 113 893 diorite
338 113 894 stone
338 113 895 stone
fill 339 113 768 339 113 771 stone
fill 339 113 772 339 113 776 granite
fill 339 113 777 339 113 813 stone
339 113 814 coal_ore
339 113 815 coal_ore
fill 339 113 816 339 113 821 stone
339 113 822 stone
339 113 823 stone
fill 339 113 824 339 113 837 diorite
fill 339 113 838 339 113 873 stone
339 113 874 granite
339 113 875 stone
339 113 876 granite
fill 339 113 877 339 113 895 stone
fill 340 113 768 340 113 772 stone
340 113 773 granite
fill 340 113 774 340 113 812 stone
fill 340 113 813 340 113 815 coal_ore
fill 340 113 816 340 113 821 stone
fill 340 113 822 340 113 838 diorite
fill 340 113 839 340 113 850 stone
340 113 851 copper_ore
340 113 852 copper_ore
fill 340 113 853 340 113 872 stone
340 113 873 granite
340 113 874 granite
340 113 875 stone
340 113 876 granite
340 113 877 granite
fill 340 113 878 340 113 895 stone
fill 341 113 768 341 113 812 stone
fill 341 113 813 341 113 815 coal_ore
fill 341 113 816 341 113 820 stone
fill 341 113 821 341 113 838 diorite
fill 341 113 839 341 113 849 stone
341 113 850 iron_ore
341 113 851 stone
341 113 852 copper_ore
fill 341 113 853 341 113 875 stone
341 113 876 granite
341 113 877 granite
fill 341 113 878 341 113 895 stone
fill 342 113 768 342 113 798 stone
342 113 799 iron_ore
fill 342 113 800 342 113 819 stone
fill 342 113 820 342 113 838 diorite
fill 342 113 839 342 113 851 stone
342 113 852 copper_ore
fill 342 113 853 342 113 895 stone
343 113 768 copper_ore
fill 343 113 769 343 113 798 stone
343 113 799 iron_ore
fill 343 113 800 343 113 820 stone
fill 343 113 821 343 113 837 diorite
fill 343 113 838 343 113 854 stone
343 113 855 dirt
343 113 856 dirt
fill 343 113 857 343 113 895 stone
344 113 768 copper_ore
fill 344 113 769 344 113 820 stone
fill 344 113 821 344 113 833 diorite
fill 344 113 834 344 113 853 stone
fill 344 113 854 344 113 856 dirt
fill 344 113 857 344 113 875 stone
344 113 876 copper_ore
fill 344 113 877 344 113 895 stone
fill 345 113 768 345 113 783 stone
345 113 784 coal_ore
345 113 785 coal_ore
fill 345 113 786 345 113 822 stone
fill 345 113 823 345 113 832 diorite
fill 345 113 833 345 113 853 stone
fill 345 113 854 345 113 857 dirt
fill 345 113 858 345 113 876 stone
345 113 877 copper_ore
fill 345 113 878 345 113 895 stone
fill 346 113 768 346 113 783 stone
fill 346 113 784 346 113 786 coal_ore
fill 346 113 787 346 113 852 stone
fill 346 113 853 346 113 856 dirt
fill 346 113 857 346 113 876 stone
346 113 877 copper_ore
fill 346 113 878 346 113 895 stone
fill 347 113 768 347 113 784 stone
347 113 785 coal_ore
347 113 786 coal_ore
fill 347 113 787 347 113 852 stone
fill 347 113 853 347 113 856 dirt
fill 347 113 857 347 113 870 stone
347 113 871 copper_ore
347 113 872 copper_ore
fill 347 113 873 347 113 895 stone
fill 348 113 768 348 113 788 stone
fill 348 113 789 348 113 836 stone
348 113 837 copper_ore
348 113 838 copper_ore
fill 348 113 839 348 113 851 stone
fill 348 113 852 348 113 856 dirt
fill 348 113 857 348 113 869 stone
fill 348 113 870 348 113 872 copper_ore
fill 348 113 873 348 113 893 stone
348 113 894 copper_ore
348 113 895 copper_ore
fill 349 113 768 349 113 781 stone
fill 349 113 782 349 113 784 andesite
fill 349 113 785 349 113 836 stone
349 113 837 copper_ore
349 113 838 copper_ore
fill 349 113 839 349 113 851 stone
fill 349 113 852 349 113 856 dirt
fill 349 113 857 349 113 895 stone
fill 350 113 768 350 113 780 stone
350 113 781 andesite
350 113 782 copper_ore
350 113 783 copper_ore
350 113 784 andesite
350 113 785 andesite
fill 350 113 786 350 113 852 stone