fill 494 107 624 494 107 639 stone
fill 495 107 512 495 107 529 water[level=0]
fill 495 107 530 495 107 532 gravel
fill 495 107 533 495 107 542 stone
fill 495 107 543 495 107 556 andesite
fill 495 107 557 495 107 560 stone
495 107 561 granite
495 107 562 granite
fill 495 107 563 495 107 566 diorite
495 107 567 coal_ore
495 107 568 diorite
fill 495 107 569 495 107 571 stone
fill 495 107 572 495 107 588 water[level=0]
fill 495 107 589 495 107 592 stone
495 107 606 stone
fill 495 107 607 495 107 609 granite
495 107 620 diorite
495 107 621 diorite
495 107 622 water[level=0]
fill 495 107 623 495 107 638 stone
495 107 639 granite
fill 496 107 512 496 107 529 water[level=0]
496 107 530 dirt
496 107 531 dirt
496 107 532 gravel
fill 496 107 533 496 107 542 stone
fill 496 107 543 496 107 556 andesite
fill 496 107 557 496 107 563 stone
fill 496 107 564 496 107 566 diorite
496 107 567 lapis_ore
496 107 568 lapis_ore
fill 496 107 569 496 107 572 stone
fill 496 107 573 496 107 588 water[level=0]
fill 496 107 589 496 107 591 stone
fill 496 107 606 496 107 609 stone
496 107 620 diorite
496 107 621 stone
496 107 622 water[level=0]
fill 496 107 623 496 107 638 stone
496 107 639 granite
fill 497 107 512 497 107 530 water[level=0]
497 107 531 dirt
497 107 532 gravel
fill 497 107 533 497 107 542 stone
fill 497 107 543 497 107 554 andesite
fill 497 107 555 497 107 563 stone
fill 497 107 564 497 107 568 diorite
fill 497 107 569 497 107 574 stone
fill 497 107 575 497 107 577 water[level=0]
497 107 578 stone
497 107 579 bubble_column[drag=true]
fill 497 107 580 497 107 588 water[level=0]
fill 497 107 589 497 107 591 stone
fill 497 107 606 497 107 608 stone
497 107 620 stone
497 107 621 water[level=0]
fill 497 107 622 497 107 637 stone
497 107 638 granite
497 107 639 granite
fill 498 107 512 498 107 531 water[level=0]
498 107 532 dirt
498 107 533 gravel
fill 498 107 534 498 107 541 stone
fill 498 107 542 498 107 552 andesite
fill 498 107 553 498 107 564 stone
fill 498 107 565 498 107 567 diorite
fill 498 107 568 498 107 580 stone
fill 498 107 581 498 107 584 water[level=0]
498 107 585 stone
fill 498 107 586 498 107 588 water[level=0]
fill 498 107 589 498 107 591 stone
fill 498 107 597 498 107 600 stone
fill 498 107 605 498 107 608 stone
fill 498 107 620 498 107 633 stone
498 107 634 iron_ore
fill 498 107 635 498 107 637 stone
498 107 638 granite
498 107 639 granite
fill 499 107 512 499 107 531 water[level=0]
499 107 532 dirt
fill 499 107 533 499 107 541 stone
fill 499 107 542 499 107 551 andesite
fill 499 107 552 499 107 585 stone
fill 499 107 586 499 107 588 water[level=0]
fill 499 107 589 499 107 591 stone
fill 499 107 596 499 107 600 stone
499 107 601 coal_ore
fill 499 107 602 499 107 608 stone
499 107 613 stone
499 107 614 stone
499 107 617 lava[level=2]
fill 499 107 619 499 107 635 stone
fill 499 107 636 499 107 639 granite
fill 500 107 512 500 107 531 water[level=0]
500 107 532 dirt
fill 500 107 533 500 107 538 stone
500 107 539 copper_ore
fill 500 107 540 500 107 542 stone
fill 500 107 543 500 107 548 andesite
fill 500 107 549 500 107 571 stone
500 107 572 iron_ore
500 107 573 iron_ore
500 107 574 copper_ore
fill 500 107 575 500 107 587 stone
500 107 588 water[level=0]
fill 500 107 589 500 107 599 stone
500 107 600 coal_ore
500 107 601 coal_ore
fill 500 107 602 500 107 608 stone
fill 500 107 613 500 107 616 stone
500 107 617 lava[level=0]
fill 500 107 618 500 107 635 stone
fill 500 107 636 500 107 639 granite
fill 501 107 512 501 107 531 water[level=0]
501 107 532 dirt
501 107 533 dirt
fill 501 107 534 501 107 543 stone
501 107 544 copper_ore
501 107 545 andesite
501 107 546 andesite
fill 501 107 547 501 107 571 stone
501 107 572 iron_ore
501 107 573 iron_ore
fill 501 107 574 501 107 608 stone
fill 501 107 613 501 107 634 stone
fill 501 107 635 501 107 639 granite
502 107 512 water[level=0]
fill 502 107 513 502 107 515 diorite
502 107 516 gravel
502 107 517 gravel
fill 502 107 518 502 107 531 water[level=0]
502 107 532 dirt
fill 502 107 533 502 107 608 stone
fill 502 107 614 502 107 634 stone
fill 502 107 635 502 107 639 granite
fill 503 107 512 503 107 516 diorite
fill 503 107 517 503 107 531 water[level=0]
503 107 532 dirt
fill 503 107 533 503 107 567 stone
fill 503 107 568 503 107 570 gravel
fill 503 107 571 503 107 586 stone
503 107 587 coal_ore
503 107 588 coal_ore
fill 503 107 589 503 107 608 stone
fill 503 107 614 503 107 633 stone
fill 503 107 634 503 107 638 granite
503 107 639 stone
fill 504 107 512 504 107 516 diorite
fill 504 107 517 504 107 530 water[level=0]
504 107 531 dirt
504 107 532 dirt
fill 504 107 533 504 107 535 stone
504 107 536 copper_ore
fill 504 107 537 504 107 567 stone
fill 504 107 568 504 107 570 gravel
fill 504 107 571 504 107 586 stone
504 107 587 coal_ore
504 107 588 coal_ore
fill 504 107 589 504 107 608 stone
fill 504 107 614 504 107 633 stone
fill 504 107 634 504 107 636 granite
fill 504 107 637 504 107 639 stone
fill 505 107 512 505 107 514 diorite
fill 505 107 515 505 107 530 water[level=0]
505 107 531 dirt
505 107 532 dirt
fill 505 107 533 505 107 541 stone
505 107 542 andesite
fill 505 107 543 505 107 564 stone
505 107 565 coal_ore
505 107 566 stone
fill 505 107 567 505 107 570 gravel
fill 505 107 571 505 107 586 stone
505 107 587 coal_ore
505 107 588 coal_ore
505 107 589 copper_ore
505 107 590 copper_ore
fill 505 107 591 505 107 595 stone
fill 505 107 596 505 107 598 dirt
fill 505 107 599 505 107 608 stone
fill 505 107 614 505 107 639 stone
506 107 512 diorite
506 107 513 diorite
fill 506 107 514 506 107 529 water[level=0]
fill 506 107 530 506 107 539 stone
fill 506 107 540 506 107 543 andesite
fill 506 107 544 506 107 563 stone
506 107 564 coal_ore
506 107 565 coal_ore
506 107 566 stone
fill 506 107 567 506 107 570 gravel
fill 506 107 571 506 107 586 stone
506 107 587 coal_ore
506 107 588 stone
506 107 589 copper_ore
506 107 590 copper_ore
fill 506 107 591 506 107 595 stone
fill 506 107 596 506 107 599 dirt
fill 506 107 600 506 107 612 stone
fill 506 107 613 506 107 618 granite
fill 506 107 619 506 107 639 stone
fill 507 107 512 507 107 514 diorite
fill 507 107 515 507 107 519 water[level=0]
fill 507 107 520 507 107 539 stone
fill 507 107 540 507 107 544 andesite
fill 507 107 545 507 107 563 stone
507 107 564 coal_ore
507 107 565 coal_ore
507 107 566 stone
fill 507 107 567 507 107 570 gravel
fill 507 107 571 507 107 595 stone
fill 507 107 596 507 107 599 dirt
fill 507 107 600 507 107 607 stone
507 107 608 granite
507 107 609 granite
fill 507 107 610 507 107 613 water[level=0]
fill 507 107 614 507 107 619 granite
fill 507 107 620 507 107 639 stone
fill 508 107 512 508 107 515 diorite
fill 508 107 516 508 107 519 stone
508 107 520 andesite
508 107 521 andesite
fill 508 107 522 508 107 526 stone
fill 508 107 527 508 107 529 dirt
fill 508 107 530 508 107 539 stone
fill 508 107 540 508 107 544 andesite
fill 508 107 545 508 107 562 stone
fill 508 107 563 508 107 565 coal_ore
508 107 566 stone
fill 508 107 567 508 107 570 gravel
fill 508 107 571 508 107 595 stone
fill 508 107 596 508 107 600 dirt
fill 508 107 601 508 107 605 stone
fill 508 107 606 508 107 608 granite
fill 508 107 609 508 107 614 water[level=0]
fill 508 107 615 508 107 619 granite
508 107 620 stone
fill 508 107 621 508 107 623 water[level=0]
fill 508 107 624 508 107 639 stone
fill 509 107 512 509 107 518 stone
fill 509 107 519 509 107 521 andesite
fill 509 107 522 509 107 525 stone
fill 509 107 526 509 107 529 dirt
fill 509 107 530 509 107 539 stone
fill 509 107 540 509 107 545 andesite
fill 509 107 546 509 107 563 stone
509 107 564 coal_ore
509 107 565 stone
509 107 566 stone
fill 509 107 567 509 107 569 gravel
fill 509 107 570 509 107 596 stone
fill 509 107 597 509 107 601 dirt
fill 509 107 602 509 107 604 stone
fill 509 107 605 509 107 608 granite
fill 509 107 609 509 107 614 water[level=0]
fill 509 107 615 509 107 619 granite
509 107 620 stone
fill 509 107 621 509 107 623 water[level=0]
fill 509 107 624 509 107 639 stone
fill 510 107 512 510 107 517 stone
fill 510 107 518 510 107 522 andesite
510 107 523 stone
fill 510 107 524 510 107 528 dirt
fill 510 107 529 510 107 539 stone
fill 510 107 540 510 107 545 andesite
fill 510 107 546 510 107 566 stone
510 107 567 gravel
510 107 568 gravel
fill 510 107 569 510 107 597 stone
fill 510 107 598 510 107 601 dirt
510 107 602 stone
510 107 603 stone
fill 510 107 604 510 107 608 granite
fill 510 107 609 510 107 614 water[level=0]
fill 510 107 615 510 107 618 granite
fill 510 107 619 510 107 639 stone
fill 511 107 512 511 107 517 stone
fill 511 107 518 511 107 522 andesite
fill 511 107 523 511 107 528 dirt
fill 511 107 529 511 107 539 stone
fill 511 107 540 511 107 545 andesite
fill 511 107 546 511 107 597 stone
fill 511 107 598 511 107 602 dirt
fill 511 107 603 511 107 608 granite
fill 511 107 609 511 107 613 water[level=0]
fill 511 107 614 511 107 617 granite
fill 511 107 618 511 107 624 stone
511 107 625 copper_ore
fill 511 107 626 511 107 639 stone
fill 384 108 512 384 108 519 andesite
fill 384 108 520 384 108 552 stone
fill 384 108 553 384 108 562 andesite
384 108 563 diorite
384 108 564 diorite
fill 384 108 565 384 108 568 water[level=0]
fill 384 108 569 384 108 593 stone
fill 384 108 594 384 108 606 diorite
fill 384 108 607 384 108 609 stone
fill 384 108 610 384 108 627 granite
fill 384 108 628 384 108 639 stone
fill 385 108 512 385 108 518 andesite
fill 385 108 519 385 108 552 stone
fill 385 108 553 385 108 564 andesite
fill 385 108 565 385 108 568 water[level=0]
fill 385 108 569 385 108 594 stone
fill 385 108 595 385 108 605 diorite
fill 385 108 606 385 108 608 stone
fill 385 108 609 385 108 617 granite
385 108 618 stone
fill 385 108 619 385 108 628 granite
fill 385 108 629 385 108 639 stone
fill 386 108 512 386 108 518 andesite
fill 386 108 519 386 108 552 stone
386 108 553 andesite
386 108 554 copper_ore
fill 386 108 555 386 108 565 andesite
fill 386 108 566 386 108 569 water[level=0]
fill 386 108 570 386 108 585 stone
386 108 586 copper_ore
386 108 587 copper_ore
fill 386 108 588 386 108 599 stone
fill 386 108 600 386 108 604 diorite
fill 386 108 605 386 108 608 stone
fill 386 108 609 386 108 616 granite
fill 386 108 617 386 108 619 stone
fill 386 108 620 386 108 629 granite
fill 386 108 630 386 108 639 stone
fill 387 108 512 387 108 517 andesite
fill 387 108 518 387 108 523 stone
387 108 524 granite
387 108 525 granite
387 108 526 stone
387 108 527 granite
fill 387 108 528 387 108 531 diorite
fill 387 108 532 387 108 552 stone
387 108 553 copper_ore
fill 387 108 554 387 108 566 andesite
fill 387 108 567 387 108 569 water[level=0]
fill 387 108 570 387 108 585 stone
387 108 586 copper_ore
387 108 587 copper_ore
fill 387 108 588 387 108 607 stone
fill 387 108 608 387 108 615 granite
fill 387 108 616 387 108 620 stone
fill 387 108 621 387 108 629 granite
fill 387 108 630 387 108 639 stone
388 108 512 stone
fill 388 108 513 388 108 516 andesite
fill 388 108 517 388 108 523 stone
fill 388 108 524 388 108 528 granite
fill 388 108 529 388 108 531 diorite
fill 388 108 532 388 108 552 stone
388 108 553 andesite
388 108 554 copper_ore
388 108 555 copper_ore
fill 388 108 556 388 108 567 andesite
388 108 568 water[level=0]
fill 388 108 569 388 108 593 stone
fill 388 108 594 388 108 596 diorite
fill 388 108 597 388 108 607 stone
fill 388 108 608 388 108 614 granite
fill 388 108 615 388 108 620 stone
fill 388 108 621 388 108 630 granite
fill 388 108 631 388 108 639 stone
389 108 512 stone
389 108 513 andesite
389 108 514 andesite
fill 389 108 515 389 108 526 stone
fill 389 108 527 389 108 531 diorite
fill 389 108 532 389 108 544 stone
389 108 545 copper_ore
fill 389 108 546 389 108 552 stone
389 108 553 copper_ore
fill 389 108 554 389 108 563 andesite
fill 389 108 564 389 108 569 andesite
fill 389 108 570 389 108 592 stone
fill 389 108 593 389 108 596 diorite
fill 389 108 597 389 108 607 stone
fill 389 108 608 389 108 614 granite
fill 389 108 615 389 108 621 stone
fill 389 108 622 389 108 630 granite
fill 389 108 631 389 108 639 stone
fill 390 108 512 390 108 525 stone
fill 390 108 526 390 108 528 diorite
390 108 529 copper_ore
390 108 530 diorite
390 108 531 diorite
fill 390 108 532 390 108 544 stone
390 108 545 copper_ore
fill 390 108 546 390 108 549 stone
390 108 550 coal_ore
390 108 551 coal_ore
390 108 552 stone
390 108 553 andesite
390 108 554 andesite
390 108 555 copper_ore
fill 390 108 556 390 108 560 andesite
390 108 561 stone
fill 390 108 562 390 108 570 andesite
fill 390 108 571 390 108 592 stone
fill 390 108 593 390 108 596 diorite
fill 390 108 597 390 108 607 stone
fill 390 108 608 390 108 612 granite
fill 390 108 613 390 108 621 stone
fill 390 108 622 390 108 631 granite
fill 390 108 632 390 108 639 stone
fill 391 108 512 391 108 525 stone
fill 391 108 526 391 108 532 diorite
fill 391 108 533 391 108 549 stone
fill 391 108 550 391 108 552 coal_ore
fill 391 108 553 391 108 560 andesite
391 108 561 stone
391 108 562 stone
fill 391 108 563 391 108 570 andesite
fill 391 108 571 391 108 593 stone
fill 391 108 594 391 108 596 diorite
fill 391 108 597 391 108 608 stone
fill 391 108 609 391 108 611 granite
fill 391 108 612 391 108 622 stone
fill 391 108 623 391 108 631 granite
fill 391 108 632 391 108 639 stone
fill 392 108 512 392 108 525 stone
fill 392 108 526 392 108 532 diorite
fill 392 108 533 392 108 550 stone
392 108 551 coal_ore
392 108 552 coal_ore
fill 392 108 553 392 108 560 andesite
fill 392 108 561 392 108 564 stone
fill 392 108 565 392 108 570 andesite
fill 392 108 571 392 108 624 stone
fill 392 108 625 392 108 631 granite
392 108 632 stone
392 108 633 stone
fill 392 108 634 392 108 639 granite
fill 393 108 512 393 108 525 stone
fill 393 108 526 393 108 531 diorite
fill 393 108 532 393 108 553 stone
fill 393 108 554 393 108 560 andesite
fill 393 108 561 393 108 565 stone
fill 393 108 566 393 108 570 andesite
fill 393 108 571 393 108 626 stone
fill 393 108 627 393 108 631 granite
393 108 632 stone
393 108 633 stone
fill 393 108 634 393 108 639 granite
fill 394 108 512 394 108 525 stone
fill 394 108 526 394 108 531 diorite
fill 394 108 532 394 108 552 stone
394 108 553 granite
394 108 554 andesite
394 108 555 copper_ore
fill 394 108 556 394 108 559 andesite
fill 394 108 560 394 108 628 stone
394 108 629 granite
fill 394 108 630 394 108 633 stone
fill 394 108 634 394 108 639 granite
fill 395 108 512 395 108 525 stone
fill 395 108 526 395 108 531 diorite
fill 395 108 532 395 108 554 stone
395 108 555 copper_ore
fill 395 108 556 395 108 559 andesite
fill 395 108 560 395 108 634 stone
fill 395 108 635 395 108 638 granite
395 108 639 diorite
fill 396 108 512 396 108 524 stone
396 108 525 copper_ore
fill 396 108 526 396 108 531 diorite
fill 396 108 532 396 108 554 stone
396 108 555 copper_ore
fill 396 108 556 396 108 559 andesite
fill 396 108 560 396 108 626 stone
396 108 627 copper_ore
fill 396 108 628 396 108 635 stone
396 108 636 granite
396 108 637 granite
396 108 638 diorite
396 108 639 diorite
fill 397 108 512 397 108 525 stone
fill 397 108 526 397 108 531 diorite
fill 397 108 532 397 108 542 stone
397 108 543 copper_ore
397 108 544 copper_ore
fill 397 108 545 397 108 554 stone
fill 397 108 555 397 108 558 andesite
fill 397 108 559 397 108 570 stone
397 108 571 dirt
397 108 572 dirt
fill 397 108 573 397 108 587 stone
397 108 588 water[level=0]
fill 397 108 589 397 108 625 stone
397 108 626 copper_ore
fill 397 108 627 397 108 636 stone
397 108 637 granite
397 108 638 diorite
397 108 639 diorite
fill 398 108 512 398 108 514 stone
fill 398 108 515 398 108 526 stone
fill 398 108 527 398 108 530 diorite
fill 398 108 531 398 108 542 stone
398 108 543 copper_ore
398 108 544 copper_ore
fill 398 108 545 398 108 554 stone
398 108 555 granite
398 108 556 stone
398 108 557 copper_ore
398 108 558 granite
fill 398 108 559 398 108 570 stone
fill 398 108 571 398 108 574 dirt
fill 398 108 575 398 108 638 stone
398 108 639 diorite
fill 399 108 512 399 108 525 stone
fill 399 108 526 399 108 529 diorite
fill 399 108 530 399 108 554 stone
399 108 555 granite
399 108 556 stone
399 108 557 stone
399 108 558 granite
399 108 559 copper_ore
fill 399 108 560 399 108 570 stone
fill 399 108 571 399 108 576 dirt
fill 399 108 577 399 108 639 stone
fill 400 108 512 400 108 525 stone
fill 400 108 526 400 108 529 diorite
fill 400 108 530 400 108 556 stone
400 108 557 granite
400 108 558 stone
400 108 559 copper_ore
fill 400 108 560 400 108 566 andesite
fill 400 108 567 400 108 571 stone
fill 400 108 572 400 108 577 dirt
fill 400 108 578 400 108 590 stone
fill 400 108 597 400 108 639 stone
fill 401 108 512 401 108 526 stone
401 108 527 diorite
401 108 528 diorite
fill 401 108 529 401 108 534 stone
401 108 535 iron_ore
401 108 536 iron_ore
fill 401 108 537 401 108 559 stone
fill 401 108 560 401 108 568 andesite
fill 401 108 569 401 108 572 stone
fill 401 108 573 401 108 577 dirt
fill 401 108 578 401 108 591 stone
fill 401 108 599 401 108 639 stone
fill 402 108 512 402 108 534 stone
402 108 535 iron_ore
402 108 536 iron_ore
fill 402 108 537 402 108 559 stone
fill 402 108 560 402 108 569 andesite
fill 402 108 570 402 108 572 stone
fill 402 108 573 402 108 578 dirt
fill 402 108 579 402 108 593 stone
fill 402 108 600 402 108 621 stone
402 108 622 dirt
fill 402 108 623 402 108 639 stone
403 108 512 stone
403 108 513 stone
403 108 514 dirt
fill 403 108 515 403 108 560 stone
fill 403 108 561 403 108 570 andesite
fill 403 108 571 403 108 573 stone
fill 403 108 574 403 108 578 dirt
fill 403 108 579 403 108 595 stone
fill 403 108 601 403 108 617 stone
fill 403 108 618 403 108 624 dirt
fill 403 108 625 403 108 639 stone
404 108 512 dirt
404 108 513 stone
404 108 514 dirt
fill 404 108 515 404 108 561 stone
fill 404 108 562 404 108 571 andesite
fill 404 108 572 404 108 575 stone
404 108 576 dirt
404 108 577 dirt
fill 404 108 578 404 108 599 stone
fill 404 108 603 404 108 615 stone
fill 404 108 616 404 108 624 dirt
fill 404 108 625 404 108 639 stone
fill 405 108 512 405 108 562 stone
fill 405 108 563 405 108 571 andesite
fill 405 108 572 405 108 602 stone
fill 405 108 604 405 108 614 stone
fill 405 108 615 405 108 624 dirt
fill 405 108 625 405 108 639 stone
fill 406 108 512 406 108 564 stone
fill 406 108 565 406 108 570 andesite
fill 406 108 571 406 108 596 stone
406 108 597 coal_ore
fill 406 108 598 406 108 614 stone
fill 406 108 615 406 108 622 dirt
fill 406 108 623 406 108 639 stone
fill 407 108 512 407 108 517 stone
fill 407 108 518 407 108 547 stone
407 108 548 copper_ore
407 108 549 copper_ore
fill 407 108 550 407 108 568 stone
407 108 569 andesite
fill 407 108 570 407 108 582 stone
407 108 583 iron_ore
fill 407 108 584 407 108 595 stone
407 108 596 coal_ore
407 108 597 coal_ore
fill 407 108 598 407 108 639 stone
fill 408 108 512 408 108 596 stone
408 108 597 coal_ore
408 108 598 coal_ore
fill 408 108 599 408 108 639 stone
fill 409 108 512 409 108 521 stone
fill 409 108 522 409 108 528 andesite
409 108 529 stone
409 108 530 andesite
fill 409 108 531 409 108 597 stone
409 108 598 coal_ore
fill 409 108 599 409 108 623 stone
fill 409 108 624 409 108 626 coal_ore
fill 409 108 627 409 108 639 stone
fill 410 108 512 410 108 520 stone
fill 410 108 521 410 108 532 andesite
fill 410 108 533 410 108 597 stone
410 108 598 coal_ore
fill 410 108 599 410 108 623 stone
410 108 624 coal_ore
410 108 625 coal_ore
fill 410 108 626 410 108 639 stone
fill 411 108 512 411 108 519 stone
fill 411 108 520 411 108 533 andesite
fill 411 108 534 411 108 614 stone
411 108 615 andesite
411 108 616 andesite
fill 411 108 617 411 108 623 stone
fill 411 108 624 411 108 627 andesite
fill 411 108 628 411 108 639 stone
fill 412 108 512 412 108 519 stone
412 108 520 copper_ore
fill 412 108 521 412 108 533 andesite
412 108 534 stone
412 108 535 granite
fill 412 108 536 412 108 598 stone
412 108 599 gravel
fill 412 108 600 412 108 609 stone
fill 412 108 610 412 108 620 andesite
412 108 621 stone
412 108 622 stone
fill 412 108 623 412 108 628 andesite
fill 412 108 629 412 108 639 stone
fill 413 108 512 413 108 519 stone
413 108 520 copper_ore
413 108 521 copper_ore
fill 413 108 522 413 108 532 andesite
413 108 533 granite
413 108 534 granite
fill 413 108 535 413 108 538 dirt
fill 413 108 539 413 108 541 granite
fill 413 108 542 413 108 592 stone
fill 413 108 593 413 108 595 coal_ore
fill 413 108 596 413 108 607 stone
fill 413 108 608 413 108 613 andesite
413 108 614 iron_ore
fill 413 108 615 413 108 628 andesite
fill 413 108 629 413 108 639 stone
fill 414 108 512 414 108 519 stone
414 108 520 copper_ore
414 108 521 copper_ore