771 104 863 stone
771 104 864 stone
771 104 865 stone
771 104 866 stone
771 104 867 stone
771 104 868 stone
771 104 869 stone
771 104 870 stone
771 104 871 stone
771 104 872 stone
771 104 873 stone
771 104 874 stone
771 104 875 stone
771 104 876 stone
771 104 877 stone
771 104 878 stone
771 104 879 stone
771 104 880 stone
771 104 881 stone
771 104 882 stone
771 104 883 stone
771 104 884 stone
771 104 885 stone
771 104 886 stone
771 104 887 stone
771 104 888 stone
771 104 889 granite
771 104 890 granite
771 104 891 granite
771 104 892 granite
771 104 893 stone
771 104 894 stone
771 104 895 stone
771 104 896 stone
771 104 897 stone
771 104 898 stone
771 104 899 stone
771 104 900 stone
771 104 901 stone
771 104 902 stone
771 104 903 stone
771 104 904 stone
771 104 905 stone
771 104 906 stone
771 104 907 granite
771 104 908 granite
771 104 909 granite
771 104 910 granite
771 104 911 granite
771 104 912 granite
771 104 913 granite
771 104 914 stone
771 104 915 stone
771 104 916 stone
771 104 917 stone
771 104 918 stone
771 104 919 stone
771 104 920 stone
771 104 921 stone
771 104 922 stone
771 104 923 stone
771 104 924 stone
771 104 925 stone
771 104 926 stone
771 104 927 stone
771 104 928 stone
771 104 931 water[level=1]
771 104 940 stone
771 104 941 stone
771 104 942 stone
771 104 943 stone
771 104 944 stone
771 104 945 stone
771 104 946 stone
771 104 947 stone
771 104 948 stone
771 104 949 stone
771 104 950 stone
771 104 951 stone
771 104 952 stone
771 104 953 stone
771 104 954 stone
771 104 955 stone
771 104 956 stone
771 104 957 stone
771 104 958 stone
771 104 959 stone
771 104 960 stone
771 104 961 stone
771 104 962 stone
771 104 963 gravel
771 104 964 gravel
771 104 965 stone
771 104 966 stone
771 104 967 stone
771 104 968 stone
771 104 969 stone
771 104 970 stone
771 104 971 stone
771 104 972 diorite
771 104 973 diorite
771 104 974 diorite
771 104 975 diorite
771 104 976 diorite
771 104 977 diorite
771 104 978 diorite
771 104 979 granite
771 104 980 granite
771 104 981 dirt
771 104 982 dirt
771 104 983 dirt
771 104 984 dirt
771 104 985 granite
771 104 986 granite
771 104 987 granite
771 104 988 granite
771 104 989 granite
771 104 990 stone
771 104 991 stone
771 104 992 stone
771 104 993 stone
771 104 994 stone
771 104 995 stone
771 104 996 stone
771 104 997 stone
771 104 998 stone
771 104 999 stone
771 104 1000 stone
771 104 1001 stone
771 104 1002 stone
771 104 1003 stone
771 104 1004 stone
771 104 1005 stone
771 104 1006 stone
771 104 1007 stone
771 104 1008 stone
771 104 1009 stone
771 104 1010 stone
771 104 1011 stone
771 104 1012 stone
771 104 1013 stone
771 104 1014 stone
771 104 1015 stone
771 104 1016 stone
771 104 1017 stone
771 104 1018 stone
771 104 1019 stone
771 104 1020 stone
771 104 1021 stone
771 104 1022 stone
771 104 1023 stone
771 105 0 stone
771 105 1 stone
771 105 2 stone
771 105 3 stone
771 105 4 stone
771 105 5 stone
771 105 6 stone
771 105 7 stone
771 105 8 stone
771 105 9 stone
771 105 10 stone
771 105 11 stone
771 105 12 stone
771 105 13 stone
771 105 14 stone
771 105 15 stone
771 105 16 stone
771 105 17 stone
771 105 18 stone
771 105 19 stone
771 105 20 stone
771 105 21 granite
771 105 22 granite
771 105 23 stone
771 105 24 granite
771 105 25 stone
771 105 26 stone
771 105 27 stone
771 105 28 stone
771 105 29 stone
771 105 30 stone
771 105 31 stone
771 105 32 stone
771 105 33 stone
771 105 34 stone
771 105 35 stone
771 105 36 stone
771 105 37 stone
771 105 38 diorite
771 105 39 diorite
771 105 40 diorite
771 105 41 diorite
771 105 42 diorite
771 105 43 diorite
771 105 44 diorite
771 105 45 diorite
771 105 46 diorite
771 105 47 gravel
771 105 48 gravel
771 105 49 gravel
771 105 50 gravel
771 105 51 gravel
771 105 52 gravel
771 105 53 stone
771 105 54 stone
771 105 55 stone
771 105 56 andesite
771 105 57 andesite
771 105 58 andesite
771 105 59 andesite
771 105 60 andesite
771 105 61 stone
771 105 62 stone
771 105 63 stone
771 105 64 stone
771 105 65 stone
771 105 66 stone
771 105 67 stone
771 105 68 stone
771 105 69 stone
771 105 70 stone
771 105 71 stone
771 105 72 stone
771 105 73 stone
771 105 74 stone
771 105 75 stone
771 105 76 stone
771 105 77 stone
771 105 78 stone
771 105 79 stone
771 105 80 stone
771 105 81 stone
771 105 82 andesite
771 105 83 andesite
771 105 84 andesite
771 105 85 andesite
771 105 86 andesite
771 105 87 andesite
771 105 88 andesite
771 105 89 andesite
771 105 90 stone
771 105 91 stone
771 105 92 stone
771 105 93 stone
771 105 94 stone
771 105 95 stone
771 105 96 stone
771 105 97 stone
771 105 98 stone
771 105 99 stone
771 105 100 stone
771 105 101 stone
771 105 102 stone
771 105 103 stone
771 105 104 stone
771 105 105 stone
771 105 106 stone
771 105 107 stone
771 105 108 stone
771 105 109 stone
771 105 110 stone
771 105 111 stone
771 105 112 stone
771 105 113 stone
771 105 114 stone
771 105 115 stone
771 105 116 stone
771 105 117 stone
771 105 118 stone
771 105 119 stone
771 105 120 stone
771 105 121 stone
771 105 122 stone
771 105 123 stone
771 105 124 stone
771 105 125 stone
771 105 126 stone
771 105 127 stone
771 105 128 stone
771 105 129 stone
771 105 130 stone
771 105 131 stone
771 105 132 stone
771 105 133 stone
771 105 134 stone
771 105 135 stone
771 105 136 stone
771 105 137 diorite
771 105 138 diorite
771 105 139 diorite
771 105 140 stone
771 105 141 stone
771 105 142 stone
771 105 143 stone
771 105 144 stone
771 105 145 stone
771 105 146 stone
771 105 147 stone
771 105 148 stone
771 105 149 stone
771 105 150 andesite
771 105 151 andesite
771 105 152 andesite
771 105 153 andesite
771 105 154 andesite
771 105 155 andesite
771 105 156 andesite
771 105 157 andesite
771 105 158 andesite
771 105 159 stone
771 105 160 stone
771 105 161 stone
771 105 162 stone
771 105 163 stone
771 105 164 stone
771 105 165 stone
771 105 166 stone
771 105 167 stone
771 105 168 stone
771 105 169 stone
771 105 170 stone
771 105 171 stone
771 105 172 stone
771 105 173 stone
771 105 174 stone
771 105 175 diorite
771 105 176 diorite
771 105 177 diorite
771 105 178 diorite
771 105 179 diorite
771 105 180 diorite
771 105 181 diorite
771 105 182 diorite
771 105 183 stone
771 105 184 stone
771 105 185 stone
771 105 186 stone
771 105 187 stone
771 105 188 stone
771 105 189 stone
771 105 190 stone
771 105 191 stone
771 105 192 stone
771 105 193 stone
771 105 194 stone
771 105 195 stone
771 105 196 stone
771 105 197 stone
771 105 198 stone
771 105 199 stone
771 105 200 stone
771 105 201 stone
771 105 202 stone
771 105 203 stone
771 105 204 granite
771 105 205 granite
771 105 206 granite
771 105 207 granite
771 105 208 granite
771 105 209 granite
771 105 210 granite
771 105 211 granite
771 105 212 stone
771 105 213 stone
771 105 214 stone
771 105 215 stone
771 105 216 stone
771 105 217 stone
771 105 218 stone
771 105 219 stone
771 105 220 stone
771 105 221 stone
771 105 222 granite
771 105 223 stone
771 105 224 granite
771 105 225 granite
771 105 226 stone
771 105 227 stone
771 105 228 stone
771 105 229 stone
771 105 230 stone
771 105 231 stone
771 105 232 stone
771 105 233 stone
771 105 234 stone
771 105 235 stone
771 105 236 stone
771 105 237 stone
771 105 238 stone
771 105 239 stone
771 105 240 stone
771 105 241 stone
771 105 242 stone
771 105 243 stone
771 105 244 stone
771 105 245 stone
771 105 246 stone
771 105 247 stone
771 105 248 stone
771 105 249 stone
771 105 250 stone
771 105 251 stone
771 105 252 stone
771 105 253 stone
771 105 254 stone
771 105 255 stone
771 105 256 stone
771 105 257 stone
771 105 258 stone
771 105 259 stone
771 105 260 stone
771 105 261 stone
771 105 262 stone
771 105 263 stone
771 105 264 stone
771 105 265 stone
771 105 266 diorite
771 105 267 diorite
771 105 268 diorite
771 105 269 diorite
771 105 270 diorite
771 105 271 diorite
771 105 272 diorite
771 105 273 diorite
771 105 274 diorite
771 105 275 stone
771 105 276 stone
771 105 277 stone
771 105 278 stone
771 105 279 stone
771 105 280 stone
771 105 281 stone
771 105 282 stone
771 105 283 stone
771 105 284 stone
771 105 285 stone
771 105 286 stone
771 105 287 stone
771 105 288 stone
771 105 289 stone
771 105 290 stone
771 105 291 stone
771 105 292 stone
771 105 293 stone
771 105 294 stone
771 105 295 stone
771 105 296 stone
771 105 297 stone
771 105 298 stone
771 105 299 stone
771 105 300 stone
771 105 301 stone
771 105 302 stone
771 105 303 stone
771 105 304 stone
771 105 305 stone
771 105 306 stone
771 105 307 stone
771 105 308 stone
771 105 309 stone
771 105 310 stone
771 105 311 stone
771 105 312 stone
771 105 313 stone
771 105 314 stone
771 105 315 stone
771 105 316 diorite
771 105 329 stone
771 105 330 stone
771 105 331 stone
771 105 332 stone
771 105 333 stone
771 105 334 stone
771 105 335 stone
771 105 336 stone
771 105 337 stone
771 105 338 stone
771 105 339 stone
771 105 340 stone
771 105 341 stone
771 105 342 stone
771 105 343 stone
771 105 344 stone
771 105 345 stone
771 105 346 stone
771 105 347 stone
771 105 348 stone
771 105 349 stone
771 105 350 stone
771 105 351 stone
771 105 352 stone
771 105 353 stone
771 105 357 lava[level=2]
771 105 358 lava[level=8]
771 105 359 stone
771 105 360 stone
771 105 361 stone
771 105 362 stone
771 105 363 stone
771 105 364 copper_ore
771 105 365 copper_ore
771 105 366 copper_ore
771 105 367 stone
771 105 387 granite
771 105 388 granite
771 105 389 granite
771 105 390 granite
771 105 395 andesite
771 105 396 andesite
771 105 397 andesite
771 105 398 andesite
771 105 399 andesite
771 105 400 stone
771 105 401 stone
771 105 402 stone
771 105 403 granite
771 105 404 granite
771 105 405 granite
771 105 406 granite
771 105 407 stone
771 105 408 stone
771 105 409 stone
771 105 410 stone
771 105 411 stone
771 105 412 stone
771 105 413 stone
771 105 414 dirt
771 105 415 dirt
771 105 416 dirt
771 105 417 dirt
771 105 418 stone
771 105 419 stone
771 105 420 stone
771 105 421 stone
771 105 422 stone
771 105 423 stone
771 105 424 gravel
771 105 425 gravel
771 105 426 gravel
771 105 427 stone
771 105 428 stone
771 105 429 stone
771 105 430 stone
771 105 431 andesite
771 105 432 andesite
771 105 433 andesite
771 105 434 andesite
771 105 435 andesite
771 105 436 andesite
771 105 437 stone
771 105 438 stone
771 105 439 stone
771 105 440 stone
771 105 441 stone
771 105 442 stone
771 105 443 stone
771 105 444 stone
771 105 445 stone
771 105 446 stone
771 105 447 stone
771 105 448 stone
771 105 449 stone
771 105 450 stone
771 105 451 stone
771 105 452 stone
771 105 453 stone
771 105 454 stone
771 105 455 stone
771 105 456 stone
771 105 457 stone
771 105 458 stone
771 105 459 stone
771 105 460 stone
771 105 461 stone
771 105 462 stone
771 105 463 stone
771 105 464 stone
771 105 465 stone
771 105 466 stone
771 105 467 stone
771 105 468 stone
771 105 469 stone
771 105 470 stone
771 105 471 granite
771 105 472 granite
771 105 473 granite
771 105 474 granite
771 105 475 granite
771 105 476 granite
771 105 477 stone
771 105 478 stone
771 105 479 stone
771 105 480 stone
771 105 481 stone
771 105 482 stone
771 105 483 stone
771 105 484 stone
771 105 485 stone
771 105 486 stone
771 105 487 stone
771 105 488 stone
771 105 489 stone
771 105 490 stone
771 105 491 stone
771 105 492 stone
771 105 493 stone
771 105 494 stone
771 105 495 stone
771 105 496 stone
771 105 497 stone
771 105 498 stone
771 105 499 stone
771 105 500 stone
771 105 501 stone
771 105 502 stone
771 105 503 stone
771 105 504 water[level=0]
771 105 505 water[level=0]
771 105 506 water[level=0]
771 105 507 water[level=0]
771 105 508 water[level=0]
771 105 509 water[level=0]
771 105 510 diorite
771 105 511 diorite
771 105 512 diorite
771 105 513 diorite
771 105 514 diorite
771 105 515 stone
771 105 516 stone
771 105 517 stone
771 105 518 stone
771 105 519 stone
771 105 520 stone
771 105 521 stone
771 105 522 stone
771 105 523 stone
771 105 524 stone
771 105 525 stone
771 105 526 stone
771 105 527 stone
771 105 528 stone
771 105 529 stone
771 105 530 stone
771 105 531 stone
771 105 532 stone
771 105 533 stone
771 105 534 stone
771 105 535 stone
771 105 536 stone
771 105 537 stone
771 105 538 stone
771 105 539 stone
771 105 540 stone
771 105 541 stone
771 105 542 stone
771 105 545 stone
771 105 546 stone
771 105 547 stone
771 105 548 stone
771 105 549 stone
771 105 550 stone
771 105 551 stone
771 105 552 diorite
771 105 553 diorite
771 105 554 diorite
771 105 555 diorite
771 105 556 diorite
771 105 557 diorite
771 105 558 diorite
771 105 559 diorite
771 105 560 diorite
771 105 561 diorite
771 105 562 diorite
771 105 563 granite
771 105 564 granite
771 105 565 granite
771 105 566 granite
771 105 567 stone
771 105 568 stone
771 105 569 stone
771 105 570 stone
771 105 571 stone
771 105 572 granite
771 105 573 granite
771 105 574 coal_ore
771 105 575 coal_ore
771 105 576 andesite
771 105 577 andesite
771 105 578 andesite
771 105 579 andesite
771 105 580 andesite
771 105 581 andesite
771 105 582 andesite
771 105 583 andesite
771 105 584 andesite
771 105 585 andesite
771 105 586 andesite
771 105 587 andesite
771 105 588 stone
771 105 589 stone
771 105 590 stone
771 105 591 stone
771 105 592 stone
771 105 593 stone
771 105 594 stone
771 105 595 stone
771 105 596 stone
771 105 597 stone
771 105 598 stone
771 105 599 stone
771 105 600 stone
771 105 601 stone
771 105 602 stone
771 105 603 stone
771 105 604 stone
771 105 605 stone
771 105 606 stone
771 105 607 stone
771 105 608 stone
771 105 609 stone
771 105 610 stone
771 105 611 granite
771 105 612 granite
771 105 613 granite
771 105 614 granite
771 105 615 diorite
771 105 616 diorite
771 105 617 diorite
771 105 618 diorite
771 105 619 diorite
771 105 620 diorite
771 105 621 diorite
771 105 622 stone
771 105 623 stone
771 105 624 stone
771 105 625 stone
771 105 626 stone
771 105 627 stone
771 105 628 stone
771 105 629 stone
771 105 630 stone
771 105 631 stone
771 105 632 stone
771 105 633 stone
771 105 634 stone
771 105 635 stone
771 105 636 stone
771 105 637 stone
771 105 638 stone
771 105 639 stone
771 105 640 stone
771 105 641 stone
771 105 642 stone
771 105 643 stone
771 105 644 stone
771 105 645 stone
771 105 646 stone
771 105 647 stone
771 105 648 stone
771 105 649 andesite
771 105 650 andesite
771 105 651 andesite
771 105 652 andesite
771 105 653 andesite
771 105 654 andesite
771 105 655 andesite
771 105 656 andesite
771 105 657 andesite
771 105 658 stone
771 105 659 stone
771 105 660 stone
771 105 661 stone
771 105 662 stone
771 105 663 stone
771 105 664 stone
771 105 665 stone
771 105 666 stone
771 105 667 stone
771 105 668 stone
771 105 669 stone
771 105 670 granite
771 105 671 granite
771 105 672 granite
771 105 673 granite
771 105 674 granite
771 105 675 granite
771 105 676 gravel
771 105 677 gravel
771 105 678 gravel
771 105 679 gravel
771 105 680 stone
771 105 681 stone
771 105 682 stone
771 105 683 diorite
771 105 684 diorite
771 105 685 diorite
771 105 686 diorite
771 105 687 diorite
771 105 688 diorite
771 105 689 diorite
771 105 690 diorite
771 105 691 diorite
771 105 692 diorite
771 105 693 diorite
771 105 694 diorite
771 105 695 diorite
771 105 696 stone
771 105 697 stone
771 105 698 oak_fence[east=false,north=true,south=false,waterlogged=false,west=false]
771 105 699 cave_air
771 105 700 oak_fence[east=false,north=false,south=true,waterlogged=false,west=false]
771 105 701 stone
771 105 702 stone
771 105 703 stone
771 105 704 stone
771 105 705 stone
771 105 706 stone
771 105 707 stone
771 105 708 stone
771 105 709 stone
771 105 710 stone
771 105 711 stone
771 105 712 stone
771 105 713 stone
771 105 714 stone
771 105 715 stone
771 105 716 stone
771 105 717 stone
771 105 718 stone
771 105 719 cave_air
771 105 720 cave_air
771 105 721 cave_air
771 105 722 stone
771 105 723 stone
771 105 724 cave_air
771 105 725 cave_air
771 105 726 cave_air
771 105 727 stone
771 105 728 stone
771 105 729 stone
771 105 730 stone
771 105 731 stone
771 105 732 stone
771 105 733 stone
771 105 734 stone
771 105 735 stone
771 105 736 stone
771 105 737 stone
771 105 738 stone
771 105 739 stone
771 105 740 stone
771 105 741 gravel
771 105 742 gravel
771 105 743 gravel
771 105 744 gravel
771 105 745 stone
771 105 746 stone
771 105 747 stone
771 105 748 stone
771 105 749 stone
771 105 750 stone
771 105 751 stone
771 105 752 stone
771 105 753 stone
771 105 754 stone
771 105 755 stone
771 105 756 stone
771 105 757 stone
771 105 758 stone
771 105 759 stone
771 105 760 stone
771 105 761 stone
771 105 762 stone
771 105 763 stone
771 105 764 stone
771 105 765 granite
771 105 766 granite
771 105 767 coal_ore
771 105 768 coal_ore
771 105 769 stone
771 105 770 stone
771 105 771 stone
771 105 772 stone
771 105 773 stone
771 105 774 stone
771 105 775 stone
771 105 776 stone
771 105 777 stone
771 105 778 stone
771 105 779 stone
771 105 780 stone
771 105 781 stone
771 105 782 stone
771 105 783 stone
771 105 784 stone
771 105 785 stone
771 105 786 stone
771 105 787 stone
771 105 788 stone
771 105 789 stone
771 105 790 stone
771 105 791 stone
771 105 792 stone
771 105 793 stone
771 105 794 stone
771 105 795 stone
771 105 796 stone
771 105 797 stone
771 105 806 stone
771 105 807 stone
771 105 808 stone
771 105 809 stone
771 105 810 stone
771 105 811 stone
771 105 812 stone
771 105 813 stone
771 105 814 stone
771 105 815 stone
771 105 816 stone
771 105 817 stone
771 105 818 stone
771 105 819 stone
771 105 820 diorite
771 105 821 diorite
771 105 822 diorite
771 105 823 diorite
771 105 824 stone
771 105 825 stone
771 105 826 stone
771 105 827 stone
771 105 828 stone
771 105 829 granite
771 105 830 granite
771 105 831 granite
771 105 832 granite
771 105 833 granite
771 105 834 granite
771 105 835 granite
771 105 836 stone
771 105 837 stone
771 105 838 stone
771 105 839 stone
771 105 840 stone
771 105 841 stone
771 105 842 stone
771 105 843 stone
771 105 844 stone
771 105 845 stone
771 105 846 stone
771 105 847 stone
771 105 848 stone
771 105 849 stone
771 105 850 stone
771 105 851 stone
771 105 852 stone
771 105 853 stone
771 105 854 stone
771 105 855 stone
771 105 856 stone
771 105 857 stone
771 105 858 stone
771 105 859 stone
771 105 860 stone
771 105 861 stone
771 105 862 stone
771 105 863 stone
771 105 864 stone
771 105 865 stone
771 105 866 stone
771 105 867 stone
771 105 868 stone
771 105 869 stone
771 105 870 stone
771 105 871 stone
771 105 872 stone
771 105 873 stone
771 105 874 stone
771 105 875 stone
771 105 876 stone
771 105 877 stone
771 105 878 stone
771 105 879 stone
771 105 880 stone
771 105 881 stone
771 105 882 stone
771 105 883 stone
771 105 884 stone
771 105 885 stone
771 105 886 stone
771 105 887 stone
771 105 888 stone
771 105 889 stone
771 105 890 stone
771 105 891 stone
771 105 892 stone
771 105 893 stone
771 105 894 stone
771 105 895 stone
771 105 896 stone
771 105 897 stone
771 105 898 stone
771 105 899 stone
771 105 900 stone
771 105 901 stone
771 105 902 stone
771 105 903 stone
771 105 904 stone
771 105 905 stone
771 105 906 stone
771 105 907 stone
771 105 908 stone
771 105 909 stone
771 105 910 stone
771 105 911 stone
771 105 912 stone
771 105 913 stone
771 105 914 stone
771 105 915 stone
771 105 916 stone
771 105 917 stone
771 105 918 stone
771 105 919 stone
771 105 920 stone
771 105 921 stone
771 105 922 stone
771 105 923 stone
771 105 924 stone
771 105 925 stone
771 105 926 stone
771 105 927 stone
771 105 928 stone
771 105 941 stone
771 105 942 stone
771 105 943 stone
771 105 944 stone
771 105 945 stone
771 105 946 copper_ore
771 105 947 stone
771 105 948 stone
771 105 949 stone
771 105 950 stone
771 105 951 stone
771 105 952 stone
771 105 953 stone
771 105 954 stone
771 105 955 stone
771 105 956 stone
771 105 957 stone
771 105 958 stone
771 105 959 stone
771 105 960 gravel
771 105 961 gravel
771 105 962 gravel
771 105 963 water[level=0]
771 105 964 water[level=0]
771 105 965 gravel
771 105 966 stone
771 105 967 stone
771 105 968 stone
771 105 969 stone
771 105 970 stone
771 105 971 diorite
771 105 972 diorite
771 105 973 diorite
771 105 974 diorite
771 105 975 diorite
771 105 976 diorite
771 105 977 diorite
771 105 978 diorite
771 105 979 stone
771 105 980 granite
771 105 981 granite
771 105 982 dirt
771 105 983 dirt
771 105 984 dirt
771 105 985 granite
771 105 986 granite
771 105 987 granite
771 105 988 granite
771 105 989 stone
771 105 990 stone
771 105 991 stone
771 105 992 stone
771 105 993 stone
771 105 994 stone
771 105 995 stone
771 105 996 stone
771 105 997 stone
771 105 998 stone
771 105 999 stone
771 105 1000 stone
771 105 1001 stone
771 105 1002 stone
771 105 1003 stone
771 105 1004 stone
771 105 1005 stone
771 105 1006 stone
