775 102 165 stone
775 102 166 stone
775 102 167 stone
775 102 168 stone
775 102 169 stone
775 102 170 stone
775 102 171 stone
775 102 172 stone
775 102 173 stone
775 102 174 stone
775 102 175 stone
775 102 176 stone
775 102 177 stone
775 102 178 stone
775 102 179 stone
775 102 180 stone
775 102 181 stone
775 102 182 stone
775 102 183 stone
775 102 184 stone
775 102 185 stone
775 102 186 stone
775 102 187 stone
775 102 188 stone
775 102 189 stone
775 102 190 stone
775 102 191 stone
775 102 192 stone
775 102 193 stone
775 102 194 granite
775 102 195 stone
775 102 196 granite
775 102 197 stone
775 102 198 granite
775 102 199 stone
775 102 200 stone
775 102 201 stone
775 102 202 stone
775 102 203 granite
775 102 204 granite
775 102 205 granite
775 102 206 granite
775 102 207 granite
775 102 208 granite
775 102 209 granite
775 102 210 stone
775 102 211 gravel
775 102 212 gravel
775 102 213 gravel
775 102 214 gravel
775 102 215 gravel
775 102 216 stone
775 102 217 stone
775 102 218 diorite
775 102 219 diorite
775 102 220 diorite
775 102 221 diorite
775 102 222 diorite
775 102 223 diorite
775 102 224 diorite
775 102 225 diorite
775 102 226 diorite
775 102 227 copper_ore
775 102 228 diorite
775 102 229 diorite
775 102 230 diorite
775 102 231 stone
775 102 232 stone
775 102 233 stone
775 102 234 stone
775 102 235 granite
775 102 236 granite
775 102 237 granite
775 102 238 granite
775 102 239 granite
775 102 240 granite
775 102 241 granite
775 102 242 granite
775 102 243 granite
775 102 244 stone
775 102 245 stone
775 102 246 stone
775 102 247 stone
775 102 248 stone
775 102 249 stone
775 102 250 stone
775 102 251 stone
775 102 252 stone
775 102 253 stone
775 102 254 stone
775 102 255 stone
775 102 256 stone
775 102 257 stone
775 102 258 stone
775 102 259 stone
775 102 260 stone
775 102 261 stone
775 102 262 stone
775 102 263 stone
775 102 264 stone
775 102 265 stone
775 102 266 gravel
775 102 267 gravel
775 102 268 stone
775 102 269 stone
775 102 270 stone
775 102 271 coal_ore
775 102 272 stone
775 102 273 stone
775 102 274 stone
775 102 275 diorite
775 102 276 diorite
775 102 277 diorite
775 102 278 diorite
775 102 279 diorite
775 102 280 diorite
775 102 281 diorite
775 102 282 diorite
775 102 283 diorite
775 102 284 granite
775 102 285 granite
775 102 286 granite
775 102 287 granite
775 102 288 granite
775 102 289 granite
775 102 290 granite
775 102 291 granite
775 102 292 granite
775 102 293 infested_stone
775 102 294 infested_stone
775 102 295 infested_stone
775 102 296 infested_stone
775 102 297 stone
775 102 298 stone
775 102 299 stone
775 102 300 stone
775 102 301 stone
775 102 302 stone
775 102 303 stone
775 102 304 stone
775 102 305 stone
775 102 306 stone
775 102 307 stone
775 102 308 stone
775 102 309 coal_ore
775 102 310 coal_ore
775 102 311 stone
775 102 312 stone
775 102 313 stone
775 102 314 stone
775 102 315 stone
775 102 316 granite
775 102 317 granite
775 102 318 granite
775 102 319 granite
775 102 320 granite
775 102 321 dirt
775 102 322 dirt
775 102 323 dirt
775 102 324 granite
775 102 325 granite
775 102 326 granite
775 102 327 dirt
775 102 328 dirt
775 102 329 stone
775 102 330 stone
775 102 331 stone
775 102 332 stone
775 102 333 stone
775 102 334 stone
775 102 335 stone
775 102 336 stone
775 102 337 stone
775 102 338 stone
775 102 339 stone
775 102 340 stone
775 102 341 stone
775 102 342 stone
775 102 343 andesite
775 102 344 andesite
775 102 345 andesite
775 102 346 andesite
775 102 347 andesite
775 102 348 andesite
775 102 349 andesite
775 102 350 andesite
775 102 351 stone
775 102 352 stone
775 102 353 stone
775 102 354 stone
775 102 355 stone
775 102 356 stone
775 102 357 stone
775 102 358 stone
775 102 359 stone
775 102 360 stone
775 102 361 stone
775 102 362 stone
775 102 363 stone
775 102 364 stone
775 102 365 stone
775 102 366 stone
775 102 367 stone
775 102 385 stone
775 102 386 diorite
775 102 387 diorite
775 102 388 diorite
775 102 389 diorite
775 102 390 diorite
775 102 391 diorite
775 102 394 stone
775 102 395 granite
775 102 396 granite
775 102 397 granite
775 102 398 andesite
775 102 399 andesite
775 102 400 andesite
775 102 401 granite
775 102 402 granite
775 102 403 granite
775 102 404 granite
775 102 405 granite
775 102 406 granite
775 102 407 stone
775 102 408 stone
775 102 409 stone
775 102 410 stone
775 102 411 stone
775 102 412 stone
775 102 413 stone
775 102 414 stone
775 102 415 stone
775 102 416 stone
775 102 417 stone
775 102 418 stone
775 102 419 stone
775 102 420 stone
775 102 421 stone
775 102 422 gravel
775 102 423 gravel
775 102 424 gravel
775 102 425 gravel
775 102 426 stone
775 102 427 stone
775 102 428 stone
775 102 429 stone
775 102 430 stone
775 102 431 stone
775 102 432 stone
775 102 433 stone
775 102 434 stone
775 102 435 stone
775 102 436 stone
775 102 437 stone
775 102 438 stone
775 102 439 stone
775 102 440 stone
775 102 441 stone
775 102 442 stone
775 102 443 stone
775 102 444 stone
775 102 445 stone
775 102 446 stone
775 102 447 stone
775 102 448 stone
775 102 449 stone
775 102 450 stone
775 102 451 stone
775 102 452 stone
775 102 453 stone
775 102 454 stone
775 102 455 stone
775 102 456 stone
775 102 457 stone
775 102 458 stone
775 102 459 stone
775 102 460 stone
775 102 462 stone
775 102 463 stone
775 102 464 stone
775 102 465 stone
775 102 466 stone
775 102 467 stone
775 102 468 stone
775 102 469 stone
775 102 470 stone
775 102 471 stone
775 102 472 stone
775 102 473 stone
775 102 474 stone
775 102 475 stone
775 102 476 stone
775 102 477 stone
775 102 478 stone
775 102 479 stone
775 102 480 stone
775 102 481 stone
775 102 482 stone
775 102 483 stone
775 102 484 stone
775 102 485 stone
775 102 486 stone
775 102 487 stone
775 102 488 granite
775 102 489 granite
775 102 490 granite
775 102 491 granite
775 102 492 granite
775 102 493 granite
775 102 494 granite
775 102 495 stone
775 102 496 stone
775 102 497 stone
775 102 498 stone
775 102 499 stone
775 102 500 stone
775 102 501 stone
775 102 502 diorite
775 102 503 diorite
775 102 504 diorite
775 102 505 diorite
775 102 506 diorite
775 102 507 diorite
775 102 508 water[level=0]
775 102 509 diorite
775 102 510 gravel
775 102 511 gravel
775 102 512 gravel
775 102 513 gravel
775 102 514 gravel
775 102 515 gravel
775 102 516 gravel
775 102 517 stone
775 102 518 stone
775 102 519 stone
775 102 520 stone
775 102 521 stone
775 102 522 stone
775 102 523 stone
775 102 524 stone
775 102 525 stone
775 102 526 stone
775 102 527 stone
775 102 528 stone
775 102 529 stone
775 102 530 stone
775 102 531 stone
775 102 532 stone
775 102 533 stone
775 102 534 stone
775 102 535 stone
775 102 536 stone
775 102 537 stone
775 102 538 stone
775 102 539 stone
775 102 540 stone
775 102 541 stone
775 102 542 stone
775 102 543 stone
775 102 544 stone
775 102 545 stone
775 102 546 stone
775 102 547 stone
775 102 548 stone
775 102 549 stone
775 102 550 stone
775 102 551 stone
775 102 552 stone
775 102 553 stone
775 102 554 stone
775 102 555 diorite
775 102 556 stone
775 102 557 stone
775 102 558 stone
775 102 559 stone
775 102 560 stone
775 102 561 stone
775 102 562 stone
775 102 563 stone
775 102 564 stone
775 102 565 stone
775 102 566 stone
775 102 567 stone
775 102 568 stone
775 102 569 stone
775 102 570 stone
775 102 571 stone
775 102 572 stone
775 102 573 stone
775 102 574 stone
775 102 575 stone
775 102 576 stone
775 102 577 stone
775 102 578 stone
775 102 579 stone
775 102 580 stone
775 102 581 stone
775 102 582 stone
775 102 583 stone
775 102 584 stone
775 102 585 stone
775 102 586 stone
775 102 587 stone
775 102 588 stone
775 102 589 stone
775 102 590 stone
775 102 591 stone
775 102 592 stone
775 102 593 stone
775 102 594 stone
775 102 595 stone
775 102 596 stone
775 102 597 stone
775 102 598 stone
775 102 599 stone
775 102 600 stone
775 102 601 stone
775 102 602 stone
775 102 603 stone
775 102 604 stone
775 102 605 stone
775 102 606 stone
775 102 607 granite
775 102 608 granite
775 102 609 granite
775 102 610 granite
775 102 611 granite
775 102 612 granite
775 102 613 stone
775 102 614 diorite
775 102 615 diorite
775 102 616 diorite
775 102 617 diorite
775 102 618 diorite
775 102 619 diorite
775 102 620 diorite
775 102 621 diorite
775 102 622 andesite
775 102 623 andesite
775 102 624 andesite
775 102 625 andesite
775 102 626 andesite
775 102 627 andesite
775 102 628 andesite
775 102 629 diorite
775 102 630 diorite
775 102 631 stone
775 102 632 stone
775 102 633 stone
775 102 634 stone
775 102 635 stone
775 102 636 stone
775 102 637 stone
775 102 638 stone
775 102 639 stone
775 102 640 stone
775 102 641 stone
775 102 642 stone
775 102 643 stone
775 102 644 stone
775 102 645 stone
775 102 646 stone
775 102 647 stone
775 102 648 stone
775 102 649 andesite
775 102 650 andesite
775 102 651 andesite
775 102 652 andesite
775 102 653 andesite
775 102 654 andesite
775 102 655 andesite
775 102 656 stone
775 102 657 stone
775 102 658 stone
775 102 659 stone
775 102 660 stone
775 102 661 stone
775 102 662 stone
775 102 663 stone
775 102 664 stone
775 102 665 stone
775 102 666 stone
775 102 667 stone
775 102 668 stone
775 102 669 stone
775 102 670 stone
775 102 671 stone
775 102 672 stone
775 102 673 stone
775 102 674 stone
775 102 675 stone
775 102 676 stone
775 102 677 stone
775 102 678 stone
775 102 679 stone
775 102 680 stone
775 102 681 stone
775 102 682 stone
775 102 683 stone
775 102 684 stone
775 102 685 stone
775 102 686 stone
775 102 687 stone
775 102 688 stone
775 102 689 stone
775 102 690 stone
775 102 691 stone
775 102 692 stone
775 102 693 stone
775 102 694 stone
775 102 695 stone
775 102 696 stone
775 102 697 stone
775 102 698 stone
775 102 699 stone
775 102 700 stone
775 102 701 stone
775 102 702 stone
775 102 703 stone
775 102 704 stone
775 102 705 stone
775 102 706 copper_ore
775 102 707 copper_ore
775 102 708 stone
775 102 709 stone
775 102 710 stone
775 102 711 stone
775 102 712 stone
775 102 713 stone
775 102 714 stone
775 102 715 stone
775 102 716 stone
775 102 717 stone
775 102 718 stone
775 102 719 stone
775 102 720 stone
775 102 721 stone
775 102 722 stone
775 102 723 stone
775 102 724 stone
775 102 725 stone
775 102 726 stone
775 102 727 granite
775 102 728 granite
775 102 729 granite
775 102 730 granite
775 102 731 granite
775 102 732 granite
775 102 733 granite
775 102 734 granite
775 102 735 granite
775 102 736 granite
775 102 737 andesite
775 102 738 andesite
775 102 739 andesite
775 102 740 andesite
775 102 741 andesite
775 102 742 andesite
775 102 743 andesite
775 102 744 andesite
775 102 745 stone
775 102 746 stone
775 102 747 stone
775 102 748 stone
775 102 749 stone
775 102 750 stone
775 102 751 stone
775 102 752 stone
775 102 753 stone
775 102 754 stone
775 102 755 stone
775 102 756 stone
775 102 757 stone
775 102 758 stone
775 102 759 stone
775 102 760 stone
775 102 761 stone
775 102 762 stone
775 102 763 stone
775 102 764 lapis_ore
775 102 765 lapis_ore
775 102 766 granite
775 102 767 granite
775 102 768 granite
775 102 769 granite
775 102 770 granite
775 102 771 granite
775 102 772 granite
775 102 773 granite
775 102 774 stone
775 102 775 stone
775 102 776 stone
775 102 777 stone
775 102 778 stone
775 102 779 stone
775 102 780 stone
775 102 781 stone
775 102 782 stone
775 102 783 stone
775 102 784 stone
775 102 785 stone
775 102 786 stone
775 102 787 stone
775 102 788 stone
775 102 789 stone
775 102 790 stone
775 102 791 stone
775 102 792 water[level=0]
775 102 793 water[level=0]
775 102 794 water[level=0]
775 102 795 stone
775 102 796 stone
775 102 797 stone
775 102 798 stone
775 102 799 stone
775 102 800 stone
775 102 801 stone
775 102 802 stone
775 102 803 stone
775 102 804 stone
775 102 805 stone
775 102 806 stone
775 102 807 stone
775 102 808 stone
775 102 809 stone
775 102 810 stone
775 102 811 stone
775 102 812 stone
775 102 813 stone
775 102 814 andesite
775 102 815 andesite
775 102 816 andesite
775 102 817 andesite
775 102 818 andesite
775 102 819 diorite
775 102 820 diorite
775 102 821 diorite
775 102 822 diorite
775 102 823 diorite
775 102 824 diorite
775 102 825 stone
775 102 826 stone
775 102 827 stone
775 102 828 gravel
775 102 829 gravel
775 102 830 gravel
775 102 831 gravel
775 102 832 granite
775 102 833 granite
775 102 834 granite
775 102 835 granite
775 102 836 granite
775 102 837 granite
775 102 838 granite
775 102 839 stone
775 102 840 stone
775 102 841 stone
775 102 842 stone
775 102 843 stone
775 102 844 stone
775 102 845 stone
775 102 846 stone
775 102 847 stone
775 102 848 stone
775 102 849 stone
775 102 850 stone
775 102 851 stone
775 102 852 stone
775 102 853 stone
775 102 854 stone
775 102 855 stone
775 102 856 stone
775 102 857 stone
775 102 858 stone
775 102 859 stone
775 102 860 stone
775 102 861 stone
775 102 862 stone
775 102 863 stone
775 102 864 stone
775 102 865 stone
775 102 866 stone
775 102 867 stone
775 102 868 stone
775 102 869 stone
775 102 870 stone
775 102 871 stone
775 102 872 stone
775 102 873 dirt
775 102 874 dirt
775 102 875 dirt
775 102 876 dirt
775 102 877 stone
775 102 878 stone
775 102 879 stone
775 102 880 stone
775 102 881 stone
775 102 882 stone
775 102 883 stone
775 102 884 stone
775 102 885 stone
775 102 886 stone
775 102 887 granite
775 102 888 granite
775 102 889 granite
775 102 890 granite
775 102 891 granite
775 102 892 granite
775 102 893 granite
775 102 894 granite
775 102 895 granite
775 102 896 stone
775 102 897 stone
775 102 898 stone
775 102 899 stone
775 102 900 stone
775 102 901 stone
775 102 902 stone
775 102 903 stone
775 102 904 granite
775 102 905 granite
775 102 906 granite
775 102 907 granite
775 102 908 granite
775 102 909 granite
775 102 910 granite
775 102 911 granite
775 102 912 granite
775 102 913 granite
775 102 914 stone
775 102 915 stone
775 102 916 stone
775 102 917 stone
775 102 918 stone
775 102 919 gravel
775 102 920 gravel
775 102 921 gravel
775 102 922 gravel
775 102 923 stone
775 102 924 stone
775 102 925 stone
775 102 926 stone
775 102 927 stone
775 102 928 stone
775 102 929 stone
775 102 930 stone
775 102 931 stone
775 102 932 stone
775 102 933 stone
775 102 937 dripstone_block
775 102 938 dripstone_block
775 102 939 water[level=0]
775 102 940 water[level=0]
775 102 941 water[level=0]
775 102 942 water[level=0]
775 102 943 diorite
775 102 944 diorite
775 102 945 diorite
775 102 946 diorite
775 102 947 dirt
775 102 948 dirt
775 102 949 dirt
775 102 950 dirt
775 102 951 dirt
775 102 952 dirt
775 102 953 dirt
775 102 954 stone
775 102 955 stone
775 102 956 stone
775 102 957 stone
775 102 958 stone
775 102 959 stone
775 102 960 stone
775 102 961 stone
775 102 962 stone
775 102 963 stone
775 102 964 stone
775 102 965 stone
775 102 966 stone
775 102 967 stone
775 102 968 stone
775 102 969 stone
775 102 970 copper_ore
775 102 971 copper_ore
775 102 972 diorite
775 102 973 diorite
775 102 974 stone
775 102 975 stone
775 102 976 stone
775 102 977 stone
775 102 978 granite
775 102 979 granite
775 102 980 granite
775 102 981 dirt
775 102 982 dirt
775 102 983 dirt
775 102 984 granite
775 102 985 granite
775 102 986 stone
775 102 987 stone
775 102 988 stone
775 102 989 stone
775 102 990 stone
775 102 991 stone
775 102 992 stone
775 102 993 stone
775 102 994 stone
775 102 995 stone
775 102 996 stone
775 102 997 stone
775 102 998 iron_ore
775 102 999 iron_ore
775 102 1000 stone
775 102 1001 stone
775 102 1002 stone
775 102 1003 stone
775 102 1004 stone
775 102 1005 stone
775 102 1006 stone
775 102 1007 stone
775 102 1008 stone
775 102 1009 stone
775 102 1010 stone
775 102 1011 stone
775 102 1012 stone
775 102 1013 stone
775 102 1014 stone
775 102 1015 stone
775 102 1016 stone
775 102 1017 stone
775 102 1018 stone
775 102 1019 stone
775 102 1020 stone
775 102 1021 stone
775 102 1022 stone
775 102 1023 stone
775 103 0 stone
775 103 1 stone
775 103 2 stone
775 103 3 stone
775 103 4 stone
775 103 5 stone
775 103 6 stone
775 103 7 stone
775 103 8 granite
775 103 9 granite
775 103 10 granite
775 103 11 granite
775 103 12 granite
775 103 13 granite
775 103 14 dirt
775 103 15 dirt
775 103 16 dirt
775 103 17 granite
775 103 18 granite
775 103 19 granite
775 103 20 granite
775 103 21 granite
775 103 22 granite
775 103 23 granite
775 103 24 stone
775 103 25 stone
775 103 26 stone
775 103 27 stone
775 103 28 stone
775 103 29 stone
775 103 30 stone
775 103 31 stone
775 103 32 stone
775 103 33 stone
775 103 34 stone
775 103 35 stone
775 103 36 stone
775 103 37 stone
775 103 38 stone
775 103 39 diorite
775 103 40 diorite
775 103 41 diorite
775 103 42 diorite
775 103 43 diorite
775 103 44 diorite
775 103 45 diorite
775 103 46 diorite
775 103 47 diorite
775 103 48 diorite
775 103 49 diorite
775 103 50 diorite
775 103 51 stone
775 103 52 stone
775 103 53 stone
775 103 54 stone
775 103 55 andesite
775 103 56 andesite
775 103 57 andesite
775 103 58 andesite
775 103 59 andesite
775 103 60 andesite
775 103 61 andesite
775 103 62 andesite
775 103 63 stone
775 103 64 stone
775 103 65 stone
775 103 66 stone
775 103 67 stone
775 103 68 stone
775 103 69 stone
775 103 70 stone
775 103 71 stone
775 103 72 stone
775 103 73 stone
775 103 74 stone
775 103 75 stone
775 103 76 stone
775 103 77 stone
775 103 78 stone
775 103 79 stone
775 103 80 stone
775 103 81 stone
775 103 82 stone
775 103 83 copper_ore
775 103 84 andesite
775 103 85 andesite
775 103 86 andesite
775 103 87 andesite
775 103 88 stone
775 103 89 andesite
775 103 90 andesite
775 103 91 andesite
775 103 92 andesite
775 103 93 andesite
775 103 94 andesite
775 103 95 stone
775 103 96 stone
775 103 97 stone
775 103 98 stone
775 103 99 stone
775 103 100 stone
775 103 101 stone
775 103 102 stone
775 103 103 granite
775 103 104 andesite
775 103 105 andesite
775 103 106 andesite
775 103 107 granite
775 103 108 granite
775 103 109 granite
775 103 110 granite
775 103 111 stone
775 103 112 stone
775 103 113 stone
775 103 114 iron_ore
775 103 115 stone
775 103 116 stone
775 103 117 stone
775 103 118 stone
775 103 119 stone
775 103 120 stone
775 103 121 stone
775 103 122 stone
775 103 123 stone
775 103 124 stone
775 103 125 stone
775 103 126 stone
775 103 127 stone
775 103 128 stone
775 103 129 stone
775 103 130 stone
775 103 131 stone
775 103 132 stone
775 103 133 stone
775 103 134 stone
775 103 135 stone
775 103 136 stone
775 103 137 stone
775 103 138 stone
775 103 139 coal_ore
775 103 140 coal_ore
775 103 141 coal_ore
775 103 142 stone
775 103 143 stone
775 103 144 stone
775 103 145 stone
775 103 146 stone
775 103 147 stone
775 103 148 stone
775 103 149 stone
775 103 150 stone
775 103 151 stone
775 103 152 stone
775 103 153 andesite
775 103 154 andesite
775 103 155 andesite
775 103 156 andesite
775 103 157 andesite
775 103 158 andesite
775 103 159 andesite
775 103 160 stone
775 103 161 stone
775 103 162 stone
775 103 163 stone
775 103 164 stone
775 103 165 stone
775 103 166 stone
775 103 167 stone
775 103 168 stone
775 103 169 stone
775 103 170 stone
775 103 171 stone
775 103 172 stone
775 103 173 stone
775 103 174 diorite
775 103 175 diorite
775 103 176 diorite
775 103 177 diorite
775 103 178 diorite
775 103 179 diorite
775 103 180 stone
775 103 181 stone
775 103 182 stone
775 103 183 stone
775 103 184 stone
775 103 185 stone
775 103 186 stone
775 103 187 stone
775 103 188 stone
775 103 189 stone
775 103 190 stone
775 103 191 stone
775 103 192 stone
775 103 193 stone
775 103 194 copper_ore
775 103 195 granite
775 103 196 granite
775 103 197 granite
775 103 198 stone
775 103 199 stone
775 103 200 stone
775 103 201 stone
775 103 202 granite
775 103 203 granite
775 103 204 granite
775 103 205 granite
775 103 206 granite
775 103 207 granite
775 103 208 granite
775 103 209 granite
775 103 210 stone
775 103 211 stone
775 103 212 gravel
775 103 213 gravel
775 103 214 gravel
775 103 215 stone
775 103 216 stone
775 103 217 stone
775 103 218 stone
775 103 219 diorite
775 103 220 diorite
775 103 221 diorite
775 103 222 diorite
775 103 223 diorite
775 103 224 diorite
775 103 225 diorite
775 103 226 diorite
775 103 227 diorite
775 103 228 diorite
775 103 229 stone
775 103 230 stone
775 103 231 stone
775 103 232 stone
775 103 233 stone
775 103 234 stone
775 103 235 stone
775 103 236 granite
775 103 237 granite
775 103 238 granite
775 103 239 granite
775 103 240 granite
775 103 241 granite
775 103 242 granite
775 103 243 granite
775 103 244 stone
775 103 245 stone
775 103 246 stone
775 103 247 stone
775 103 248 stone
775 103 249 stone
775 103 250 stone
775 103 251 stone
775 103 252 stone
775 103 253 stone
775 103 254 stone
775 103 255 stone
775 103 256 stone
775 103 257 stone
