675 132 473 dirt
675 132 474 dirt
675 132 475 dirt
675 132 476 dirt
675 132 477 dirt
675 132 478 grass_block[snowy=false]
675 132 479 grass_block[snowy=false]
675 132 480 grass_block[snowy=false]
675 132 481 grass_block[snowy=false]
675 132 482 grass_block[snowy=false]
675 132 485 short_grass
675 132 486 short_grass
676 132 384 stone
676 132 385 stone
676 132 386 stone
676 132 387 stone
676 132 388 stone
676 132 389 stone
676 132 390 stone
676 132 391 stone
676 132 392 stone
676 132 393 stone
676 132 394 stone
676 132 395 stone
676 132 396 stone
676 132 397 stone
676 132 398 stone
676 132 399 stone
676 132 400 stone
676 132 401 stone
676 132 402 stone
676 132 403 stone
676 132 404 stone
676 132 405 stone
676 132 406 stone
676 132 407 stone
676 132 408 stone
676 132 409 stone
676 132 410 stone
676 132 411 stone
676 132 412 stone
676 132 413 stone
676 132 414 stone
676 132 415 stone
676 132 416 stone
676 132 417 stone
676 132 418 stone
676 132 419 stone
676 132 420 stone
676 132 421 stone
676 132 422 stone
676 132 423 stone
676 132 424 stone
676 132 425 stone
676 132 426 stone
676 132 427 stone
676 132 428 stone
676 132 429 stone
676 132 430 stone
676 132 431 stone
676 132 432 stone
676 132 433 stone
676 132 434 stone
676 132 435 stone
676 132 436 stone
676 132 437 stone
676 132 438 stone
676 132 439 stone
676 132 440 stone
676 132 441 stone
676 132 442 stone
676 132 443 stone
676 132 444 stone
676 132 445 stone
676 132 446 stone
676 132 447 stone
676 132 448 stone
676 132 449 stone
676 132 450 stone
676 132 451 stone
676 132 452 stone
676 132 453 stone
676 132 454 stone
676 132 455 stone
676 132 456 gravel
676 132 457 gravel
676 132 458 gravel
676 132 459 gravel
676 132 460 stone
676 132 461 stone
676 132 462 stone
676 132 463 stone
676 132 464 gravel
676 132 465 gravel
676 132 466 gravel
676 132 467 dirt
676 132 468 dirt
676 132 469 dirt
676 132 470 dirt
676 132 471 dirt
676 132 472 dirt
676 132 473 dirt
676 132 474 dirt
676 132 475 dirt
676 132 476 dirt
676 132 477 dirt
676 132 478 dirt
676 132 479 grass_block[snowy=false]
676 132 480 grass_block[snowy=false]
676 132 481 grass_block[snowy=false]
676 132 482 grass_block[snowy=false]
676 132 483 grass_block[snowy=false]
677 132 384 stone
677 132 385 stone
677 132 386 stone
677 132 387 stone
677 132 388 stone
677 132 389 stone
677 132 390 stone
677 132 391 stone
677 132 392 stone
677 132 393 stone
677 132 394 stone
677 132 395 stone
677 132 396 stone
677 132 397 stone
677 132 398 stone
677 132 399 stone
677 132 400 stone
677 132 401 stone
677 132 402 stone
677 132 403 stone
677 132 404 stone
677 132 405 stone
677 132 406 stone
677 132 407 stone
677 132 408 stone
677 132 409 stone
677 132 410 stone
677 132 411 stone
677 132 412 stone
677 132 413 stone
677 132 414 stone
677 132 415 stone
677 132 416 stone
677 132 417 stone
677 132 418 stone
677 132 419 stone
677 132 420 stone
677 132 421 stone
677 132 422 stone
677 132 423 stone
677 132 424 stone
677 132 425 stone
677 132 426 stone
677 132 427 stone
677 132 428 stone
677 132 429 stone
677 132 430 stone
677 132 431 stone
677 132 432 stone
677 132 433 stone
677 132 434 stone
677 132 435 stone
677 132 436 stone
677 132 437 stone
677 132 438 stone
677 132 439 stone
677 132 440 stone
677 132 441 stone
677 132 442 stone
677 132 443 stone
677 132 444 stone
677 132 445 stone
677 132 446 stone
677 132 447 stone
677 132 448 stone
677 132 449 stone
677 132 450 stone
677 132 451 iron_ore
677 132 452 iron_ore
677 132 453 stone
677 132 454 stone
677 132 455 stone
677 132 456 stone
677 132 457 gravel
677 132 458 gravel
677 132 459 gravel
677 132 460 stone
677 132 461 stone
677 132 462 stone
677 132 463 stone
677 132 464 stone
677 132 465 stone
677 132 466 stone
677 132 467 dirt
677 132 468 dirt
677 132 469 dirt
677 132 470 dirt
677 132 471 dirt
677 132 472 dirt
677 132 473 dirt
677 132 474 dirt
677 132 475 dirt
677 132 476 dirt
677 132 477 dirt
677 132 478 dirt
677 132 479 dirt
677 132 480 dirt
677 132 481 grass_block[snowy=false]
677 132 482 grass_block[snowy=false]
677 132 483 grass_block[snowy=false]
677 132 487 short_grass
678 132 384 stone
678 132 385 stone
678 132 386 stone
678 132 387 stone
678 132 388 stone
678 132 389 stone
678 132 390 stone
678 132 391 stone
678 132 392 stone
678 132 393 stone
678 132 394 stone
678 132 395 stone
678 132 396 stone
678 132 397 stone
678 132 398 stone
678 132 399 stone
678 132 400 stone
678 132 401 stone
678 132 402 stone
678 132 403 stone
678 132 404 stone
678 132 405 stone
678 132 406 stone
678 132 407 stone
678 132 408 stone
678 132 409 stone
678 132 410 stone
678 132 411 stone
678 132 412 stone
678 132 413 stone
678 132 414 stone
678 132 415 stone
678 132 416 stone
678 132 417 stone
678 132 418 stone
678 132 419 stone
678 132 420 stone
678 132 421 stone
678 132 422 stone
678 132 423 stone
678 132 424 stone
678 132 425 stone
678 132 426 stone
678 132 427 stone
678 132 428 stone
678 132 429 stone
678 132 430 stone
678 132 431 stone
678 132 432 stone
678 132 433 stone
678 132 434 stone
678 132 435 stone
678 132 436 stone
678 132 437 stone
678 132 438 stone
678 132 439 stone
678 132 440 stone
678 132 441 stone
678 132 442 copper_ore
678 132 443 copper_ore
678 132 444 stone
678 132 445 stone
678 132 446 stone
678 132 447 stone
678 132 448 stone
678 132 449 stone
678 132 450 stone
678 132 451 stone
678 132 452 stone
678 132 453 stone
678 132 454 stone
678 132 455 stone
678 132 456 stone
678 132 457 stone
678 132 458 gravel
678 132 459 stone
678 132 460 stone
678 132 461 stone
678 132 462 stone
678 132 463 stone
678 132 464 stone
678 132 465 stone
678 132 466 stone
678 132 467 dirt
678 132 468 dirt
678 132 469 dirt
678 132 470 dirt
678 132 471 dirt
678 132 472 dirt
678 132 473 dirt
678 132 474 dirt
678 132 475 dirt
678 132 476 dirt
678 132 477 dirt
678 132 478 dirt
678 132 479 dirt
678 132 480 dirt
678 132 481 grass_block[snowy=false]
678 132 482 grass_block[snowy=false]
678 132 483 grass_block[snowy=false]
679 132 384 stone
679 132 385 stone
679 132 386 stone
679 132 387 stone
679 132 388 stone
679 132 389 stone
679 132 390 stone
679 132 391 stone
679 132 392 stone
679 132 393 stone
679 132 394 stone
679 132 395 stone
679 132 396 stone
679 132 397 stone
679 132 398 stone
679 132 399 stone
679 132 400 stone
679 132 401 stone
679 132 402 stone
679 132 403 stone
679 132 404 stone
679 132 405 stone
679 132 406 stone
679 132 407 stone
679 132 408 stone
679 132 409 stone
679 132 410 stone
679 132 411 stone
679 132 412 stone
679 132 413 stone
679 132 414 stone
679 132 415 stone
679 132 416 stone
679 132 417 stone
679 132 418 stone
679 132 419 stone
679 132 420 stone
679 132 421 stone
679 132 422 stone
679 132 423 stone
679 132 424 stone
679 132 425 stone
679 132 426 stone
679 132 427 stone
679 132 428 stone
679 132 429 stone
679 132 430 coal_ore
679 132 431 coal_ore
679 132 432 coal_ore
679 132 433 stone
679 132 434 stone
679 132 435 stone
679 132 436 stone
679 132 437 stone
679 132 438 stone
679 132 439 stone
679 132 440 stone
679 132 441 copper_ore
679 132 442 copper_ore
679 132 443 copper_ore
679 132 444 stone
679 132 445 stone
679 132 446 stone
679 132 447 stone
679 132 448 stone
679 132 449 stone
679 132 450 stone
679 132 451 stone
679 132 452 stone
679 132 453 stone
679 132 454 stone
679 132 455 stone
679 132 456 stone
679 132 457 stone
679 132 458 stone
679 132 459 stone
679 132 460 stone
679 132 461 stone
679 132 462 stone
679 132 463 stone
679 132 464 stone
679 132 465 stone
679 132 466 stone
679 132 467 dirt
679 132 468 dirt
679 132 469 dirt
679 132 470 dirt
679 132 471 dirt
679 132 472 dirt
679 132 473 dirt
679 132 474 dirt
679 132 475 dirt
679 132 476 dirt
679 132 477 dirt
679 132 478 dirt
679 132 479 dirt
679 132 480 dirt
679 132 481 grass_block[snowy=false]
679 132 482 grass_block[snowy=false]
679 132 483 grass_block[snowy=false]
679 132 484 short_grass
679 132 485 short_grass
680 132 384 gravel
680 132 385 stone
680 132 386 stone
680 132 387 stone
680 132 388 stone
680 132 389 stone
680 132 390 stone
680 132 391 stone
680 132 392 stone
680 132 393 stone
680 132 394 stone
680 132 395 stone
680 132 396 stone
680 132 397 stone
680 132 398 stone
680 132 399 stone
680 132 400 stone
680 132 401 stone
680 132 402 stone
680 132 403 stone
680 132 404 stone
680 132 405 stone
680 132 406 stone
680 132 407 stone
680 132 408 stone
680 132 409 stone
680 132 410 stone
680 132 411 stone
680 132 412 stone
680 132 413 stone
680 132 414 stone
680 132 415 stone
680 132 416 stone
680 132 417 stone
680 132 418 stone
680 132 419 stone
680 132 420 stone
680 132 421 stone
680 132 422 stone
680 132 423 stone
680 132 424 stone
680 132 425 stone
680 132 426 stone
680 132 427 stone
680 132 428 stone
680 132 429 stone
680 132 430 coal_ore
680 132 431 coal_ore
680 132 432 coal_ore
680 132 433 coal_ore
680 132 434 stone
680 132 435 stone
680 132 436 stone
680 132 437 stone
680 132 438 stone
680 132 439 stone
680 132 440 stone
680 132 441 stone
680 132 442 stone
680 132 443 stone
680 132 444 stone
680 132 445 stone
680 132 446 stone
680 132 447 stone
680 132 448 stone
680 132 449 stone
680 132 450 stone
680 132 451 stone
680 132 452 stone
680 132 453 stone
680 132 454 stone
680 132 455 stone
680 132 456 stone
680 132 457 stone
680 132 458 stone
680 132 459 stone
680 132 460 stone
680 132 461 stone
680 132 462 stone
680 132 463 stone
680 132 464 stone
680 132 465 stone
680 132 466 stone
680 132 467 stone
680 132 468 dirt
680 132 469 dirt
680 132 470 dirt
680 132 471 dirt
680 132 472 dirt
680 132 473 dirt
680 132 474 dirt
680 132 475 dirt
680 132 476 dirt
680 132 477 dirt
680 132 478 dirt
680 132 479 dirt
680 132 480 dirt
680 132 481 grass_block[snowy=false]
680 132 482 grass_block[snowy=false]
680 132 483 grass_block[snowy=false]
680 132 485 short_grass
680 132 486 short_grass
681 132 384 gravel
681 132 385 gravel
681 132 386 gravel
681 132 387 gravel
681 132 388 stone
681 132 389 stone
681 132 390 stone
681 132 391 stone
681 132 392 stone
681 132 393 stone
681 132 394 stone
681 132 395 stone
681 132 396 stone
681 132 397 stone
681 132 398 stone
681 132 399 stone
681 132 400 stone
681 132 401 stone
681 132 402 stone
681 132 403 stone
681 132 404 stone
681 132 405 stone
681 132 406 stone
681 132 407 stone
681 132 408 stone
681 132 409 stone
681 132 410 stone
681 132 411 stone
681 132 412 stone
681 132 413 stone
681 132 414 stone
681 132 415 stone
681 132 416 stone
681 132 417 stone
681 132 418 stone
681 132 419 stone
681 132 420 stone
681 132 421 stone
681 132 422 stone
681 132 423 stone
681 132 424 stone
681 132 425 stone
681 132 426 stone
681 132 427 stone
681 132 428 stone
681 132 429 stone
681 132 430 stone
681 132 431 stone
681 132 432 stone
681 132 433 stone
681 132 434 stone
681 132 435 stone
681 132 436 stone
681 132 437 stone
681 132 438 stone
681 132 439 stone
681 132 440 stone
681 132 441 stone
681 132 442 stone
681 132 443 stone
681 132 444 stone
681 132 445 stone
681 132 446 stone
681 132 447 stone
681 132 448 stone
681 132 449 stone
681 132 450 stone
681 132 451 stone
681 132 452 stone
681 132 453 stone
681 132 454 stone
681 132 455 stone
681 132 456 stone
681 132 457 stone
681 132 458 stone
681 132 459 stone
681 132 460 stone
681 132 461 stone
681 132 462 stone
681 132 463 stone
681 132 464 stone
681 132 465 stone
681 132 466 stone
681 132 467 stone
681 132 468 dirt
681 132 469 dirt
681 132 470 dirt
681 132 471 stone
681 132 472 dirt
681 132 473 dirt
681 132 474 dirt
681 132 475 dirt
681 132 476 dirt
681 132 477 dirt
681 132 478 dirt
681 132 479 dirt
681 132 480 dirt
681 132 481 grass_block[snowy=false]
681 132 482 grass_block[snowy=false]
682 132 384 gravel
682 132 385 gravel
682 132 386 gravel
682 132 387 gravel
682 132 388 gravel
682 132 389 gravel
682 132 390 stone
682 132 391 stone
682 132 392 stone
682 132 393 stone
682 132 394 stone
682 132 395 stone
682 132 396 stone
682 132 397 stone
682 132 398 stone
682 132 399 stone
682 132 400 stone
682 132 401 stone
682 132 402 stone
682 132 403 stone
682 132 404 stone
682 132 405 stone
682 132 406 stone
682 132 407 stone
682 132 408 stone
682 132 409 granite
682 132 410 granite
682 132 411 granite
682 132 412 granite
682 132 413 stone
682 132 414 stone
682 132 415 stone
682 132 416 stone
682 132 417 stone
682 132 418 stone
682 132 419 stone
682 132 420 stone
682 132 421 stone
682 132 422 stone
682 132 423 stone
682 132 424 stone
682 132 425 stone
682 132 426 stone
682 132 427 stone
682 132 428 stone
682 132 429 stone
682 132 430 stone
682 132 431 stone
682 132 432 stone
682 132 433 stone
682 132 434 stone
682 132 435 stone
682 132 436 stone
682 132 437 stone
682 132 438 stone
682 132 439 stone
682 132 440 stone
682 132 441 stone
682 132 442 stone
682 132 443 stone
682 132 444 stone
682 132 445 stone
682 132 446 stone
682 132 447 stone
682 132 448 stone
682 132 449 stone
682 132 450 stone
682 132 451 stone
682 132 452 stone
682 132 453 stone
682 132 454 stone
682 132 455 stone
682 132 456 stone
682 132 457 stone
682 132 458 stone
682 132 459 stone
682 132 460 stone
682 132 461 stone
682 132 462 stone
682 132 463 stone
682 132 464 stone
682 132 465 stone
682 132 466 stone
682 132 467 stone
682 132 468 dirt
682 132 469 dirt
682 132 470 dirt
682 132 471 dirt
682 132 472 stone
682 132 473 stone
682 132 474 dirt
682 132 475 dirt
682 132 476 dirt
682 132 477 dirt
682 132 478 dirt
682 132 479 dirt
682 132 480 dirt
682 132 481 grass_block[snowy=false]
682 132 482 grass_block[snowy=false]
683 132 384 gravel
683 132 385 gravel
683 132 386 gravel
683 132 387 gravel
683 132 388 gravel
683 132 389 gravel
683 132 390 stone
683 132 391 stone
683 132 392 stone
683 132 393 stone
683 132 394 stone
683 132 395 stone
683 132 396 stone
683 132 397 stone
683 132 398 stone
683 132 399 stone
683 132 400 stone
683 132 401 stone
683 132 402 stone
683 132 403 stone
683 132 404 stone
683 132 405 stone
683 132 406 stone
683 132 407 stone
683 132 408 granite
683 132 409 granite
683 132 410 granite
683 132 411 granite
683 132 412 granite
683 132 413 granite
683 132 414 stone
683 132 415 stone
683 132 416 stone
683 132 417 stone
683 132 418 stone
683 132 419 stone
683 132 420 stone
683 132 421 stone
683 132 422 stone
683 132 423 stone
683 132 424 stone
683 132 425 stone
683 132 426 stone
683 132 427 stone
683 132 428 stone
683 132 429 stone
683 132 430 stone
683 132 431 stone
683 132 432 stone
683 132 433 stone
683 132 434 stone
683 132 435 stone
683 132 436 stone
683 132 437 stone
683 132 438 stone
683 132 439 stone
683 132 440 stone
683 132 441 stone
683 132 442 stone
683 132 443 stone
683 132 444 stone
683 132 445 stone
683 132 446 stone
683 132 447 stone
683 132 448 stone
683 132 449 stone
683 132 450 stone
683 132 451 stone
683 132 452 stone
683 132 453 stone
683 132 454 stone
683 132 455 stone
683 132 456 stone
683 132 457 stone
683 132 458 stone
683 132 459 stone
683 132 460 stone
683 132 461 stone
683 132 462 stone
683 132 463 stone
683 132 464 stone
683 132 465 stone
683 132 466 stone
683 132 467 stone
683 132 468 stone
683 132 469 dirt
683 132 470 dirt
683 132 471 dirt
683 132 472 stone
683 132 473 stone
683 132 474 dirt
683 132 475 dirt
683 132 476 dirt
683 132 477 dirt
683 132 478 dirt
683 132 479 dirt
683 132 480 grass_block[snowy=false]
683 132 481 grass_block[snowy=false]
683 132 482 grass_block[snowy=false]
683 132 483 short_grass
683 132 484 short_grass
684 132 384 gravel
684 132 385 gravel
684 132 386 gravel
684 132 387 gravel
684 132 388 gravel
684 132 389 gravel
684 132 390 stone
684 132 391 stone
684 132 392 stone
684 132 393 stone
684 132 394 stone
684 132 395 stone
684 132 396 stone
684 132 397 stone
684 132 398 stone
684 132 399 stone
684 132 400 stone
684 132 401 stone
684 132 402 stone
684 132 403 stone
684 132 404 stone
684 132 405 stone
684 132 406 stone
684 132 407 stone
684 132 408 granite
684 132 409 granite
684 132 410 granite
684 132 411 granite
684 132 412 granite
684 132 413 granite
684 132 414 granite
684 132 415 stone
684 132 416 stone
684 132 417 stone
684 132 418 stone
684 132 419 stone
684 132 420 stone
684 132 421 stone
684 132 422 stone
684 132 423 stone
684 132 424 stone
684 132 425 stone
684 132 426 stone
684 132 427 stone
684 132 428 gravel
684 132 429 gravel
684 132 430 gravel
684 132 431 gravel
684 132 432 gravel
684 132 433 gravel
684 132 434 gravel
684 132 435 stone
684 132 436 stone
684 132 437 stone
684 132 438 stone
684 132 439 stone
684 132 440 stone
684 132 441 stone
684 132 442 stone
684 132 443 stone
684 132 444 stone
684 132 445 stone
684 132 446 stone
684 132 447 copper_ore
684 132 448 copper_ore
684 132 449 copper_ore
684 132 450 stone
684 132 451 stone
684 132 452 stone
684 132 453 stone
684 132 454 stone
684 132 455 stone
684 132 456 stone
684 132 457 stone
684 132 458 stone
684 132 459 stone
684 132 460 stone
684 132 461 stone
684 132 462 stone
684 132 463 stone
684 132 464 stone
684 132 465 stone
684 132 466 stone
684 132 467 stone
684 132 468 stone
684 132 469 stone
684 132 470 dirt
684 132 471 dirt
684 132 472 stone
684 132 473 stone
684 132 474 dirt
684 132 475 dirt
684 132 476 dirt
684 132 477 dirt
684 132 478 dirt
684 132 479 grass_block[snowy=false]
684 132 480 grass_block[snowy=false]
684 132 481 grass_block[snowy=false]
684 132 482 grass_block[snowy=false]
684 132 483 short_grass
685 132 384 stone
685 132 385 stone
685 132 386 stone
685 132 387 stone
685 132 388 stone
685 132 389 stone
685 132 390 stone
685 132 391 stone
685 132 392 stone
685 132 393 stone
685 132 394 stone
685 132 395 stone
685 132 396 stone
685 132 397 stone
685 132 398 stone
685 132 399 stone
685 132 400 stone
685 132 401 stone
685 132 402 stone
685 132 403 stone
685 132 404 stone
685 132 405 stone
685 132 406 stone
685 132 407 stone
685 132 408 stone
685 132 409 granite
685 132 410 granite
685 132 411 granite
685 132 412 granite
685 132 413 granite
685 132 414 granite
685 132 415 granite
685 132 416 stone
685 132 417 stone
685 132 418 stone
685 132 419 stone
685 132 420 stone
685 132 421 stone
685 132 422 stone
685 132 423 stone
685 132 424 stone
685 132 425 stone
685 132 426 gravel
685 132 427 gravel
685 132 428 gravel
685 132 429 gravel
685 132 430 gravel
685 132 431 gravel
685 132 432 gravel
685 132 433 gravel
685 132 434 gravel
685 132 435 stone
685 132 436 stone
685 132 437 stone
685 132 438 stone
685 132 439 stone
685 132 440 stone
685 132 441 stone
685 132 442 stone
685 132 443 stone
685 132 444 stone
685 132 445 stone
685 132 446 stone
685 132 447 stone
685 132 448 copper_ore
685 132 449 copper_ore
685 132 450 stone
685 132 451 stone
685 132 452 stone
685 132 453 stone
685 132 454 stone
685 132 455 gravel
685 132 456 gravel
685 132 457 stone
685 132 458 stone
685 132 459 stone
685 132 460 stone
685 132 461 stone
685 132 462 stone
685 132 463 stone
685 132 464 stone
685 132 465 stone
685 132 466 stone
685 132 467 stone
685 132 468 stone
685 132 469 stone
685 132 470 stone
685 132 471 dirt
685 132 472 stone
685 132 473 stone
685 132 474 dirt
685 132 475 dirt
685 132 476 dirt
685 132 477 dirt
685 132 478 grass_block[snowy=false]
685 132 479 grass_block[snowy=false]
685 132 480 grass_block[snowy=false]
685 132 481 grass_block[snowy=false]
686 132 384 stone
686 132 385 stone
686 132 386 stone
686 132 387 stone
686 132 388 stone
686 132 389 stone
686 132 390 stone
686 132 391 stone
686 132 392 stone
686 132 393 stone
686 132 394 stone
686 132 395 stone
686 132 396 stone
686 132 397 stone
686 132 398 stone
686 132 399 stone
686 132 400 stone
686 132 401 stone
686 132 402 stone
686 132 403 stone
686 132 404 stone
686 132 405 stone
686 132 406 stone
686 132 407 stone
686 132 408 stone
686 132 409 granite
686 132 410 granite
686 132 411 granite
686 132 412 granite
686 132 413 granite
686 132 414 granite
686 132 415 granite
686 132 416 stone
686 132 417 stone
686 132 418 stone
686 132 419 stone
686 132 420 stone
686 132 421 stone
686 132 422 stone
686 132 423 stone
686 132 424 stone
686 132 425 stone
686 132 426 gravel
686 132 427 gravel
686 132 428 gravel
686 132 429 gravel
686 132 430 gravel
686 132 431 gravel
686 132 432 gravel
686 132 433 gravel
686 132 434 stone
686 132 435 stone
686 132 436 stone
686 132 437 stone
686 132 438 stone
686 132 439 stone
686 132 440 stone
686 132 441 stone
686 132 442 stone
686 132 443 stone
686 132 444 stone
686 132 445 stone
686 132 446 stone
686 132 447 stone
686 132 448 stone
686 132 449 stone
686 132 450 stone
686 132 451 stone
686 132 452 gravel
686 132 453 gravel
686 132 454 gravel
686 132 455 gravel
686 132 456 gravel
686 132 457 gravel
686 132 458 gravel
686 132 459 stone
