652 133 409 dirt
652 133 410 dirt
652 133 411 dirt
652 133 412 dirt
652 133 413 dirt
652 133 414 dirt
652 133 415 dirt
652 133 416 dirt
652 133 417 stone
652 133 418 stone
652 133 419 stone
652 133 420 stone
652 133 421 stone
652 133 422 stone
652 133 423 stone
652 133 424 stone
652 133 425 stone
652 133 426 stone
652 133 427 stone
652 133 428 stone
652 133 429 stone
652 133 430 stone
652 133 431 stone
652 133 432 stone
652 133 433 stone
652 133 434 stone
652 133 435 stone
652 133 436 stone
652 133 437 stone
652 133 438 stone
652 133 439 stone
652 133 440 stone
652 133 441 stone
652 133 442 stone
652 133 443 stone
652 133 444 stone
652 133 445 stone
652 133 446 stone
652 133 447 stone
652 133 448 stone
652 133 449 stone
652 133 450 stone
652 133 451 stone
652 133 452 stone
652 133 453 stone
652 133 454 stone
652 133 455 stone
652 133 456 stone
652 133 457 stone
652 133 458 stone
652 133 459 stone
652 133 460 stone
652 133 461 stone
652 133 462 stone
652 133 463 stone
652 133 464 stone
652 133 465 stone
652 133 466 dirt
652 133 467 dirt
652 133 468 dirt
652 133 469 dirt
652 133 470 grass_block[snowy=false]
653 133 384 stone
653 133 385 stone
653 133 386 stone
653 133 387 stone
653 133 388 stone
653 133 389 stone
653 133 390 stone
653 133 391 stone
653 133 392 stone
653 133 393 stone
653 133 394 stone
653 133 395 stone
653 133 396 stone
653 133 397 stone
653 133 398 stone
653 133 399 stone
653 133 400 stone
653 133 401 stone
653 133 402 stone
653 133 403 stone
653 133 404 stone
653 133 405 stone
653 133 406 stone
653 133 407 dirt
653 133 408 dirt
653 133 409 dirt
653 133 410 dirt
653 133 411 dirt
653 133 412 dirt
653 133 413 dirt
653 133 414 dirt
653 133 415 dirt
653 133 416 dirt
653 133 417 stone
653 133 418 stone
653 133 419 stone
653 133 420 stone
653 133 421 stone
653 133 422 stone
653 133 423 stone
653 133 424 stone
653 133 425 stone
653 133 426 stone
653 133 427 stone
653 133 428 stone
653 133 429 stone
653 133 430 stone
653 133 431 stone
653 133 432 stone
653 133 433 stone
653 133 434 stone
653 133 435 stone
653 133 436 stone
653 133 437 stone
653 133 438 stone
653 133 439 stone
653 133 440 stone
653 133 441 stone
653 133 442 stone
653 133 443 stone
653 133 444 stone
653 133 445 stone
653 133 446 stone
653 133 447 stone
653 133 448 stone
653 133 449 stone
653 133 450 stone
653 133 451 stone
653 133 452 stone
653 133 453 stone
653 133 454 stone
653 133 455 stone
653 133 456 stone
653 133 457 stone
653 133 458 stone
653 133 459 stone
653 133 460 stone
653 133 461 stone
653 133 462 stone
653 133 463 stone
653 133 464 stone
653 133 465 stone
653 133 466 dirt
653 133 467 dirt
653 133 468 dirt
653 133 469 dirt
653 133 470 grass_block[snowy=false]
654 133 384 stone
654 133 385 stone
654 133 386 stone
654 133 387 stone
654 133 388 stone
654 133 389 stone
654 133 390 stone
654 133 391 stone
654 133 392 stone
654 133 393 stone
654 133 394 stone
654 133 395 stone
654 133 396 stone
654 133 397 stone
654 133 398 stone
654 133 399 stone
654 133 400 stone
654 133 401 stone
654 133 402 stone
654 133 403 stone
654 133 404 stone
654 133 405 stone
654 133 406 stone
654 133 407 stone
654 133 408 stone
654 133 409 dirt
654 133 410 dirt
654 133 411 dirt
654 133 412 dirt
654 133 413 dirt
654 133 414 dirt
654 133 415 stone
654 133 416 stone
654 133 417 stone
654 133 418 stone
654 133 419 stone
654 133 420 stone
654 133 421 stone
654 133 422 stone
654 133 423 stone
654 133 424 stone
654 133 425 stone
654 133 426 stone
654 133 427 stone
654 133 428 stone
654 133 429 stone
654 133 430 stone
654 133 431 stone
654 133 432 stone
654 133 433 stone
654 133 434 stone
654 133 435 stone
654 133 436 stone
654 133 437 stone
654 133 438 copper_ore
654 133 439 copper_ore
654 133 440 stone
654 133 441 stone
654 133 442 stone
654 133 443 stone
654 133 444 stone
654 133 445 stone
654 133 446 stone
654 133 447 stone
654 133 448 stone
654 133 449 stone
654 133 450 stone
654 133 451 stone
654 133 452 stone
654 133 453 stone
654 133 454 stone
654 133 455 stone
654 133 456 stone
654 133 457 stone
654 133 458 stone
654 133 459 stone
654 133 460 stone
654 133 461 stone
654 133 462 stone
654 133 463 stone
654 133 464 stone
654 133 465 dirt
654 133 466 dirt
654 133 467 dirt
654 133 468 dirt
654 133 469 dirt
654 133 470 grass_block[snowy=false]
655 133 384 dirt
655 133 385 stone
655 133 386 stone
655 133 387 stone
655 133 388 stone
655 133 389 stone
655 133 390 stone
655 133 391 stone
655 133 392 stone
655 133 393 stone
655 133 394 stone
655 133 395 stone
655 133 396 stone
655 133 397 stone
655 133 398 stone
655 133 399 stone
655 133 400 stone
655 133 401 stone
655 133 402 stone
655 133 403 stone
655 133 404 stone
655 133 405 stone
655 133 406 stone
655 133 407 stone
655 133 408 stone
655 133 409 stone
655 133 410 stone
655 133 411 dirt
655 133 412 stone
655 133 413 stone
655 133 414 stone
655 133 415 stone
655 133 416 stone
655 133 417 stone
655 133 418 stone
655 133 419 stone
655 133 420 stone
655 133 421 stone
655 133 422 stone
655 133 423 stone
655 133 424 stone
655 133 425 stone
655 133 426 stone
655 133 427 stone
655 133 428 stone
655 133 429 stone
655 133 430 stone
655 133 431 stone
655 133 432 stone
655 133 433 stone
655 133 434 stone
655 133 435 stone
655 133 436 stone
655 133 437 stone
655 133 438 copper_ore
655 133 439 copper_ore
655 133 440 stone
655 133 441 stone
655 133 442 stone
655 133 443 stone
655 133 444 stone
655 133 445 stone
655 133 446 stone
655 133 447 stone
655 133 448 stone
655 133 449 stone
655 133 450 stone
655 133 451 stone
655 133 452 stone
655 133 453 stone
655 133 454 stone
655 133 455 stone
655 133 456 stone
655 133 457 stone
655 133 458 stone
655 133 459 stone
655 133 460 stone
655 133 461 stone
655 133 462 stone
655 133 463 stone
655 133 464 stone
655 133 465 dirt
655 133 466 dirt
655 133 467 dirt
655 133 468 dirt
655 133 469 dirt
655 133 470 grass_block[snowy=false]
655 133 471 tall_grass[half=lower]
656 133 384 dirt
656 133 385 dirt
656 133 386 stone
656 133 387 stone
656 133 388 stone
656 133 389 stone
656 133 390 stone
656 133 391 stone
656 133 392 stone
656 133 393 stone
656 133 394 stone
656 133 395 stone
656 133 396 stone
656 133 397 stone
656 133 398 stone
656 133 399 stone
656 133 400 copper_ore
656 133 401 copper_ore
656 133 402 stone
656 133 403 stone
656 133 404 stone
656 133 405 stone
656 133 406 stone
656 133 407 stone
656 133 408 stone
656 133 409 stone
656 133 410 stone
656 133 411 stone
656 133 412 stone
656 133 413 stone
656 133 414 stone
656 133 415 stone
656 133 416 stone
656 133 417 stone
656 133 418 stone
656 133 419 stone
656 133 420 stone
656 133 421 stone
656 133 422 stone
656 133 423 stone
656 133 424 stone
656 133 425 stone
656 133 426 stone
656 133 427 stone
656 133 428 stone
656 133 429 stone
656 133 430 stone
656 133 431 stone
656 133 432 stone
656 133 433 stone
656 133 434 stone
656 133 435 stone
656 133 436 stone
656 133 437 stone
656 133 438 copper_ore
656 133 439 copper_ore
656 133 440 stone
656 133 441 stone
656 133 442 stone
656 133 443 stone
656 133 444 stone
656 133 445 stone
656 133 446 stone
656 133 447 stone
656 133 448 stone
656 133 449 stone
656 133 450 stone
656 133 451 stone
656 133 452 stone
656 133 453 stone
656 133 454 stone
656 133 455 stone
656 133 456 stone
656 133 457 stone
656 133 458 stone
656 133 459 stone
656 133 460 stone
656 133 461 stone
656 133 462 stone
656 133 463 stone
656 133 464 stone
656 133 465 dirt
656 133 466 dirt
656 133 467 dirt
656 133 468 dirt
656 133 469 dirt
656 133 470 grass_block[snowy=false]
657 133 384 dirt
657 133 385 dirt
657 133 386 stone
657 133 387 stone
657 133 388 stone
657 133 389 stone
657 133 390 stone
657 133 391 stone
657 133 392 stone
657 133 393 stone
657 133 394 stone
657 133 395 stone
657 133 396 stone
657 133 397 stone
657 133 398 stone
657 133 399 stone
657 133 400 copper_ore
657 133 401 copper_ore
657 133 402 copper_ore
657 133 403 stone
657 133 404 stone
657 133 405 stone
657 133 406 stone
657 133 407 stone
657 133 408 stone
657 133 409 stone
657 133 410 stone
657 133 411 stone
657 133 412 stone
657 133 413 stone
657 133 414 stone
657 133 415 stone
657 133 416 stone
657 133 417 stone
657 133 418 stone
657 133 419 stone
657 133 420 stone
657 133 421 stone
657 133 422 stone
657 133 423 stone
657 133 424 stone
657 133 425 stone
657 133 426 stone
657 133 427 stone
657 133 428 stone
657 133 429 stone
657 133 430 stone
657 133 431 stone
657 133 432 stone
657 133 433 stone
657 133 434 stone
657 133 435 stone
657 133 436 stone
657 133 437 stone
657 133 438 stone
657 133 439 stone
657 133 440 stone
657 133 441 stone
657 133 442 stone
657 133 443 stone
657 133 444 stone
657 133 445 stone
657 133 446 stone
657 133 447 stone
657 133 448 stone
657 133 449 stone
657 133 450 stone
657 133 451 stone
657 133 452 stone
657 133 453 stone
657 133 454 stone
657 133 455 stone
657 133 456 stone
657 133 457 stone
657 133 458 stone
657 133 459 stone
657 133 460 stone
657 133 461 stone
657 133 462 stone
657 133 463 stone
657 133 464 stone
657 133 465 dirt
657 133 466 dirt
657 133 467 dirt
657 133 468 dirt
657 133 469 dirt
657 133 470 grass_block[snowy=false]
658 133 384 dirt
658 133 385 dirt
658 133 386 stone
658 133 387 stone
658 133 388 stone
658 133 389 stone
658 133 390 stone
658 133 391 stone
658 133 392 stone
658 133 393 stone
658 133 394 stone
658 133 395 stone
658 133 396 stone
658 133 397 stone
658 133 398 stone
658 133 399 stone
658 133 400 stone
658 133 401 stone
658 133 402 stone
658 133 403 stone
658 133 404 stone
658 133 405 stone
658 133 406 stone
658 133 407 stone
658 133 408 stone
658 133 409 stone
658 133 410 stone
658 133 411 stone
658 133 412 stone
658 133 413 stone
658 133 414 stone
658 133 415 stone
658 133 416 stone
658 133 417 stone
658 133 418 stone
658 133 419 stone
658 133 420 stone
658 133 421 stone
658 133 422 stone
658 133 423 stone
658 133 424 stone
658 133 425 stone
658 133 426 stone
658 133 427 stone
658 133 428 stone
658 133 429 stone
658 133 430 stone
658 133 431 stone
658 133 432 stone
658 133 433 stone
658 133 434 stone
658 133 435 stone
658 133 436 stone
658 133 437 stone
658 133 438 stone
658 133 439 stone
658 133 440 stone
658 133 441 stone
658 133 442 stone
658 133 443 stone
658 133 444 stone
658 133 445 stone
658 133 446 stone
658 133 447 stone
658 133 448 stone
658 133 449 stone
658 133 450 stone
658 133 451 stone
658 133 452 stone
658 133 453 stone
658 133 454 stone
658 133 455 stone
658 133 456 stone
658 133 457 stone
658 133 458 stone
658 133 459 stone
658 133 460 stone
658 133 461 stone
658 133 462 stone
658 133 463 stone
658 133 464 stone
658 133 465 dirt
658 133 466 dirt
658 133 467 dirt
658 133 468 dirt
658 133 469 dirt
658 133 470 grass_block[snowy=false]
659 133 384 stone
659 133 385 stone
659 133 386 stone
659 133 387 stone
659 133 388 stone
659 133 389 stone
659 133 390 stone
659 133 391 stone
659 133 392 stone
659 133 393 stone
659 133 394 stone
659 133 395 stone
659 133 396 stone
659 133 397 stone
659 133 398 stone
659 133 399 stone
659 133 400 stone
659 133 401 stone
659 133 402 stone
659 133 403 stone
659 133 404 stone
659 133 405 stone
659 133 406 stone
659 133 407 stone
659 133 408 stone
659 133 409 stone
659 133 410 stone
659 133 411 stone
659 133 412 stone
659 133 413 stone
659 133 414 stone
659 133 415 stone
659 133 416 stone
659 133 417 stone
659 133 418 stone
659 133 419 stone
659 133 420 stone
659 133 421 stone
659 133 422 stone
659 133 423 stone
659 133 424 stone
659 133 425 stone
659 133 426 stone
659 133 427 stone
659 133 428 stone
659 133 429 stone
659 133 430 stone
659 133 431 stone
659 133 432 stone
659 133 433 stone
659 133 434 stone
659 133 435 stone
659 133 436 stone
659 133 437 gravel
659 133 438 gravel
659 133 439 gravel
659 133 440 stone
659 133 441 stone
659 133 442 stone
659 133 443 stone
659 133 444 stone
659 133 445 stone
659 133 446 stone
659 133 447 stone
659 133 448 stone
659 133 449 stone
659 133 450 stone
659 133 451 stone
659 133 452 stone
659 133 453 stone
659 133 454 stone
659 133 455 stone
659 133 456 stone
659 133 457 stone
659 133 458 stone
659 133 459 stone
659 133 460 stone
659 133 461 stone
659 133 462 stone
659 133 463 stone
659 133 464 dirt
659 133 465 dirt
659 133 466 dirt
659 133 467 dirt
659 133 468 dirt
659 133 469 dirt
659 133 470 grass_block[snowy=false]
659 133 471 tall_grass[half=lower]
660 133 384 dirt
660 133 385 dirt
660 133 386 stone
660 133 387 stone
660 133 388 stone
660 133 389 stone
660 133 390 stone
660 133 391 stone
660 133 392 stone
660 133 393 stone
660 133 394 stone
660 133 395 stone
660 133 396 stone
660 133 397 stone
660 133 398 stone
660 133 399 stone
660 133 400 stone
660 133 401 stone
660 133 402 stone
660 133 403 stone
660 133 404 stone
660 133 405 stone
660 133 406 stone
660 133 407 stone
660 133 408 stone
660 133 409 stone
660 133 410 stone
660 133 411 stone
660 133 412 stone
660 133 413 stone
660 133 414 stone
660 133 415 stone
660 133 416 stone
660 133 417 stone
660 133 418 stone
660 133 419 stone
660 133 420 stone
660 133 421 stone
660 133 422 stone
660 133 423 stone
660 133 424 stone
660 133 425 stone
660 133 426 stone
660 133 427 copper_ore
660 133 428 copper_ore
660 133 429 stone
660 133 430 stone
660 133 431 stone
660 133 432 stone
660 133 433 stone
660 133 434 stone
660 133 435 stone
660 133 436 gravel
660 133 437 gravel
660 133 438 gravel
660 133 439 gravel
660 133 440 stone
660 133 441 stone
660 133 442 stone
660 133 443 stone
660 133 444 stone
660 133 445 stone
660 133 446 stone
660 133 447 stone
660 133 448 stone
660 133 449 stone
660 133 450 stone
660 133 451 stone
660 133 452 stone
660 133 453 stone
660 133 454 stone
660 133 455 stone
660 133 456 stone
660 133 457 stone
660 133 458 stone
660 133 459 stone
660 133 460 stone
660 133 461 stone
660 133 462 stone
660 133 463 stone
660 133 464 dirt
660 133 465 dirt
660 133 466 dirt
660 133 467 dirt
660 133 468 dirt
660 133 469 dirt
660 133 470 grass_block[snowy=false]
660 133 471 grass_block[snowy=false]
660 133 472 short_grass
661 133 384 stone
661 133 385 stone
661 133 386 stone
661 133 387 stone
661 133 388 stone
661 133 389 stone
661 133 390 stone
661 133 391 stone
661 133 392 stone
661 133 393 stone
661 133 394 stone
661 133 395 stone
661 133 396 stone
661 133 397 stone
661 133 398 stone
661 133 399 stone
661 133 400 stone
661 133 401 stone
661 133 402 stone
661 133 403 stone
661 133 404 stone
661 133 405 stone
661 133 406 stone
661 133 407 stone
661 133 408 stone
661 133 409 stone
661 133 410 stone
661 133 411 stone
661 133 412 stone
661 133 413 stone
661 133 414 stone
661 133 415 stone
661 133 416 stone
661 133 417 stone
661 133 418 stone
661 133 419 stone
661 133 420 stone
661 133 421 stone
661 133 422 stone
661 133 423 stone
661 133 424 stone
661 133 425 stone
661 133 426 stone
661 133 427 copper_ore
661 133 428 copper_ore
661 133 429 stone
661 133 430 stone
661 133 431 stone
661 133 432 stone
661 133 433 stone
661 133 434 stone
661 133 435 gravel
661 133 436 gravel
661 133 437 gravel
661 133 438 gravel
661 133 439 gravel
661 133 440 stone
661 133 441 stone
661 133 442 stone
661 133 443 stone
661 133 444 stone
661 133 445 stone
661 133 446 stone
661 133 447 stone
661 133 448 stone
661 133 449 stone
661 133 450 stone
661 133 451 stone
661 133 452 stone
661 133 453 stone
661 133 454 stone
661 133 455 stone
661 133 456 stone
661 133 457 stone
661 133 458 stone
661 133 459 stone
661 133 460 stone
661 133 461 stone
661 133 462 stone
661 133 463 stone
661 133 464 dirt
661 133 465 dirt
661 133 466 dirt
661 133 467 dirt
661 133 468 dirt
661 133 469 dirt
661 133 470 grass_block[snowy=false]
661 133 471 grass_block[snowy=false]
661 133 474 short_grass
662 133 384 stone
662 133 385 stone
662 133 386 stone
662 133 387 stone
662 133 388 stone
662 133 389 stone
662 133 390 stone
662 133 391 stone
662 133 392 stone
662 133 393 stone
662 133 394 stone
662 133 395 stone
662 133 396 stone
662 133 397 stone
662 133 398 stone
662 133 399 stone
662 133 400 stone
662 133 401 stone
662 133 402 stone
662 133 403 stone
662 133 404 stone
662 133 405 stone
662 133 406 stone
662 133 407 stone
662 133 408 stone
662 133 409 stone
662 133 410 stone
662 133 411 stone
662 133 412 stone
662 133 413 stone
662 133 414 stone
662 133 415 stone
662 133 416 stone
662 133 417 stone
662 133 418 stone
662 133 419 stone
662 133 420 stone
662 133 421 stone
662 133 422 stone
662 133 423 stone
662 133 424 stone
662 133 425 stone
662 133 426 stone
662 133 427 stone
662 133 428 stone
662 133 429 stone
662 133 430 stone
662 133 431 stone
662 133 432 stone
662 133 433 stone
662 133 434 stone
662 133 435 gravel
662 133 436 gravel
662 133 437 gravel
662 133 438 gravel
662 133 439 stone
662 133 440 stone
662 133 441 stone
662 133 442 stone
662 133 443 stone
662 133 444 stone
662 133 445 stone
662 133 446 stone
662 133 447 stone
662 133 448 stone
662 133 449 stone
662 133 450 stone
662 133 451 stone
662 133 452 stone
662 133 453 stone
662 133 454 coal_ore
662 133 455 coal_ore
662 133 456 coal_ore
662 133 457 stone
662 133 458 stone
662 133 459 stone
662 133 460 stone
662 133 461 stone
662 133 462 stone
662 133 463 dirt
662 133 464 dirt
662 133 465 dirt
662 133 466 dirt
662 133 467 dirt
662 133 468 dirt
662 133 469 dirt
662 133 470 dirt
662 133 471 grass_block[snowy=false]
662 133 473 short_grass
663 133 384 stone
663 133 385 stone
663 133 386 stone
663 133 387 stone
663 133 388 stone
663 133 389 stone
663 133 390 stone
663 133 391 stone
663 133 392 stone
663 133 393 stone
663 133 394 stone
663 133 395 stone
663 133 396 stone
663 133 397 stone
663 133 398 stone
663 133 399 stone
663 133 400 stone
663 133 401 stone
663 133 402 stone
663 133 403 stone
663 133 404 stone
663 133 405 stone
663 133 406 stone
663 133 407 stone
663 133 408 stone
663 133 409 stone
663 133 410 stone
663 133 411 stone
663 133 412 stone
663 133 413 stone
663 133 414 stone
663 133 415 stone
663 133 416 stone
663 133 417 stone
663 133 418 stone
663 133 419 stone
663 133 420 stone
663 133 421 stone
663 133 422 stone
663 133 423 stone
663 133 424 stone
663 133 425 stone
663 133 426 stone
663 133 427 stone
663 133 428 stone
663 133 429 stone
663 133 430 stone
663 133 431 stone
663 133 432 stone
663 133 433 stone
663 133 434 gravel
663 133 435 gravel
663 133 436 gravel
663 133 437 gravel
663 133 438 stone
663 133 439 stone
663 133 440 stone
663 133 441 stone
663 133 442 stone
663 133 443 stone
663 133 444 stone
663 133 445 stone
663 133 446 stone
663 133 447 stone
663 133 448 stone
663 133 449 stone
663 133 450 stone
663 133 451 stone
663 133 452 stone
663 133 453 stone
663 133 454 coal_ore
663 133 455 coal_ore
663 133 456 coal_ore
663 133 457 stone
663 133 458 stone
663 133 459 stone
663 133 460 stone
663 133 461 stone
663 133 462 stone
663 133 463 dirt
663 133 464 dirt
663 133 465 dirt
663 133 466 dirt
663 133 467 dirt
663 133 468 dirt
663 133 469 dirt
663 133 470 grass_block[snowy=false]
663 133 471 grass_block[snowy=false]
664 133 384 stone
664 133 385 stone
664 133 386 stone
664 133 387 stone
664 133 388 stone
664 133 389 stone
664 133 390 stone
664 133 391 stone
664 133 392 stone
664 133 393 stone
664 133 394 stone
664 133 395 stone
664 133 396 stone
664 133 397 stone
664 133 398 stone
664 133 399 stone
664 133 400 stone
664 133 401 stone
664 133 402 stone
664 133 403 stone
664 133 404 stone
664 133 405 stone
664 133 406 stone
664 133 407 stone
664 133 408 stone
664 133 409 stone
664 133 410 stone
664 133 411 stone
664 133 412 stone
664 133 413 stone
664 133 414 stone
664 133 415 stone
664 133 416 stone
664 133 417 stone
664 133 418 stone
664 133 419 stone
664 133 420 stone
664 133 421 stone
664 133 422 stone
664 133 423 stone
664 133 424 stone
664 133 425 stone
664 133 426 stone
664 133 427 stone
664 133 428 stone
664 133 429 stone
664 133 430 stone
664 133 431 stone
664 133 432 stone
664 133 433 stone
664 133 434 gravel
664 133 435 gravel
664 133 436 stone
664 133 437 stone
664 133 438 stone
664 133 439 stone
664 133 440 stone
664 133 441 stone
664 133 442 stone
664 133 443 stone
664 133 444 stone
664 133 445 stone
664 133 446 stone
664 133 447 stone
664 133 448 stone
664 133 449 stone
664 133 450 stone
664 133 451 stone
664 133 452 stone
664 133 453 coal_ore
664 133 454 coal_ore
664 133 455 coal_ore
664 133 456 stone
664 133 457 stone
664 133 458 stone
664 133 459 stone
664 133 460 stone
664 133 461 stone
664 133 462 dirt
664 133 463 dirt
664 133 464 dirt
664 133 465 dirt
664 133 466 dirt
664 133 467 dirt
664 133 468 dirt
664 133 469 grass_block[snowy=false]
664 133 470 grass_block[snowy=false]
