816 145 997 stone
816 145 998 stone
816 145 999 stone
816 145 1000 stone
816 145 1001 stone
816 145 1002 stone
816 145 1003 stone
816 145 1004 stone
816 145 1005 stone
816 145 1006 stone
816 145 1007 stone
816 145 1008 stone
816 145 1009 stone
816 145 1010 stone
816 145 1011 stone
816 145 1012 stone
816 145 1013 stone
816 145 1014 stone
816 145 1015 stone
816 145 1016 stone
816 145 1017 stone
816 145 1018 stone
816 145 1019 stone
816 145 1020 stone
816 145 1021 stone
816 145 1022 stone
816 145 1023 stone
816 146 9 dirt
816 146 10 dirt
816 146 11 stone
816 146 12 stone
816 146 13 stone
816 146 14 stone
816 146 15 stone
816 146 16 stone
816 146 17 stone
816 146 18 stone
816 146 19 stone
816 146 20 stone
816 146 21 stone
816 146 22 stone
816 146 23 stone
816 146 24 stone
816 146 25 stone
816 146 26 stone
816 146 27 stone
816 146 28 stone
816 146 29 stone
816 146 30 stone
816 146 31 stone
816 146 32 stone
816 146 33 stone
816 146 34 stone
816 146 35 stone
816 146 36 stone
816 146 37 stone
816 146 38 stone
816 146 39 stone
816 146 40 stone
816 146 41 stone
816 146 42 stone
816 146 43 stone
816 146 44 stone
816 146 45 stone
816 146 46 stone
816 146 47 stone
816 146 48 stone
816 146 49 stone
816 146 50 stone
816 146 51 dirt
816 146 52 dirt
816 146 53 dirt
816 146 54 dirt
816 146 55 dirt
816 146 56 dirt
816 146 57 dirt
816 146 58 dirt
816 146 59 dirt
816 146 60 dirt
816 146 61 dirt
816 146 62 dirt
816 146 63 dirt
816 146 64 dirt
816 146 65 dirt
816 146 66 grass_block[snowy=false]
816 146 225 grass_block[snowy=false]
816 146 226 dirt
816 146 227 dirt
816 146 228 dirt
816 146 229 dirt
816 146 230 dirt
816 146 231 dirt
816 146 232 dirt
816 146 233 dirt
816 146 234 dirt
816 146 235 dirt
816 146 236 dirt
816 146 237 dirt
816 146 238 dirt
816 146 239 dirt
816 146 240 dirt
816 146 241 grass_block[snowy=false]
816 146 242 grass_block[snowy=false]
816 146 243 grass_block[snowy=false]
816 146 244 grass_block[snowy=false]
816 146 245 grass_block[snowy=false]
816 146 246 grass_block[snowy=false]
816 146 249 grass_block[snowy=false]
816 146 250 grass_block[snowy=false]
816 146 251 grass_block[snowy=false]
816 146 252 grass_block[snowy=false]
816 146 253 dirt
816 146 254 dirt
816 146 255 dirt
816 146 256 dirt
816 146 257 dirt
816 146 258 dirt
816 146 259 dirt
816 146 260 dirt
816 146 261 dirt
816 146 262 dirt
816 146 263 dirt
816 146 264 dirt
816 146 265 dirt
816 146 266 dirt
816 146 267 dirt
816 146 268 dirt
816 146 269 dirt
816 146 270 dirt
816 146 271 dirt
816 146 272 dirt
816 146 273 dirt
816 146 274 dirt
816 146 275 stone
816 146 276 stone
816 146 277 stone
816 146 278 stone
816 146 279 stone
816 146 280 stone
816 146 281 stone
816 146 282 stone
816 146 283 stone
816 146 284 stone
816 146 285 stone
816 146 286 stone
816 146 287 stone
816 146 288 stone
816 146 289 stone
816 146 290 stone
816 146 291 stone
816 146 292 stone
816 146 293 stone
816 146 294 coal_ore
816 146 295 coal_ore
816 146 296 coal_ore
816 146 297 stone
816 146 298 stone
816 146 299 stone
816 146 300 stone
816 146 301 stone
816 146 302 stone
816 146 303 stone
816 146 304 stone
816 146 305 stone
816 146 306 stone
816 146 307 stone
816 146 308 stone
816 146 309 stone
816 146 310 stone
816 146 311 stone
816 146 312 stone
816 146 313 stone
816 146 314 stone
816 146 315 stone
816 146 316 stone
816 146 317 stone
816 146 318 stone
816 146 319 stone
816 146 320 stone
816 146 321 stone
816 146 322 stone
816 146 323 copper_ore
816 146 324 stone
816 146 325 stone
816 146 326 stone
816 146 327 stone
816 146 328 stone
816 146 329 stone
816 146 330 stone
816 146 331 copper_ore
816 146 332 copper_ore
816 146 333 stone
816 146 334 stone
816 146 335 stone
816 146 336 stone
816 146 337 stone
816 146 338 stone
816 146 339 stone
816 146 340 stone
816 146 341 stone
816 146 342 stone
816 146 343 stone
816 146 344 stone
816 146 345 stone
816 146 346 stone
816 146 347 stone
816 146 348 stone
816 146 349 stone
816 146 350 stone
816 146 351 stone
816 146 352 stone
816 146 353 stone
816 146 354 copper_ore
816 146 355 copper_ore
816 146 356 stone
816 146 357 stone
816 146 358 stone
816 146 359 stone
816 146 360 stone
816 146 361 stone
816 146 362 stone
816 146 363 stone
816 146 364 stone
816 146 365 stone
816 146 366 stone
816 146 367 stone
816 146 368 stone
816 146 369 stone
816 146 370 stone
816 146 371 stone
816 146 372 stone
816 146 373 stone
816 146 374 stone
816 146 375 stone
816 146 376 stone
816 146 377 stone
816 146 378 stone
816 146 379 stone
816 146 380 stone
816 146 381 stone
816 146 382 stone
816 146 383 stone
816 146 384 stone
816 146 385 stone
816 146 386 stone
816 146 387 stone
816 146 388 dirt
816 146 389 dirt
816 146 390 dirt
816 146 391 dirt
816 146 392 dirt
816 146 393 dirt
816 146 394 dirt
816 146 395 dirt
816 146 396 stone
816 146 397 stone
816 146 398 stone
816 146 399 stone
816 146 400 stone
816 146 401 stone
816 146 402 stone
816 146 403 stone
816 146 404 coal_ore
816 146 405 coal_ore
816 146 406 coal_ore
816 146 407 dirt
816 146 408 dirt
816 146 409 dirt
816 146 410 dirt
816 146 411 dirt
816 146 412 dirt
816 146 413 stone
816 146 414 stone
816 146 415 stone
816 146 416 stone
816 146 417 stone
816 146 418 stone
816 146 419 stone
816 146 420 stone
816 146 421 stone
816 146 422 stone
816 146 423 stone
816 146 424 stone
816 146 425 stone
816 146 426 stone
816 146 427 stone
816 146 428 stone
816 146 429 stone
816 146 430 dirt
816 146 431 dirt
816 146 432 dirt
816 146 433 dirt
816 146 434 grass_block[snowy=false]
816 146 435 grass_block[snowy=false]
816 146 531 grass_block[snowy=false]
816 146 532 dirt
816 146 533 dirt
816 146 534 dirt
816 146 535 dirt
816 146 536 dirt
816 146 537 dirt
816 146 538 dirt
816 146 539 dirt
816 146 540 stone
816 146 541 stone
816 146 542 stone
816 146 543 stone
816 146 544 stone
816 146 545 stone
816 146 546 stone
816 146 547 stone
816 146 548 stone
816 146 549 stone
816 146 550 stone
816 146 551 stone
816 146 552 stone
816 146 553 stone
816 146 554 stone
816 146 555 stone
816 146 556 stone
816 146 557 stone
816 146 558 stone
816 146 559 stone
816 146 560 stone
816 146 561 stone
816 146 562 stone
816 146 563 stone
816 146 564 stone
816 146 565 stone
816 146 566 stone
816 146 567 stone
816 146 568 gravel
816 146 569 gravel
816 146 570 gravel
816 146 571 gravel
816 146 572 gravel
816 146 573 stone
816 146 574 stone
816 146 575 stone
816 146 576 stone
816 146 577 stone
816 146 578 stone
816 146 579 stone
816 146 580 stone
816 146 581 stone
816 146 582 stone
816 146 583 stone
816 146 584 stone
816 146 585 stone
816 146 586 stone
816 146 587 stone
816 146 588 stone
816 146 589 stone
816 146 590 stone
816 146 591 stone
816 146 592 stone
816 146 593 stone
816 146 594 stone
816 146 595 stone
816 146 596 stone
816 146 597 stone
816 146 598 stone
816 146 599 stone
816 146 600 stone
816 146 601 stone
816 146 602 stone
816 146 603 stone
816 146 604 stone
816 146 605 stone
816 146 606 stone
816 146 607 stone
816 146 608 stone
816 146 609 stone
816 146 610 stone
816 146 611 stone
816 146 612 stone
816 146 613 stone
816 146 614 stone
816 146 615 stone
816 146 616 stone
816 146 617 stone
816 146 618 stone
816 146 619 stone
816 146 620 dirt
816 146 621 dirt
816 146 622 dirt
816 146 623 dirt
816 146 624 dirt
816 146 625 dirt
816 146 626 dirt
816 146 627 dirt
816 146 628 dirt
816 146 629 dirt
816 146 630 stone
816 146 631 stone
816 146 632 stone
816 146 633 stone
816 146 634 stone
816 146 635 stone
816 146 636 stone
816 146 637 stone
816 146 638 stone
816 146 639 stone
816 146 640 stone
816 146 641 stone
816 146 642 stone
816 146 643 stone
816 146 644 stone
816 146 645 stone
816 146 646 stone
816 146 647 stone
816 146 648 stone
816 146 649 stone
816 146 650 stone
816 146 651 stone
816 146 652 stone
816 146 653 stone
816 146 654 stone
816 146 655 stone
816 146 656 stone
816 146 657 stone
816 146 658 stone
816 146 659 stone
816 146 660 stone
816 146 661 stone
816 146 662 stone
816 146 663 stone
816 146 664 stone
816 146 665 stone
816 146 666 stone
816 146 667 stone
816 146 668 stone
816 146 669 stone
816 146 670 stone
816 146 671 stone
816 146 672 stone
816 146 673 stone
816 146 674 stone
816 146 675 stone
816 146 676 stone
816 146 677 stone
816 146 678 stone
816 146 679 stone
816 146 680 stone
816 146 681 stone
816 146 682 stone
816 146 683 stone
816 146 684 stone
816 146 685 stone
816 146 686 stone
816 146 687 stone
816 146 688 stone
816 146 689 stone
816 146 690 stone
816 146 691 stone
816 146 692 stone
816 146 693 stone
816 146 694 stone
816 146 695 stone
816 146 696 stone
816 146 697 stone
816 146 698 stone
816 146 699 stone
816 146 700 stone
816 146 701 stone
816 146 702 stone
816 146 703 stone
816 146 704 stone
816 146 705 stone
816 146 706 stone
816 146 707 stone
816 146 708 stone
816 146 709 stone
816 146 710 stone
816 146 711 stone
816 146 712 stone
816 146 713 stone
816 146 714 stone
816 146 715 stone
816 146 716 stone
816 146 717 stone
816 146 718 stone
816 146 719 stone
816 146 720 stone
816 146 721 stone
816 146 722 stone
816 146 723 stone
816 146 724 stone
816 146 725 stone
816 146 726 stone
816 146 727 stone
816 146 728 stone
816 146 729 stone
816 146 730 dirt
816 146 731 dirt
816 146 732 dirt
816 146 733 dirt
816 146 734 dirt
816 146 735 stone
816 146 736 stone
816 146 737 stone
816 146 738 stone
816 146 739 stone
816 146 740 stone
816 146 741 stone
816 146 742 stone
816 146 743 stone
816 146 744 stone
816 146 745 stone
816 146 746 stone
816 146 747 stone
816 146 748 stone
816 146 749 stone
816 146 750 stone
816 146 751 stone
816 146 752 stone
816 146 753 stone
816 146 754 stone
816 146 755 stone
816 146 756 stone
816 146 757 stone
816 146 758 stone
816 146 759 stone
816 146 760 stone
816 146 761 stone
816 146 762 stone
816 146 763 stone
816 146 764 stone
816 146 765 stone
816 146 766 stone
816 146 767 stone
816 146 768 stone
816 146 769 stone
816 146 770 stone
816 146 771 stone
816 146 772 stone
816 146 773 stone
816 146 774 stone
816 146 775 stone
816 146 776 stone
816 146 777 stone
816 146 778 stone
816 146 779 stone
816 146 780 stone
816 146 781 stone
816 146 782 stone
816 146 783 stone
816 146 784 stone
816 146 785 stone
816 146 786 stone
816 146 787 stone
816 146 788 stone
816 146 789 stone
816 146 790 stone
816 146 791 stone
816 146 792 stone
816 146 793 stone
816 146 794 stone
816 146 795 stone
816 146 796 stone
816 146 797 stone
816 146 798 stone
816 146 799 stone
816 146 800 stone
816 146 801 stone
816 146 802 stone
816 146 803 stone
816 146 804 stone
816 146 805 stone
816 146 806 stone
816 146 807 stone
816 146 808 stone
816 146 809 stone
816 146 810 stone
816 146 811 stone
816 146 812 stone
816 146 813 stone
816 146 814 stone
816 146 815 stone
816 146 816 stone
816 146 817 stone
816 146 818 stone
816 146 819 stone
816 146 820 stone
816 146 821 stone
816 146 822 stone
816 146 823 stone
816 146 824 stone
816 146 825 stone
816 146 826 stone
816 146 827 stone
816 146 828 stone
816 146 829 stone
816 146 830 stone
816 146 831 stone
816 146 832 stone
816 146 833 stone
816 146 834 stone
816 146 835 stone
816 146 836 stone
816 146 837 stone
816 146 838 stone
816 146 839 stone
816 146 840 stone
816 146 841 stone
816 146 842 stone
816 146 843 stone
816 146 844 stone
816 146 845 stone
816 146 846 stone
816 146 847 stone
816 146 848 stone
816 146 849 stone
816 146 850 stone
816 146 851 stone
816 146 852 stone
816 146 853 stone
816 146 854 stone
816 146 855 stone
816 146 856 stone
816 146 857 stone
816 146 858 stone
816 146 859 stone
816 146 860 stone
816 146 861 stone
816 146 862 stone
816 146 863 stone
816 146 864 stone
816 146 865 stone
816 146 866 stone
816 146 867 stone
816 146 868 stone
816 146 869 stone
816 146 871 stone
816 146 872 stone
816 146 873 stone
816 146 874 stone
816 146 875 stone
816 146 876 stone
816 146 877 stone
816 146 878 stone
816 146 879 stone
816 146 880 stone
816 146 881 stone
816 146 882 stone
816 146 883 stone
816 146 884 stone
816 146 885 stone
816 146 886 stone
816 146 887 stone
816 146 888 stone
816 146 889 stone
816 146 890 stone
816 146 891 stone
816 146 892 stone
816 146 893 stone
816 146 894 stone
816 146 895 stone
816 146 896 stone
816 146 897 stone
816 146 898 stone
816 146 899 stone
816 146 900 stone
816 146 901 stone
816 146 902 stone
816 146 903 stone
816 146 904 stone
816 146 905 stone
816 146 906 stone
816 146 907 stone
816 146 908 stone
816 146 909 stone
816 146 910 stone
816 146 911 stone
816 146 912 stone
816 146 913 stone
816 146 914 stone
816 146 915 stone
816 146 916 stone
816 146 917 stone
816 146 918 stone
816 146 919 stone
816 146 920 stone
816 146 921 stone
816 146 922 stone
816 146 923 stone
816 146 924 coal_ore
816 146 925 coal_ore
816 146 926 coal_ore
816 146 927 coal_ore
816 146 928 stone
816 146 929 stone
816 146 930 stone
816 146 931 stone
816 146 932 stone
816 146 933 stone
816 146 934 stone
816 146 935 stone
816 146 936 stone
816 146 937 stone
816 146 938 stone
816 146 939 stone
816 146 940 stone
816 146 941 stone
816 146 942 stone
816 146 943 stone
816 146 944 stone
816 146 945 dirt
816 146 965 dirt
816 146 966 stone
816 146 967 stone
816 146 968 stone
816 146 969 stone
816 146 970 stone
816 146 971 stone
816 146 972 stone
816 146 973 stone
816 146 974 stone
816 146 975 stone
816 146 976 stone
816 146 977 stone
816 146 978 stone
816 146 979 stone
816 146 980 stone
816 146 981 stone
816 146 982 stone
816 146 983 stone
816 146 984 stone
816 146 985 stone
816 146 986 stone
816 146 987 stone
816 146 988 stone
816 146 989 stone
816 146 990 stone
816 146 991 stone
816 146 992 stone
816 146 993 stone
816 146 994 stone
816 146 995 stone
816 146 996 stone
816 146 997 stone
816 146 998 stone
816 146 999 stone
816 146 1000 stone
816 146 1001 stone
816 146 1002 stone
816 146 1003 stone
816 146 1004 stone
816 146 1005 stone
816 146 1006 stone
816 146 1007 stone
816 146 1008 stone
816 146 1009 stone
816 146 1010 stone
816 146 1011 stone
816 146 1012 stone
816 146 1013 stone
816 146 1014 stone
816 146 1015 stone
816 146 1016 stone
816 146 1017 stone
816 146 1018 stone
816 146 1019 stone
816 146 1020 stone
816 146 1021 stone
816 146 1022 stone
816 146 1023 stone
816 147 9 grass_block[snowy=false]
816 147 10 dirt
816 147 11 dirt
816 147 12 stone
816 147 13 stone
816 147 14 stone
816 147 15 stone
816 147 16 stone
816 147 17 stone
816 147 18 stone
816 147 19 stone
816 147 20 stone
816 147 21 stone
816 147 22 stone
816 147 23 stone
816 147 24 stone
816 147 25 stone
816 147 26 stone
816 147 27 dirt
816 147 28 dirt
816 147 29 dirt
816 147 30 stone
816 147 31 stone
816 147 32 stone
816 147 33 stone
816 147 34 stone
816 147 35 stone
816 147 36 stone
816 147 37 stone
816 147 38 stone
816 147 39 stone
816 147 40 stone
816 147 41 stone
816 147 42 stone
816 147 43 stone
816 147 44 stone
816 147 45 stone
816 147 46 stone
816 147 47 stone
816 147 48 dirt
816 147 49 dirt
816 147 50 dirt
816 147 51 dirt
816 147 52 dirt
816 147 53 dirt
816 147 54 dirt
816 147 55 dirt
816 147 56 dirt
816 147 57 dirt
816 147 58 dirt
816 147 59 dirt
816 147 60 dirt
816 147 61 dirt
816 147 62 dirt
816 147 63 dirt
816 147 64 grass_block[snowy=false]
816 147 65 grass_block[snowy=false]
816 147 225 pink_petals[facing=south,flower_amount=4]
816 147 226 grass_block[snowy=false]
816 147 227 grass_block[snowy=false]
816 147 228 dirt
816 147 229 dirt
816 147 230 dirt
816 147 231 dirt
816 147 232 dirt
816 147 233 dirt
816 147 234 dirt
816 147 235 dirt
816 147 236 grass_block[snowy=false]
816 147 237 grass_block[snowy=false]
816 147 238 grass_block[snowy=false]
816 147 239 grass_block[snowy=false]
816 147 240 grass_block[snowy=false]
816 147 242 short_grass
816 147 243 short_grass
816 147 245 short_grass
816 147 246 short_grass
816 147 250 short_grass
816 147 251 short_grass
816 147 252 short_grass
816 147 253 grass_block[snowy=false]
816 147 254 grass_block[snowy=false]
816 147 255 dirt
816 147 256 dirt
816 147 257 dirt
816 147 258 dirt
816 147 259 dirt
816 147 260 dirt
816 147 261 dirt
816 147 262 dirt
816 147 263 dirt
816 147 264 dirt
816 147 265 dirt
816 147 266 dirt
816 147 267 dirt
816 147 268 dirt
816 147 269 dirt
816 147 270 dirt
816 147 271 dirt
816 147 272 dirt
816 147 273 dirt
816 147 274 dirt
816 147 275 dirt
816 147 276 dirt
816 147 277 dirt
816 147 278 dirt
816 147 279 dirt
816 147 280 dirt
816 147 281 stone
816 147 282 stone
816 147 283 stone
816 147 284 stone
816 147 285 stone
816 147 286 stone
816 147 287 stone
816 147 288 stone
816 147 289 stone
816 147 290 stone
816 147 291 stone
816 147 292 stone
816 147 293 stone
816 147 294 stone
816 147 295 stone
816 147 296 stone
816 147 297 stone
816 147 298 stone
816 147 299 stone
816 147 300 stone
816 147 301 stone
816 147 302 stone
816 147 303 stone
816 147 304 stone
816 147 305 stone
816 147 306 stone
816 147 307 stone
816 147 308 stone
816 147 309 stone
816 147 310 stone
816 147 311 stone
816 147 312 stone
816 147 313 stone
816 147 314 stone
816 147 315 stone
816 147 316 stone
816 147 317 stone
816 147 318 stone
816 147 319 stone
816 147 320 stone
816 147 321 stone
816 147 322 stone
816 147 323 copper_ore
816 147 324 copper_ore
816 147 325 stone
816 147 326 stone
816 147 327 stone
816 147 328 stone
816 147 329 stone
816 147 330 stone
816 147 331 copper_ore
816 147 332 copper_ore
816 147 333 stone
816 147 334 stone
816 147 335 stone
816 147 336 stone
816 147 337 stone
816 147 338 stone
816 147 339 stone
816 147 340 stone
816 147 341 stone
816 147 342 stone
816 147 343 stone
816 147 344 stone
816 147 345 stone
816 147 346 stone
816 147 347 stone
816 147 348 stone
816 147 349 stone
816 147 350 stone
816 147 351 stone
816 147 352 stone
816 147 353 stone
816 147 354 stone
816 147 355 stone
816 147 356 stone
816 147 357 stone
816 147 358 stone
816 147 359 stone
816 147 360 stone
816 147 361 stone
816 147 362 stone
816 147 363 stone
816 147 364 stone
816 147 365 stone
816 147 366 stone
816 147 367 stone
816 147 368 stone
816 147 369 stone
816 147 370 stone
816 147 371 stone
816 147 372 stone
816 147 373 stone
816 147 374 stone
816 147 375 stone
816 147 376 stone
816 147 377 stone
816 147 378 stone
816 147 379 stone
816 147 380 stone
816 147 381 stone
816 147 382 stone
816 147 383 stone
816 147 384 stone
816 147 385 stone
816 147 386 stone
816 147 387 stone
816 147 388 dirt
816 147 389 dirt
816 147 390 dirt
816 147 391 dirt
816 147 392 dirt
816 147 393 dirt
816 147 394 dirt
816 147 395 dirt
816 147 396 stone
816 147 397 stone
816 147 398 stone
816 147 399 stone
816 147 400 stone
816 147 401 stone
816 147 402 stone
816 147 403 stone
816 147 404 stone
816 147 405 coal_ore
816 147 406 coal_ore
816 147 407 dirt
816 147 408 dirt
816 147 409 dirt
816 147 410 dirt
816 147 411 dirt
816 147 412 dirt
816 147 413 stone
816 147 414 stone
816 147 415 stone
816 147 416 stone
816 147 417 stone
816 147 418 stone
816 147 419 stone
816 147 420 stone
816 147 421 stone
816 147 422 stone
816 147 423 stone
816 147 424 stone
816 147 425 stone
816 147 426 stone
816 147 427 dirt
816 147 428 dirt
816 147 429 dirt
816 147 430 dirt
816 147 431 dirt
816 147 432 dirt
816 147 433 grass_block[snowy=false]
816 147 532 grass_block[snowy=false]
816 147 533 dirt
816 147 534 dirt
816 147 535 dirt
816 147 536 dirt
816 147 537 dirt
816 147 538 dirt
816 147 539 dirt
816 147 540 stone
816 147 541 stone
816 147 542 stone
816 147 543 stone
816 147 544 stone
816 147 545 stone
816 147 546 stone
816 147 547 stone
816 147 548 stone
816 147 549 stone
816 147 550 stone
816 147 551 stone
816 147 552 stone
816 147 553 stone
816 147 554 stone
816 147 555 stone
816 147 556 stone
816 147 557 stone
816 147 558 stone
816 147 559 stone
816 147 560 stone
816 147 561 stone
816 147 562 stone
816 147 563 stone
816 147 564 stone
816 147 565 stone
816 147 566 stone
816 147 567 stone
816 147 568 stone
816 147 569 stone
816 147 570 gravel
816 147 571 stone
816 147 572 stone
816 147 573 stone
816 147 574 stone
816 147 575 stone
816 147 576 stone
816 147 577 stone
816 147 578 stone
816 147 579 stone
816 147 580 stone
816 147 581 stone
816 147 582 stone
816 147 583 stone
816 147 584 stone
816 147 585 stone
816 147 586 stone
816 147 587 stone
816 147 588 stone
816 147 589 stone
816 147 590 stone
816 147 591 stone
816 147 592 stone
816 147 593 stone
816 147 594 stone
816 147 595 stone
816 147 596 stone
816 147 597 stone
816 147 598 stone
816 147 599 stone
816 147 600 stone
816 147 601 stone
816 147 602 stone
816 147 603 stone
816 147 604 stone
816 147 605 stone
816 147 606 stone
816 147 607 stone
816 147 608 stone
816 147 609 stone
816 147 610 stone
816 147 611 stone
816 147 612 stone
816 147 613 stone
816 147 614 stone
