816 122 761 stone
816 122 762 andesite
816 122 763 andesite
816 122 764 andesite
816 122 765 andesite
816 122 766 andesite
816 122 767 andesite
816 122 768 andesite
816 122 769 andesite
816 122 770 andesite
816 122 771 andesite
816 122 772 granite
816 122 773 granite
816 122 774 granite
816 122 775 stone
816 122 776 stone
816 122 777 stone
816 122 778 stone
816 122 779 stone
816 122 780 stone
816 122 781 stone
816 122 782 stone
816 122 783 stone
816 122 784 stone
816 122 785 stone
816 122 786 stone
816 122 787 stone
816 122 798 stone
816 122 799 dirt
816 122 800 dirt
816 122 801 dirt
816 122 802 dirt
816 122 803 dirt
816 122 804 dirt
816 122 805 dirt
816 122 806 dirt
816 122 807 stone
816 122 808 andesite
816 122 809 andesite
816 122 810 andesite
816 122 811 andesite
816 122 812 stone
816 122 813 stone
816 122 814 stone
816 122 815 stone
816 122 816 stone
816 122 817 stone
816 122 818 stone
816 122 819 stone
816 122 820 stone
816 122 821 stone
816 122 822 stone
816 122 823 stone
816 122 824 stone
816 122 825 stone
816 122 826 stone
816 122 827 stone
816 122 828 stone
816 122 829 stone
816 122 830 stone
816 122 831 stone
816 122 832 stone
816 122 833 stone
816 122 834 stone
816 122 835 stone
816 122 836 stone
816 122 837 stone
816 122 838 stone
816 122 839 stone
816 122 840 stone
816 122 841 stone
816 122 842 stone
816 122 843 andesite
816 122 844 andesite
816 122 845 andesite
816 122 846 andesite
816 122 847 andesite
816 122 848 andesite
816 122 849 andesite
816 122 850 andesite
816 122 851 andesite
816 122 852 stone
816 122 853 stone
816 122 862 stone
816 122 863 stone
816 122 864 stone
816 122 865 stone
816 122 866 stone
816 122 867 stone
816 122 868 stone
816 122 869 stone
816 122 870 andesite
816 122 871 andesite
816 122 872 andesite
816 122 873 andesite
816 122 874 andesite
816 122 875 andesite
816 122 883 granite
816 122 884 granite
816 122 885 granite
816 122 886 granite
816 122 887 granite
816 122 888 stone
816 122 889 stone
816 122 890 stone
816 122 891 stone
816 122 892 stone
816 122 893 stone
816 122 894 stone
816 122 895 stone
816 122 896 stone
816 122 897 stone
816 122 898 stone
816 122 899 stone
816 122 900 stone
816 122 901 stone
816 122 902 stone
816 122 903 stone
816 122 904 stone
816 122 905 stone
816 122 906 stone
816 122 907 stone
816 122 908 stone
816 122 909 stone
816 122 910 stone
816 122 911 stone
816 122 912 stone
816 122 913 stone
816 122 914 stone
816 122 915 stone
816 122 916 stone
816 122 917 stone
816 122 918 stone
816 122 919 stone
816 122 920 stone
816 122 921 stone
816 122 922 stone
816 122 923 stone
816 122 924 stone
816 122 925 stone
816 122 926 stone
816 122 927 stone
816 122 928 stone
816 122 929 stone
816 122 930 stone
816 122 931 stone
816 122 932 stone
816 122 933 stone
816 122 934 stone
816 122 935 stone
816 122 936 stone
816 122 937 stone
816 122 938 stone
816 122 939 stone
816 122 940 stone
816 122 941 andesite
816 122 942 andesite
816 122 943 andesite
816 122 944 andesite
816 122 945 andesite
816 122 946 stone
816 122 947 stone
816 122 948 stone
816 122 949 stone
816 122 950 stone
816 122 951 water[level=0]
816 122 952 water[level=0]
816 122 953 water[level=0]
816 122 954 water[level=0]
816 122 955 water[level=0]
816 122 956 water[level=0]
816 122 957 water[level=0]
816 122 958 dirt
816 122 959 stone
816 122 960 stone
816 122 961 water[level=0]
816 122 962 water[level=0]
816 122 963 water[level=0]
816 122 964 stone
816 122 965 stone
816 122 966 stone
816 122 967 stone
816 122 968 stone
816 122 969 stone
816 122 970 stone
816 122 971 stone
816 122 972 stone
816 122 973 stone
816 122 974 stone
816 122 975 stone
816 122 976 stone
816 122 977 stone
816 122 978 stone
816 122 979 stone
816 122 980 stone
816 122 981 stone
816 122 982 stone
816 122 983 stone
816 122 984 stone
816 122 985 stone
816 122 986 stone
816 122 987 stone
816 122 988 stone
816 122 989 stone
816 122 990 stone
816 122 991 stone
816 122 992 stone
816 122 993 stone
816 122 994 stone
816 122 995 stone
816 122 996 stone
816 122 997 stone
816 122 998 stone
816 122 999 stone
816 122 1000 stone
816 122 1001 stone
816 122 1002 stone
816 122 1003 stone
816 122 1004 stone
816 122 1005 granite
816 122 1006 granite
816 122 1007 granite
816 122 1008 granite
816 122 1009 granite
816 122 1010 stone
816 122 1011 stone
816 122 1012 stone
816 122 1013 diorite
816 122 1014 diorite
816 122 1015 diorite
816 122 1016 diorite
816 122 1017 diorite
816 122 1018 diorite
816 122 1019 diorite
816 122 1020 diorite
816 122 1021 diorite
816 122 1022 stone
816 122 1023 stone
816 123 0 stone
816 123 1 stone
816 123 2 stone
816 123 3 stone
816 123 4 stone
816 123 5 stone
816 123 6 stone
816 123 7 stone
816 123 8 stone
816 123 9 stone
816 123 10 stone
816 123 11 stone
816 123 12 stone
816 123 13 stone
816 123 14 stone
816 123 15 stone
816 123 16 stone
816 123 17 stone
816 123 18 stone
816 123 19 stone
816 123 20 stone
816 123 21 stone
816 123 22 stone
816 123 23 stone
816 123 24 stone
816 123 25 stone
816 123 26 stone
816 123 27 stone
816 123 28 stone
816 123 29 stone
816 123 30 stone
816 123 31 stone
816 123 32 stone
816 123 33 stone
816 123 34 stone
816 123 35 stone
816 123 36 stone
816 123 37 stone
816 123 38 stone
816 123 39 stone
816 123 40 stone
816 123 41 stone
816 123 42 stone
816 123 43 stone
816 123 44 stone
816 123 45 stone
816 123 46 stone
816 123 47 stone
816 123 48 stone
816 123 49 stone
816 123 50 stone
816 123 51 stone
816 123 52 stone
816 123 53 stone
816 123 54 stone
816 123 55 stone
816 123 56 stone
816 123 57 stone
816 123 58 stone
816 123 59 gravel
816 123 60 gravel
816 123 61 stone
816 123 62 stone
816 123 63 stone
816 123 64 stone
816 123 65 stone
816 123 66 stone
816 123 67 stone
816 123 68 stone
816 123 69 stone
816 123 70 stone
816 123 71 stone
816 123 72 stone
816 123 73 stone
816 123 74 stone
816 123 75 stone
816 123 76 stone
816 123 77 dirt
816 123 78 dirt
816 123 79 stone
816 123 80 stone
816 123 81 stone
816 123 82 stone
816 123 83 stone
816 123 84 stone
816 123 85 stone
816 123 86 stone
816 123 87 stone
816 123 88 stone
816 123 89 stone
816 123 90 stone
816 123 91 stone
816 123 92 stone
816 123 93 stone
816 123 94 stone
816 123 95 granite
816 123 96 granite
816 123 97 granite
816 123 98 granite
816 123 99 stone
816 123 100 stone
816 123 101 stone
816 123 103 stone
816 123 104 stone
816 123 105 stone
816 123 106 stone
816 123 107 stone
816 123 108 stone
816 123 109 stone
816 123 110 stone
816 123 111 stone
816 123 112 stone
816 123 113 stone
816 123 114 stone
816 123 121 stone
816 123 122 stone
816 123 123 stone
816 123 124 stone
816 123 125 stone
816 123 126 stone
816 123 127 stone
816 123 128 stone
816 123 129 stone
816 123 130 stone
816 123 131 stone
816 123 132 stone
816 123 133 stone
816 123 134 stone
816 123 135 granite
816 123 136 granite
816 123 137 granite
816 123 138 granite
816 123 139 granite
816 123 140 granite
816 123 141 stone
816 123 142 stone
816 123 143 stone
816 123 144 stone
816 123 145 stone
816 123 146 stone
816 123 147 stone
816 123 148 stone
816 123 149 stone
816 123 150 stone
816 123 151 stone
816 123 152 stone
816 123 153 stone
816 123 154 stone
816 123 155 stone
816 123 156 stone
816 123 157 stone
816 123 158 stone
816 123 159 stone
816 123 160 stone
816 123 161 stone
816 123 162 stone
816 123 163 stone
816 123 164 stone
816 123 165 stone
816 123 166 stone
816 123 167 stone
816 123 168 stone
816 123 169 stone
816 123 170 stone
816 123 171 stone
816 123 172 stone
816 123 173 stone
816 123 174 stone
816 123 175 stone
816 123 176 stone
816 123 177 stone
816 123 178 stone
816 123 179 stone
816 123 180 stone
816 123 181 stone
816 123 182 stone
816 123 183 stone
816 123 184 stone
816 123 185 stone
816 123 186 stone
816 123 187 stone
816 123 188 stone
816 123 189 stone
816 123 190 stone
816 123 191 stone
816 123 192 stone
816 123 193 stone
816 123 194 stone
816 123 195 stone
816 123 196 stone
816 123 197 gravel
816 123 198 gravel
816 123 199 gravel
816 123 200 gravel
816 123 201 stone
816 123 202 stone
816 123 203 stone
816 123 204 stone
816 123 205 stone
816 123 206 stone
816 123 207 stone
816 123 208 stone
816 123 209 stone
816 123 210 stone
816 123 211 stone
816 123 212 stone
816 123 213 stone
816 123 214 stone
816 123 215 stone
816 123 216 stone
816 123 217 stone
816 123 218 stone
816 123 219 stone
816 123 220 stone
816 123 221 stone
816 123 222 stone
816 123 223 stone
816 123 224 stone
816 123 225 stone
816 123 226 stone
816 123 227 stone
816 123 228 stone
816 123 229 stone
816 123 230 stone
816 123 231 stone
816 123 232 stone
816 123 233 stone
816 123 234 stone
816 123 235 stone
816 123 236 stone
816 123 237 stone
816 123 238 stone
816 123 239 stone
816 123 240 stone
816 123 241 stone
816 123 242 stone
816 123 243 stone
816 123 244 stone
816 123 245 stone
816 123 246 stone
816 123 247 stone
816 123 248 stone
816 123 249 stone
816 123 250 stone
816 123 251 stone
816 123 252 stone
816 123 253 stone
816 123 254 stone
816 123 255 stone
816 123 256 stone
816 123 257 stone
816 123 258 stone
816 123 259 stone
816 123 260 stone
816 123 261 stone
816 123 262 stone
816 123 263 stone
816 123 264 stone
816 123 265 stone
816 123 266 coal_ore
816 123 267 coal_ore
816 123 268 coal_ore
816 123 269 diorite
816 123 270 diorite
816 123 271 diorite
816 123 272 diorite
816 123 273 diorite
816 123 274 diorite
816 123 275 diorite
816 123 276 stone
816 123 279 stone
816 123 280 stone
816 123 281 stone
816 123 282 stone
816 123 283 stone
816 123 284 stone
816 123 285 stone
816 123 286 stone
816 123 287 stone
816 123 288 stone
816 123 289 stone
816 123 290 stone
816 123 291 stone
816 123 292 stone
816 123 293 stone
816 123 294 stone
816 123 295 stone
816 123 296 stone
816 123 297 stone
816 123 298 stone
816 123 299 stone
816 123 300 stone
816 123 301 stone
816 123 302 stone
816 123 305 stone
816 123 306 stone
816 123 307 stone
816 123 308 stone
816 123 309 stone
816 123 310 stone
816 123 311 stone
816 123 312 stone
816 123 313 stone
816 123 314 stone
816 123 315 stone
816 123 316 stone
816 123 317 stone
816 123 318 stone
816 123 319 stone
816 123 320 stone
816 123 321 stone
816 123 322 stone
816 123 323 stone
816 123 324 stone
816 123 325 stone
816 123 326 stone
816 123 327 stone
816 123 328 stone
816 123 329 stone
816 123 330 stone
816 123 331 stone
816 123 332 stone
816 123 333 stone
816 123 334 stone
816 123 335 stone
816 123 336 stone
816 123 337 stone
816 123 338 stone
816 123 339 stone
816 123 340 stone
816 123 341 stone
816 123 342 lapis_ore
816 123 343 stone
816 123 344 stone
816 123 345 stone
816 123 346 stone
816 123 347 stone
816 123 348 stone
816 123 349 stone
816 123 350 stone
816 123 351 stone
816 123 352 iron_ore
816 123 353 stone
816 123 354 stone
816 123 355 stone
816 123 356 stone
816 123 357 stone
816 123 358 stone
816 123 359 stone
816 123 360 stone
816 123 361 stone
816 123 362 stone
816 123 363 stone
816 123 364 stone
816 123 365 stone
816 123 366 stone
816 123 367 stone
816 123 368 stone
816 123 369 stone
816 123 370 stone
816 123 371 stone
816 123 372 infested_stone
816 123 373 infested_stone
816 123 374 stone
816 123 375 stone
816 123 376 stone
816 123 377 water[level=0]
816 123 378 water[level=0]
816 123 379 water[level=0]
816 123 380 water[level=0]
816 123 381 water[level=0]
816 123 382 water[level=0]
816 123 383 water[level=0]
816 123 384 water[level=0]
816 123 385 water[level=0]
816 123 386 water[level=0]
816 123 387 water[level=0]
816 123 388 water[level=0]
816 123 389 water[level=0]
816 123 390 water[level=0]
816 123 391 water[level=0]
816 123 392 stone
816 123 393 stone
816 123 394 stone
816 123 395 stone
816 123 396 stone
816 123 397 stone
816 123 398 stone
816 123 399 stone
816 123 400 stone
816 123 401 stone
816 123 402 stone
816 123 403 stone
816 123 404 stone
816 123 405 stone
816 123 406 stone
816 123 407 stone
816 123 408 stone
816 123 409 stone
816 123 410 stone
816 123 411 stone
816 123 412 stone
816 123 413 stone
816 123 414 stone
816 123 415 stone
816 123 416 stone
816 123 417 stone
816 123 418 stone
816 123 419 stone
816 123 420 stone
816 123 421 stone
816 123 422 stone
816 123 423 stone
816 123 424 stone
816 123 425 stone
816 123 426 stone
816 123 427 stone
816 123 428 stone
816 123 429 stone
816 123 430 dirt
816 123 431 stone
816 123 432 stone
816 123 433 stone
816 123 434 stone
816 123 435 stone
816 123 436 stone
816 123 437 stone
816 123 438 stone
816 123 439 stone
816 123 440 stone
816 123 441 stone
816 123 442 stone
816 123 443 stone
816 123 444 stone
816 123 445 gravel
816 123 446 gravel
816 123 447 dirt
816 123 448 dirt
816 123 449 dirt
816 123 450 stone
816 123 451 stone
816 123 452 water[level=0]
816 123 453 water[level=0]
816 123 454 granite
816 123 455 dirt
816 123 456 dirt
816 123 457 water[level=0]
816 123 458 water[level=0]
816 123 459 water[level=0]
816 123 460 water[level=0]
816 123 461 water[level=0]
816 123 462 water[level=0]
816 123 463 water[level=0]
816 123 464 water[level=0]
816 123 465 water[level=0]
816 123 466 water[level=0]
816 123 467 water[level=0]
816 123 468 water[level=0]
816 123 469 water[level=0]
816 123 470 water[level=0]
816 123 471 water[level=0]
816 123 472 water[level=0]
816 123 473 water[level=0]
816 123 474 water[level=0]
816 123 475 water[level=0]
816 123 476 water[level=0]
816 123 477 water[level=0]
816 123 478 water[level=0]
816 123 479 water[level=0]
816 123 480 water[level=0]
816 123 481 water[level=0]
816 123 482 water[level=0]
816 123 483 water[level=0]
816 123 484 water[level=0]
816 123 485 water[level=0]
816 123 486 water[level=0]
816 123 487 sand
816 123 488 sand
816 123 489 sand
816 123 490 granite
816 123 491 granite
816 123 492 stone
816 123 493 stone
816 123 494 water[level=0]
816 123 495 stone
816 123 496 stone
816 123 497 stone
816 123 498 stone
816 123 499 stone
816 123 500 stone
816 123 501 stone
816 123 502 stone
816 123 503 stone
816 123 504 stone
816 123 505 stone
816 123 506 stone
816 123 507 stone
816 123 508 stone
816 123 509 stone
816 123 510 stone
816 123 511 stone
816 123 512 stone
816 123 513 stone
816 123 514 stone
816 123 515 stone
816 123 516 stone
816 123 517 stone
816 123 518 stone
816 123 519 stone
816 123 520 stone
816 123 521 stone
816 123 522 stone
816 123 523 stone
816 123 524 stone
816 123 525 stone
816 123 526 stone
816 123 527 stone
816 123 528 stone
816 123 529 stone
816 123 530 stone
816 123 531 stone
816 123 532 stone
816 123 533 stone
816 123 534 stone
816 123 535 stone
816 123 536 stone
816 123 537 stone
816 123 538 stone
816 123 539 stone
816 123 540 stone
816 123 541 stone
816 123 542 stone
816 123 543 stone
816 123 544 stone
816 123 545 stone
816 123 546 stone
816 123 547 stone
816 123 548 stone
816 123 549 stone
816 123 550 stone
816 123 551 stone
816 123 552 stone
816 123 553 stone
816 123 554 stone
816 123 555 stone
816 123 556 stone
816 123 557 stone
816 123 558 stone
816 123 559 stone
816 123 560 stone
816 123 561 stone
816 123 562 stone
816 123 563 stone
816 123 568 stone
816 123 569 iron_ore
816 123 570 iron_ore
816 123 571 stone
816 123 572 stone
816 123 573 stone
816 123 574 stone
816 123 575 stone
816 123 576 stone
816 123 577 stone
816 123 578 stone
816 123 579 stone
816 123 580 stone
816 123 581 stone
816 123 582 stone
816 123 583 stone
816 123 584 stone
816 123 585 stone
816 123 586 stone
816 123 587 stone
816 123 588 stone
816 123 589 stone
816 123 590 stone
816 123 591 stone
816 123 592 stone
816 123 593 stone
816 123 594 stone
816 123 595 stone
816 123 596 stone
816 123 597 stone
816 123 598 stone
816 123 599 stone
816 123 600 stone
816 123 601 stone
816 123 602 stone
816 123 603 stone
816 123 604 stone
816 123 605 stone
816 123 606 coal_ore
816 123 607 coal_ore
816 123 608 stone
816 123 609 stone
816 123 610 stone
816 123 611 stone
816 123 612 stone
816 123 613 stone
816 123 614 stone
816 123 615 stone
816 123 616 stone
816 123 617 stone
816 123 618 stone
816 123 619 stone
816 123 620 stone
816 123 621 stone
816 123 622 stone
816 123 623 stone
816 123 624 stone
816 123 625 stone
816 123 626 stone
816 123 627 stone
816 123 628 stone
816 123 629 stone
816 123 630 gravel
816 123 631 gravel
816 123 632 gravel
816 123 633 gravel
816 123 634 gravel
816 123 635 gravel
816 123 636 stone
816 123 637 stone
816 123 638 stone
816 123 639 stone
816 123 640 stone
816 123 641 stone
816 123 642 stone
816 123 643 stone
816 123 644 stone
816 123 645 stone
816 123 646 stone
816 123 647 stone
816 123 648 stone
816 123 649 stone
816 123 650 stone
816 123 651 diorite
816 123 652 diorite
816 123 653 diorite
816 123 654 diorite
816 123 655 dirt
816 123 656 dirt
816 123 657 dirt
816 123 658 dirt
816 123 659 stone
816 123 660 stone
816 123 661 stone
816 123 662 stone
816 123 663 stone
816 123 664 stone
816 123 665 stone
816 123 666 stone
816 123 667 stone
816 123 668 stone
816 123 669 stone
816 123 670 stone
816 123 671 stone
816 123 672 stone
816 123 673 stone
816 123 674 stone
816 123 675 stone
816 123 676 stone
816 123 677 stone
816 123 678 stone
816 123 679 stone
816 123 680 stone
816 123 681 stone
816 123 682 stone
816 123 683 stone
816 123 684 stone
816 123 685 stone
816 123 686 stone
816 123 693 stone
816 123 694 stone
816 123 695 stone
816 123 696 stone
816 123 697 stone
816 123 698 stone
816 123 699 stone
816 123 700 stone
816 123 701 coal_ore
816 123 702 coal_ore
816 123 703 coal_ore
816 123 704 andesite
816 123 705 andesite
816 123 706 andesite
816 123 707 andesite
816 123 708 andesite
816 123 709 andesite
816 123 710 andesite
816 123 711 andesite
816 123 712 stone
816 123 713 stone
816 123 714 stone
816 123 715 stone
816 123 716 stone
816 123 717 stone
816 123 718 stone
816 123 719 stone
816 123 720 stone
816 123 721 stone
816 123 722 stone
816 123 723 stone
816 123 724 stone
816 123 725 stone
816 123 726 stone
816 123 727 stone
816 123 728 stone
816 123 729 stone
816 123 730 stone
816 123 731 stone
816 123 732 stone
816 123 733 stone
816 123 734 stone
816 123 735 stone
816 123 736 stone
816 123 737 stone
816 123 738 stone
816 123 739 stone
816 123 740 stone
816 123 741 stone
816 123 742 stone
816 123 743 stone
816 123 744 stone
816 123 745 stone
816 123 746 stone
816 123 747 stone
816 123 748 stone
816 123 749 stone
816 123 750 stone
816 123 751 stone
816 123 752 stone
816 123 753 stone
816 123 754 stone
816 123 755 stone
816 123 756 stone
816 123 757 stone
816 123 758 stone
816 123 759 stone
816 123 760 stone
816 123 761 stone
816 123 762 andesite
816 123 763 andesite
816 123 764 andesite
816 123 765 andesite
816 123 766 andesite
816 123 767 andesite
816 123 768 andesite
816 123 769 andesite
816 123 770 andesite
816 123 771 stone
816 123 772 stone
816 123 773 stone
816 123 774 stone
816 123 775 stone
816 123 776 stone
816 123 777 stone
816 123 778 stone
816 123 779 stone
816 123 780 stone
816 123 781 stone
816 123 782 stone
816 123 783 stone
816 123 784 stone
816 123 785 stone
816 123 786 stone
816 123 787 stone
816 123 798 stone
816 123 799 dirt
816 123 800 dirt
816 123 801 dirt
816 123 802 dirt
816 123 803 dirt
816 123 804 dirt
816 123 805 dirt
816 123 806 stone
816 123 807 stone
816 123 808 stone
816 123 809 stone
816 123 810 stone
816 123 811 stone
816 123 812 stone
816 123 813 stone
816 123 814 stone
816 123 815 stone
816 123 816 stone
816 123 817 stone
816 123 818 stone
816 123 819 stone
816 123 820 dirt
816 123 821 dirt
816 123 822 dirt
816 123 823 stone
816 123 824 stone
816 123 825 stone
816 123 826 stone
816 123 827 stone
816 123 828 stone
816 123 829 stone
816 123 830 stone
816 123 831 stone
816 123 832 stone
816 123 833 stone
816 123 834 stone
816 123 835 stone
816 123 836 stone
816 123 837 stone
816 123 838 stone
816 123 839 stone
816 123 840 stone
816 123 841 stone
816 123 842 stone
816 123 843 andesite
816 123 844 andesite
816 123 845 andesite
816 123 846 andesite
816 123 847 andesite
816 123 848 andesite
816 123 849 andesite
816 123 850 andesite
816 123 851 andesite
816 123 852 andesite
816 123 853 stone
816 123 854 stone
816 123 861 stone
816 123 862 stone
816 123 863 stone
816 123 864 stone
816 123 865 stone
816 123 866 stone
816 123 867 stone
816 123 868 stone
816 123 869 stone
816 123 870 andesite
816 123 871 andesite
816 123 872 andesite
816 123 873 andesite
816 123 874 andesite
816 123 882 granite
816 123 883 granite
816 123 884 granite
816 123 885 granite
816 123 886 granite
816 123 887 stone
816 123 888 stone
816 123 889 stone
816 123 890 stone
816 123 891 stone
816 123 892 stone
816 123 893 stone
816 123 894 stone
816 123 895 stone
816 123 896 stone
816 123 897 stone
816 123 898 stone
816 123 899 stone
