788 142 263 stone
788 142 264 stone
788 142 265 stone
788 142 266 stone
788 142 267 stone
788 142 268 stone
788 142 269 stone
788 142 270 stone
788 142 271 stone
788 142 272 stone
788 142 273 stone
788 142 274 stone
788 142 275 stone
788 142 276 stone
788 142 277 stone
788 142 278 stone
788 142 279 stone
788 142 280 stone
788 142 281 stone
788 142 282 stone
788 142 283 stone
788 142 284 stone
788 142 285 stone
788 142 286 stone
788 142 287 stone
788 142 288 stone
788 142 289 stone
788 142 290 stone
788 142 291 stone
788 142 292 stone
788 142 293 stone
788 142 294 stone
788 142 295 stone
788 142 296 stone
788 142 315 stone
788 142 316 stone
788 142 317 stone
788 142 318 stone
788 142 319 stone
788 142 320 stone
788 142 321 stone
788 142 322 stone
788 142 323 stone
788 142 324 stone
788 142 325 stone
788 142 326 stone
788 142 327 stone
788 142 328 stone
788 142 329 stone
788 142 330 stone
788 142 331 stone
788 142 332 stone
788 142 333 stone
788 142 334 stone
788 142 335 stone
788 142 336 stone
788 142 337 stone
788 142 338 stone
788 142 339 stone
788 142 340 stone
788 142 341 stone
788 142 342 stone
788 142 343 stone
788 142 344 stone
788 142 345 stone
788 142 346 stone
788 142 347 stone
788 142 348 stone
788 142 349 stone
788 142 350 stone
788 142 351 stone
788 142 352 stone
788 142 353 stone
788 142 354 stone
788 142 355 stone
788 142 356 stone
788 142 357 stone
788 142 358 stone
788 142 359 stone
788 142 360 stone
788 142 361 stone
788 142 362 stone
788 142 363 stone
788 142 364 stone
788 142 365 stone
788 142 366 copper_ore
788 142 367 copper_ore
788 142 368 gravel
788 142 369 gravel
788 142 370 stone
788 142 371 stone
788 142 372 stone
788 142 373 stone
788 142 374 stone
788 142 375 stone
788 142 376 stone
788 142 377 stone
788 142 378 stone
788 142 379 stone
788 142 380 stone
788 142 381 stone
788 142 382 stone
788 142 383 stone
789 142 260 grass_block[snowy=false]
789 142 261 dirt
789 142 262 dirt
789 142 263 stone
789 142 264 stone
789 142 265 stone
789 142 266 stone
789 142 267 stone
789 142 268 stone
789 142 269 stone
789 142 270 stone
789 142 271 stone
789 142 272 stone
789 142 273 stone
789 142 274 stone
789 142 275 stone
789 142 276 stone
789 142 277 stone
789 142 278 stone
789 142 279 stone
789 142 280 stone
789 142 281 stone
789 142 282 stone
789 142 283 stone
789 142 284 stone
789 142 285 stone
789 142 286 stone
789 142 287 stone
789 142 288 stone
789 142 289 stone
789 142 290 stone
789 142 291 stone
789 142 292 stone
789 142 293 stone
789 142 294 stone
789 142 295 stone
789 142 296 stone
789 142 297 stone
789 142 298 stone
789 142 316 stone
789 142 317 stone
789 142 318 stone
789 142 319 stone
789 142 320 stone
789 142 321 stone
789 142 322 stone
789 142 323 stone
789 142 324 stone
789 142 325 stone
789 142 326 stone
789 142 327 stone
789 142 328 stone
789 142 329 stone
789 142 330 stone
789 142 331 stone
789 142 332 stone
789 142 333 stone
789 142 334 stone
789 142 335 stone
789 142 336 stone
789 142 337 stone
789 142 338 stone
789 142 339 stone
789 142 340 stone
789 142 341 stone
789 142 342 stone
789 142 343 stone
789 142 344 stone
789 142 345 stone
789 142 346 stone
789 142 347 stone
789 142 348 stone
789 142 349 stone
789 142 350 stone
789 142 351 stone
789 142 352 stone
789 142 353 stone
789 142 354 stone
789 142 355 stone
789 142 356 stone
789 142 357 stone
789 142 358 emerald_ore
789 142 359 stone
789 142 360 stone
789 142 361 stone
789 142 362 stone
789 142 363 stone
789 142 364 stone
789 142 365 stone
789 142 366 copper_ore
789 142 367 gravel
789 142 368 gravel
789 142 369 gravel
789 142 370 stone
789 142 371 stone
789 142 372 stone
789 142 373 stone
789 142 374 stone
789 142 375 stone
789 142 376 stone
789 142 377 stone
789 142 378 stone
789 142 379 stone
789 142 380 stone
789 142 381 stone
789 142 382 stone
789 142 383 stone
790 142 261 dirt
790 142 262 dirt
790 142 263 stone
790 142 264 stone
790 142 265 stone
790 142 266 stone
790 142 267 stone
790 142 268 stone
790 142 269 stone
790 142 270 stone
790 142 271 stone
790 142 272 copper_ore
790 142 273 stone
790 142 274 stone
790 142 275 stone
790 142 276 stone
790 142 277 stone
790 142 278 stone
790 142 279 stone
790 142 280 stone
790 142 281 stone
790 142 282 stone
790 142 283 stone
790 142 284 stone
790 142 285 stone
790 142 286 stone
790 142 287 stone
790 142 288 stone
790 142 289 stone
790 142 290 stone
790 142 291 stone
790 142 292 stone
790 142 293 stone
790 142 294 stone
790 142 295 stone
790 142 296 stone
790 142 297 stone
790 142 298 stone
790 142 299 coal_ore
790 142 317 stone
790 142 318 stone
790 142 319 stone
790 142 320 stone
790 142 321 stone
790 142 322 stone
790 142 323 stone
790 142 324 stone
790 142 325 stone
790 142 326 stone
790 142 327 stone
790 142 328 stone
790 142 329 stone
790 142 330 stone
790 142 331 stone
790 142 332 stone
790 142 333 stone
790 142 334 stone
790 142 335 stone
790 142 336 stone
790 142 337 stone
790 142 338 stone
790 142 339 stone
790 142 340 stone
790 142 341 stone
790 142 342 stone
790 142 343 stone
790 142 344 stone
790 142 345 stone
790 142 346 stone
790 142 347 stone
790 142 348 dirt
790 142 349 stone
790 142 350 stone
790 142 351 stone
790 142 352 coal_ore
790 142 353 coal_ore
790 142 354 stone
790 142 355 stone
790 142 356 stone
790 142 357 stone
790 142 358 stone
790 142 359 stone
790 142 360 stone
790 142 361 stone
790 142 362 stone
790 142 363 stone
790 142 364 stone
790 142 365 stone
790 142 366 gravel
790 142 367 gravel
790 142 368 gravel
790 142 369 gravel
790 142 370 stone
790 142 371 stone
790 142 372 stone
790 142 373 stone
790 142 374 stone
790 142 375 stone
790 142 376 stone
790 142 377 stone
790 142 378 stone
790 142 379 stone
790 142 380 stone
790 142 381 stone
790 142 382 stone
790 142 383 stone
791 142 257 grass_block[snowy=false]
791 142 258 grass_block[snowy=false]
791 142 259 grass_block[snowy=false]
791 142 260 grass_block[snowy=false]
791 142 261 dirt
791 142 262 dirt
791 142 263 stone
791 142 264 stone
791 142 265 stone
791 142 266 stone
791 142 267 dirt
791 142 268 dirt
791 142 269 stone
791 142 270 stone
791 142 271 stone
791 142 272 stone
791 142 273 stone
791 142 274 stone
791 142 275 stone
791 142 276 stone
791 142 277 stone
791 142 278 stone
791 142 279 stone
791 142 280 stone
791 142 281 stone
791 142 282 stone
791 142 283 stone
791 142 284 stone
791 142 285 stone
791 142 286 stone
791 142 287 stone
791 142 288 stone
791 142 289 stone
791 142 290 stone
791 142 291 stone
791 142 292 stone
791 142 293 stone
791 142 294 stone
791 142 295 stone
791 142 296 stone
791 142 297 stone
791 142 298 coal_ore
791 142 299 coal_ore
791 142 318 stone
791 142 319 stone
791 142 320 stone
791 142 321 stone
791 142 322 stone
791 142 323 stone
791 142 324 stone
791 142 325 stone
791 142 326 stone
791 142 327 stone
791 142 328 stone
791 142 329 stone
791 142 331 stone
791 142 332 stone
791 142 333 stone
791 142 334 stone
791 142 335 stone
791 142 336 stone
791 142 337 stone
791 142 338 stone
791 142 339 stone
791 142 340 stone
791 142 341 stone
791 142 342 stone
791 142 343 stone
791 142 344 stone
791 142 345 stone
791 142 346 stone
791 142 347 dirt
791 142 348 dirt
791 142 349 dirt
791 142 350 stone
791 142 351 stone
791 142 352 stone
791 142 353 coal_ore
791 142 354 stone
791 142 355 stone
791 142 356 stone
791 142 357 stone
791 142 358 stone
791 142 359 stone
791 142 360 stone
791 142 361 stone
791 142 362 stone
791 142 363 stone
791 142 364 stone
791 142 365 gravel
791 142 366 gravel
791 142 367 gravel
791 142 368 gravel
791 142 369 gravel
791 142 370 stone
791 142 371 stone
791 142 372 stone
791 142 373 stone
791 142 374 stone
791 142 375 stone
791 142 376 stone
791 142 377 stone
791 142 378 stone
791 142 379 stone
791 142 380 stone
791 142 381 stone
791 142 382 stone
791 142 383 stone
792 142 256 grass_block[snowy=false]
792 142 257 grass_block[snowy=false]
792 142 258 grass_block[snowy=false]
792 142 259 grass_block[snowy=false]
792 142 260 grass_block[snowy=false]
792 142 261 dirt
792 142 262 dirt
792 142 263 stone
792 142 264 stone
792 142 265 dirt
792 142 266 dirt
792 142 267 dirt
792 142 268 dirt
792 142 269 stone
792 142 270 stone
792 142 271 stone
792 142 272 stone
792 142 273 stone
792 142 274 stone
792 142 275 stone
792 142 276 stone
792 142 277 stone
792 142 278 stone
792 142 279 stone
792 142 280 stone
792 142 281 stone
792 142 282 stone
792 142 283 stone
792 142 284 stone
792 142 285 stone
792 142 286 stone
792 142 287 stone
792 142 288 stone
792 142 289 stone
792 142 290 stone
792 142 291 stone
792 142 292 stone
792 142 293 stone
792 142 294 stone
792 142 295 stone
792 142 296 stone
792 142 297 stone
792 142 298 coal_ore
792 142 299 coal_ore
792 142 300 stone
792 142 318 stone
792 142 319 stone
792 142 320 stone
792 142 321 stone
792 142 322 stone
792 142 323 emerald_ore
792 142 324 stone
792 142 325 stone
792 142 331 stone
792 142 332 stone
792 142 333 stone
792 142 334 stone
792 142 335 stone
792 142 336 stone
792 142 337 stone
792 142 338 stone
792 142 339 stone
792 142 340 stone
792 142 341 stone
792 142 342 stone
792 142 343 stone
792 142 344 stone
792 142 345 stone
792 142 346 stone
792 142 347 dirt
792 142 348 dirt
792 142 349 dirt
792 142 350 stone
792 142 351 stone
792 142 352 stone
792 142 353 stone
792 142 354 stone
792 142 355 stone
792 142 356 stone
792 142 357 stone
792 142 358 stone
792 142 359 stone
792 142 360 stone
792 142 361 stone
792 142 362 stone
792 142 363 stone
792 142 364 stone
792 142 365 gravel
792 142 366 gravel
792 142 367 gravel
792 142 368 gravel
792 142 369 gravel
792 142 370 stone
792 142 371 stone
792 142 372 stone
792 142 373 stone
792 142 374 stone
792 142 375 stone
792 142 376 stone
792 142 377 stone
792 142 378 stone
792 142 379 stone
792 142 380 stone
792 142 381 stone
792 142 382 stone
792 142 383 stone
793 142 256 dirt
793 142 257 grass_block[snowy=false]
793 142 258 grass_block[snowy=false]
793 142 259 grass_block[snowy=false]
793 142 260 grass_block[snowy=false]
793 142 261 dirt
793 142 262 dirt
793 142 263 stone
793 142 264 stone
793 142 265 dirt
793 142 266 dirt
793 142 267 dirt
793 142 268 stone
793 142 269 stone
793 142 270 stone
793 142 271 stone
793 142 272 stone
793 142 273 stone
793 142 274 stone
793 142 275 stone
793 142 276 stone
793 142 277 stone
793 142 278 stone
793 142 279 stone
793 142 280 stone
793 142 281 stone
793 142 282 stone
793 142 283 stone
793 142 284 stone
793 142 285 stone
793 142 286 stone
793 142 287 stone
793 142 288 stone
793 142 289 stone
793 142 290 stone
793 142 291 stone
793 142 292 stone
793 142 293 stone
793 142 294 stone
793 142 295 stone
793 142 296 stone
793 142 297 stone
793 142 298 stone
793 142 299 iron_ore
793 142 300 iron_ore
793 142 301 stone
793 142 302 stone
793 142 303 stone
793 142 332 stone
793 142 333 stone
793 142 334 stone
793 142 335 stone
793 142 336 stone
793 142 337 stone
793 142 338 stone
793 142 339 stone
793 142 340 stone
793 142 341 stone
793 142 342 stone
793 142 343 stone
793 142 344 stone
793 142 345 stone
793 142 346 stone
793 142 347 stone
793 142 348 dirt
793 142 349 dirt
793 142 350 stone
793 142 351 stone
793 142 352 stone
793 142 353 stone
793 142 354 stone
793 142 355 stone
793 142 356 stone
793 142 357 stone
793 142 358 stone
793 142 359 stone
793 142 360 stone
793 142 361 stone
793 142 362 stone
793 142 363 stone
793 142 364 stone
793 142 365 gravel
793 142 366 gravel
793 142 367 gravel
793 142 368 gravel
793 142 369 stone
793 142 370 stone
793 142 371 stone
793 142 372 stone
793 142 373 stone
793 142 374 stone
793 142 375 stone
793 142 376 stone
793 142 377 stone
793 142 378 stone
793 142 379 stone
793 142 380 stone
793 142 381 stone
793 142 382 stone
793 142 383 stone
794 142 256 dirt
794 142 257 dirt
794 142 258 dirt
794 142 259 dirt
794 142 260 dirt
794 142 261 dirt
794 142 262 stone
794 142 263 stone
794 142 264 stone
794 142 265 dirt
794 142 266 dirt
794 142 267 dirt
794 142 268 stone
794 142 269 stone
794 142 270 stone
794 142 271 stone
794 142 272 stone
794 142 273 stone
794 142 274 stone
794 142 275 stone
794 142 276 stone
794 142 277 stone
794 142 278 stone
794 142 279 stone
794 142 280 stone
794 142 281 stone
794 142 282 stone
794 142 283 stone
794 142 284 stone
794 142 285 stone
794 142 286 stone
794 142 287 stone
794 142 288 stone
794 142 289 stone
794 142 290 stone
794 142 291 stone
794 142 292 stone
794 142 293 stone
794 142 294 stone
794 142 295 stone
794 142 296 stone
794 142 297 stone
794 142 298 stone
794 142 299 iron_ore
794 142 300 iron_ore
794 142 301 stone
794 142 302 stone
794 142 303 stone
794 142 304 stone
794 142 305 stone
794 142 332 stone
794 142 333 stone
794 142 334 stone
794 142 335 stone
794 142 336 stone
794 142 337 stone
794 142 338 stone
794 142 339 stone
794 142 340 stone
794 142 341 stone
794 142 342 stone
794 142 343 stone
794 142 344 stone
794 142 345 stone
794 142 346 stone
794 142 347 stone
794 142 348 dirt
794 142 349 dirt
794 142 350 dirt
794 142 351 stone
794 142 352 stone
794 142 353 stone
794 142 354 stone
794 142 355 stone
794 142 356 stone
794 142 357 stone
794 142 358 stone
794 142 359 stone
794 142 360 stone
794 142 361 stone
794 142 362 stone
794 142 363 stone
794 142 364 gravel
794 142 365 gravel
794 142 366 gravel
794 142 367 gravel
794 142 368 gravel
794 142 369 stone
794 142 370 stone
794 142 371 stone
794 142 372 stone
794 142 373 stone
794 142 374 stone
794 142 375 stone
794 142 376 stone
794 142 377 stone
794 142 378 stone
794 142 379 stone
794 142 380 stone
794 142 381 stone
794 142 382 stone
794 142 383 stone
795 142 256 dirt
795 142 257 dirt
795 142 258 dirt
795 142 259 dirt
795 142 260 dirt
795 142 261 dirt
795 142 262 stone
795 142 263 stone
795 142 264 dirt
795 142 265 dirt
795 142 266 stone
795 142 267 stone
795 142 268 stone
795 142 269 stone
795 142 270 stone
795 142 271 stone
795 142 272 stone
795 142 273 stone
795 142 274 stone
795 142 275 stone
795 142 276 stone
795 142 277 stone
795 142 278 stone
795 142 279 stone
795 142 280 stone
795 142 281 stone
795 142 282 stone
795 142 283 stone
795 142 284 stone
795 142 285 stone
795 142 286 stone
795 142 287 stone
795 142 288 stone
795 142 289 stone
795 142 290 stone
795 142 291 stone
795 142 292 stone
795 142 293 stone
795 142 294 stone
795 142 295 stone
795 142 296 stone
795 142 297 stone
795 142 298 stone
795 142 299 stone
795 142 300 stone
795 142 301 stone
795 142 302 stone
795 142 303 stone
795 142 304 stone
795 142 305 stone
795 142 306 stone
795 142 307 stone
795 142 308 stone
795 142 322 glow_lichen[down=false,east=true,north=false,south=false,up=false,waterlogged=false,west=false]
795 142 323 glow_lichen[down=false,east=true,north=false,south=false,up=false,waterlogged=false,west=false]
795 142 332 stone
795 142 333 stone
795 142 334 stone
795 142 335 stone
795 142 336 stone
795 142 337 stone
795 142 338 stone
795 142 339 stone
795 142 340 stone
795 142 341 stone
795 142 342 stone
795 142 343 stone
795 142 344 stone
795 142 345 stone
795 142 346 stone
795 142 347 stone
795 142 348 dirt
795 142 349 dirt
795 142 350 stone
795 142 351 stone
795 142 352 stone
795 142 353 stone
795 142 354 stone
795 142 355 stone
795 142 356 stone
795 142 357 stone
795 142 358 stone
795 142 359 stone
795 142 360 stone
795 142 361 stone
795 142 362 stone
795 142 363 stone
795 142 364 gravel
795 142 365 gravel
795 142 366 gravel
795 142 367 gravel
795 142 368 stone
795 142 369 stone
795 142 370 stone
795 142 371 stone
795 142 372 stone
795 142 373 stone
795 142 374 stone
795 142 375 stone
795 142 379 stone
795 142 380 stone
795 142 381 stone
795 142 382 stone
795 142 383 stone
796 142 256 dirt
796 142 257 dirt
796 142 258 dirt
796 142 259 dirt
796 142 260 dirt
796 142 261 dirt
796 142 262 stone
796 142 263 stone
796 142 264 stone
796 142 265 stone
796 142 266 stone
796 142 267 stone
796 142 268 stone
796 142 269 stone
796 142 270 stone
796 142 271 stone
796 142 272 stone
796 142 273 stone
796 142 274 stone
796 142 275 stone
796 142 276 stone
796 142 277 stone
796 142 278 stone
796 142 279 stone
796 142 280 stone
796 142 281 stone
796 142 282 stone
796 142 283 stone
796 142 284 stone
796 142 285 stone
796 142 286 stone
796 142 287 stone
796 142 288 stone
796 142 289 stone
796 142 290 stone
796 142 291 stone
796 142 292 stone
796 142 293 stone
796 142 294 stone
796 142 295 stone
796 142 296 stone
796 142 297 stone
796 142 298 stone
796 142 299 stone
796 142 300 stone
796 142 301 stone
796 142 302 stone
796 142 303 stone
796 142 304 stone
796 142 305 stone
796 142 306 stone
796 142 307 stone
796 142 308 stone
796 142 309 stone
796 142 310 stone
796 142 311 stone
796 142 312 stone
796 142 313 stone
796 142 314 stone
796 142 315 stone
796 142 316 stone
796 142 317 stone
796 142 318 stone
796 142 319 stone
796 142 320 stone
796 142 321 stone
796 142 322 stone
796 142 323 stone
796 142 324 stone
796 142 325 stone
796 142 326 stone
796 142 327 stone
796 142 328 stone
796 142 329 stone
796 142 330 stone
796 142 331 stone
796 142 332 stone
796 142 333 stone
796 142 334 stone
796 142 335 stone
796 142 336 stone
796 142 337 stone
796 142 338 stone
796 142 339 stone
796 142 340 stone
796 142 341 stone
796 142 342 stone
796 142 343 stone
796 142 344 stone
796 142 345 stone
796 142 346 stone
796 142 347 stone
796 142 348 stone
796 142 349 stone
796 142 350 stone
796 142 351 stone
796 142 352 stone
796 142 353 stone
796 142 354 stone
796 142 355 stone
796 142 356 stone
796 142 357 stone
796 142 358 stone
796 142 359 stone
796 142 360 stone
796 142 361 stone
796 142 362 stone
796 142 363 stone
796 142 364 gravel
796 142 365 gravel
796 142 366 gravel
796 142 367 stone
796 142 368 stone
796 142 369 stone
796 142 370 stone
796 142 371 stone
796 142 372 stone
796 142 373 stone
796 142 374 stone
796 142 375 stone
796 142 376 stone
796 142 379 stone
796 142 380 stone
796 142 381 stone
796 142 382 stone
796 142 383 stone
797 142 256 dirt
797 142 257 dirt
797 142 258 dirt
797 142 259 dirt
797 142 260 dirt
797 142 261 dirt
797 142 262 stone
797 142 263 stone
797 142 264 stone
797 142 265 stone
797 142 266 stone
797 142 267 stone
797 142 268 stone
797 142 269 stone
797 142 270 stone
797 142 271 stone
797 142 272 stone
797 142 273 stone
797 142 274 stone
797 142 275 stone
797 142 276 stone
797 142 277 stone
797 142 278 stone
797 142 279 stone
797 142 280 stone
797 142 281 stone
797 142 282 stone
797 142 283 stone
797 142 284 stone
797 142 285 stone
797 142 286 stone
797 142 287 stone
797 142 288 stone
797 142 289 stone
797 142 290 stone
797 142 291 stone
797 142 292 stone
797 142 293 stone
797 142 294 stone
797 142 295 stone
797 142 296 stone
797 142 297 stone
797 142 298 stone
797 142 299 stone
797 142 300 stone
797 142 301 stone
797 142 302 stone
797 142 303 stone
797 142 304 stone
797 142 305 stone
797 142 306 stone
797 142 307 stone
797 142 308 stone
797 142 309 stone
797 142 310 stone
797 142 311 stone
797 142 312 stone
797 142 313 stone
797 142 314 stone
797 142 315 stone
797 142 316 stone
797 142 317 stone
797 142 318 stone
797 142 319 stone
797 142 320 stone
797 142 321 stone
797 142 322 stone
797 142 323 stone
797 142 324 stone
797 142 325 stone
797 142 326 stone
797 142 327 stone
797 142 328 stone
797 142 329 stone
797 142 330 stone
797 142 331 stone
797 142 332 stone
797 142 333 stone
797 142 334 stone
797 142 335 stone
797 142 336 stone
797 142 337 stone
797 142 338 stone
797 142 339 stone
797 142 340 stone
797 142 341 stone
797 142 342 stone
797 142 343 stone
797 142 344 stone
797 142 345 stone
797 142 346 stone
797 142 347 stone
797 142 348 stone
797 142 349 stone
797 142 350 stone
797 142 351 stone
797 142 352 stone
797 142 353 stone
797 142 354 stone
797 142 355 stone
797 142 356 stone
797 142 357 stone
797 142 358 stone
797 142 359 stone
797 142 360 stone
797 142 361 stone
797 142 362 stone
797 142 363 stone
797 142 364 stone
797 142 365 gravel
797 142 366 stone
797 142 367 stone
797 142 368 stone
797 142 369 stone
797 142 370 stone
797 142 371 stone
797 142 372 stone
797 142 373 stone
797 142 374 stone
797 142 375 stone
797 142 376 stone
797 142 380 stone
797 142 381 stone
797 142 382 stone
797 142 383 stone
798 142 256 dirt
798 142 257 dirt
798 142 258 dirt
798 142 259 dirt
798 142 260 dirt
798 142 261 dirt
798 142 262 stone
798 142 263 stone
798 142 264 stone
798 142 265 stone
798 142 266 stone
798 142 267 stone
798 142 268 stone
798 142 269 stone
798 142 270 stone
798 142 271 stone
798 142 272 stone
798 142 273 stone
798 142 274 stone
798 142 275 stone
798 142 276 stone
798 142 277 stone
798 142 278 stone
798 142 279 stone
