779 139 334 dirt
779 139 335 stone
779 139 336 dirt
779 139 337 stone
779 139 338 stone
779 139 339 stone
779 139 340 stone
779 139 341 stone
779 139 342 stone
779 139 343 stone
779 139 344 stone
779 139 345 stone
779 139 346 stone
779 139 347 stone
779 139 348 stone
779 139 349 stone
779 139 350 stone
779 139 351 stone
779 139 352 stone
779 139 353 stone
779 139 354 stone
779 139 355 stone
779 139 356 dirt
779 139 357 dirt
779 139 358 dirt
779 139 359 dirt
779 139 360 stone
779 139 361 stone
779 139 362 stone
779 139 363 stone
779 139 364 stone
779 139 365 stone
779 139 366 stone
779 139 367 stone
779 139 368 stone
779 139 369 stone
779 139 370 dirt
779 139 371 dirt
779 139 372 dirt
779 139 373 dirt
779 139 374 dirt
779 139 375 stone
779 139 376 stone
779 139 377 stone
779 139 378 stone
779 139 379 stone
779 139 380 stone
779 139 381 stone
779 139 382 stone
779 139 383 stone
780 139 256 dirt
780 139 257 dirt
780 139 258 dirt
780 139 259 dirt
780 139 260 dirt
780 139 261 stone
780 139 262 stone
780 139 263 stone
780 139 264 diorite
780 139 265 diorite
780 139 266 diorite
780 139 267 diorite
780 139 268 diorite
780 139 269 stone
780 139 270 stone
780 139 271 stone
780 139 272 stone
780 139 273 stone
780 139 274 stone
780 139 275 stone
780 139 276 stone
780 139 277 stone
780 139 278 stone
780 139 279 stone
780 139 280 stone
780 139 281 stone
780 139 282 stone
780 139 283 stone
780 139 284 stone
780 139 285 stone
780 139 286 stone
780 139 287 stone
780 139 288 stone
780 139 289 stone
780 139 290 stone
780 139 309 stone
780 139 310 stone
780 139 311 stone
780 139 312 stone
780 139 313 stone
780 139 314 stone
780 139 315 andesite
780 139 316 andesite
780 139 317 andesite
780 139 318 andesite
780 139 319 andesite
780 139 320 andesite
780 139 321 andesite
780 139 322 andesite
780 139 323 stone
780 139 324 stone
780 139 325 stone
780 139 326 stone
780 139 327 stone
780 139 328 stone
780 139 329 stone
780 139 330 stone
780 139 331 stone
780 139 332 stone
780 139 333 stone
780 139 334 dirt
780 139 335 dirt
780 139 336 dirt
780 139 337 dirt
780 139 338 stone
780 139 339 stone
780 139 340 stone
780 139 341 stone
780 139 342 stone
780 139 343 stone
780 139 344 stone
780 139 345 stone
780 139 346 stone
780 139 347 stone
780 139 348 stone
780 139 349 stone
780 139 350 stone
780 139 351 stone
780 139 352 stone
780 139 353 stone
780 139 354 stone
780 139 355 stone
780 139 356 dirt
780 139 357 dirt
780 139 358 stone
780 139 359 stone
780 139 360 stone
780 139 361 stone
780 139 362 stone
780 139 363 coal_ore
780 139 364 coal_ore
780 139 365 stone
780 139 366 stone
780 139 367 stone
780 139 368 stone
780 139 369 dirt
780 139 370 dirt
780 139 371 dirt
780 139 372 dirt
780 139 373 dirt
780 139 374 dirt
780 139 375 stone
780 139 376 stone
780 139 377 stone
780 139 378 stone
780 139 379 stone
780 139 380 stone
780 139 381 stone
780 139 382 stone
780 139 383 stone
781 139 256 dirt
781 139 257 dirt
781 139 258 dirt
781 139 259 dirt
781 139 260 stone
781 139 261 stone
781 139 262 stone
781 139 263 stone
781 139 264 diorite
781 139 265 diorite
781 139 266 diorite
781 139 267 diorite
781 139 268 diorite
781 139 269 stone
781 139 270 stone
781 139 271 stone
781 139 272 stone
781 139 273 stone
781 139 274 stone
781 139 275 stone
781 139 276 stone
781 139 277 stone
781 139 278 stone
781 139 279 stone
781 139 280 stone
781 139 281 stone
781 139 282 stone
781 139 283 stone
781 139 284 stone
781 139 285 stone
781 139 286 stone
781 139 287 stone
781 139 288 stone
781 139 289 stone
781 139 290 stone
781 139 291 stone
781 139 309 stone
781 139 310 stone
781 139 311 stone
781 139 312 stone
781 139 313 stone
781 139 314 andesite
781 139 315 andesite
781 139 316 andesite
781 139 317 andesite
781 139 318 andesite
781 139 319 andesite
781 139 320 andesite
781 139 321 andesite
781 139 322 andesite
781 139 323 stone
781 139 324 stone
781 139 325 stone
781 139 326 stone
781 139 327 stone
781 139 328 stone
781 139 329 stone
781 139 330 stone
781 139 331 stone
781 139 332 stone
781 139 333 stone
781 139 334 stone
781 139 335 dirt
781 139 336 dirt
781 139 337 dirt
781 139 338 stone
781 139 339 stone
781 139 340 stone
781 139 341 stone
781 139 342 stone
781 139 343 stone
781 139 344 stone
781 139 345 stone
781 139 346 stone
781 139 347 stone
781 139 348 stone
781 139 349 stone
781 139 350 stone
781 139 351 stone
781 139 352 copper_ore
781 139 353 stone
781 139 354 stone
781 139 355 stone
781 139 356 stone
781 139 357 stone
781 139 358 stone
781 139 359 stone
781 139 360 stone
781 139 361 coal_ore
781 139 362 coal_ore
781 139 363 coal_ore
781 139 364 coal_ore
781 139 365 stone
781 139 366 stone
781 139 367 stone
781 139 368 stone
781 139 369 stone
781 139 370 dirt
781 139 371 dirt
781 139 372 dirt
781 139 373 stone
781 139 374 stone
781 139 375 stone
781 139 376 stone
781 139 377 stone
781 139 378 stone
781 139 379 stone
781 139 380 stone
781 139 381 stone
781 139 382 gravel
781 139 383 gravel
782 139 256 dirt
782 139 257 dirt
782 139 258 dirt
782 139 259 dirt
782 139 260 dirt
782 139 261 stone
782 139 262 stone
782 139 263 stone
782 139 264 diorite
782 139 265 diorite
782 139 266 diorite
782 139 267 diorite
782 139 268 stone
782 139 269 stone
782 139 270 stone
782 139 271 stone
782 139 272 stone
782 139 273 stone
782 139 274 stone
782 139 275 stone
782 139 276 stone
782 139 277 stone
782 139 278 stone
782 139 279 stone
782 139 280 stone
782 139 281 stone
782 139 282 stone
782 139 283 stone
782 139 284 stone
782 139 285 stone
782 139 286 stone
782 139 287 stone
782 139 288 stone
782 139 289 stone
782 139 290 stone
782 139 291 stone
782 139 308 stone
782 139 309 stone
782 139 310 stone
782 139 311 stone
782 139 312 stone
782 139 313 andesite
782 139 314 andesite
782 139 315 andesite
782 139 316 andesite
782 139 317 andesite
782 139 318 andesite
782 139 319 andesite
782 139 320 andesite
782 139 321 andesite
782 139 322 stone
782 139 323 stone
782 139 324 stone
782 139 325 stone
782 139 326 stone
782 139 327 stone
782 139 328 stone
782 139 329 stone
782 139 330 stone
782 139 331 stone
782 139 332 stone
782 139 333 stone
782 139 334 stone
782 139 335 stone
782 139 336 stone
782 139 337 stone
782 139 338 stone
782 139 339 stone
782 139 340 stone
782 139 341 stone
782 139 342 stone
782 139 343 stone
782 139 344 stone
782 139 345 stone
782 139 346 stone
782 139 347 stone
782 139 348 stone
782 139 349 stone
782 139 350 stone
782 139 351 stone
782 139 352 copper_ore
782 139 353 copper_ore
782 139 354 copper_ore
782 139 355 stone
782 139 356 stone
782 139 357 stone
782 139 358 stone
782 139 359 stone
782 139 360 stone
782 139 361 coal_ore
782 139 362 coal_ore
782 139 363 coal_ore
782 139 364 coal_ore
782 139 365 stone
782 139 366 stone
782 139 367 stone
782 139 368 stone
782 139 369 stone
782 139 370 stone
782 139 371 stone
782 139 372 stone
782 139 373 copper_ore
782 139 374 copper_ore
782 139 375 stone
782 139 376 stone
782 139 377 stone
782 139 378 stone
782 139 379 stone
782 139 380 stone
782 139 381 gravel
782 139 382 gravel
782 139 383 gravel
783 139 256 dirt
783 139 257 dirt
783 139 258 dirt
783 139 259 dirt
783 139 260 dirt
783 139 261 stone
783 139 262 stone
783 139 263 stone
783 139 264 diorite
783 139 265 diorite
783 139 266 diorite
783 139 267 diorite
783 139 268 stone
783 139 269 stone
783 139 270 stone
783 139 271 stone
783 139 272 stone
783 139 273 stone
783 139 274 stone
783 139 275 stone
783 139 276 stone
783 139 277 stone
783 139 278 stone
783 139 279 stone
783 139 280 stone
783 139 281 stone
783 139 282 stone
783 139 283 stone
783 139 284 stone
783 139 285 stone
783 139 286 stone
783 139 287 stone
783 139 288 stone
783 139 289 stone
783 139 290 stone
783 139 291 stone
783 139 308 stone
783 139 309 stone
783 139 310 stone
783 139 311 stone
783 139 312 andesite
783 139 313 andesite
783 139 314 andesite
783 139 315 andesite
783 139 316 andesite
783 139 317 andesite
783 139 318 andesite
783 139 319 andesite
783 139 320 andesite
783 139 321 andesite
783 139 322 stone
783 139 323 stone
783 139 324 stone
783 139 325 stone
783 139 326 stone
783 139 327 stone
783 139 328 stone
783 139 329 stone
783 139 330 stone
783 139 331 stone
783 139 332 stone
783 139 333 stone
783 139 334 stone
783 139 335 stone
783 139 336 stone
783 139 337 stone
783 139 338 stone
783 139 339 stone
783 139 340 stone
783 139 341 stone
783 139 342 stone
783 139 343 stone
783 139 344 stone
783 139 345 stone
783 139 346 stone
783 139 347 stone
783 139 348 stone
783 139 349 stone
783 139 350 stone
783 139 351 stone
783 139 352 stone
783 139 353 stone
783 139 354 stone
783 139 355 stone
783 139 356 stone
783 139 357 stone
783 139 358 stone
783 139 359 stone
783 139 360 stone
783 139 361 coal_ore
783 139 362 coal_ore
783 139 363 stone
783 139 364 stone
783 139 365 stone
783 139 366 stone
783 139 367 stone
783 139 368 stone
783 139 369 stone
783 139 370 stone
783 139 371 stone
783 139 372 stone
783 139 373 stone
783 139 374 stone
783 139 375 stone
783 139 376 stone
783 139 377 stone
783 139 378 stone
783 139 379 stone
783 139 380 stone
783 139 381 stone
783 139 382 gravel
783 139 383 gravel
784 139 256 dirt
784 139 257 dirt
784 139 258 dirt
784 139 259 dirt
784 139 260 dirt
784 139 261 stone
784 139 262 stone
784 139 263 stone
784 139 264 stone
784 139 265 stone
784 139 266 stone
784 139 267 stone
784 139 268 stone
784 139 269 stone
784 139 270 stone
784 139 271 stone
784 139 272 stone
784 139 273 stone
784 139 274 stone
784 139 275 stone
784 139 276 stone
784 139 277 stone
784 139 278 stone
784 139 279 stone
784 139 280 stone
784 139 281 stone
784 139 282 stone
784 139 283 stone
784 139 284 stone
784 139 285 stone
784 139 286 stone
784 139 287 stone
784 139 288 stone
784 139 289 stone
784 139 290 stone
784 139 291 stone
784 139 292 stone
784 139 309 stone
784 139 310 stone
784 139 311 stone
784 139 312 andesite
784 139 313 andesite
784 139 314 andesite
784 139 315 andesite
784 139 316 andesite
784 139 317 andesite
784 139 318 andesite
784 139 319 andesite
784 139 320 andesite
784 139 321 stone
784 139 322 stone
784 139 323 stone
784 139 324 stone
784 139 325 stone
784 139 326 stone
784 139 327 stone
784 139 328 stone
784 139 329 stone
784 139 330 stone
784 139 331 stone
784 139 332 stone
784 139 333 stone
784 139 334 stone
784 139 335 stone
784 139 336 stone
784 139 337 stone
784 139 338 stone
784 139 339 stone
784 139 340 stone
784 139 341 stone
784 139 342 stone
784 139 343 stone
784 139 344 stone
784 139 345 stone
784 139 346 stone
784 139 347 stone
784 139 348 stone
784 139 349 stone
784 139 350 stone
784 139 351 stone
784 139 352 stone
784 139 353 stone
784 139 354 stone
784 139 355 stone
784 139 356 stone
784 139 357 stone
784 139 358 stone
784 139 359 stone
784 139 360 stone
784 139 361 stone
784 139 362 stone
784 139 363 stone
784 139 364 stone
784 139 365 stone
784 139 366 stone
784 139 367 stone
784 139 368 stone
784 139 369 stone
784 139 370 stone
784 139 371 stone
784 139 372 stone
784 139 373 stone
784 139 374 stone
784 139 375 stone
784 139 376 stone
784 139 377 stone
784 139 378 stone
784 139 379 stone
784 139 380 stone
784 139 381 stone
784 139 382 stone
784 139 383 stone
785 139 256 dirt
785 139 257 dirt
785 139 258 dirt
785 139 259 dirt
785 139 260 dirt
785 139 261 stone
785 139 262 stone
785 139 263 stone
785 139 264 stone
785 139 265 stone
785 139 266 stone
785 139 267 stone
785 139 268 stone
785 139 269 stone
785 139 270 stone
785 139 271 stone
785 139 272 stone
785 139 273 stone
785 139 274 stone
785 139 275 stone
785 139 276 stone
785 139 277 stone
785 139 278 stone
785 139 279 stone
785 139 280 stone
785 139 281 stone
785 139 282 stone
785 139 283 stone
785 139 284 stone
785 139 285 stone
785 139 286 stone
785 139 287 stone
785 139 288 stone
785 139 289 stone
785 139 290 stone
785 139 291 stone
785 139 292 stone
785 139 309 stone
785 139 310 stone
785 139 311 andesite
785 139 312 andesite
785 139 313 andesite
785 139 314 andesite
785 139 315 andesite
785 139 316 andesite
785 139 317 andesite
785 139 318 andesite
785 139 319 andesite
785 139 320 andesite
785 139 321 stone
785 139 322 stone
785 139 323 stone
785 139 324 stone
785 139 325 stone
785 139 326 stone
785 139 327 stone
785 139 328 stone
785 139 329 stone
785 139 330 stone
785 139 331 stone
785 139 332 stone
785 139 333 stone
785 139 334 stone
785 139 335 stone
785 139 336 copper_ore
785 139 337 copper_ore
785 139 338 copper_ore
785 139 339 stone
785 139 340 stone
785 139 341 stone
785 139 342 stone
785 139 343 stone
785 139 344 stone
785 139 345 stone
785 139 346 stone
785 139 347 stone
785 139 348 stone
785 139 349 stone
785 139 350 stone
785 139 351 stone
785 139 352 stone
785 139 353 stone
785 139 354 stone
785 139 355 stone
785 139 356 stone
785 139 357 stone
785 139 358 stone
785 139 359 stone
785 139 360 stone
785 139 361 stone
785 139 362 stone
785 139 363 stone
785 139 364 stone
785 139 365 stone
785 139 366 stone
785 139 367 stone
785 139 368 stone
785 139 369 stone
785 139 370 stone
785 139 371 stone
785 139 372 stone
785 139 373 stone
785 139 374 stone
785 139 375 stone
785 139 376 stone
785 139 377 stone
785 139 378 stone
785 139 379 stone
785 139 380 stone
785 139 381 stone
785 139 382 stone
785 139 383 stone
786 139 256 dirt
786 139 257 dirt
786 139 258 dirt
786 139 259 dirt
786 139 260 dirt
786 139 261 stone
786 139 262 stone
786 139 263 stone
786 139 264 stone
786 139 265 stone
786 139 266 stone
786 139 267 stone
786 139 268 stone
786 139 269 stone
786 139 270 stone
786 139 271 stone
786 139 272 stone
786 139 273 stone
786 139 274 stone
786 139 275 stone
786 139 276 stone
786 139 277 stone
786 139 278 stone
786 139 279 stone
786 139 280 stone
786 139 281 stone
786 139 282 stone
786 139 283 stone
786 139 284 stone
786 139 285 stone
786 139 286 stone
786 139 287 stone
786 139 288 stone
786 139 289 stone
786 139 290 stone
786 139 291 stone
786 139 292 stone
786 139 293 stone
786 139 310 stone
786 139 311 andesite
786 139 312 andesite
786 139 313 andesite
786 139 314 andesite
786 139 315 andesite
786 139 316 andesite
786 139 317 andesite
786 139 318 andesite
786 139 319 andesite
786 139 327 stone
786 139 328 stone
786 139 329 stone
786 139 330 stone
786 139 331 stone
786 139 332 stone
786 139 333 stone
786 139 334 stone
786 139 335 copper_ore
786 139 336 copper_ore
786 139 337 copper_ore
786 139 338 stone
786 139 339 stone
786 139 340 stone
786 139 341 stone
786 139 342 stone
786 139 343 stone
786 139 344 stone
786 139 345 stone
786 139 346 stone
786 139 347 stone
786 139 348 stone
786 139 349 stone
786 139 350 stone
786 139 351 stone
786 139 352 stone
786 139 353 stone
786 139 354 stone
786 139 355 stone
786 139 356 stone
786 139 357 stone
786 139 358 stone
786 139 359 stone
786 139 360 stone
786 139 361 stone
786 139 362 stone
786 139 363 stone
786 139 364 stone
786 139 365 stone
786 139 366 stone
786 139 367 stone
786 139 368 stone
786 139 369 stone
786 139 370 stone
786 139 371 stone
786 139 372 stone
786 139 373 stone
786 139 374 stone
786 139 375 stone
786 139 376 stone
786 139 377 stone
786 139 378 stone
786 139 379 stone
786 139 380 stone
786 139 381 stone
786 139 382 stone
786 139 383 stone
787 139 256 dirt
787 139 257 dirt
787 139 258 dirt
787 139 259 dirt
787 139 260 dirt
787 139 261 stone
787 139 262 stone
787 139 263 stone
787 139 264 stone
787 139 265 stone
787 139 266 stone
787 139 267 stone
787 139 268 stone
787 139 269 stone
787 139 270 stone
787 139 271 stone
787 139 272 stone
787 139 273 stone
787 139 274 stone
787 139 275 stone
787 139 276 stone
787 139 277 stone
787 139 278 stone
787 139 279 stone
787 139 280 stone
787 139 281 stone
787 139 282 stone
787 139 283 stone
787 139 284 stone
787 139 285 stone
787 139 286 stone
787 139 287 stone
787 139 288 stone
787 139 289 stone
787 139 290 stone
787 139 291 stone
787 139 292 stone
787 139 293 stone
787 139 310 andesite
787 139 311 andesite
787 139 312 andesite
787 139 313 andesite
787 139 314 andesite
787 139 315 andesite
787 139 328 stone
787 139 329 stone
787 139 330 stone
787 139 331 stone
787 139 332 stone
787 139 333 stone
787 139 334 stone
787 139 335 stone
787 139 336 stone
787 139 337 stone
787 139 338 stone
787 139 339 stone
787 139 340 stone
787 139 341 stone
787 139 342 stone
787 139 343 stone
787 139 344 stone
787 139 345 stone
787 139 346 stone
787 139 347 stone
787 139 348 stone
787 139 349 stone
787 139 350 stone
787 139 351 stone
787 139 352 stone
787 139 353 stone
787 139 354 stone
787 139 355 stone
787 139 356 stone
787 139 357 stone
787 139 358 stone
787 139 359 stone
787 139 360 stone
787 139 361 stone
787 139 362 stone
787 139 363 stone
787 139 364 stone
787 139 365 stone
787 139 366 stone
787 139 367 stone
787 139 368 stone
787 139 369 stone
787 139 370 stone
787 139 371 stone
787 139 372 stone
787 139 373 stone
787 139 374 stone
787 139 375 stone
787 139 376 stone
787 139 377 stone
787 139 378 stone
787 139 379 stone
787 139 380 stone
787 139 381 stone
787 139 382 stone
787 139 383 stone
788 139 256 dirt
788 139 257 dirt
788 139 258 dirt
788 139 259 dirt
788 139 260 dirt
788 139 261 stone
788 139 262 stone
788 139 263 stone
788 139 264 stone
788 139 265 stone
788 139 266 stone
788 139 267 stone
788 139 268 stone
788 139 269 stone
788 139 270 stone
788 139 271 stone
788 139 272 stone
788 139 273 stone
788 139 274 stone
788 139 275 stone
788 139 276 stone
788 139 277 stone
788 139 278 stone
788 139 279 stone
788 139 280 stone
788 139 281 stone
788 139 282 stone
788 139 283 stone
788 139 284 stone
788 139 285 stone
788 139 286 stone
788 139 287 stone
788 139 288 stone
788 139 289 stone
788 139 290 stone
788 139 291 stone
788 139 292 stone
788 139 293 stone
788 139 310 andesite
788 139 311 andesite
788 139 312 andesite
788 139 313 andesite
788 139 328 stone
788 139 329 stone
788 139 330 stone
788 139 331 stone
788 139 332 stone
788 139 333 stone
788 139 334 stone
788 139 335 stone
788 139 336 stone
788 139 337 stone
788 139 338 stone
788 139 339 stone
788 139 340 stone
788 139 341 stone
788 139 342 stone
788 139 343 stone
788 139 344 stone
788 139 345 stone
788 139 346 stone
788 139 347 stone
788 139 348 stone
788 139 349 stone
788 139 350 stone
788 139 351 stone
788 139 352 stone
788 139 353 stone
788 139 354 stone
788 139 355 stone
788 139 356 stone
788 139 357 stone
788 139 358 stone
788 139 359 stone
788 139 360 stone
788 139 361 stone
788 139 362 stone
788 139 363 stone
788 139 364 stone
788 139 365 stone
788 139 366 stone
788 139 367 stone
788 139 368 stone
788 139 369 stone
788 139 370 stone
788 139 371 stone
788 139 372 stone
788 139 373 stone
788 139 374 stone
788 139 375 stone
788 139 376 stone
788 139 377 stone
788 139 378 stone
788 139 379 stone
788 139 380 stone
788 139 381 stone
788 139 382 stone
788 139 383 stone
789 139 256 dirt
789 139 257 dirt
789 139 258 dirt
789 139 259 dirt
789 139 260 dirt
789 139 261 stone
789 139 262 stone
789 139 263 stone
789 139 264 stone
789 139 265 stone
789 139 266 stone
789 139 267 stone
789 139 268 stone
789 139 269 stone
789 139 270 stone
789 139 271 stone
789 139 272 stone
789 139 273 stone
789 139 274 stone
789 139 275 stone
789 139 276 stone
789 139 277 stone
789 139 278 stone
789 139 279 stone
789 139 280 stone
789 139 281 stone
789 139 282 stone
789 139 283 stone
789 139 284 stone
789 139 285 stone
789 139 286 stone
789 139 287 stone
789 139 288 stone
789 139 289 stone
789 139 290 stone
789 139 291 stone
789 139 292 stone
789 139 293 stone
789 139 294 stone
789 139 327 stone
789 139 328 stone
789 139 329 stone
789 139 330 stone
789 139 331 stone
789 139 332 stone
789 139 333 stone
789 139 334 stone
789 139 335 stone
789 139 336 stone
789 139 337 stone
789 139 338 stone
789 139 339 stone
789 139 340 stone
789 139 341 stone
789 139 342 stone
789 139 343 stone
789 139 344 stone
789 139 345 stone
789 139 346 stone
789 139 347 stone
789 139 348 stone
789 139 349 stone
789 139 350 stone
789 139 351 stone
789 139 352 stone
789 139 353 stone
789 139 354 stone
789 139 355 stone
789 139 356 stone
789 139 357 stone
789 139 358 stone
789 139 359 stone
789 139 360 stone
789 139 361 stone
789 139 362 stone
789 139 363 stone
789 139 364 stone
789 139 365 stone
789 139 366 stone
789 139 367 stone
789 139 368 stone
789 139 369 stone
789 139 370 stone
789 139 371 stone
789 139 372 stone
789 139 373 stone
789 139 374 stone
789 139 375 stone
789 139 376 stone
789 139 377 stone
789 139 378 stone
789 139 379 stone
789 139 380 stone
789 139 381 stone
789 139 382 stone
789 139 383 stone
790 139 256 dirt
790 139 257 dirt
790 139 258 dirt
790 139 259 dirt
