828 136 286 stone
828 136 287 stone
828 136 288 stone
828 136 289 stone
828 136 290 stone
828 136 291 stone
828 136 292 stone
828 136 293 stone
828 136 294 stone
828 136 295 stone
828 136 296 stone
828 136 297 stone
828 136 298 stone
828 136 299 stone
828 136 300 stone
828 136 301 stone
828 136 302 stone
828 136 303 stone
828 136 304 stone
828 136 305 stone
828 136 306 stone
828 136 307 stone
828 136 308 stone
828 136 309 stone
828 136 310 stone
828 136 311 stone
828 136 312 stone
828 136 313 stone
828 136 314 stone
828 136 315 stone
828 136 316 stone
828 136 317 stone
828 136 318 stone
828 136 319 stone
828 136 320 stone
828 136 321 stone
828 136 322 stone
828 136 323 stone
828 136 324 stone
828 136 325 stone
828 136 326 stone
828 136 327 stone
828 136 328 stone
828 136 329 stone
828 136 330 stone
828 136 331 stone
828 136 332 stone
828 136 333 stone
828 136 334 stone
828 136 335 stone
828 136 336 stone
828 136 337 stone
828 136 338 stone
828 136 339 stone
828 136 340 stone
828 136 341 stone
828 136 342 stone
828 136 343 stone
828 136 344 stone
828 136 345 stone
828 136 346 stone
828 136 347 stone
828 136 348 stone
828 136 349 stone
828 136 350 stone
828 136 351 stone
828 136 352 stone
828 136 353 stone
828 136 354 stone
828 136 355 stone
828 136 356 stone
828 136 357 stone
828 136 358 stone
828 136 359 stone
828 136 360 stone
828 136 361 stone
828 136 362 stone
828 136 363 stone
828 136 364 stone
828 136 365 stone
828 136 366 stone
828 136 367 stone
828 136 368 stone
828 136 369 stone
828 136 370 stone
828 136 371 stone
828 136 372 stone
828 136 373 stone
828 136 374 stone
828 136 375 stone
828 136 376 stone
828 136 377 stone
828 136 378 stone
828 136 379 stone
828 136 380 stone
828 136 381 stone
828 136 382 stone
828 136 383 stone
829 136 256 stone
829 136 257 gravel
829 136 258 gravel
829 136 259 stone
829 136 260 stone
829 136 261 stone
829 136 262 stone
829 136 263 stone
829 136 264 stone
829 136 265 stone
829 136 266 stone
829 136 267 stone
829 136 268 stone
829 136 269 stone
829 136 270 stone
829 136 271 stone
829 136 272 stone
829 136 273 stone
829 136 274 stone
829 136 275 dirt
829 136 276 dirt
829 136 277 stone
829 136 278 stone
829 136 279 stone
829 136 280 stone
829 136 281 stone
829 136 282 stone
829 136 283 stone
829 136 284 stone
829 136 285 stone
829 136 286 stone
829 136 287 stone
829 136 288 stone
829 136 289 stone
829 136 290 stone
829 136 291 stone
829 136 292 stone
829 136 293 stone
829 136 294 stone
829 136 295 stone
829 136 296 stone
829 136 297 stone
829 136 298 stone
829 136 299 stone
829 136 300 stone
829 136 301 stone
829 136 302 stone
829 136 303 stone
829 136 304 stone
829 136 305 stone
829 136 306 stone
829 136 307 stone
829 136 308 stone
829 136 309 stone
829 136 310 stone
829 136 311 stone
829 136 312 stone
829 136 313 stone
829 136 314 stone
829 136 315 stone
829 136 316 stone
829 136 317 stone
829 136 318 stone
829 136 319 stone
829 136 320 stone
829 136 321 stone
829 136 322 stone
829 136 323 stone
829 136 324 stone
829 136 325 stone
829 136 326 stone
829 136 327 stone
829 136 328 stone
829 136 329 stone
829 136 330 stone
829 136 331 stone
829 136 332 stone
829 136 333 stone
829 136 334 stone
829 136 335 stone
829 136 336 stone
829 136 337 stone
829 136 338 stone
829 136 339 stone
829 136 340 stone
829 136 341 stone
829 136 342 stone
829 136 343 stone
829 136 344 stone
829 136 345 stone
829 136 346 stone
829 136 347 stone
829 136 348 stone
829 136 349 stone
829 136 350 stone
829 136 351 stone
829 136 352 stone
829 136 353 stone
829 136 354 stone
829 136 355 stone
829 136 356 stone
829 136 357 stone
829 136 358 stone
829 136 359 stone
829 136 360 stone
829 136 361 stone
829 136 362 stone
829 136 363 stone
829 136 364 stone
829 136 365 stone
829 136 366 stone
829 136 367 stone
829 136 368 stone
829 136 369 stone
829 136 370 stone
829 136 371 stone
829 136 372 stone
829 136 373 stone
829 136 374 stone
829 136 375 stone
829 136 376 stone
829 136 377 stone
829 136 378 stone
829 136 379 stone
829 136 380 stone
829 136 381 stone
829 136 382 stone
829 136 383 stone
830 136 256 gravel
830 136 257 gravel
830 136 258 gravel
830 136 259 stone
830 136 260 stone
830 136 261 stone
830 136 262 stone
830 136 263 stone
830 136 264 stone
830 136 265 stone
830 136 266 stone
830 136 267 stone
830 136 268 stone
830 136 269 stone
830 136 270 stone
830 136 271 stone
830 136 272 stone
830 136 273 stone
830 136 274 stone
830 136 275 dirt
830 136 276 dirt
830 136 277 dirt
830 136 278 dirt
830 136 279 stone
830 136 280 stone
830 136 281 stone
830 136 282 stone
830 136 283 stone
830 136 284 stone
830 136 285 stone
830 136 286 stone
830 136 287 stone
830 136 288 stone
830 136 289 stone
830 136 290 stone
830 136 291 stone
830 136 292 stone
830 136 293 stone
830 136 294 stone
830 136 295 stone
830 136 296 stone
830 136 297 stone
830 136 298 stone
830 136 299 stone
830 136 300 stone
830 136 301 stone
830 136 302 stone
830 136 303 stone
830 136 304 stone
830 136 305 stone
830 136 306 stone
830 136 307 stone
830 136 308 stone
830 136 309 stone
830 136 310 stone
830 136 311 stone
830 136 312 stone
830 136 313 stone
830 136 314 stone
830 136 315 stone
830 136 316 stone
830 136 317 stone
830 136 318 stone
830 136 319 stone
830 136 320 stone
830 136 321 stone
830 136 322 stone
830 136 323 stone
830 136 324 stone
830 136 325 stone
830 136 326 stone
830 136 327 stone
830 136 328 stone
830 136 329 stone
830 136 330 stone
830 136 331 stone
830 136 332 stone
830 136 333 stone
830 136 334 stone
830 136 335 stone
830 136 336 stone
830 136 337 stone
830 136 338 stone
830 136 339 stone
830 136 340 stone
830 136 341 stone
830 136 342 stone
830 136 343 stone
830 136 344 stone
830 136 345 stone
830 136 346 stone
830 136 347 stone
830 136 348 stone
830 136 349 stone
830 136 350 stone
830 136 351 stone
830 136 352 stone
830 136 353 stone
830 136 354 stone
830 136 355 stone
830 136 356 stone
830 136 357 stone
830 136 358 stone
830 136 359 stone
830 136 360 stone
830 136 361 stone
830 136 362 stone
830 136 363 stone
830 136 364 stone
830 136 365 stone
830 136 366 stone
830 136 367 stone
830 136 368 stone
830 136 369 stone
830 136 370 stone
830 136 371 stone
830 136 372 stone
830 136 373 stone
830 136 374 stone
830 136 375 stone
830 136 376 stone
830 136 377 stone
830 136 378 stone
830 136 379 stone
830 136 380 stone
830 136 381 stone
830 136 382 stone
830 136 383 stone
831 136 256 gravel
831 136 257 gravel
831 136 258 gravel
831 136 259 stone
831 136 260 stone
831 136 261 stone
831 136 262 stone
831 136 263 stone
831 136 264 stone
831 136 265 stone
831 136 266 stone
831 136 267 stone
831 136 268 stone
831 136 269 stone
831 136 270 stone
831 136 271 stone
831 136 272 stone
831 136 273 stone
831 136 274 stone
831 136 275 stone
831 136 276 dirt
831 136 277 dirt
831 136 278 dirt
831 136 279 dirt
831 136 280 stone
831 136 281 stone
831 136 282 stone
831 136 283 stone
831 136 284 stone
831 136 285 stone
831 136 286 stone
831 136 287 stone
831 136 288 stone
831 136 289 stone
831 136 290 stone
831 136 291 stone
831 136 292 stone
831 136 293 stone
831 136 294 stone
831 136 295 stone
831 136 296 stone
831 136 297 stone
831 136 298 stone
831 136 299 stone
831 136 300 stone
831 136 301 stone
831 136 302 stone
831 136 303 stone
831 136 304 stone
831 136 305 stone
831 136 306 stone
831 136 307 stone
831 136 308 stone
831 136 309 stone
831 136 310 stone
831 136 311 stone
831 136 312 stone
831 136 313 stone
831 136 314 stone
831 136 315 stone
831 136 316 stone
831 136 317 stone
831 136 318 stone
831 136 319 stone
831 136 320 stone
831 136 321 stone
831 136 322 stone
831 136 323 stone
831 136 324 stone
831 136 325 stone
831 136 326 stone
831 136 327 stone
831 136 328 stone
831 136 329 stone
831 136 330 stone
831 136 331 stone
831 136 332 stone
831 136 333 stone
831 136 334 stone
831 136 335 stone
831 136 336 stone
831 136 337 stone
831 136 338 stone
831 136 339 stone
831 136 340 stone
831 136 341 stone
831 136 342 stone
831 136 343 stone
831 136 344 stone
831 136 345 stone
831 136 346 stone
831 136 347 stone
831 136 348 stone
831 136 349 stone
831 136 350 stone
831 136 351 stone
831 136 352 stone
831 136 353 stone
831 136 354 stone
831 136 355 stone
831 136 356 stone
831 136 357 stone
831 136 358 stone
831 136 359 stone
831 136 360 stone
831 136 361 stone
831 136 362 stone
831 136 363 stone
831 136 364 stone
831 136 365 stone
831 136 366 stone
831 136 367 stone
831 136 368 stone
831 136 369 stone
831 136 370 stone
831 136 371 stone
831 136 372 stone
831 136 373 stone
831 136 374 stone
831 136 375 stone
831 136 376 stone
831 136 377 stone
831 136 378 stone
831 136 379 stone
831 136 380 stone
831 136 381 stone
831 136 382 stone
831 136 383 stone
832 136 256 gravel
832 136 257 gravel
832 136 258 stone
832 136 259 stone
832 136 260 stone
832 136 261 stone
832 136 262 stone
832 136 263 stone
832 136 264 stone
832 136 265 stone
832 136 266 stone
832 136 267 stone
832 136 268 stone
832 136 269 stone
832 136 270 stone
832 136 271 stone
832 136 272 stone
832 136 273 stone
832 136 274 stone
832 136 275 stone
832 136 276 dirt
832 136 277 dirt
832 136 278 dirt
832 136 279 dirt
832 136 280 stone
832 136 281 stone
832 136 282 stone
832 136 283 stone
832 136 284 stone
832 136 285 stone
832 136 286 stone
832 136 287 stone
832 136 288 stone
832 136 289 stone
832 136 290 stone
832 136 291 stone
832 136 292 stone
832 136 293 stone
832 136 294 stone
832 136 295 stone
832 136 296 stone
832 136 297 stone
832 136 298 stone
832 136 299 stone
832 136 300 stone
832 136 301 stone
832 136 302 stone
832 136 303 stone
832 136 304 stone
832 136 305 stone
832 136 306 stone
832 136 307 stone
832 136 308 stone
832 136 309 stone
832 136 310 stone
832 136 311 stone
832 136 312 stone
832 136 313 stone
832 136 314 stone
832 136 315 stone
832 136 316 stone
832 136 317 stone
832 136 318 stone
832 136 319 stone
832 136 320 stone
832 136 321 stone
832 136 322 stone
832 136 323 stone
832 136 324 stone
832 136 325 stone
832 136 326 stone
832 136 327 stone
832 136 328 stone
832 136 329 stone
832 136 330 stone
832 136 331 stone
832 136 332 stone
832 136 333 stone
832 136 334 stone
832 136 335 stone
832 136 336 stone
832 136 337 stone
832 136 338 stone
832 136 339 stone
832 136 340 stone
832 136 341 stone
832 136 342 stone
832 136 343 stone
832 136 344 stone
832 136 345 stone
832 136 346 stone
832 136 347 stone
832 136 348 stone
832 136 349 stone
832 136 350 stone
832 136 351 stone
832 136 352 stone
832 136 353 stone
832 136 354 stone
832 136 355 stone
832 136 356 stone
832 136 357 stone
832 136 358 stone
832 136 359 stone
832 136 360 stone
832 136 361 stone
832 136 362 stone
832 136 363 stone
832 136 364 stone
832 136 365 stone
832 136 366 stone
832 136 367 stone
832 136 368 stone
832 136 369 stone
832 136 370 stone
832 136 371 stone
832 136 372 stone
832 136 373 stone
832 136 374 stone
832 136 375 stone
832 136 376 stone
832 136 377 stone
832 136 378 stone
832 136 379 stone
832 136 380 stone
832 136 381 stone
832 136 382 stone
832 136 383 stone
833 136 256 gravel
833 136 257 stone
833 136 258 stone
833 136 259 stone
833 136 260 stone
833 136 261 stone
833 136 262 stone
833 136 263 stone
833 136 264 stone
833 136 265 stone
833 136 266 stone
833 136 267 stone
833 136 268 stone
833 136 269 stone
833 136 270 stone
833 136 271 stone
833 136 272 stone
833 136 273 stone
833 136 274 stone
833 136 275 stone
833 136 276 stone
833 136 277 dirt
833 136 278 dirt
833 136 279 dirt
833 136 280 dirt
833 136 281 stone
833 136 282 stone
833 136 283 stone
833 136 284 stone
833 136 285 stone
833 136 286 stone
833 136 287 stone
833 136 288 stone
833 136 289 stone
833 136 290 stone
833 136 291 stone
833 136 292 stone
833 136 293 stone
833 136 294 stone
833 136 295 stone
833 136 296 stone
833 136 297 stone
833 136 298 stone
833 136 299 stone
833 136 300 stone
833 136 301 stone
833 136 302 stone
833 136 303 stone
833 136 304 stone
833 136 305 stone
833 136 306 stone
833 136 307 stone
833 136 308 stone
833 136 309 stone
833 136 310 stone
833 136 311 stone
833 136 312 stone
833 136 313 stone
833 136 314 stone
833 136 315 stone
833 136 316 stone
833 136 317 stone
833 136 318 stone
833 136 319 stone
833 136 320 stone
833 136 321 stone
833 136 322 stone
833 136 323 stone
833 136 324 stone
833 136 325 stone
833 136 326 stone
833 136 327 stone
833 136 328 stone
833 136 329 stone
833 136 330 stone
833 136 331 stone
833 136 332 stone
833 136 333 stone
833 136 334 stone
833 136 335 stone
833 136 336 stone
833 136 337 stone
833 136 338 stone
833 136 339 stone
833 136 340 stone
833 136 341 stone
833 136 342 stone
833 136 343 stone
833 136 344 stone
833 136 345 stone
833 136 346 stone
833 136 347 stone
833 136 348 stone
833 136 349 stone
833 136 350 stone
833 136 351 stone
833 136 352 stone
833 136 353 stone
833 136 354 stone
833 136 355 stone
833 136 356 stone
833 136 357 stone
833 136 358 stone
833 136 359 stone
833 136 360 stone
833 136 361 stone
833 136 362 stone
833 136 363 stone
833 136 364 stone
833 136 365 stone
833 136 366 stone
833 136 367 stone
833 136 368 stone
833 136 369 stone
833 136 370 stone
833 136 371 stone
833 136 372 stone
833 136 373 stone
833 136 374 stone
833 136 375 stone
833 136 376 stone
833 136 377 stone
833 136 378 stone
833 136 379 stone
833 136 380 stone
833 136 381 stone
833 136 382 stone
833 136 383 stone
834 136 256 stone
834 136 257 stone
834 136 258 stone
834 136 259 stone
834 136 260 stone
834 136 261 stone
834 136 262 stone
834 136 263 stone
834 136 264 stone
834 136 265 stone
834 136 266 stone
834 136 267 stone
834 136 268 stone
834 136 269 stone
834 136 270 stone
834 136 271 stone
834 136 272 stone
834 136 273 stone
834 136 274 stone
834 136 275 stone
834 136 276 stone
834 136 277 stone
834 136 278 stone
834 136 279 dirt
834 136 280 dirt
834 136 281 stone
834 136 282 stone
834 136 283 stone
834 136 284 stone
834 136 285 stone
834 136 286 stone
834 136 287 stone
834 136 288 stone
834 136 289 stone
834 136 290 stone
834 136 291 stone
834 136 292 stone
834 136 293 stone
834 136 294 stone
834 136 295 stone
834 136 296 stone
834 136 297 stone
834 136 298 stone
834 136 299 stone
834 136 300 stone
834 136 301 stone
834 136 302 stone
834 136 303 stone
834 136 304 stone
834 136 305 stone
834 136 306 stone
834 136 307 stone
834 136 308 stone
834 136 309 stone
834 136 310 stone
834 136 311 stone
834 136 312 stone
834 136 313 stone
834 136 314 stone
834 136 315 stone
834 136 316 stone
834 136 317 stone
834 136 318 stone
834 136 319 stone
834 136 320 stone
834 136 321 stone
834 136 322 stone
834 136 323 stone
834 136 324 stone
834 136 325 stone
834 136 326 stone
834 136 327 stone
834 136 328 stone
834 136 329 stone
834 136 330 stone
834 136 331 stone
834 136 332 stone
834 136 333 stone
834 136 334 stone
834 136 335 stone
834 136 336 stone
834 136 337 stone
834 136 338 stone
834 136 339 stone
834 136 340 stone
834 136 341 stone
834 136 342 stone
834 136 343 stone
834 136 344 stone
834 136 345 stone
834 136 346 stone
834 136 347 stone
834 136 348 stone
834 136 349 stone
834 136 350 stone
834 136 351 stone
834 136 352 stone
834 136 353 stone
834 136 354 stone
834 136 355 stone
834 136 356 stone
834 136 357 stone
834 136 358 stone
834 136 359 stone
834 136 360 stone
834 136 361 stone
834 136 362 stone
834 136 363 stone
834 136 364 stone
834 136 365 stone
834 136 366 stone
834 136 367 stone
834 136 368 stone
834 136 369 stone
834 136 370 stone
834 136 371 stone
834 136 372 stone
834 136 373 stone
834 136 374 stone
834 136 375 stone
834 136 376 stone
834 136 377 stone
834 136 378 stone
834 136 379 stone
834 136 380 stone
834 136 381 stone
834 136 382 stone
834 136 383 stone
835 136 256 stone
835 136 257 stone
835 136 258 stone
835 136 259 stone
835 136 260 stone
835 136 261 stone
835 136 262 stone
835 136 263 stone
835 136 264 stone
835 136 265 stone
835 136 266 stone
835 136 267 stone
835 136 268 stone
835 136 269 stone
835 136 270 stone
835 136 271 stone
835 136 272 stone
835 136 273 stone
835 136 274 stone
835 136 275 stone
835 136 276 stone
835 136 277 stone
835 136 278 stone
835 136 279 stone
835 136 280 stone
835 136 281 stone
835 136 282 stone
835 136 283 stone
835 136 284 stone
835 136 285 stone
835 136 286 stone
835 136 287 stone
835 136 288 stone
835 136 289 stone
835 136 290 stone
835 136 291 stone
835 136 292 stone
835 136 293 stone
835 136 294 stone
835 136 295 stone
835 136 296 stone
835 136 297 stone
835 136 298 stone
835 136 299 stone
835 136 300 stone
835 136 301 stone
835 136 302 stone
835 136 303 stone
835 136 304 stone
835 136 305 stone
835 136 306 stone
835 136 307 stone
835 136 308 stone
835 136 309 stone
835 136 310 stone
835 136 311 stone
835 136 312 stone
835 136 313 stone
835 136 314 stone
835 136 315 stone
835 136 316 stone
835 136 317 stone
835 136 318 stone
835 136 319 stone
835 136 320 stone
835 136 321 stone
835 136 322 stone
835 136 323 stone
835 136 324 stone
835 136 325 stone
835 136 326 stone
835 136 327 stone
835 136 328 stone
835 136 329 stone
835 136 330 stone
835 136 331 stone
835 136 332 stone
835 136 333 stone
835 136 334 stone
835 136 335 stone
835 136 336 stone
835 136 337 stone
835 136 338 stone
835 136 339 stone
835 136 340 stone
835 136 341 stone
835 136 342 stone
835 136 343 stone
835 136 344 stone
835 136 345 stone
835 136 346 stone
835 136 347 stone
835 136 348 stone
835 136 349 stone
835 136 350 stone
835 136 351 stone
835 136 352 stone
835 136 353 stone
835 136 354 stone
835 136 355 stone
835 136 356 stone
835 136 357 stone
835 136 358 stone
835 136 359 stone
835 136 360 stone
835 136 361 stone
835 136 362 stone
835 136 363 stone
835 136 364 stone
835 136 365 stone
835 136 366 stone
835 136 367 stone
835 136 368 stone
835 136 369 stone
835 136 370 stone
835 136 371 stone
835 136 372 stone
835 136 373 stone
835 136 374 stone
835 136 375 stone
835 136 376 stone
835 136 377 stone
835 136 378 stone
835 136 379 stone
835 136 380 stone
835 136 381 stone
835 136 382 stone
835 136 383 stone
836 136 256 stone
836 136 257 stone
836 136 258 stone
836 136 259 stone
836 136 260 stone
836 136 261 stone
836 136 262 stone
836 136 263 stone
836 136 264 stone
836 136 265 stone
836 136 266 stone
836 136 267 stone
836 136 268 stone
836 136 269 stone
836 136 270 stone
836 136 271 stone
836 136 272 stone
836 136 273 stone
836 136 274 stone
836 136 275 stone
836 136 276 stone
836 136 277 stone
836 136 278 stone
836 136 279 stone
836 136 280 stone
836 136 281 stone
836 136 282 stone
836 136 283 stone
836 136 284 stone
836 136 285 stone
836 136 286 stone
836 136 287 stone
836 136 288 stone
836 136 289 stone
836 136 290 stone
836 136 291 stone
836 136 292 stone
836 136 293 stone
836 136 294 stone
836 136 295 stone
836 136 296 stone
836 136 297 stone
836 136 298 stone
836 136 299 stone
836 136 300 stone
836 136 301 stone
836 136 302 stone
836 136 303 stone
836 136 304 stone
836 136 305 stone
836 136 306 stone
836 136 307 stone
836 136 308 stone
836 136 309 stone
836 136 310 stone
836 136 311 stone
836 136 312 stone
836 136 313 stone
836 136 314 stone
836 136 315 stone
836 136 316 stone
836 136 317 stone
836 136 318 stone
836 136 319 stone
836 136 320 stone
836 136 321 stone
836 136 322 stone
836 136 323 stone
836 136 324 stone
836 136 325 stone
836 136 326 stone
836 136 327 stone
836 136 328 stone
836 136 329 stone
836 136 330 stone
836 136 331 stone
836 136 332 stone
836 136 333 stone
836 136 334 stone
836 136 335 stone
836 136 336 stone
836 136 337 stone
836 136 338 stone
836 136 339 stone
836 136 340 stone
836 136 341 stone
836 136 342 stone
836 136 343 stone
836 136 344 stone
836 136 345 stone
836 136 346 stone
836 136 347 stone
836 136 348 stone
836 136 349 stone
836 136 350 stone
836 136 351 stone
836 136 352 stone
836 136 353 stone
836 136 354 stone
836 136 355 stone
836 136 356 stone
836 136 357 stone
836 136 358 stone
836 136 359 stone
836 136 360 stone
836 136 361 stone
836 136 362 stone
836 136 363 stone
836 136 364 stone
836 136 365 stone
836 136 366 stone
836 136 367 stone
836 136 368 stone
836 136 369 stone
836 136 370 stone
836 136 371 stone
836 136 372 stone
836 136 373 stone
836 136 374 stone
836 136 375 stone
836 136 376 stone
836 136 377 stone
836 136 378 stone
836 136 379 stone
836 136 380 stone
836 136 381 stone
836 136 382 stone
836 136 383 stone
837 136 256 stone
837 136 257 stone
837 136 258 stone
837 136 259 stone
837 136 260 stone
837 136 261 stone
837 136 262 stone
837 136 263 stone
837 136 264 stone
837 136 265 stone
837 136 266 stone
837 136 267 stone
837 136 268 stone
837 136 269 stone
837 136 270 stone
837 136 271 stone
