861 134 286 stone
861 134 287 stone
861 134 288 stone
861 134 289 stone
861 134 290 stone
861 134 291 stone
861 134 292 stone
861 134 293 gravel
861 134 294 gravel
861 134 295 gravel
861 134 296 gravel
861 134 297 gravel
861 134 298 gravel
861 134 299 stone
861 134 300 stone
861 134 301 stone
861 134 302 stone
861 134 303 stone
861 134 304 stone
861 134 305 stone
861 134 306 stone
861 134 307 stone
861 134 308 stone
861 134 309 stone
861 134 310 stone
861 134 311 stone
861 134 312 stone
861 134 313 stone
861 134 314 stone
861 134 315 stone
861 134 316 stone
861 134 317 stone
861 134 318 stone
861 134 319 stone
861 134 320 stone
861 134 321 stone
861 134 322 stone
861 134 323 stone
861 134 324 stone
861 134 325 stone
861 134 326 stone
861 134 327 stone
861 134 328 stone
861 134 329 stone
861 134 330 stone
861 134 331 stone
861 134 332 stone
861 134 333 stone
861 134 334 stone
861 134 335 stone
861 134 336 stone
861 134 337 stone
861 134 338 stone
861 134 339 stone
861 134 340 stone
861 134 341 stone
861 134 342 stone
861 134 343 stone
861 134 344 stone
861 134 345 stone
861 134 346 stone
861 134 347 stone
861 134 348 stone
861 134 349 stone
861 134 350 stone
861 134 351 stone
861 134 352 stone
861 134 353 stone
861 134 354 stone
861 134 355 stone
861 134 356 stone
861 134 357 stone
861 134 358 stone
861 134 359 stone
861 134 360 stone
861 134 362 stone
861 134 363 stone
861 134 364 stone
861 134 365 stone
861 134 366 stone
861 134 367 stone
861 134 368 stone
861 134 369 stone
861 134 370 stone
861 134 371 stone
861 134 372 stone
861 134 373 stone
861 134 374 stone
861 134 375 stone
861 134 376 stone
861 134 377 stone
861 134 378 stone
861 134 379 coal_ore
861 134 380 coal_ore
861 134 381 stone
861 134 382 stone
861 134 383 stone
862 134 256 stone
862 134 257 stone
862 134 258 stone
862 134 259 stone
862 134 260 coal_ore
862 134 261 coal_ore
862 134 262 stone
862 134 263 stone
862 134 264 coal_ore
862 134 265 coal_ore
862 134 266 stone
862 134 267 stone
862 134 268 stone
862 134 269 stone
862 134 270 stone
862 134 271 stone
862 134 272 stone
862 134 273 stone
862 134 274 stone
862 134 275 stone
862 134 276 stone
862 134 277 stone
862 134 278 stone
862 134 279 stone
862 134 280 stone
862 134 281 stone
862 134 282 stone
862 134 283 stone
862 134 284 stone
862 134 285 stone
862 134 286 stone
862 134 287 stone
862 134 288 stone
862 134 289 stone
862 134 290 stone
862 134 291 stone
862 134 292 stone
862 134 293 stone
862 134 294 stone
862 134 295 stone
862 134 296 stone
862 134 297 gravel
862 134 298 stone
862 134 299 stone
862 134 300 stone
862 134 301 stone
862 134 302 stone
862 134 303 stone
862 134 304 stone
862 134 305 stone
862 134 306 stone
862 134 307 stone
862 134 308 stone
862 134 309 stone
862 134 310 stone
862 134 311 stone
862 134 312 stone
862 134 313 stone
862 134 314 stone
862 134 315 stone
862 134 316 stone
862 134 317 stone
862 134 318 stone
862 134 319 stone
862 134 320 stone
862 134 321 stone
862 134 322 stone
862 134 323 stone
862 134 324 stone
862 134 325 stone
862 134 326 stone
862 134 327 stone
862 134 328 stone
862 134 329 stone
862 134 330 stone
862 134 331 stone
862 134 332 stone
862 134 333 stone
862 134 334 stone
862 134 335 stone
862 134 336 stone
862 134 337 stone
862 134 338 stone
862 134 339 stone
862 134 340 stone
862 134 341 stone
862 134 342 stone
862 134 343 stone
862 134 344 stone
862 134 345 stone
862 134 346 stone
862 134 347 stone
862 134 348 stone
862 134 349 stone
862 134 350 stone
862 134 351 stone
862 134 352 stone
862 134 353 stone
862 134 354 stone
862 134 355 stone
862 134 356 stone
862 134 357 stone
862 134 358 stone
862 134 363 stone
862 134 364 stone
862 134 365 stone
862 134 366 stone
862 134 367 stone
862 134 368 stone
862 134 369 stone
862 134 370 stone
862 134 371 stone
862 134 372 stone
862 134 373 stone
862 134 374 stone
862 134 375 stone
862 134 376 stone
862 134 377 stone
862 134 378 stone
862 134 379 coal_ore
862 134 380 coal_ore
862 134 381 stone
862 134 382 stone
862 134 383 stone
863 134 256 stone
863 134 257 stone
863 134 258 stone
863 134 259 coal_ore
863 134 260 coal_ore
863 134 261 coal_ore
863 134 262 stone
863 134 263 stone
863 134 264 coal_ore
863 134 265 coal_ore
863 134 266 coal_ore
863 134 267 stone
863 134 268 stone
863 134 269 stone
863 134 270 stone
863 134 271 stone
863 134 272 stone
863 134 273 stone
863 134 274 stone
863 134 275 stone
863 134 276 stone
863 134 277 stone
863 134 278 stone
863 134 279 stone
863 134 280 stone
863 134 281 stone
863 134 282 stone
863 134 283 stone
863 134 284 stone
863 134 285 stone
863 134 286 stone
863 134 287 stone
863 134 288 stone
863 134 289 stone
863 134 290 stone
863 134 291 stone
863 134 292 stone
863 134 293 stone
863 134 294 stone
863 134 295 stone
863 134 296 stone
863 134 297 stone
863 134 298 stone
863 134 299 stone
863 134 300 stone
863 134 301 stone
863 134 302 stone
863 134 303 stone
863 134 304 stone
863 134 305 stone
863 134 306 stone
863 134 307 stone
863 134 308 stone
863 134 309 stone
863 134 310 stone
863 134 311 stone
863 134 312 stone
863 134 313 stone
863 134 314 stone
863 134 315 stone
863 134 316 stone
863 134 317 stone
863 134 318 stone
863 134 319 stone
863 134 320 stone
863 134 321 stone
863 134 322 stone
863 134 323 stone
863 134 324 stone
863 134 325 stone
863 134 326 stone
863 134 327 stone
863 134 328 stone
863 134 329 stone
863 134 330 stone
863 134 331 stone
863 134 332 stone
863 134 333 stone
863 134 334 stone
863 134 335 stone
863 134 336 stone
863 134 337 stone
863 134 338 stone
863 134 339 stone
863 134 340 stone
863 134 341 stone
863 134 342 stone
863 134 343 stone
863 134 344 stone
863 134 345 stone
863 134 346 stone
863 134 347 stone
863 134 348 stone
863 134 349 stone
863 134 350 stone
863 134 351 stone
863 134 352 stone
863 134 353 stone
863 134 354 stone
863 134 355 stone
863 134 356 stone
863 134 357 stone
863 134 358 stone
863 134 359 stone
863 134 363 stone
863 134 364 stone
863 134 365 stone
863 134 366 stone
863 134 367 stone
863 134 368 stone
863 134 369 stone
863 134 370 stone
863 134 371 stone
863 134 372 stone
863 134 373 stone
863 134 374 stone
863 134 375 stone
863 134 376 stone
863 134 377 stone
863 134 378 stone
863 134 379 stone
863 134 380 coal_ore
863 134 381 stone
863 134 382 stone
863 134 383 stone
864 134 256 stone
864 134 257 stone
864 134 258 stone
864 134 259 coal_ore
864 134 260 coal_ore
864 134 261 stone
864 134 262 stone
864 134 263 stone
864 134 264 stone
864 134 265 coal_ore
864 134 266 stone
864 134 267 stone
864 134 268 stone
864 134 269 stone
864 134 270 stone
864 134 271 stone
864 134 272 stone
864 134 273 stone
864 134 274 stone
864 134 275 stone
864 134 276 stone
864 134 277 stone
864 134 278 stone
864 134 279 stone
864 134 280 stone
864 134 281 stone
864 134 282 stone
864 134 283 stone
864 134 284 stone
864 134 285 stone
864 134 286 stone
864 134 287 stone
864 134 288 stone
864 134 289 stone
864 134 290 stone
864 134 291 stone
864 134 292 stone
864 134 293 stone
864 134 294 stone
864 134 295 stone
864 134 296 stone
864 134 297 stone
864 134 298 stone
864 134 299 stone
864 134 300 stone
864 134 301 stone
864 134 302 stone
864 134 303 stone
864 134 304 stone
864 134 305 stone
864 134 306 stone
864 134 307 stone
864 134 308 stone
864 134 309 stone
864 134 310 stone
864 134 311 stone
864 134 312 stone
864 134 313 stone
864 134 314 stone
864 134 315 stone
864 134 316 stone
864 134 317 stone
864 134 318 stone
864 134 319 stone
864 134 320 stone
864 134 321 stone
864 134 322 stone
864 134 323 stone
864 134 324 stone
864 134 325 stone
864 134 326 stone
864 134 327 stone
864 134 328 stone
864 134 329 stone
864 134 330 stone
864 134 331 stone
864 134 332 stone
864 134 333 stone
864 134 334 stone
864 134 335 stone
864 134 336 stone
864 134 337 stone
864 134 338 stone
864 134 339 stone
864 134 340 stone
864 134 341 stone
864 134 342 stone
864 134 343 stone
864 134 344 stone
864 134 345 stone
864 134 346 stone
864 134 347 stone
864 134 348 stone
864 134 349 stone
864 134 350 stone
864 134 351 stone
864 134 352 stone
864 134 353 stone
864 134 354 stone
864 134 355 stone
864 134 356 stone
864 134 357 stone
864 134 358 stone
864 134 359 stone
864 134 363 stone
864 134 364 stone
864 134 365 stone
864 134 366 stone
864 134 367 stone
864 134 368 stone
864 134 369 stone
864 134 370 stone
864 134 371 stone
864 134 372 stone
864 134 373 stone
864 134 374 stone
864 134 375 stone
864 134 376 stone
864 134 377 stone
864 134 378 stone
864 134 379 stone
864 134 380 coal_ore
864 134 381 stone
864 134 382 stone
864 134 383 stone
865 134 256 stone
865 134 257 stone
865 134 258 stone
865 134 259 stone
865 134 260 stone
865 134 261 stone
865 134 262 stone
865 134 263 stone
865 134 264 stone
865 134 265 stone
865 134 266 stone
865 134 267 stone
865 134 268 stone
865 134 269 stone
865 134 270 stone
865 134 271 stone
865 134 272 stone
865 134 273 stone
865 134 274 stone
865 134 275 stone
865 134 276 stone
865 134 277 stone
865 134 278 stone
865 134 279 stone
865 134 280 stone
865 134 281 stone
865 134 282 stone
865 134 283 stone
865 134 284 stone
865 134 285 stone
865 134 286 stone
865 134 287 stone
865 134 288 stone
865 134 289 stone
865 134 290 stone
865 134 291 stone
865 134 292 stone
865 134 293 stone
865 134 294 stone
865 134 295 stone
865 134 296 stone
865 134 297 stone
865 134 298 stone
865 134 299 stone
865 134 300 stone
865 134 301 stone
865 134 302 stone
865 134 303 stone
865 134 304 stone
865 134 305 stone
865 134 306 stone
865 134 307 stone
865 134 308 stone
865 134 309 stone
865 134 310 stone
865 134 311 stone
865 134 312 stone
865 134 313 stone
865 134 314 stone
865 134 315 stone
865 134 316 stone
865 134 317 stone
865 134 318 stone
865 134 319 stone
865 134 320 stone
865 134 321 stone
865 134 322 stone
865 134 323 stone
865 134 324 stone
865 134 325 stone
865 134 326 stone
865 134 327 stone
865 134 328 stone
865 134 329 stone
865 134 330 stone
865 134 331 stone
865 134 332 stone
865 134 333 stone
865 134 334 stone
865 134 335 stone
865 134 336 stone
865 134 337 stone
865 134 338 stone
865 134 339 stone
865 134 340 stone
865 134 341 stone
865 134 342 stone
865 134 343 stone
865 134 344 stone
865 134 345 stone
865 134 346 stone
865 134 347 stone
865 134 348 stone
865 134 349 stone
865 134 350 stone
865 134 351 stone
865 134 352 stone
865 134 353 stone
865 134 354 stone
865 134 355 stone
865 134 356 stone
865 134 357 stone
865 134 358 stone
865 134 359 stone
865 134 360 stone
865 134 364 stone
865 134 365 stone
865 134 366 stone
865 134 367 stone
865 134 368 stone
865 134 369 stone
865 134 370 stone
865 134 371 stone
865 134 372 stone
865 134 373 stone
865 134 374 stone
865 134 375 stone
865 134 376 stone
865 134 377 stone
865 134 378 stone
865 134 379 stone
865 134 380 stone
865 134 381 stone
865 134 382 stone
865 134 383 stone
866 134 256 stone
866 134 257 stone
866 134 258 stone
866 134 259 stone
866 134 260 stone
866 134 261 stone
866 134 262 stone
866 134 263 stone
866 134 264 stone
866 134 265 stone
866 134 266 stone
866 134 267 stone
866 134 268 stone
866 134 269 stone
866 134 270 stone
866 134 271 stone
866 134 272 stone
866 134 273 stone
866 134 274 stone
866 134 275 stone
866 134 276 stone
866 134 277 stone
866 134 278 stone
866 134 279 stone
866 134 280 stone
866 134 281 stone
866 134 282 stone
866 134 283 stone
866 134 284 stone
866 134 285 stone
866 134 286 stone
866 134 287 stone
866 134 288 stone
866 134 289 stone
866 134 290 stone
866 134 291 stone
866 134 292 stone
866 134 293 stone
866 134 294 stone
866 134 295 stone
866 134 296 stone
866 134 297 stone
866 134 298 stone
866 134 299 stone
866 134 300 stone
866 134 301 stone
866 134 302 stone
866 134 303 stone
866 134 304 stone
866 134 305 stone
866 134 306 stone
866 134 307 stone
866 134 308 stone
866 134 309 stone
866 134 310 stone
866 134 311 stone
866 134 312 stone
866 134 313 stone
866 134 314 stone
866 134 315 stone
866 134 316 stone
866 134 317 stone
866 134 318 stone
866 134 319 stone
866 134 320 stone
866 134 321 stone
866 134 322 stone
866 134 323 stone
866 134 324 stone
866 134 325 stone
866 134 326 stone
866 134 327 stone
866 134 328 stone
866 134 329 stone
866 134 330 stone
866 134 331 stone
866 134 332 stone
866 134 333 stone
866 134 334 stone
866 134 335 stone
866 134 336 stone
866 134 337 stone
866 134 338 stone
866 134 339 stone
866 134 340 stone
866 134 341 stone
866 134 342 stone
866 134 343 stone
866 134 344 stone
866 134 345 stone
866 134 346 stone
866 134 347 stone
866 134 348 stone
866 134 349 stone
866 134 350 stone
866 134 351 stone
866 134 352 stone
866 134 353 stone
866 134 354 stone
866 134 355 stone
866 134 356 stone
866 134 357 stone
866 134 358 stone
866 134 359 stone
866 134 360 stone
866 134 364 stone
866 134 365 stone
866 134 366 stone
866 134 367 stone
866 134 368 stone
866 134 369 stone
866 134 370 stone
866 134 371 stone
866 134 372 stone
866 134 373 stone
866 134 374 stone
866 134 375 stone
866 134 376 stone
866 134 377 stone
866 134 378 stone
866 134 379 stone
866 134 380 stone
866 134 381 stone
866 134 382 stone
866 134 383 stone
867 134 256 stone
867 134 257 stone
867 134 258 stone
867 134 259 stone
867 134 260 stone
867 134 261 stone
867 134 262 stone
867 134 263 stone
867 134 264 stone
867 134 265 stone
867 134 266 stone
867 134 267 stone
867 134 268 stone
867 134 269 stone
867 134 270 stone
867 134 271 stone
867 134 272 stone
867 134 273 stone
867 134 274 stone
867 134 275 stone
867 134 276 stone
867 134 277 stone
867 134 278 stone
867 134 279 stone
867 134 280 stone
867 134 281 stone
867 134 282 stone
867 134 283 stone
867 134 284 stone
867 134 285 stone
867 134 286 stone
867 134 287 stone
867 134 288 stone
867 134 289 stone
867 134 290 stone
867 134 291 stone
867 134 292 stone
867 134 293 stone
867 134 294 stone
867 134 295 stone
867 134 296 stone
867 134 297 stone
867 134 298 stone
867 134 299 stone
867 134 300 stone
867 134 301 stone
867 134 302 stone
867 134 303 stone
867 134 304 stone
867 134 305 stone
867 134 306 stone
867 134 307 stone
867 134 308 copper_ore
867 134 309 stone
867 134 310 stone
867 134 311 stone
867 134 312 stone
867 134 313 stone
867 134 314 stone
867 134 315 stone
867 134 316 stone
867 134 317 stone
867 134 318 stone
867 134 319 stone
867 134 320 stone
867 134 321 stone
867 134 322 stone
867 134 323 stone
867 134 324 stone
867 134 325 stone
867 134 326 stone
867 134 327 stone
867 134 328 stone
867 134 329 stone
867 134 330 stone
867 134 331 stone
867 134 332 stone
867 134 333 stone
867 134 334 stone
867 134 335 stone
867 134 336 stone
867 134 337 stone
867 134 338 stone
867 134 339 stone
867 134 340 stone
867 134 341 stone
867 134 342 stone
867 134 343 stone
867 134 344 stone
867 134 345 stone
867 134 346 stone
867 134 347 stone
867 134 348 stone
867 134 349 stone
867 134 350 stone
867 134 351 stone
867 134 352 stone
867 134 353 stone
867 134 354 stone
867 134 355 stone
867 134 356 stone
867 134 357 stone
867 134 358 stone
867 134 359 stone
867 134 360 stone
867 134 365 stone
867 134 366 stone
867 134 367 stone
867 134 368 stone
867 134 369 stone
867 134 370 stone
867 134 371 stone
867 134 372 stone
867 134 373 stone
867 134 374 stone
867 134 375 stone
867 134 376 stone
867 134 377 stone
867 134 378 stone
867 134 379 stone
867 134 380 stone
867 134 381 stone
867 134 382 stone
867 134 383 stone
868 134 256 stone
868 134 257 stone
868 134 258 stone
868 134 259 stone
868 134 260 stone
868 134 261 stone
868 134 262 stone
868 134 263 stone
868 134 264 stone
868 134 265 stone
868 134 266 stone
868 134 267 stone
868 134 268 stone
868 134 269 stone
868 134 270 stone
868 134 271 stone
868 134 272 stone
868 134 273 stone
868 134 274 stone
868 134 275 stone
868 134 276 stone
868 134 277 stone
868 134 278 stone
868 134 279 stone
868 134 280 stone
868 134 281 stone
868 134 282 stone
868 134 283 stone
868 134 284 stone
868 134 285 stone
868 134 286 stone
868 134 287 stone
868 134 288 stone
868 134 289 stone
868 134 290 stone
868 134 291 stone
868 134 292 stone
868 134 293 stone
868 134 294 stone
868 134 295 stone
868 134 296 stone
868 134 297 stone
868 134 298 stone
868 134 299 stone
868 134 300 stone
868 134 301 stone
868 134 302 stone
868 134 303 stone
868 134 304 stone
868 134 305 stone
868 134 306 stone
868 134 307 stone
868 134 308 stone
868 134 309 stone
868 134 310 stone
868 134 311 stone
868 134 312 stone
868 134 313 stone
868 134 314 stone
868 134 315 stone
868 134 316 stone
868 134 317 stone
868 134 318 stone
868 134 319 stone
868 134 320 stone
868 134 321 stone
868 134 322 stone
868 134 323 stone
868 134 324 stone
868 134 325 stone
868 134 326 stone
868 134 327 stone
868 134 328 stone
868 134 329 stone
868 134 330 stone
868 134 331 stone
868 134 332 stone
868 134 333 stone
868 134 334 stone
868 134 335 stone
868 134 336 stone
868 134 337 stone
868 134 338 stone
868 134 339 stone
868 134 340 stone
868 134 341 stone
868 134 342 stone
868 134 343 stone
868 134 344 stone
868 134 345 stone
868 134 346 stone
868 134 347 dirt
868 134 348 dirt
868 134 349 dirt
868 134 350 dirt
868 134 351 dirt
868 134 352 stone
868 134 353 stone
868 134 354 stone
868 134 355 stone
868 134 356 stone
868 134 357 stone
868 134 358 stone
868 134 359 stone
868 134 360 stone
868 134 361 stone
868 134 365 stone
868 134 366 stone
868 134 367 stone
868 134 368 stone
868 134 369 stone
868 134 370 stone
868 134 371 stone
868 134 372 stone
868 134 373 stone
868 134 374 stone
868 134 375 stone
868 134 376 stone
868 134 377 stone
868 134 378 stone
868 134 379 stone
868 134 380 stone
868 134 381 stone
868 134 382 stone
868 134 383 stone
869 134 256 stone
869 134 257 stone
869 134 258 stone
869 134 259 stone
869 134 260 stone
869 134 261 stone
869 134 262 stone
869 134 263 stone
869 134 264 stone
869 134 265 stone
869 134 266 stone
869 134 267 stone
869 134 268 stone
869 134 269 stone
869 134 270 stone
869 134 271 stone
869 134 272 stone
869 134 273 stone
869 134 274 stone
869 134 275 stone
869 134 276 stone
869 134 277 stone
869 134 278 stone
869 134 279 stone
869 134 280 stone
869 134 281 stone
869 134 282 stone
869 134 283 stone
869 134 284 stone
869 134 285 stone
869 134 286 stone
869 134 287 stone
869 134 288 stone
869 134 289 stone
869 134 290 stone
869 134 291 stone
869 134 292 stone
869 134 293 stone
869 134 294 stone
869 134 295 stone
869 134 296 stone
869 134 297 stone
869 134 298 stone
869 134 299 stone
869 134 300 stone
869 134 301 stone
869 134 302 stone
869 134 303 stone
869 134 304 stone
869 134 305 stone
869 134 306 stone
869 134 307 stone
869 134 308 stone
869 134 309 stone
869 134 310 stone
869 134 311 stone
869 134 312 stone
869 134 313 stone
869 134 314 stone
869 134 315 stone
869 134 316 stone
869 134 317 stone
869 134 318 stone
869 134 319 stone
869 134 320 stone
869 134 321 stone
869 134 322 stone
869 134 323 stone
869 134 324 stone
869 134 325 stone
869 134 326 stone
869 134 327 stone
869 134 328 stone
869 134 329 stone
869 134 330 stone
869 134 331 stone
869 134 332 stone
869 134 333 stone
869 134 334 stone
869 134 335 stone
869 134 336 stone
869 134 337 stone
869 134 338 stone
869 134 339 stone
869 134 340 stone
869 134 341 stone
869 134 342 stone
869 134 343 stone
869 134 344 stone
869 134 345 dirt
869 134 346 dirt
869 134 347 dirt
869 134 348 dirt
869 134 349 dirt
869 134 350 dirt
869 134 351 dirt
869 134 352 stone
869 134 353 stone
869 134 354 stone
869 134 355 stone
869 134 356 stone
869 134 357 stone
869 134 358 stone
869 134 359 stone
869 134 360 stone
869 134 361 stone
869 134 365 stone
869 134 366 stone
869 134 367 stone
869 134 368 stone
869 134 369 stone
869 134 370 stone
869 134 371 stone
869 134 372 stone
869 134 373 stone
869 134 374 stone
869 134 375 stone
869 134 376 stone
869 134 377 stone
869 134 378 stone
869 134 379 stone
869 134 380 stone
869 134 381 stone
869 134 382 stone
869 134 383 stone
870 134 256 dirt
870 134 257 dirt
870 134 258 stone
870 134 259 stone
870 134 260 stone
870 134 261 stone
870 134 262 stone
870 134 263 stone
870 134 264 stone
870 134 265 stone
870 134 266 stone
870 134 267 stone
870 134 268 stone
870 134 269 stone
870 134 270 stone
870 134 271 stone
870 134 272 stone
870 134 273 stone
870 134 274 stone
870 134 275 stone
870 134 276 stone
870 134 277 stone
870 134 278 stone
870 134 279 stone
870 134 280 stone
870 134 281 stone
870 134 282 stone
870 134 283 stone
870 134 284 stone
870 134 285 stone
870 134 286 stone
870 134 287 stone
870 134 288 stone
870 134 289 stone
870 134 290 stone
870 134 291 stone
870 134 292 stone
870 134 293 stone
870 134 294 stone
