649 102 474 stone
649 102 475 stone
649 102 476 stone
649 102 477 stone
649 102 478 stone
649 102 479 stone
649 102 480 stone
649 102 481 stone
649 102 482 stone
649 102 483 stone
649 102 484 stone
649 102 485 andesite
649 102 486 andesite
649 102 487 andesite
649 102 488 andesite
649 102 489 andesite
649 102 490 andesite
649 102 491 stone
649 102 492 stone
649 102 493 stone
649 102 494 stone
649 102 495 stone
649 102 496 stone
649 102 497 stone
649 102 498 stone
649 102 499 stone
649 102 500 stone
649 102 501 stone
649 102 502 stone
649 102 503 stone
649 102 504 stone
649 102 505 andesite
649 102 506 andesite
649 102 507 andesite
649 102 508 andesite
649 102 509 andesite
649 102 510 andesite
649 102 511 andesite
650 102 384 diorite
650 102 385 diorite
650 102 386 diorite
650 102 387 diorite
650 102 388 diorite
650 102 389 diorite
650 102 390 diorite
650 102 391 diorite
650 102 392 stone
650 102 393 stone
650 102 394 stone
650 102 395 stone
650 102 396 stone
650 102 397 stone
650 102 398 stone
650 102 399 stone
650 102 400 stone
650 102 401 stone
650 102 402 stone
650 102 403 stone
650 102 404 stone
650 102 405 stone
650 102 406 stone
650 102 407 stone
650 102 408 stone
650 102 409 stone
650 102 410 stone
650 102 411 stone
650 102 412 stone
650 102 413 stone
650 102 414 stone
650 102 415 stone
650 102 416 stone
650 102 417 stone
650 102 418 stone
650 102 419 stone
650 102 420 stone
650 102 421 stone
650 102 422 stone
650 102 423 stone
650 102 424 stone
650 102 425 stone
650 102 426 stone
650 102 427 stone
650 102 428 stone
650 102 429 stone
650 102 430 stone
650 102 431 andesite
650 102 432 andesite
650 102 433 andesite
650 102 434 andesite
650 102 435 andesite
650 102 436 andesite
650 102 437 andesite
650 102 438 andesite
650 102 439 andesite
650 102 440 andesite
650 102 441 andesite
650 102 442 andesite
650 102 443 andesite
650 102 444 andesite
650 102 445 andesite
650 102 446 andesite
650 102 447 andesite
650 102 448 andesite
650 102 449 andesite
650 102 450 stone
650 102 451 stone
650 102 452 stone
650 102 453 stone
650 102 454 stone
650 102 455 stone
650 102 456 stone
650 102 457 stone
650 102 458 stone
650 102 459 stone
650 102 460 stone
650 102 461 stone
650 102 462 stone
650 102 463 stone
650 102 464 stone
650 102 465 stone
650 102 466 stone
650 102 467 stone
650 102 468 stone
650 102 469 stone
650 102 470 stone
650 102 471 stone
650 102 472 stone
650 102 473 stone
650 102 474 stone
650 102 475 stone
650 102 476 stone
650 102 477 stone
650 102 478 stone
650 102 479 stone
650 102 480 stone
650 102 481 stone
650 102 482 stone
650 102 483 stone
650 102 484 andesite
650 102 485 andesite
650 102 486 andesite
650 102 487 andesite
650 102 488 andesite
650 102 489 andesite
650 102 490 andesite
650 102 491 stone
650 102 492 stone
650 102 493 stone
650 102 494 stone
650 102 495 stone
650 102 496 stone
650 102 497 stone
650 102 498 stone
650 102 499 stone
650 102 500 stone
650 102 501 stone
650 102 502 stone
650 102 503 stone
650 102 504 stone
650 102 505 stone
650 102 506 andesite
650 102 507 andesite
650 102 508 andesite
650 102 509 andesite
650 102 510 andesite
650 102 511 diorite
651 102 384 diorite
651 102 385 diorite
651 102 386 diorite
651 102 387 diorite
651 102 388 diorite
651 102 389 diorite
651 102 390 diorite
651 102 391 stone
651 102 392 stone
651 102 393 stone
651 102 394 stone
651 102 395 stone
651 102 396 stone
651 102 397 stone
651 102 398 stone
651 102 399 stone
651 102 400 andesite
651 102 401 andesite
651 102 402 andesite
651 102 403 andesite
651 102 404 andesite
651 102 405 stone
651 102 406 stone
651 102 407 stone
651 102 408 stone
651 102 409 stone
651 102 410 stone
651 102 411 stone
651 102 412 stone
651 102 413 stone
651 102 414 stone
651 102 415 stone
651 102 416 stone
651 102 417 stone
651 102 418 stone
651 102 419 stone
651 102 420 stone
651 102 421 stone
651 102 422 stone
651 102 423 stone
651 102 424 stone
651 102 425 stone
651 102 426 stone
651 102 427 stone
651 102 428 stone
651 102 429 stone
651 102 430 stone
651 102 431 andesite
651 102 432 andesite
651 102 433 andesite
651 102 434 andesite
651 102 435 andesite
651 102 436 andesite
651 102 437 andesite
651 102 438 andesite
651 102 439 andesite
651 102 440 andesite
651 102 441 andesite
651 102 442 andesite
651 102 443 andesite
651 102 444 andesite
651 102 445 andesite
651 102 446 andesite
651 102 447 andesite
651 102 448 andesite
651 102 449 stone
651 102 450 stone
651 102 451 stone
651 102 452 stone
651 102 453 stone
651 102 454 stone
651 102 455 stone
651 102 456 stone
651 102 457 stone
651 102 458 stone
651 102 459 stone
651 102 460 stone
651 102 461 stone
651 102 462 stone
651 102 463 stone
651 102 464 stone
651 102 465 stone
651 102 466 stone
651 102 467 stone
651 102 468 stone
651 102 469 stone
651 102 470 stone
651 102 471 stone
651 102 472 stone
651 102 473 stone
651 102 474 stone
651 102 475 stone
651 102 476 stone
651 102 477 stone
651 102 478 stone
651 102 479 stone
651 102 480 coal_ore
651 102 481 coal_ore
651 102 482 coal_ore
651 102 483 andesite
651 102 484 andesite
651 102 485 andesite
651 102 486 andesite
651 102 491 glow_lichen[down=false,east=false,north=false,south=true,up=false,waterlogged=false,west=false]
651 102 492 stone
651 102 493 stone
651 102 494 stone
651 102 495 stone
651 102 496 stone
651 102 497 stone
651 102 498 stone
651 102 499 stone
651 102 500 stone
651 102 501 stone
651 102 502 stone
651 102 503 stone
651 102 504 stone
651 102 505 stone
651 102 506 stone
651 102 507 andesite
651 102 508 diorite
651 102 509 diorite
651 102 510 diorite
651 102 511 diorite
652 102 384 diorite
652 102 385 diorite
652 102 386 diorite
652 102 387 diorite
652 102 388 diorite
652 102 389 diorite
652 102 390 stone
652 102 391 stone
652 102 392 stone
652 102 393 stone
652 102 394 stone
652 102 395 stone
652 102 396 stone
652 102 397 stone
652 102 398 stone
652 102 399 stone
652 102 400 andesite
652 102 401 andesite
652 102 402 andesite
652 102 403 andesite
652 102 404 andesite
652 102 405 andesite
652 102 406 andesite
652 102 407 andesite
652 102 408 stone
652 102 409 stone
652 102 410 stone
652 102 411 stone
652 102 412 stone
652 102 413 stone
652 102 414 stone
652 102 415 stone
652 102 416 stone
652 102 417 stone
652 102 418 stone
652 102 419 stone
652 102 420 stone
652 102 421 stone
652 102 422 stone
652 102 423 stone
652 102 424 stone
652 102 425 dirt
652 102 426 dirt
652 102 427 dirt
652 102 428 stone
652 102 429 stone
652 102 430 stone
652 102 431 andesite
652 102 432 andesite
652 102 433 andesite
652 102 434 andesite
652 102 435 andesite
652 102 436 andesite
652 102 437 andesite
652 102 438 andesite
652 102 439 iron_ore
652 102 440 iron_ore
652 102 441 andesite
652 102 442 andesite
652 102 443 andesite
652 102 444 andesite
652 102 445 andesite
652 102 446 andesite
652 102 447 andesite
652 102 448 stone
652 102 449 stone
652 102 450 stone
652 102 451 stone
652 102 452 stone
652 102 453 dirt
652 102 454 dirt
652 102 455 dirt
652 102 456 dirt
652 102 457 stone
652 102 458 stone
652 102 459 stone
652 102 460 stone
652 102 461 stone
652 102 462 stone
652 102 463 stone
652 102 464 stone
652 102 465 stone
652 102 466 stone
652 102 467 stone
652 102 468 stone
652 102 469 stone
652 102 470 stone
652 102 471 stone
652 102 472 stone
652 102 473 stone
652 102 474 stone
652 102 475 stone
652 102 476 stone
652 102 477 diorite
652 102 478 diorite
652 102 479 diorite
652 102 480 coal_ore
652 102 481 coal_ore
652 102 482 coal_ore
652 102 483 andesite
652 102 484 andesite
652 102 485 andesite
652 102 494 stone
652 102 495 stone
652 102 496 stone
652 102 497 stone
652 102 498 stone
652 102 499 stone
652 102 500 stone
652 102 501 stone
652 102 502 stone
652 102 503 stone
652 102 504 stone
652 102 505 stone
652 102 506 diorite
652 102 507 diorite
652 102 508 diorite
652 102 509 diorite
652 102 510 diorite
652 102 511 diorite
653 102 384 stone
653 102 385 diorite
653 102 386 diorite
653 102 387 stone
653 102 388 stone
653 102 389 stone
653 102 390 stone
653 102 391 stone
653 102 392 stone
653 102 393 stone
653 102 394 stone
653 102 395 stone
653 102 396 stone
653 102 397 stone
653 102 398 stone
653 102 399 stone
653 102 400 andesite
653 102 401 andesite
653 102 402 andesite
653 102 403 andesite
653 102 404 andesite
653 102 405 andesite
653 102 406 andesite
653 102 407 andesite
653 102 408 andesite
653 102 409 stone
653 102 410 stone
653 102 411 stone
653 102 412 stone
653 102 413 stone
653 102 414 stone
653 102 415 stone
653 102 416 stone
653 102 417 stone
653 102 418 stone
653 102 419 stone
653 102 420 stone
653 102 421 stone
653 102 422 stone
653 102 423 stone
653 102 424 stone
653 102 425 dirt
653 102 426 dirt
653 102 427 dirt
653 102 428 dirt
653 102 429 stone
653 102 430 stone
653 102 431 stone
653 102 432 andesite
653 102 433 andesite
653 102 434 andesite
653 102 435 andesite
653 102 436 andesite
653 102 437 andesite
653 102 438 andesite
653 102 439 iron_ore
653 102 440 iron_ore
653 102 441 andesite
653 102 442 andesite
653 102 443 andesite
653 102 444 andesite
653 102 445 stone
653 102 446 stone
653 102 447 stone
653 102 448 stone
653 102 449 stone
653 102 450 stone
653 102 451 dirt
653 102 452 dirt
653 102 453 dirt
653 102 454 dirt
653 102 455 dirt
653 102 456 dirt
653 102 457 stone
653 102 458 stone
653 102 459 stone
653 102 460 stone
653 102 461 stone
653 102 462 stone
653 102 463 stone
653 102 464 stone
653 102 465 stone
653 102 466 stone
653 102 467 stone
653 102 468 stone
653 102 469 stone
653 102 470 stone
653 102 471 stone
653 102 472 stone
653 102 473 stone
653 102 474 stone
653 102 475 stone
653 102 476 diorite
653 102 477 diorite
653 102 478 diorite
653 102 479 diorite
653 102 480 diorite
653 102 481 diorite
653 102 482 andesite
653 102 483 andesite
653 102 484 andesite
653 102 485 andesite
653 102 495 stone
653 102 496 stone
653 102 497 stone
653 102 498 stone
653 102 499 stone
653 102 500 stone
653 102 501 stone
653 102 502 stone
653 102 503 stone
653 102 504 stone
653 102 505 diorite
653 102 506 diorite
653 102 507 diorite
653 102 508 diorite
653 102 509 diorite
653 102 510 diorite
653 102 511 diorite
654 102 384 stone
654 102 385 stone
654 102 386 stone
654 102 387 stone
654 102 388 stone
654 102 389 stone
654 102 390 stone
654 102 391 stone
654 102 392 stone
654 102 393 stone
654 102 394 stone
654 102 395 stone
654 102 396 stone
654 102 397 stone
654 102 398 stone
654 102 399 stone
654 102 400 stone
654 102 401 andesite
654 102 402 andesite
654 102 403 andesite
654 102 404 andesite
654 102 405 andesite
654 102 406 andesite
654 102 407 andesite
654 102 408 andesite
654 102 409 andesite
654 102 410 stone
654 102 411 stone
654 102 412 stone
654 102 413 stone
654 102 414 stone
654 102 415 stone
654 102 416 stone
654 102 417 stone
654 102 418 stone
654 102 419 stone
654 102 420 stone
654 102 421 stone
654 102 422 stone
654 102 423 stone
654 102 424 stone
654 102 425 stone
654 102 426 dirt
654 102 427 dirt
654 102 428 dirt
654 102 429 dirt
654 102 430 stone
654 102 431 stone
654 102 432 andesite
654 102 433 andesite
654 102 434 andesite
654 102 435 andesite
654 102 436 andesite
654 102 437 andesite
654 102 438 andesite
654 102 439 andesite
654 102 440 andesite
654 102 441 stone
654 102 442 stone
654 102 443 stone
654 102 444 stone
654 102 445 stone
654 102 446 stone
654 102 447 stone
654 102 448 stone
654 102 449 stone
654 102 450 dirt
654 102 451 dirt
654 102 452 dirt
654 102 453 dirt
654 102 454 dirt
654 102 455 dirt
654 102 456 stone
654 102 457 stone
654 102 458 stone
654 102 459 stone
654 102 460 stone
654 102 461 stone
654 102 462 stone
654 102 463 stone
654 102 464 stone
654 102 465 stone
654 102 466 stone
654 102 467 stone
654 102 468 stone
654 102 469 stone
654 102 470 stone
654 102 471 stone
654 102 472 stone
654 102 473 stone
654 102 474 stone
654 102 475 stone
654 102 476 diorite
654 102 477 diorite
654 102 478 diorite
654 102 479 diorite
654 102 480 diorite
654 102 481 diorite
654 102 482 andesite
654 102 483 andesite
654 102 484 andesite
654 102 485 andesite
654 102 496 stone
654 102 497 stone
654 102 498 stone
654 102 499 stone
654 102 500 stone
654 102 501 stone
654 102 502 stone
654 102 503 stone
654 102 504 diorite
654 102 505 diorite
654 102 506 diorite
654 102 507 diorite
654 102 508 diorite
654 102 509 diorite
654 102 510 diorite
654 102 511 diorite
655 102 384 diorite
655 102 385 stone
655 102 386 stone
655 102 387 stone
655 102 388 stone
655 102 389 stone
655 102 390 stone
655 102 391 stone
655 102 392 stone
655 102 393 stone
655 102 394 stone
655 102 395 stone
655 102 396 stone
655 102 397 stone
655 102 398 stone
655 102 399 stone
655 102 400 stone
655 102 401 stone
655 102 402 andesite
655 102 403 andesite
655 102 404 andesite
655 102 405 andesite
655 102 406 andesite
655 102 407 andesite
655 102 408 andesite
655 102 409 andesite
655 102 410 andesite
655 102 411 stone
655 102 412 stone
655 102 413 stone
655 102 414 stone
655 102 415 stone
655 102 416 stone
655 102 417 stone
655 102 418 stone
655 102 419 stone
655 102 420 stone
655 102 421 stone
655 102 422 stone
655 102 423 stone
655 102 424 stone
655 102 425 stone
655 102 426 stone
655 102 427 dirt
655 102 428 dirt
655 102 429 dirt
655 102 430 stone
655 102 431 stone
655 102 432 andesite
655 102 433 andesite
655 102 434 andesite
655 102 435 andesite
655 102 436 andesite
655 102 437 andesite
655 102 438 andesite
655 102 439 stone
655 102 440 stone
655 102 441 stone
655 102 442 stone
655 102 443 stone
655 102 444 stone
655 102 445 stone
655 102 446 stone
655 102 447 stone
655 102 448 stone
655 102 449 stone
655 102 450 dirt
655 102 451 dirt
655 102 452 dirt
655 102 453 dirt
655 102 454 dirt
655 102 455 dirt
655 102 456 stone
655 102 457 stone
655 102 458 stone
655 102 459 stone
655 102 460 stone
655 102 461 stone
655 102 462 stone
655 102 463 stone
655 102 464 stone
655 102 465 stone
655 102 466 stone
655 102 467 stone
655 102 468 stone
655 102 469 stone
655 102 470 stone
655 102 471 stone
655 102 472 stone
655 102 473 stone
655 102 474 stone
655 102 475 stone
655 102 476 diorite
655 102 477 diorite
655 102 478 diorite
655 102 479 diorite
655 102 480 diorite
655 102 481 diorite
655 102 482 andesite
655 102 483 andesite
655 102 484 andesite
655 102 485 andesite
655 102 486 andesite
655 102 498 stone
655 102 499 stone
655 102 500 stone
655 102 501 stone
655 102 502 stone
655 102 503 diorite
655 102 504 diorite
655 102 505 diorite
655 102 506 diorite
655 102 507 diorite
655 102 508 diorite
655 102 509 diorite
655 102 510 diorite
655 102 511 diorite
656 102 384 diorite
656 102 385 stone
656 102 386 stone
656 102 387 stone
656 102 388 stone
656 102 389 stone
656 102 390 stone
656 102 391 stone
656 102 392 stone
656 102 393 stone
656 102 394 stone
656 102 395 stone
656 102 396 stone
656 102 397 stone
656 102 398 stone
656 102 399 stone
656 102 400 stone
656 102 401 stone
656 102 402 stone
656 102 403 andesite
656 102 404 andesite
656 102 405 andesite
656 102 406 andesite
656 102 407 andesite
656 102 408 andesite
656 102 409 andesite
656 102 410 andesite
656 102 411 andesite
656 102 412 stone
656 102 413 stone
656 102 414 stone
656 102 415 stone
656 102 416 stone
656 102 417 stone
656 102 418 stone
656 102 419 stone
656 102 420 stone
656 102 421 stone
656 102 422 stone
656 102 423 stone
656 102 424 stone
656 102 425 stone
656 102 426 stone
656 102 427 dirt
656 102 428 dirt
656 102 429 dirt
656 102 430 dirt
656 102 431 stone
656 102 432 stone
656 102 433 andesite
656 102 434 andesite
656 102 435 andesite
656 102 436 andesite
656 102 437 andesite
656 102 438 andesite
656 102 439 andesite
656 102 440 stone
656 102 441 stone
656 102 442 stone
656 102 443 stone
656 102 444 stone
656 102 445 stone
656 102 446 stone
656 102 447 stone
656 102 448 stone
656 102 449 dirt
656 102 450 dirt
656 102 451 dirt
656 102 452 dirt
656 102 453 dirt
656 102 454 granite
656 102 455 granite
656 102 456 stone
656 102 457 stone
656 102 458 stone
656 102 459 stone
656 102 460 stone
656 102 461 stone
656 102 462 stone
656 102 463 stone
656 102 464 stone
656 102 465 stone
656 102 466 stone
656 102 467 stone
656 102 468 stone
656 102 469 stone
656 102 470 stone
656 102 471 stone
656 102 472 stone
656 102 473 stone
656 102 474 stone
656 102 475 stone
656 102 476 stone
656 102 477 diorite
656 102 478 diorite
656 102 479 diorite
656 102 480 diorite
656 102 481 diorite
656 102 482 andesite
656 102 483 andesite
656 102 484 andesite
656 102 485 andesite
656 102 486 andesite
656 102 499 stone
656 102 500 stone
656 102 501 stone
656 102 502 diorite
656 102 503 diorite
656 102 504 diorite
656 102 505 diorite
656 102 506 diorite
656 102 507 diorite
656 102 510 diorite
656 102 511 diorite
657 102 384 diorite
657 102 385 stone
657 102 386 stone
657 102 387 stone
657 102 388 stone
657 102 389 stone
657 102 390 stone
657 102 391 stone
657 102 392 stone
657 102 393 stone
657 102 394 stone
657 102 395 stone
657 102 396 stone
657 102 397 stone
657 102 398 stone
657 102 399 stone
657 102 400 stone
657 102 401 stone
657 102 402 stone
657 102 403 stone
657 102 404 andesite
657 102 405 andesite
657 102 406 andesite
657 102 407 andesite
657 102 408 andesite
657 102 409 andesite
657 102 410 andesite
657 102 411 andesite
657 102 412 andesite
657 102 413 stone
657 102 414 stone
657 102 415 stone
657 102 416 stone
657 102 417 stone
657 102 418 stone
657 102 419 stone
657 102 420 stone
657 102 421 stone
657 102 422 stone
657 102 423 stone
657 102 424 stone
657 102 425 stone
657 102 426 stone
657 102 427 stone
657 102 428 stone
657 102 429 dirt
657 102 430 dirt
657 102 431 stone
657 102 432 stone
657 102 433 andesite
657 102 434 andesite
657 102 435 andesite
657 102 436 andesite
657 102 437 andesite
657 102 438 andesite
657 102 439 andesite
657 102 440 andesite
657 102 441 stone
657 102 442 stone
657 102 443 stone
657 102 444 stone
657 102 445 stone
657 102 446 stone
657 102 447 stone
657 102 448 dirt
657 102 449 dirt
657 102 450 dirt
657 102 451 dirt
657 102 452 dirt
657 102 453 granite
657 102 454 granite
657 102 455 granite
657 102 456 granite
657 102 457 stone
657 102 458 stone
657 102 459 stone
657 102 460 stone
657 102 461 stone
657 102 462 stone
657 102 463 stone
657 102 464 stone
657 102 465 stone
657 102 466 stone
657 102 467 stone
657 102 468 stone
657 102 469 stone
657 102 470 stone
657 102 471 stone
657 102 472 stone
657 102 473 stone
657 102 474 stone
657 102 475 stone
657 102 476 granite
657 102 477 diorite
657 102 478 diorite
657 102 479 diorite
657 102 480 diorite
657 102 481 andesite
657 102 482 andesite
657 102 483 andesite
657 102 484 andesite
657 102 485 andesite
657 102 486 andesite
657 102 487 andesite
657 102 500 stone
657 102 501 diorite
657 102 502 diorite
657 102 503 diorite
657 102 504 diorite
657 102 505 diorite
657 102 506 diorite
657 102 507 diorite
657 102 511 diorite
658 102 384 diorite
658 102 385 stone
658 102 386 stone
658 102 387 stone
658 102 388 stone
658 102 389 stone
658 102 390 stone
658 102 391 stone
658 102 392 stone
658 102 393 stone
658 102 394 stone
658 102 395 stone
658 102 396 stone
658 102 397 stone
658 102 398 stone
658 102 399 stone
658 102 400 stone
658 102 401 stone
658 102 402 stone
658 102 403 stone
658 102 404 andesite
658 102 405 andesite
658 102 406 andesite
658 102 407 andesite
658 102 408 andesite
658 102 409 andesite
658 102 410 andesite
658 102 411 andesite
658 102 412 andesite
658 102 413 stone
658 102 414 stone
658 102 415 stone
658 102 416 stone
658 102 417 stone
658 102 418 stone
658 102 419 stone
658 102 420 stone
658 102 421 stone
658 102 422 stone
658 102 423 stone
658 102 424 stone
658 102 425 stone
658 102 426 stone
658 102 427 stone
658 102 428 stone
658 102 429 stone
658 102 430 stone
658 102 431 stone
658 102 432 stone
658 102 433 stone
658 102 434 andesite
658 102 435 andesite
658 102 436 andesite
658 102 437 andesite
658 102 438 andesite
658 102 439 andesite
658 102 440 andesite
658 102 441 stone
658 102 442 stone
658 102 443 stone
658 102 444 stone
658 102 445 stone
658 102 446 stone
658 102 447 stone
658 102 448 stone
658 102 449 dirt
658 102 450 dirt
658 102 451 stone
658 102 452 granite
658 102 453 granite
658 102 454 granite
658 102 455 granite
658 102 456 granite
658 102 457 stone
658 102 458 stone
658 102 459 stone
658 102 460 stone
658 102 461 stone
658 102 462 stone
658 102 463 stone
658 102 464 stone
658 102 465 stone
658 102 466 stone
658 102 467 stone
658 102 468 stone
658 102 469 stone
658 102 470 stone
658 102 471 stone
658 102 472 stone
658 102 473 stone
658 102 474 stone
658 102 475 stone
