652 105 476 stone
652 105 477 stone
652 105 478 stone
652 105 479 stone
652 105 480 stone
652 105 481 stone
652 105 482 stone
652 105 483 andesite
652 105 484 andesite
652 105 485 andesite
652 105 486 andesite
652 105 487 andesite
652 105 488 andesite
652 105 489 andesite
652 105 490 andesite
652 105 491 stone
652 105 492 stone
652 105 493 stone
652 105 494 stone
652 105 495 stone
652 105 496 stone
652 105 497 stone
652 105 498 stone
652 105 499 stone
652 105 500 stone
652 105 501 stone
652 105 502 stone
652 105 503 stone
652 105 504 stone
652 105 509 diorite
652 105 510 diorite
652 105 511 andesite
653 105 384 stone
653 105 385 gravel
653 105 386 gravel
653 105 387 gravel
653 105 388 stone
653 105 389 stone
653 105 390 stone
653 105 391 stone
653 105 392 stone
653 105 393 stone
653 105 394 stone
653 105 395 stone
653 105 396 stone
653 105 397 stone
653 105 398 stone
653 105 399 stone
653 105 400 stone
653 105 401 stone
653 105 402 stone
653 105 403 stone
653 105 404 stone
653 105 405 stone
653 105 406 stone
653 105 407 stone
653 105 408 stone
653 105 409 stone
653 105 410 stone
653 105 411 stone
653 105 412 stone
653 105 413 stone
653 105 414 stone
653 105 415 coal_ore
653 105 416 coal_ore
653 105 417 stone
653 105 418 stone
653 105 419 stone
653 105 420 stone
653 105 421 stone
653 105 422 stone
653 105 423 stone
653 105 424 stone
653 105 425 stone
653 105 426 stone
653 105 427 stone
653 105 428 stone
653 105 429 stone
653 105 430 stone
653 105 431 andesite
653 105 432 andesite
653 105 433 andesite
653 105 434 andesite
653 105 435 andesite
653 105 436 andesite
653 105 437 andesite
653 105 438 andesite
653 105 439 andesite
653 105 440 andesite
653 105 441 andesite
653 105 442 andesite
653 105 443 andesite
653 105 444 andesite
653 105 445 stone
653 105 446 stone
653 105 447 stone
653 105 448 stone
653 105 449 stone
653 105 450 stone
653 105 451 stone
653 105 452 stone
653 105 453 dirt
653 105 454 dirt
653 105 455 dirt
653 105 456 stone
653 105 457 stone
653 105 458 stone
653 105 459 stone
653 105 460 stone
653 105 461 stone
653 105 462 stone
653 105 463 stone
653 105 464 stone
653 105 465 stone
653 105 466 stone
653 105 467 granite
653 105 468 granite
653 105 469 granite
653 105 470 granite
653 105 471 granite
653 105 472 granite
653 105 473 granite
653 105 474 stone
653 105 475 stone
653 105 476 stone
653 105 477 stone
653 105 478 stone
653 105 479 stone
653 105 480 stone
653 105 481 stone
653 105 482 andesite
653 105 483 andesite
653 105 484 andesite
653 105 485 andesite
653 105 486 andesite
653 105 487 andesite
653 105 488 andesite
653 105 489 andesite
653 105 490 andesite
653 105 491 stone
653 105 492 stone
653 105 493 stone
653 105 494 stone
653 105 495 stone
653 105 496 stone
653 105 497 stone
653 105 498 stone
653 105 499 stone
653 105 500 stone
653 105 501 stone
653 105 502 stone
653 105 503 stone
653 105 504 stone
653 105 505 stone
653 105 510 diorite
653 105 511 diorite
654 105 384 stone
654 105 385 stone
654 105 386 gravel
654 105 387 gravel
654 105 388 stone
654 105 389 stone
654 105 390 stone
654 105 391 stone
654 105 392 stone
654 105 393 stone
654 105 394 stone
654 105 395 stone
654 105 396 stone
654 105 397 stone
654 105 398 stone
654 105 399 dirt
654 105 400 dirt
654 105 401 dirt
654 105 402 dirt
654 105 403 stone
654 105 404 stone
654 105 405 stone
654 105 406 stone
654 105 407 stone
654 105 408 stone
654 105 409 stone
654 105 410 stone
654 105 411 coal_ore
654 105 412 coal_ore
654 105 413 coal_ore
654 105 414 coal_ore
654 105 415 coal_ore
654 105 416 coal_ore
654 105 417 stone
654 105 418 stone
654 105 419 stone
654 105 420 stone
654 105 421 stone
654 105 422 stone
654 105 423 stone
654 105 424 stone
654 105 425 stone
654 105 426 stone
654 105 427 dirt
654 105 428 dirt
654 105 429 copper_ore
654 105 430 copper_ore
654 105 431 stone
654 105 432 andesite
654 105 433 andesite
654 105 434 andesite
654 105 435 andesite
654 105 436 andesite
654 105 437 andesite
654 105 438 andesite
654 105 439 andesite
654 105 440 andesite
654 105 441 stone
654 105 442 stone
654 105 443 stone
654 105 444 stone
654 105 445 stone
654 105 446 stone
654 105 447 stone
654 105 448 stone
654 105 449 stone
654 105 450 stone
654 105 451 stone
654 105 452 dirt
654 105 453 dirt
654 105 454 dirt
654 105 455 dirt
654 105 456 stone
654 105 457 stone
654 105 458 stone
654 105 459 stone
654 105 460 stone
654 105 461 stone
654 105 462 stone
654 105 463 stone
654 105 464 stone
654 105 465 stone
654 105 466 granite
654 105 467 granite
654 105 468 granite
654 105 469 granite
654 105 470 granite
654 105 471 granite
654 105 472 granite
654 105 473 granite
654 105 474 stone
654 105 475 stone
654 105 476 stone
654 105 477 stone
654 105 478 stone
654 105 479 stone
654 105 480 stone
654 105 481 stone
654 105 482 andesite
654 105 483 andesite
654 105 484 andesite
654 105 485 andesite
654 105 486 andesite
654 105 487 andesite
654 105 488 andesite
654 105 489 andesite
654 105 490 andesite
654 105 491 stone
654 105 492 stone
654 105 493 iron_ore
654 105 494 iron_ore
654 105 495 stone
654 105 496 stone
654 105 497 stone
654 105 498 stone
654 105 499 stone
654 105 500 stone
654 105 501 stone
654 105 502 stone
654 105 503 stone
654 105 504 stone
654 105 505 stone
654 105 506 diorite
654 105 510 diorite
654 105 511 diorite
655 105 384 stone
655 105 385 andesite
655 105 386 stone
655 105 387 stone
655 105 388 stone
655 105 389 stone
655 105 390 stone
655 105 391 stone
655 105 392 stone
655 105 393 stone
655 105 394 stone
655 105 395 stone
655 105 396 stone
655 105 397 stone
655 105 398 stone
655 105 399 dirt
655 105 400 dirt
655 105 401 dirt
655 105 402 dirt
655 105 403 dirt
655 105 404 stone
655 105 405 stone
655 105 406 stone
655 105 407 stone
655 105 408 stone
655 105 409 stone
655 105 410 stone
655 105 411 coal_ore
655 105 412 coal_ore
655 105 413 coal_ore
655 105 414 coal_ore
655 105 415 coal_ore
655 105 416 coal_ore
655 105 417 coal_ore
655 105 418 stone
655 105 419 stone
655 105 420 stone
655 105 421 stone
655 105 422 stone
655 105 423 stone
655 105 424 stone
655 105 425 stone
655 105 426 stone
655 105 427 dirt
655 105 428 dirt
655 105 429 dirt
655 105 430 dirt
655 105 431 andesite
655 105 432 andesite
655 105 433 andesite
655 105 434 andesite
655 105 435 andesite
655 105 436 andesite
655 105 437 andesite
655 105 438 andesite
655 105 439 andesite
655 105 440 stone
655 105 441 stone
655 105 442 stone
655 105 443 stone
655 105 444 stone
655 105 445 stone
655 105 446 stone
655 105 447 stone
655 105 448 stone
655 105 449 stone
655 105 450 stone
655 105 451 dirt
655 105 452 dirt
655 105 453 dirt
655 105 454 dirt
655 105 455 stone
655 105 456 stone
655 105 457 stone
655 105 458 stone
655 105 459 stone
655 105 460 stone
655 105 461 stone
655 105 462 stone
655 105 463 stone
655 105 464 stone
655 105 465 stone
655 105 466 granite
655 105 467 granite
655 105 468 granite
655 105 469 granite
655 105 470 granite
655 105 471 granite
655 105 472 granite
655 105 473 coal_ore
655 105 474 stone
655 105 475 stone
655 105 476 stone
655 105 477 stone
655 105 478 stone
655 105 479 stone
655 105 480 stone
655 105 481 diorite
655 105 482 andesite
655 105 483 andesite
655 105 484 andesite
655 105 485 andesite
655 105 486 andesite
655 105 487 andesite
655 105 488 andesite
655 105 489 andesite
655 105 490 stone
655 105 496 stone
655 105 497 stone
655 105 498 stone
655 105 499 stone
655 105 500 stone
655 105 501 stone
655 105 502 stone
655 105 503 stone
655 105 504 diorite
655 105 505 diorite
655 105 506 diorite
655 105 507 diorite
655 105 510 diorite
655 105 511 diorite
656 105 384 andesite
656 105 385 andesite
656 105 386 andesite
656 105 387 andesite
656 105 388 stone
656 105 389 stone
656 105 390 stone
656 105 391 stone
656 105 392 stone
656 105 393 stone
656 105 394 stone
656 105 395 stone
656 105 396 stone
656 105 397 stone
656 105 398 stone
656 105 399 dirt
656 105 400 dirt
656 105 401 dirt
656 105 402 dirt
656 105 403 dirt
656 105 404 dirt
656 105 405 stone
656 105 406 stone
656 105 407 stone
656 105 408 stone
656 105 409 stone
656 105 410 stone
656 105 411 stone
656 105 412 stone
656 105 413 stone
656 105 414 stone
656 105 415 coal_ore
656 105 416 coal_ore
656 105 417 coal_ore
656 105 418 stone
656 105 419 stone
656 105 420 stone
656 105 421 stone
656 105 422 stone
656 105 423 stone
656 105 424 stone
656 105 425 stone
656 105 426 stone
656 105 427 stone
656 105 428 dirt
656 105 429 dirt
656 105 430 dirt
656 105 431 dirt
656 105 432 stone
656 105 433 andesite
656 105 434 andesite
656 105 435 andesite
656 105 436 andesite
656 105 437 andesite
656 105 438 andesite
656 105 439 andesite
656 105 440 andesite
656 105 441 stone
656 105 442 stone
656 105 443 stone
656 105 444 stone
656 105 445 stone
656 105 446 stone
656 105 447 stone
656 105 448 stone
656 105 449 stone
656 105 450 stone
656 105 451 stone
656 105 452 dirt
656 105 453 stone
656 105 454 stone
656 105 455 stone
656 105 456 stone
656 105 457 stone
656 105 458 stone
656 105 459 stone
656 105 460 stone
656 105 461 stone
656 105 462 stone
656 105 463 stone
656 105 464 stone
656 105 465 stone
656 105 466 stone
656 105 467 granite
656 105 468 granite
656 105 469 granite
656 105 470 granite
656 105 471 granite
656 105 472 coal_ore
656 105 473 coal_ore
656 105 474 coal_ore
656 105 475 stone
656 105 476 stone
656 105 477 stone
656 105 478 stone
656 105 479 stone
656 105 480 diorite
656 105 481 diorite
656 105 482 andesite
656 105 483 andesite
656 105 484 andesite
656 105 485 andesite
656 105 486 andesite
656 105 487 andesite
656 105 488 copper_ore
656 105 489 copper_ore
656 105 490 stone
656 105 497 stone
656 105 498 stone
656 105 499 stone
656 105 500 stone
656 105 501 stone
656 105 502 stone
656 105 503 diorite
656 105 504 diorite
656 105 505 diorite
656 105 506 diorite
656 105 507 diorite
656 105 508 diorite
656 105 509 diorite
656 105 510 diorite
656 105 511 stone
657 105 384 andesite
657 105 385 andesite
657 105 386 andesite
657 105 387 andesite
657 105 388 stone
657 105 389 stone
657 105 390 stone
657 105 391 stone
657 105 392 stone
657 105 393 stone
657 105 394 stone
657 105 395 stone
657 105 396 stone
657 105 397 stone
657 105 398 stone
657 105 399 dirt
657 105 400 dirt
657 105 401 dirt
657 105 402 dirt
657 105 403 dirt
657 105 404 dirt
657 105 405 dirt
657 105 406 stone
657 105 407 stone
657 105 408 stone
657 105 409 stone
657 105 410 stone
657 105 411 stone
657 105 412 stone
657 105 413 stone
657 105 414 stone
657 105 415 stone
657 105 416 stone
657 105 417 stone
657 105 418 stone
657 105 419 stone
657 105 420 stone
657 105 421 stone
657 105 422 stone
657 105 423 stone
657 105 424 stone
657 105 425 stone
657 105 426 stone
657 105 427 stone
657 105 428 dirt
657 105 429 dirt
657 105 430 dirt
657 105 431 dirt
657 105 432 stone
657 105 433 andesite
657 105 434 andesite
657 105 435 andesite
657 105 436 andesite
657 105 437 andesite
657 105 438 andesite
657 105 439 andesite
657 105 440 andesite
657 105 441 stone
657 105 442 stone
657 105 443 stone
657 105 444 stone
657 105 445 stone
657 105 446 stone
657 105 447 stone
657 105 448 stone
657 105 449 stone
657 105 450 stone
657 105 451 stone
657 105 452 stone
657 105 453 stone
657 105 454 stone
657 105 455 stone
657 105 456 stone
657 105 457 stone
657 105 458 stone
657 105 459 stone
657 105 460 stone
657 105 461 stone
657 105 462 stone
657 105 463 stone
657 105 464 stone
657 105 465 stone
657 105 466 stone
657 105 467 stone
657 105 468 granite
657 105 469 granite
657 105 470 granite
657 105 471 stone
657 105 472 stone
657 105 473 coal_ore
657 105 474 coal_ore
657 105 475 stone
657 105 476 stone
657 105 477 stone
657 105 478 stone
657 105 479 diorite
657 105 480 diorite
657 105 481 andesite
657 105 482 andesite
657 105 483 andesite
657 105 484 andesite
657 105 485 andesite
657 105 486 andesite
657 105 487 andesite
657 105 488 andesite
657 105 489 stone
657 105 490 stone
657 105 499 stone
657 105 500 stone
657 105 501 stone
657 105 502 diorite
657 105 503 diorite
657 105 504 diorite
657 105 505 diorite
657 105 506 diorite
657 105 507 diorite
657 105 508 diorite
657 105 509 diorite
657 105 510 diorite
657 105 511 stone
658 105 384 andesite
658 105 385 andesite
658 105 386 andesite
658 105 387 andesite
658 105 388 andesite
658 105 389 andesite
658 105 390 stone
658 105 391 stone
658 105 392 stone
658 105 393 stone
658 105 394 stone
658 105 395 stone
658 105 396 stone
658 105 397 stone
658 105 398 stone
658 105 399 stone
658 105 400 dirt
658 105 401 dirt
658 105 402 dirt
658 105 403 dirt
658 105 404 dirt
658 105 405 dirt
658 105 406 stone
658 105 407 stone
658 105 408 stone
658 105 409 stone
658 105 410 stone
658 105 411 stone
658 105 412 stone
658 105 413 stone
658 105 414 stone
658 105 415 stone
658 105 416 stone
658 105 417 stone
658 105 418 stone
658 105 419 stone
658 105 420 stone
658 105 421 stone
658 105 422 stone
658 105 423 stone
658 105 424 stone
658 105 425 stone
658 105 426 stone
658 105 427 stone
658 105 428 stone
658 105 429 dirt
658 105 430 dirt
658 105 431 dirt
658 105 432 dirt
658 105 433 andesite
658 105 434 andesite
658 105 435 andesite
658 105 436 andesite
658 105 437 andesite
658 105 438 andesite
658 105 439 andesite
658 105 440 andesite
658 105 441 stone
658 105 442 stone
658 105 443 stone
658 105 444 stone
658 105 445 stone
658 105 446 stone
658 105 447 stone
658 105 448 stone
658 105 449 stone
658 105 450 stone
658 105 451 stone
658 105 452 stone
658 105 453 stone
658 105 454 stone
658 105 455 stone
658 105 456 stone
658 105 457 stone
658 105 458 stone
658 105 459 stone
658 105 460 stone
658 105 461 stone
658 105 462 stone
658 105 463 stone
658 105 464 stone
658 105 465 stone
658 105 466 stone
658 105 467 stone
658 105 468 stone
658 105 469 stone
658 105 470 stone
658 105 471 stone
658 105 472 stone
658 105 473 coal_ore
658 105 474 coal_ore
658 105 475 stone
658 105 476 stone
658 105 477 stone
658 105 478 stone
658 105 479 diorite
658 105 480 diorite
658 105 481 andesite
658 105 482 andesite
658 105 483 andesite
658 105 484 andesite
658 105 485 andesite
658 105 486 andesite
658 105 487 andesite
658 105 488 andesite
658 105 489 stone
658 105 490 stone
658 105 499 stone
658 105 500 stone
658 105 501 diorite
658 105 502 diorite
658 105 503 diorite
658 105 504 diorite
658 105 505 diorite
658 105 506 diorite
658 105 507 diorite
658 105 508 diorite
658 105 509 stone
658 105 510 stone
658 105 511 stone
659 105 384 andesite
659 105 385 andesite
659 105 386 andesite
659 105 387 andesite
659 105 388 andesite
659 105 389 andesite
659 105 390 andesite
659 105 391 stone
659 105 392 stone
659 105 393 stone
659 105 394 stone
659 105 395 stone
659 105 396 stone
659 105 397 stone
659 105 398 stone
659 105 399 stone
659 105 400 stone
659 105 401 stone
659 105 402 dirt
659 105 403 dirt
659 105 404 dirt
659 105 405 dirt
659 105 406 stone
659 105 407 stone
659 105 408 stone
659 105 409 stone
659 105 410 stone
659 105 411 stone
659 105 412 stone
659 105 413 stone
659 105 414 stone
659 105 415 stone
659 105 416 stone
659 105 417 stone
659 105 418 stone
659 105 419 stone
659 105 420 stone
659 105 421 stone
659 105 422 stone
659 105 423 stone
659 105 424 stone
659 105 425 stone
659 105 426 stone
659 105 427 stone
659 105 428 stone
659 105 429 stone
659 105 430 dirt
659 105 431 dirt
659 105 432 dirt
659 105 433 andesite
659 105 434 andesite
659 105 435 andesite
659 105 436 andesite
659 105 437 andesite
659 105 438 andesite
659 105 439 andesite
659 105 440 andesite
659 105 441 andesite
659 105 442 stone
659 105 443 stone
659 105 444 stone
659 105 445 stone
659 105 446 stone
659 105 447 stone
659 105 448 stone
659 105 449 stone
659 105 450 stone
659 105 451 stone
659 105 452 stone
659 105 453 stone
659 105 454 stone
659 105 455 stone
659 105 456 stone
659 105 457 stone
659 105 458 stone
659 105 459 stone
659 105 460 stone
659 105 461 stone
659 105 462 stone
659 105 463 stone
659 105 464 stone
659 105 465 stone
659 105 466 stone
659 105 467 stone
659 105 468 stone
659 105 469 stone
659 105 470 stone
659 105 471 stone
659 105 472 stone
659 105 473 coal_ore
659 105 474 coal_ore
659 105 475 stone
659 105 476 stone
659 105 477 stone
659 105 478 diorite
659 105 479 diorite
659 105 480 diorite
659 105 481 andesite
659 105 482 andesite
659 105 483 andesite
659 105 484 andesite
659 105 485 andesite
659 105 486 andesite
659 105 487 andesite
659 105 488 stone
659 105 489 stone
659 105 490 stone
659 105 500 stone
659 105 501 diorite
659 105 502 diorite
659 105 503 diorite
659 105 504 diorite
659 105 505 diorite
659 105 506 diorite
659 105 507 diorite
659 105 508 diorite
659 105 509 stone
659 105 510 stone
659 105 511 stone
660 105 384 andesite
660 105 385 andesite
660 105 386 andesite
660 105 387 andesite
660 105 388 andesite
660 105 389 andesite
660 105 390 andesite
660 105 391 andesite
660 105 392 stone
660 105 393 stone
660 105 394 stone
660 105 395 stone
660 105 396 stone
660 105 397 stone
660 105 398 stone
660 105 399 stone
660 105 400 stone
660 105 401 stone
660 105 402 stone
660 105 403 dirt
660 105 404 dirt
660 105 405 dirt
660 105 406 stone
660 105 407 stone
660 105 408 stone
660 105 409 stone
660 105 410 stone
660 105 411 stone
660 105 412 stone
660 105 413 stone
660 105 414 stone
660 105 415 stone
660 105 416 stone
660 105 417 stone
660 105 418 stone
660 105 419 stone
660 105 420 stone
660 105 421 stone
660 105 422 stone
660 105 423 stone
660 105 424 stone
660 105 425 stone
660 105 426 stone
660 105 427 stone
660 105 428 stone
660 105 429 stone
660 105 430 stone
660 105 431 stone
660 105 432 stone
660 105 433 stone
660 105 434 andesite
660 105 435 andesite
660 105 436 andesite
660 105 437 andesite
660 105 438 andesite
660 105 439 andesite
660 105 440 andesite
660 105 441 andesite
660 105 442 stone
660 105 443 stone
660 105 444 stone
660 105 445 stone
660 105 446 stone
660 105 447 stone
660 105 448 stone
660 105 449 stone
660 105 450 stone
660 105 451 stone
660 105 452 stone
660 105 453 stone
660 105 454 stone
660 105 455 stone
660 105 456 stone
660 105 457 stone
660 105 458 stone
660 105 459 stone
660 105 460 stone
660 105 461 stone
660 105 462 stone
660 105 463 stone
660 105 464 stone
660 105 465 stone
660 105 466 stone
660 105 467 stone
660 105 468 stone
660 105 469 stone
660 105 470 stone
660 105 471 stone
660 105 472 stone
660 105 473 stone
660 105 474 coal_ore
660 105 475 stone
660 105 476 stone
660 105 477 stone
660 105 478 diorite
660 105 479 diorite
660 105 480 diorite
660 105 481 andesite
660 105 482 andesite
660 105 483 andesite
660 105 484 andesite
660 105 485 andesite
660 105 486 andesite
660 105 487 andesite
660 105 488 stone
660 105 489 stone
660 105 490 stone
660 105 491 stone
660 105 501 diorite
660 105 502 diorite
660 105 503 diorite
660 105 504 diorite
660 105 505 diorite
660 105 506 diorite
660 105 507 diorite
660 105 508 stone
660 105 509 stone
660 105 510 stone
660 105 511 stone
661 105 384 andesite
661 105 385 andesite
661 105 386 andesite
661 105 387 andesite
661 105 388 andesite
661 105 389 andesite
661 105 390 andesite
661 105 391 andesite
661 105 392 stone
661 105 393 stone
661 105 394 stone
661 105 395 stone
661 105 396 stone
661 105 397 stone
661 105 398 stone
661 105 399 stone
661 105 400 stone
661 105 401 stone
661 105 402 stone
661 105 403 stone
661 105 404 stone
661 105 405 stone
661 105 406 stone
661 105 407 stone
661 105 408 copper_ore
661 105 409 copper_ore
661 105 410 stone
661 105 411 stone
661 105 412 stone
661 105 413 stone
661 105 414 stone
661 105 415 stone
661 105 416 stone
661 105 417 stone
661 105 418 stone
661 105 419 stone
661 105 420 stone
661 105 421 stone
661 105 422 stone
661 105 423 stone
661 105 424 stone
661 105 425 stone
661 105 426 stone
661 105 427 stone
661 105 428 stone
661 105 429 stone
661 105 430 stone
661 105 431 stone
661 105 432 stone
661 105 433 stone
661 105 434 stone
661 105 435 andesite
661 105 436 andesite
661 105 437 andesite
661 105 438 andesite
661 105 439 andesite
661 105 440 andesite
661 105 441 andesite
661 105 442 stone
661 105 443 stone
661 105 444 granite
661 105 445 granite
661 105 446 stone
661 105 447 stone
661 105 448 stone
661 105 449 stone
661 105 450 stone
661 105 451 stone
661 105 452 stone
661 105 453 stone
661 105 454 stone
661 105 455 stone
661 105 456 stone
661 105 457 stone
661 105 458 stone
661 105 459 stone
661 105 460 stone
661 105 461 stone
661 105 462 stone
661 105 463 stone
661 105 464 stone
661 105 465 stone
661 105 466 stone
661 105 467 stone
661 105 468 stone
661 105 469 gravel
661 105 470 gravel
661 105 471 stone
661 105 472 stone
