811 138 410 stone
811 138 411 stone
811 138 412 stone
811 138 413 stone
811 138 414 stone
811 138 415 stone
811 138 416 coal_ore
811 138 417 coal_ore
811 138 418 coal_ore
811 138 419 coal_ore
811 138 420 stone
811 138 421 stone
811 138 422 stone
811 138 423 stone
811 138 424 stone
811 138 425 stone
811 138 426 stone
811 138 427 stone
811 138 428 stone
811 138 429 stone
811 138 430 stone
811 138 431 stone
811 138 432 stone
811 138 433 stone
811 138 434 stone
811 138 435 stone
811 138 436 stone
811 138 437 stone
811 138 438 stone
811 138 439 stone
811 138 440 stone
811 138 441 stone
811 138 442 stone
811 138 443 dirt
811 138 444 dirt
811 138 445 dirt
811 138 446 dirt
811 138 447 dirt
811 138 448 grass_block[snowy=false]
811 138 508 grass_block[snowy=false]
811 138 509 dirt
811 138 510 dirt
811 138 511 dirt
811 138 512 dirt
811 138 513 dirt
811 138 514 dirt
811 138 515 dirt
811 138 516 dirt
811 138 517 dirt
811 138 518 dirt
811 138 519 dirt
811 138 520 dirt
811 138 521 dirt
811 138 522 dirt
811 138 523 dirt
811 138 524 dirt
811 138 525 dirt
811 138 526 dirt
811 138 527 dirt
811 138 528 dirt
811 138 529 dirt
811 138 530 dirt
811 138 531 dirt
811 138 532 stone
811 138 533 stone
811 138 534 stone
811 138 535 stone
811 138 536 stone
811 138 537 stone
811 138 538 stone
811 138 539 stone
811 138 540 stone
811 138 541 stone
811 138 542 stone
811 138 543 stone
811 138 544 stone
811 138 545 stone
811 138 546 stone
811 138 547 stone
811 138 548 stone
811 138 549 stone
811 138 550 stone
811 138 551 stone
811 138 552 gravel
811 138 553 gravel
811 138 554 gravel
811 138 555 gravel
811 138 556 gravel
811 138 557 gravel
811 138 558 gravel
811 138 559 stone
811 138 560 stone
811 138 561 stone
811 138 562 stone
811 138 563 stone
811 138 564 stone
811 138 565 stone
811 138 566 stone
811 138 567 stone
811 138 568 stone
811 138 569 stone
811 138 570 stone
811 138 571 stone
811 138 572 stone
811 138 573 stone
811 138 574 stone
811 138 575 stone
811 138 576 stone
811 138 577 stone
811 138 578 stone
811 138 579 stone
811 138 580 dirt
811 138 581 dirt
811 138 582 dirt
811 138 583 dirt
811 138 584 dirt
811 138 585 stone
811 138 586 stone
811 138 587 stone
811 138 588 stone
811 138 589 stone
811 138 590 stone
811 138 591 stone
811 138 592 stone
811 138 593 stone
811 138 594 stone
811 138 595 stone
811 138 596 stone
811 138 597 stone
811 138 598 stone
811 138 599 stone
811 138 600 stone
811 138 601 stone
811 138 602 stone
811 138 603 stone
811 138 604 stone
811 138 605 stone
811 138 606 stone
811 138 607 stone
811 138 608 stone
811 138 609 stone
811 138 610 stone
811 138 611 stone
811 138 612 stone
811 138 613 stone
811 138 614 stone
811 138 615 stone
811 138 616 stone
811 138 617 stone
811 138 618 stone
811 138 619 stone
811 138 620 stone
811 138 621 stone
811 138 622 stone
811 138 623 stone
811 138 624 stone
811 138 625 stone
811 138 626 stone
811 138 627 stone
811 138 628 stone
811 138 629 stone
811 138 630 stone
811 138 631 stone
811 138 632 stone
811 138 633 stone
811 138 634 stone
811 138 635 stone
811 138 636 stone
811 138 637 stone
811 138 638 stone
811 138 639 stone
811 138 640 stone
811 138 641 stone
811 138 642 stone
811 138 643 stone
811 138 644 stone
811 138 645 stone
811 138 646 stone
811 138 647 stone
811 138 648 stone
811 138 649 stone
811 138 650 stone
811 138 651 stone
811 138 652 stone
811 138 653 stone
811 138 654 stone
811 138 655 stone
811 138 656 stone
811 138 657 stone
811 138 658 stone
811 138 659 stone
811 138 660 stone
811 138 661 stone
811 138 662 stone
811 138 663 stone
811 138 664 stone
811 138 665 stone
811 138 666 stone
811 138 667 stone
811 138 668 stone
811 138 669 stone
811 138 670 stone
811 138 671 stone
811 138 672 stone
811 138 673 stone
811 138 674 stone
811 138 675 stone
811 138 676 stone
811 138 677 stone
811 138 678 stone
811 138 679 stone
811 138 680 stone
811 138 681 stone
811 138 682 stone
811 138 683 stone
811 138 684 stone
811 138 685 stone
811 138 686 stone
811 138 687 stone
811 138 688 stone
811 138 689 stone
811 138 690 stone
811 138 691 stone
811 138 692 stone
811 138 693 stone
811 138 694 stone
811 138 695 stone
811 138 696 stone
811 138 697 stone
811 138 698 stone
811 138 699 stone
811 138 700 stone
811 138 701 stone
811 138 702 stone
811 138 703 stone
811 138 704 stone
811 138 705 stone
811 138 706 stone
811 138 707 stone
811 138 708 stone
811 138 709 stone
811 138 710 stone
811 138 711 stone
811 138 712 stone
811 138 713 stone
811 138 714 stone
811 138 715 stone
811 138 716 stone
811 138 717 stone
811 138 718 stone
811 138 719 stone
811 138 720 stone
811 138 721 stone
811 138 722 stone
811 138 723 stone
811 138 724 stone
811 138 725 stone
811 138 726 stone
811 138 727 stone
811 138 728 stone
811 138 729 stone
811 138 730 stone
811 138 731 stone
811 138 732 stone
811 138 733 stone
811 138 734 stone
811 138 735 stone
811 138 736 stone
811 138 737 stone
811 138 738 stone
811 138 739 stone
811 138 740 stone
811 138 741 stone
811 138 742 stone
811 138 743 stone
811 138 744 stone
811 138 745 stone
811 138 746 stone
811 138 747 stone
811 138 748 stone
811 138 749 stone
811 138 750 stone
811 138 751 stone
811 138 752 stone
811 138 753 stone
811 138 754 stone
811 138 755 stone
811 138 756 stone
811 138 757 stone
811 138 758 stone
811 138 759 stone
811 138 760 stone
811 138 761 stone
811 138 762 stone
811 138 763 stone
811 138 764 stone
811 138 765 stone
811 138 766 stone
811 138 767 stone
811 138 768 stone
811 138 769 stone
811 138 770 stone
811 138 771 stone
811 138 772 stone
811 138 773 stone
811 138 774 stone
811 138 775 stone
811 138 776 diorite
811 138 777 diorite
811 138 778 diorite
811 138 779 diorite
811 138 780 diorite
811 138 781 diorite
811 138 782 diorite
811 138 783 diorite
811 138 784 diorite
811 138 785 stone
811 138 786 stone
811 138 787 stone
811 138 788 stone
811 138 789 stone
811 138 790 stone
811 138 791 stone
811 138 792 stone
811 138 793 stone
811 138 794 stone
811 138 795 stone
811 138 796 stone
811 138 797 stone
811 138 798 stone
811 138 799 stone
811 138 800 stone
811 138 801 stone
811 138 802 stone
811 138 803 dirt
811 138 804 dirt
811 138 805 stone
811 138 806 dirt
811 138 807 stone
811 138 808 stone
811 138 809 stone
811 138 810 stone
811 138 811 stone
811 138 812 stone
811 138 813 stone
811 138 814 stone
811 138 815 stone
811 138 816 stone
811 138 817 stone
811 138 818 stone
811 138 819 stone
811 138 820 stone
811 138 821 stone
811 138 822 stone
811 138 823 stone
811 138 824 stone
811 138 825 stone
811 138 826 stone
811 138 827 stone
811 138 828 stone
811 138 829 stone
811 138 830 stone
811 138 831 stone
811 138 832 stone
811 138 833 stone
811 138 839 stone
811 138 840 stone
811 138 841 stone
811 138 842 stone
811 138 843 stone
811 138 844 stone
811 138 845 stone
811 138 846 stone
811 138 847 stone
811 138 848 stone
811 138 849 stone
811 138 850 stone
811 138 851 stone
811 138 852 stone
811 138 853 stone
811 138 854 stone
811 138 855 stone
811 138 856 stone
811 138 857 stone
811 138 858 stone
811 138 859 stone
811 138 860 stone
811 138 861 stone
811 138 862 stone
811 138 863 stone
811 138 864 stone
811 138 865 stone
811 138 866 stone
811 138 867 stone
811 138 868 stone
811 138 869 stone
811 138 870 stone
811 138 871 stone
811 138 872 stone
811 138 873 stone
811 138 874 stone
811 138 875 stone
811 138 876 stone
811 138 877 stone
811 138 878 stone
811 138 879 stone
811 138 880 stone
811 138 881 stone
811 138 882 stone
811 138 883 stone
811 138 884 stone
811 138 885 stone
811 138 886 stone
811 138 887 stone
811 138 888 stone
811 138 889 stone
811 138 890 stone
811 138 891 stone
811 138 892 stone
811 138 893 stone
811 138 894 stone
811 138 895 stone
811 138 896 stone
811 138 897 stone
811 138 898 stone
811 138 899 stone
811 138 900 stone
811 138 901 stone
811 138 902 stone
811 138 903 stone
811 138 904 stone
811 138 905 stone
811 138 906 stone
811 138 907 stone
811 138 908 stone
811 138 909 stone
811 138 910 stone
811 138 911 stone
811 138 912 stone
811 138 913 stone
811 138 914 stone
811 138 915 stone
811 138 916 stone
811 138 917 stone
811 138 918 stone
811 138 919 stone
811 138 920 stone
811 138 921 stone
811 138 922 stone
811 138 923 stone
811 138 924 stone
811 138 925 stone
811 138 926 stone
811 138 927 stone
811 138 928 stone
811 138 929 stone
811 138 930 stone
811 138 931 stone
811 138 932 stone
811 138 933 stone
811 138 934 stone
811 138 935 stone
811 138 936 stone
811 138 937 stone
811 138 938 stone
811 138 939 stone
811 138 940 stone
811 138 941 stone
811 138 942 stone
811 138 943 stone
811 138 944 stone
811 138 945 grass_block[snowy=false]
811 138 959 stone
811 138 960 stone
811 138 961 stone
811 138 962 stone
811 138 963 stone
811 138 964 stone
811 138 965 stone
811 138 966 stone
811 138 967 stone
811 138 974 stone
811 138 975 coal_ore
811 138 976 stone
811 138 977 stone
811 138 978 stone
811 138 979 dirt
811 138 980 dirt
811 138 981 dirt
811 138 982 dirt
811 138 983 dirt
811 138 984 dirt
811 138 985 stone
811 138 986 stone
811 138 987 stone
811 138 988 stone
811 138 989 stone
811 138 990 stone
811 138 991 stone
811 138 992 stone
811 138 993 stone
811 138 994 stone
811 138 996 stone
811 138 997 coal_ore
811 138 998 gravel
811 138 999 gravel
811 138 1000 gravel
811 138 1001 stone
811 138 1002 stone
811 138 1003 stone
811 138 1004 stone
811 138 1005 stone
811 138 1006 stone
811 138 1007 stone
811 138 1008 stone
811 138 1009 stone
811 138 1010 stone
811 138 1011 stone
811 138 1012 stone
811 138 1013 stone
811 138 1014 stone
811 138 1015 stone
811 138 1016 stone
811 138 1017 stone
811 138 1018 stone
811 138 1019 stone
811 138 1020 stone
811 138 1021 stone
811 138 1022 stone
811 138 1023 stone
811 139 3 short_grass
811 139 4 grass_block[snowy=false]
811 139 5 dirt
811 139 6 stone
811 139 7 stone
811 139 8 stone
811 139 9 stone
811 139 10 stone
811 139 11 stone
811 139 12 stone
811 139 13 stone
811 139 14 stone
811 139 15 stone
811 139 16 stone
811 139 17 stone
811 139 18 stone
811 139 19 stone
811 139 20 stone
811 139 21 stone
811 139 22 stone
811 139 23 stone
811 139 24 stone
811 139 25 stone
811 139 26 stone
811 139 27 stone
811 139 28 stone
811 139 29 stone
811 139 30 stone
811 139 31 stone
811 139 32 stone
811 139 33 coal_ore
811 139 34 coal_ore
811 139 35 coal_ore
811 139 36 coal_ore
811 139 37 coal_ore
811 139 38 stone
811 139 39 stone
811 139 40 stone
811 139 41 stone
811 139 42 stone
811 139 43 stone
811 139 44 stone
811 139 45 stone
811 139 46 stone
811 139 47 stone
811 139 48 stone
811 139 49 stone
811 139 50 stone
811 139 51 stone
811 139 52 stone
811 139 53 dirt
811 139 54 dirt
811 139 55 stone
811 139 56 stone
811 139 57 stone
811 139 58 stone
811 139 59 stone
811 139 60 stone
811 139 61 stone
811 139 62 stone
811 139 63 stone
811 139 64 stone
811 139 65 stone
811 139 66 stone
811 139 67 stone
811 139 68 gravel
811 139 69 gravel
811 139 70 gravel
811 139 71 gravel
811 139 72 gravel
811 139 73 gravel
811 139 74 gravel
811 139 75 gravel
811 139 76 gravel
811 139 77 stone
811 139 78 stone
811 139 79 stone
811 139 80 stone
811 139 81 dirt
811 139 82 dirt
811 139 83 dirt
811 139 84 dirt
811 139 85 dirt
811 139 86 dirt
811 139 87 dirt
811 139 88 dirt
811 139 89 dirt
811 139 90 dirt
811 139 91 dirt
811 139 92 grass_block[snowy=false]
811 139 182 grass_block[snowy=false]
811 139 183 grass_block[snowy=false]
811 139 184 grass_block[snowy=false]
811 139 185 grass_block[snowy=false]
811 139 186 grass_block[snowy=false]
811 139 187 grass_block[snowy=false]
811 139 188 grass_block[snowy=false]
811 139 189 grass_block[snowy=false]
811 139 191 short_grass
811 139 219 grass_block[snowy=false]
811 139 220 dirt
811 139 221 stone
811 139 222 stone
811 139 223 stone
811 139 224 stone
811 139 225 stone
811 139 226 stone
811 139 227 stone
811 139 228 stone
811 139 229 stone
811 139 230 stone
811 139 231 stone
811 139 232 stone
811 139 233 stone
811 139 234 stone
811 139 235 stone
811 139 236 stone
811 139 237 stone
811 139 238 stone
811 139 239 stone
811 139 240 stone
811 139 241 stone
811 139 242 stone
811 139 243 stone
811 139 244 stone
811 139 245 stone
811 139 246 stone
811 139 247 stone
811 139 248 stone
811 139 249 stone
811 139 250 stone
811 139 251 stone
811 139 252 stone
811 139 253 stone
811 139 254 stone
811 139 255 stone
811 139 256 stone
811 139 257 stone
811 139 258 stone
811 139 259 stone
811 139 260 stone
811 139 261 stone
811 139 262 stone
811 139 263 stone
811 139 264 stone
811 139 265 stone
811 139 266 stone
811 139 267 stone
811 139 268 stone
811 139 269 stone
811 139 270 stone
811 139 271 stone
811 139 272 stone
811 139 273 stone
811 139 274 stone
811 139 275 stone
811 139 276 stone
811 139 277 stone
811 139 278 stone
811 139 279 stone
811 139 280 stone
811 139 281 stone
811 139 282 stone
811 139 283 stone
811 139 284 stone
811 139 285 stone
811 139 286 dirt
811 139 287 dirt
811 139 288 dirt
811 139 289 dirt
811 139 290 dirt
811 139 291 dirt
811 139 292 dirt
811 139 293 stone
811 139 294 stone
811 139 295 stone
811 139 296 stone
811 139 297 stone
811 139 298 coal_ore
811 139 299 coal_ore
811 139 300 stone
811 139 301 stone
811 139 302 stone
811 139 303 stone
811 139 304 stone
811 139 305 stone
811 139 306 stone
811 139 307 stone
811 139 308 stone
811 139 309 stone
811 139 310 stone
811 139 311 stone
811 139 312 stone
811 139 313 stone
811 139 314 stone
811 139 315 stone
811 139 316 stone
811 139 317 stone
811 139 318 stone
811 139 319 stone
811 139 320 stone
811 139 321 stone
811 139 322 stone
811 139 323 stone
811 139 324 stone
811 139 325 stone
811 139 326 stone
811 139 327 stone
811 139 328 stone
811 139 329 stone
811 139 330 stone
811 139 331 stone
811 139 332 stone
811 139 333 stone
811 139 334 stone
811 139 335 stone
811 139 336 stone
811 139 337 stone
811 139 338 stone
811 139 339 stone
811 139 340 stone
811 139 341 stone
811 139 342 stone
811 139 343 stone
811 139 344 stone
811 139 345 stone
811 139 346 stone
811 139 347 stone
811 139 348 stone
811 139 349 stone
811 139 350 stone
811 139 351 stone
811 139 352 coal_ore
811 139 353 stone
811 139 354 stone
811 139 355 stone
811 139 356 stone
811 139 357 stone
811 139 358 stone
811 139 389 stone
811 139 390 stone
811 139 391 stone
811 139 392 stone
811 139 393 stone
811 139 394 stone
811 139 395 stone
811 139 396 stone
811 139 397 stone
811 139 398 stone
811 139 399 stone
811 139 400 stone
811 139 401 stone
811 139 402 stone
811 139 403 stone
811 139 404 stone
811 139 405 stone
811 139 406 stone
811 139 407 stone
811 139 408 stone
811 139 409 stone
811 139 410 coal_ore
811 139 411 coal_ore
811 139 412 stone
811 139 413 stone
811 139 414 stone
811 139 415 stone
811 139 416 stone
811 139 417 stone
811 139 418 coal_ore
811 139 419 stone
811 139 420 stone
811 139 421 stone
811 139 422 stone
811 139 423 stone
811 139 424 stone
811 139 425 stone
811 139 426 stone
811 139 427 stone
811 139 428 stone
811 139 429 stone
811 139 430 stone
811 139 431 stone
811 139 432 stone
811 139 433 stone
811 139 434 stone
811 139 435 stone
811 139 436 stone
811 139 437 stone
811 139 438 stone
811 139 439 stone
811 139 440 stone
811 139 441 stone
811 139 442 dirt
811 139 443 dirt
811 139 444 dirt
811 139 445 grass_block[snowy=false]
811 139 446 grass_block[snowy=false]
811 139 447 grass_block[snowy=false]
811 139 509 grass_block[snowy=false]
811 139 510 dirt
811 139 511 dirt
811 139 512 dirt
811 139 513 dirt
811 139 514 dirt
811 139 515 dirt
811 139 516 dirt
811 139 517 dirt
811 139 518 dirt
811 139 519 dirt
811 139 520 dirt
811 139 521 dirt
811 139 522 dirt
811 139 523 grass_block[snowy=false]
811 139 524 grass_block[snowy=false]
811 139 525 dirt
811 139 526 dirt
811 139 527 dirt
811 139 528 dirt
811 139 529 dirt
811 139 530 dirt
811 139 531 dirt
811 139 532 dirt
811 139 533 stone
811 139 534 stone
811 139 535 stone
811 139 536 stone
811 139 537 stone
811 139 538 stone
811 139 539 stone
811 139 540 stone
811 139 541 stone
811 139 542 stone
811 139 543 stone
811 139 544 stone
811 139 545 stone
811 139 546 stone
811 139 547 stone
811 139 548 stone
811 139 549 stone
811 139 550 stone
811 139 551 stone
811 139 552 stone
811 139 553 stone
811 139 554 stone
811 139 555 stone
811 139 556 stone
811 139 557 stone
811 139 558 stone
811 139 559 stone
811 139 560 stone
811 139 561 stone
811 139 562 stone
811 139 563 stone
811 139 564 stone
811 139 565 stone
811 139 566 stone
811 139 567 stone
811 139 568 stone
811 139 569 stone
811 139 570 stone
811 139 571 stone
811 139 572 stone
811 139 573 stone
811 139 574 stone
811 139 575 stone
811 139 576 stone
811 139 577 stone
811 139 578 stone
811 139 579 stone
811 139 580 dirt
811 139 581 dirt
811 139 582 dirt
811 139 583 dirt
811 139 584 dirt
811 139 585 stone
811 139 586 stone
811 139 587 stone
811 139 588 stone
811 139 589 stone
811 139 590 stone
811 139 591 stone
811 139 592 stone
811 139 593 stone
811 139 594 stone
811 139 595 stone
811 139 596 stone
811 139 597 stone
811 139 598 stone
811 139 599 stone
811 139 600 stone
811 139 601 stone
811 139 602 stone
811 139 603 stone
811 139 604 stone
811 139 605 stone
811 139 606 stone
811 139 607 stone
811 139 608 stone
811 139 609 stone
811 139 610 stone
811 139 611 stone
811 139 612 stone
811 139 613 stone
811 139 614 stone
811 139 615 stone
811 139 616 stone
811 139 617 stone
811 139 618 stone
811 139 619 stone
811 139 620 stone
811 139 621 stone
811 139 622 stone
811 139 623 stone
811 139 624 stone
811 139 625 stone
811 139 626 stone
811 139 627 stone
811 139 628 stone
811 139 629 stone
811 139 630 stone
811 139 631 stone
811 139 632 stone
811 139 633 stone
811 139 634 stone
811 139 635 stone
811 139 636 stone
811 139 637 stone
811 139 638 stone
811 139 639 stone
811 139 640 stone
811 139 641 stone
811 139 642 stone
811 139 643 stone
811 139 644 stone
811 139 645 stone
811 139 646 stone
811 139 647 stone
811 139 648 stone
811 139 649 stone
811 139 650 stone
811 139 651 stone
811 139 652 stone
811 139 653 stone
811 139 654 copper_ore
811 139 655 copper_ore
811 139 656 stone
811 139 657 stone
811 139 658 stone
811 139 659 stone
811 139 660 stone
811 139 661 stone
811 139 662 stone
811 139 663 stone
811 139 664 stone
811 139 665 stone
811 139 666 stone
811 139 667 stone
811 139 668 stone
811 139 669 stone
811 139 670 stone
811 139 671 stone
811 139 672 stone
811 139 673 stone
811 139 674 stone
811 139 675 stone
811 139 676 stone
811 139 677 stone
811 139 678 stone
811 139 679 stone
811 139 680 stone
811 139 681 stone
811 139 682 stone
811 139 683 stone
811 139 684 stone
811 139 685 stone
811 139 686 stone
811 139 687 stone
811 139 688 stone
811 139 689 stone
811 139 690 stone
811 139 691 stone
811 139 692 stone
811 139 693 stone
811 139 694 stone
811 139 695 stone
811 139 696 stone
811 139 697 stone
811 139 698 stone
811 139 699 coal_ore
811 139 700 stone
811 139 701 stone
811 139 702 stone
811 139 703 stone
811 139 704 stone
811 139 705 stone
811 139 706 stone
811 139 707 stone
811 139 708 stone
811 139 709 stone
811 139 710 stone
811 139 711 stone
811 139 712 stone
811 139 713 stone
811 139 714 stone
811 139 715 stone
811 139 716 stone
811 139 717 stone
811 139 718 stone
811 139 719 stone
811 139 720 stone
811 139 721 stone
811 139 722 stone
811 139 723 stone
811 139 724 stone
811 139 725 stone
811 139 726 stone
811 139 727 stone
811 139 728 stone
811 139 729 stone
811 139 730 stone
811 139 731 stone
811 139 732 stone
811 139 733 stone
811 139 734 stone
811 139 735 stone
811 139 736 stone
811 139 737 stone
811 139 738 stone
811 139 739 stone
811 139 740 stone
811 139 741 stone
811 139 742 stone
811 139 743 stone
811 139 744 stone
811 139 745 stone
811 139 746 stone
811 139 747 stone
811 139 748 stone
811 139 749 stone
811 139 750 stone
811 139 751 stone
811 139 752 stone
811 139 753 stone
811 139 754 stone
811 139 755 stone
811 139 756 stone
811 139 757 stone
811 139 758 stone
811 139 759 stone
811 139 760 stone
811 139 761 gravel
811 139 762 stone
811 139 763 stone
811 139 764 stone
811 139 765 stone
811 139 766 stone
811 139 767 stone
811 139 768 stone
811 139 769 stone
811 139 770 stone
811 139 771 stone
811 139 772 stone
811 139 773 stone
811 139 774 stone
811 139 775 stone
811 139 776 diorite
811 139 777 diorite
811 139 778 diorite
811 139 779 diorite
811 139 780 diorite
811 139 781 diorite
811 139 782 diorite
811 139 783 diorite
811 139 784 diorite
811 139 785 stone
811 139 786 stone
811 139 787 stone
811 139 788 stone
811 139 789 stone
811 139 790 stone
811 139 791 stone
811 139 792 stone
811 139 793 stone
811 139 794 stone
811 139 795 stone
811 139 796 stone
811 139 797 stone
811 139 798 stone
