fill 658 118 877 658 118 879 coal_ore
fill 658 118 880 658 118 885 stone
fill 658 118 886 658 118 889 coal_ore
658 118 890 stone
658 118 891 stone
fill 659 118 768 659 118 775 diorite
fill 659 118 776 659 118 781 stone
fill 659 118 782 659 118 788 diorite
fill 659 118 789 659 118 795 stone
fill 659 118 796 659 118 799 granite
fill 659 118 800 659 118 805 stone
fill 659 118 806 659 118 814 gravel
fill 659 118 815 659 118 820 stone
659 118 821 granite
659 118 822 granite
659 118 823 sand
fill 659 118 824 659 118 831 water[level=0]
659 118 832 dirt
659 118 833 dirt
fill 659 118 834 659 118 842 diorite
659 118 843 stone
659 118 844 stone
fill 659 118 845 659 118 847 dirt
659 118 848 andesite
fill 659 118 849 659 118 855 stone
fill 659 118 856 659 118 860 diorite
fill 659 118 861 659 118 865 andesite
659 118 866 diorite
659 118 867 diorite
fill 659 118 868 659 118 872 stone
fill 659 118 873 659 118 876 dirt
fill 659 118 877 659 118 889 stone
fill 660 118 768 660 118 775 diorite
fill 660 118 776 660 118 783 stone
fill 660 118 784 660 118 788 diorite
fill 660 118 789 660 118 795 stone
fill 660 118 796 660 118 800 granite
fill 660 118 801 660 118 806 stone
660 118 807 copper_ore
fill 660 118 808 660 118 813 gravel
fill 660 118 814 660 118 821 stone
660 118 822 sand
660 118 823 sand
fill 660 118 824 660 118 831 water[level=0]
660 118 832 dirt
fill 660 118 833 660 118 841 diorite
fill 660 118 842 660 118 844 stone
fill 660 118 845 660 118 847 dirt
660 118 848 andesite
660 118 849 andesite
fill 660 118 850 660 118 858 stone
660 118 859 diorite
660 118 860 diorite
fill 660 118 861 660 118 864 andesite
660 118 865 diorite
660 118 866 diorite
fill 660 118 867 660 118 877 stone
660 118 878 diorite
fill 660 118 879 660 118 886 stone
fill 660 118 890 660 118 895 stone
fill 661 118 768 661 118 775 diorite
fill 661 118 776 661 118 783 stone
fill 661 118 784 661 118 788 diorite
fill 661 118 789 661 118 794 stone
fill 661 118 795 661 118 800 granite
fill 661 118 801 661 118 820 stone
661 118 821 sand
661 118 822 sand
fill 661 118 823 661 118 831 water[level=0]
661 118 832 dirt
fill 661 118 833 661 118 840 diorite
fill 661 118 841 661 118 843 stone
661 118 844 andesite
fill 661 118 845 661 118 848 dirt
661 118 849 andesite
fill 661 118 850 661 118 875 stone
fill 661 118 876 661 118 879 diorite
fill 661 118 880 661 118 884 stone
fill 661 118 888 661 118 895 stone
fill 662 118 768 662 118 775 diorite
fill 662 118 776 662 118 784 stone
fill 662 118 785 662 118 788 diorite
fill 662 118 789 662 118 793 stone
fill 662 118 794 662 118 800 granite
fill 662 118 801 662 118 819 stone
fill 662 118 820 662 118 822 sand
fill 662 118 823 662 118 831 water[level=0]
662 118 832 dirt
fill 662 118 833 662 118 839 diorite
fill 662 118 840 662 118 842 stone
fill 662 118 843 662 118 845 andesite
fill 662 118 846 662 118 849 dirt
fill 662 118 850 662 118 875 stone
fill 662 118 876 662 118 880 diorite
fill 662 118 886 662 118 895 stone
fill 663 118 768 663 118 775 diorite
663 118 776 andesite
fill 663 118 777 663 118 785 stone
663 118 786 diorite
663 118 787 diorite
fill 663 118 788 663 118 793 stone
fill 663 118 794 663 118 800 granite
fill 663 118 801 663 118 819 stone
663 118 820 sand
663 118 821 sand
fill 663 118 822 663 118 830 water[level=0]
663 118 831 dirt
663 118 832 dirt
fill 663 118 833 663 118 837 diorite
fill 663 118 838 663 118 841 stone
fill 663 118 842 663 118 846 andesite
fill 663 118 847 663 118 849 dirt
fill 663 118 850 663 118 875 stone
fill 663 118 876 663 118 879 diorite
fill 663 118 885 663 118 895 stone
fill 664 118 768 664 118 775 diorite
664 118 776 andesite
664 118 777 andesite
fill 664 118 778 664 118 792 stone
fill 664 118 793 664 118 800 granite
fill 664 118 801 664 118 817 stone
fill 664 118 818 664 118 821 sand
fill 664 118 822 664 118 829 water[level=0]
664 118 830 dirt
664 118 831 dirt
fill 664 118 832 664 118 836 diorite
fill 664 118 837 664 118 840 stone
fill 664 118 841 664 118 848 andesite
664 118 849 dirt
fill 664 118 850 664 118 875 stone
fill 664 118 876 664 118 879 diorite
fill 664 118 882 664 118 895 stone
fill 665 118 768 665 118 775 diorite
665 118 776 andesite
665 118 777 andesite
fill 665 118 778 665 118 792 stone
fill 665 118 793 665 118 800 granite
fill 665 118 801 665 118 816 stone
fill 665 118 817 665 118 820 sand
fill 665 118 821 665 118 829 water[level=0]
665 118 830 dirt
665 118 831 stone
665 118 832 diorite
fill 665 118 833 665 118 840 stone
fill 665 118 841 665 118 848 andesite
fill 665 118 849 665 118 862 stone
665 118 863 copper_ore
665 118 864 copper_ore
fill 665 118 865 665 118 875 stone
fill 665 118 876 665 118 882 diorite
fill 665 118 883 665 118 895 stone
fill 666 118 768 666 118 774 diorite
fill 666 118 775 666 118 777 andesite
fill 666 118 778 666 118 787 stone
fill 666 118 788 666 118 792 stone
fill 666 118 793 666 118 799 granite
fill 666 118 800 666 118 814 stone
666 118 815 dirt
666 118 816 dirt
fill 666 118 817 666 118 819 sand
fill 666 118 820 666 118 829 water[level=0]
666 118 830 dirt
fill 666 118 831 666 118 839 stone
fill 666 118 840 666 118 848 andesite
fill 666 118 849 666 118 862 stone
666 118 863 copper_ore
fill 666 118 864 666 118 874 stone
fill 666 118 875 666 118 882 diorite
fill 666 118 883 666 118 895 stone
667 118 768 copper_ore
667 118 769 copper_ore
fill 667 118 770 667 118 774 diorite
fill 667 118 775 667 118 777 andesite
fill 667 118 778 667 118 790 stone
fill 667 118 791 667 118 796 coal_ore
fill 667 118 797 667 118 799 granite
fill 667 118 800 667 118 814 stone
fill 667 118 815 667 118 817 dirt
667 118 818 sand
fill 667 118 819 667 118 829 water[level=0]
667 118 830 dirt
fill 667 118 831 667 118 839 stone
fill 667 118 840 667 118 848 andesite
fill 667 118 849 667 118 874 stone
fill 667 118 875 667 118 883 diorite
fill 667 118 884 667 118 895 stone
fill 668 118 768 668 118 770 copper_ore
fill 668 118 771 668 118 773 diorite
fill 668 118 774 668 118 777 andesite
fill 668 118 778 668 118 790 stone
fill 668 118 791 668 118 796 coal_ore
fill 668 118 797 668 118 799 granite
fill 668 118 800 668 118 803 stone
668 118 804 cave_air
668 118 805 cave_air
fill 668 118 806 668 118 815 stone
fill 668 118 816 668 118 818 dirt
fill 668 118 819 668 118 829 water[level=0]
668 118 830 dirt
668 118 831 stone
668 118 832 granite
668 118 833 granite
fill 668 118 834 668 118 839 stone
fill 668 118 840 668 118 847 andesite
fill 668 118 848 668 118 874 stone
fill 668 118 875 668 118 883 diorite
fill 668 118 884 668 118 895 stone
669 118 768 copper_ore
669 118 769 copper_ore
fill 669 118 770 669 118 773 diorite
fill 669 118 774 669 118 777 andesite
fill 669 118 778 669 118 792 stone
fill 669 118 793 669 118 798 granite
fill 669 118 799 669 118 803 stone
fill 669 118 804 669 118 806 cave_air
fill 669 118 807 669 118 815 stone
669 118 816 dirt
669 118 817 dirt
fill 669 118 818 669 118 828 water[level=0]
669 118 829 sand
669 118 830 sand
fill 669 118 831 669 118 834 granite
fill 669 118 835 669 118 838 stone
fill 669 118 839 669 118 847 andesite
fill 669 118 848 669 118 875 stone
669 118 876 diorite
669 118 877 diorite
669 118 878 coal_ore
669 118 879 diorite
669 118 880 coal_ore
fill 669 118 881 669 118 883 diorite
fill 669 118 884 669 118 895 stone
670 118 768 copper_ore
670 118 769 stone
fill 670 118 770 670 118 773 diorite
fill 670 118 774 670 118 777 andesite
fill 670 118 778 670 118 792 stone
fill 670 118 793 670 118 797 granite
fill 670 118 798 670 118 803 stone
fill 670 118 804 670 118 806 cave_air
fill 670 118 807 670 118 815 stone
670 118 816 dirt
670 118 817 dirt
fill 670 118 818 670 118 828 water[level=0]
670 118 829 sand
670 118 830 sand
fill 670 118 831 670 118 834 granite
fill 670 118 835 670 118 838 stone
fill 670 118 839 670 118 846 andesite
fill 670 118 847 670 118 875 stone
fill 670 118 876 670 118 883 diorite
fill 670 118 884 670 118 895 stone
671 118 768 copper_ore
671 118 769 stone
fill 671 118 770 671 118 777 andesite
fill 671 118 778 671 118 792 stone
fill 671 118 793 671 118 797 granite
fill 671 118 798 671 118 803 stone
671 118 804 cave_air
671 118 805 cave_air
fill 671 118 806 671 118 815 stone
671 118 816 dirt
fill 671 118 817 671 118 828 water[level=0]
671 118 829 sand
671 118 830 sand
671 118 831 stone
671 118 832 granite
671 118 833 granite
fill 671 118 834 671 118 837 stone
fill 671 118 838 671 118 845 andesite
fill 671 118 846 671 118 876 stone
fill 671 118 877 671 118 883 diorite
fill 671 118 884 671 118 895 stone
672 118 768 copper_ore
672 118 769 copper_ore
fill 672 118 770 672 118 776 andesite
fill 672 118 777 672 118 792 stone
fill 672 118 793 672 118 796 granite
fill 672 118 797 672 118 804 stone
672 118 805 cave_air
fill 672 118 806 672 118 814 stone
672 118 815 dirt
672 118 816 dirt
fill 672 118 817 672 118 826 water[level=0]
672 118 827 tall_seagrass[half=lower]
672 118 828 sand
672 118 829 sand
fill 672 118 830 672 118 837 stone
fill 672 118 838 672 118 840 andesite
672 118 841 coal_ore
672 118 842 coal_ore
fill 672 118 843 672 118 845 andesite
fill 672 118 846 672 118 876 stone
fill 672 118 877 672 118 882 diorite
fill 672 118 883 672 118 895 stone
673 118 768 copper_ore
673 118 769 copper_ore
fill 673 118 770 673 118 776 andesite
fill 673 118 777 673 118 793 stone
673 118 794 granite
673 118 795 granite
fill 673 118 796 673 118 814 stone
673 118 815 dirt
673 118 816 dirt
fill 673 118 817 673 118 826 water[level=0]
fill 673 118 827 673 118 829 sand
fill 673 118 830 673 118 838 stone
fill 673 118 839 673 118 842 coal_ore
673 118 843 andesite
673 118 844 andesite
fill 673 118 845 673 118 877 stone
fill 673 118 878 673 118 882 diorite
fill 673 118 883 673 118 895 stone
674 118 768 copper_ore
674 118 769 copper_ore
fill 674 118 770 674 118 775 andesite
674 118 776 diorite
674 118 777 diorite
fill 674 118 778 674 118 803 stone
674 118 804 dirt
674 118 805 stone
674 118 806 gravel
fill 674 118 808 674 118 810 gravel
fill 674 118 811 674 118 813 stone
674 118 814 dirt
674 118 815 dirt
674 118 816 water[level=0]
674 118 817 water[level=0]
fill 674 118 818 674 118 826 water[level=0]
fill 674 118 827 674 118 829 sand
fill 674 118 830 674 118 837 stone
fill 674 118 838 674 118 842 coal_ore
674 118 843 andesite
674 118 844 andesite
fill 674 118 845 674 118 878 stone
fill 674 118 879 674 118 882 diorite
fill 674 118 883 674 118 895 stone
fill 675 118 768 675 118 770 diorite
fill 675 118 771 675 118 775 andesite
fill 675 118 776 675 118 778 diorite
fill 675 118 779 675 118 792 stone
675 118 793 granite
675 118 794 granite
fill 675 118 795 675 118 802 stone
675 118 803 dirt
fill 675 118 804 675 118 811 gravel
675 118 812 stone
675 118 813 dirt
675 118 814 dirt
fill 675 118 815 675 118 825 water[level=0]
675 118 826 tall_seagrass[half=lower]
fill 675 118 827 675 118 829 sand
fill 675 118 830 675 118 838 stone
675 118 839 coal_ore
675 118 840 coal_ore
675 118 841 andesite
675 118 842 andesite
fill 675 118 843 675 118 878 stone
fill 675 118 879 675 118 882 diorite
fill 675 118 883 675 118 895 stone
676 118 768 diorite
676 118 769 diorite
fill 676 118 770 676 118 773 andesite
fill 676 118 774 676 118 779 diorite
fill 676 118 780 676 118 791 stone
fill 676 118 792 676 118 795 granite
fill 676 118 796 676 118 802 stone
676 118 803 dirt
fill 676 118 804 676 118 812 gravel
fill 676 118 813 676 118 825 water[level=0]
fill 676 118 826 676 118 828 sand
fill 676 118 829 676 118 838 stone
fill 676 118 839 676 118 841 andesite
fill 676 118 842 676 118 879 stone
fill 676 118 880 676 118 882 diorite
fill 676 118 883 676 118 895 stone
677 118 768 copper_ore
677 118 769 diorite
fill 677 118 770 677 118 773 andesite
fill 677 118 774 677 118 780 diorite
fill 677 118 781 677 118 791 stone
fill 677 118 792 677 118 795 granite
fill 677 118 796 677 118 804 stone
fill 677 118 805 677 118 809 gravel
fill 677 118 810 677 118 825 water[level=0]
fill 677 118 826 677 118 828 sand
fill 677 118 829 677 118 880 stone
677 118 881 diorite
677 118 882 diorite
fill 677 118 883 677 118 895 stone
678 118 768 copper_ore
678 118 769 diorite
fill 678 118 770 678 118 773 andesite
fill 678 118 774 678 118 781 diorite
fill 678 118 782 678 118 790 stone
fill 678 118 791 678 118 795 granite
fill 678 118 796 678 118 806 stone
678 118 807 gravel
fill 678 118 808 678 118 825 water[level=0]
fill 678 118 826 678 118 828 sand
fill 678 118 829 678 118 895 stone
679 118 768 copper_ore
679 118 769 stone
fill 679 118 770 679 118 772 andesite
fill 679 118 773 679 118 782 diorite
fill 679 118 783 679 118 789 stone
fill 679 118 790 679 118 795 granite
fill 679 118 796 679 118 806 stone
679 118 807 gravel
fill 679 118 808 679 118 824 water[level=0]
679 118 825 seagrass
679 118 826 sand
679 118 827 sand
679 118 828 dirt
fill 679 118 829 679 118 895 stone
fill 680 118 768 680 118 771 stone
fill 680 118 772 680 118 783 diorite
fill 680 118 784 680 118 789 stone
fill 680 118 790 680 118 796 granite
fill 680 118 797 680 118 806 stone
680 118 807 gravel
680 118 808 gravel
fill 680 118 809 680 118 824 water[level=0]
680 118 825 seagrass
fill 680 118 826 680 118 828 dirt
fill 680 118 829 680 118 895 stone
fill 681 118 768 681 118 770 stone
681 118 771 granite
681 118 772 granite
fill 681 118 773 681 118 783 diorite
681 118 784 granite
681 118 785 granite
fill 681 118 786 681 118 789 stone
fill 681 118 790 681 118 795 granite
fill 681 118 796 681 118 806 stone
681 118 807 gravel
681 118 808 gravel
fill 681 118 809 681 118 824 water[level=0]
fill 681 118 825 681 118 827 dirt
fill 681 118 828 681 118 895 stone
682 118 768 stone
682 118 769 stone
fill 682 118 770 682 118 774 granite
fill 682 118 775 682 118 783 diorite
fill 682 118 784 682 118 786 granite
682 118 787 stone
682 118 788 stone
fill 682 118 789 682 118 795 granite
fill 682 118 796 682 118 807 stone
682 118 808 sand
fill 682 118 809 682 118 824 water[level=0]
682 118 825 dirt
682 118 826 dirt
fill 682 118 827 682 118 841 stone
fill 682 118 842 682 118 871 stone
fill 682 118 877 682 118 895 stone
fill 683 118 768 683 118 776 granite
fill 683 118 777 683 118 782 diorite
fill 683 118 783 683 118 787 granite
683 118 788 stone
fill 683 118 789 683 118 796 granite
fill 683 118 797 683 118 807 stone
683 118 808 sand
683 118 809 sand
fill 683 118 810 683 118 823 water[level=0]
fill 683 118 824 683 118 826 dirt
fill 683 118 827 683 118 861 stone
683 118 862 granite
fill 683 118 863 683 118 870 stone
fill 683 118 877 683 118 895 stone
fill 684 118 768 684 118 773 granite
684 118 774 stone
fill 684 118 775 684 118 787 granite
684 118 788 stone
684 118 789 stone
fill 684 118 790 684 118 795 granite
fill 684 118 796 684 118 807 stone
684 118 808 sand
684 118 809 sand
fill 684 118 810 684 118 823 water[level=0]
684 118 824 dirt
684 118 825 dirt
fill 684 118 826 684 118 859 stone
fill 684 118 860 684 118 864 granite
fill 684 118 865 684 118 868 stone
fill 684 118 876 684 118 895 stone
685 118 768 gravel
fill 685 118 769 685 118 773 granite
fill 685 118 774 685 118 776 stone
fill 685 118 777 685 118 787 granite
685 118 788 stone
685 118 789 stone
fill 685 118 790 685 118 795 granite
fill 685 118 796 685 118 808 stone
685 118 809 sand
685 118 810 dirt
fill 685 118 811 685 118 822 water[level=0]
fill 685 118 823 685 118 825 dirt
fill 685 118 826 685 118 858 stone
fill 685 118 859 685 118 864 granite
fill 685 118 865 685 118 867 stone
fill 685 118 876 685 118 895 stone
686 118 768 gravel
fill 686 118 769 686 118 773 granite
fill 686 118 774 686 118 778 stone
fill 686 118 779 686 118 787 granite
686 118 788 stone
686 118 789 stone
fill 686 118 790 686 118 795 granite
fill 686 118 796 686 118 808 stone
686 118 809 dirt
686 118 810 dirt
fill 686 118 811 686 118 821 water[level=0]
fill 686 118 822 686 118 824 dirt
fill 686 118 825 686 118 857 stone
fill 686 118 858 686 118 865 granite
686 118 866 stone
686 118 875 glow_lichen[down=false,east=false,north=false,south=true,up=false,waterlogged=false,west=false]
fill 686 118 876 686 118 895 stone
fill 687 118 768 687 118 773 granite
fill 687 118 774 687 118 789 stone
fill 687 118 790 687 118 794 granite
fill 687 118 795 687 118 807 stone
687 118 808 dirt
fill 687 118 809 687 118 820 water[level=0]
fill 687 118 821 687 118 824 dirt
fill 687 118 825 687 118 856 stone
fill 687 118 857 687 118 864 granite
687 118 865 stone
687 118 866 stone
687 118 875 glow_lichen[down=false,east=false,north=false,south=true,up=false,waterlogged=false,west=false]
687 118 876 gravel
fill 687 118 877 687 118 895 stone
fill 688 118 768 688 118 773 granite
fill 688 118 774 688 118 789 stone
fill 688 118 790 688 118 794 granite
fill 688 118 795 688 118 806 stone
688 118 807 dirt
fill 688 118 808 688 118 820 water[level=0]
fill 688 118 821 688 118 823 dirt
fill 688 118 824 688 118 855 stone
fill 688 118 856 688 118 864 granite
688 118 865 stone
fill 688 118 877 688 118 894 stone
688 118 895 coal_ore
fill 689 118 768 689 118 772 granite
fill 689 118 773 689 118 789 stone
fill 689 118 790 689 118 793 granite
fill 689 118 794 689 118 802 stone
689 118 803 copper_ore
689 118 804 copper_ore
689 118 805 stone
689 118 806 stone
fill 689 118 807 689 118 819 water[level=0]
fill 689 118 820 689 118 822 dirt
fill 689 118 823 689 118 855 stone
fill 689 118 856 689 118 864 granite
689 118 865 stone
fill 689 118 877 689 118 894 stone
689 118 895 coal_ore
fill 690 118 768 690 118 771 granite
fill 690 118 772 690 118 776 stone
690 118 777 diorite
690 118 778 diorite
fill 690 118 779 690 118 782 stone
fill 690 118 783 690 118 786 andesite
fill 690 118 787 690 118 802 stone
690 118 803 copper_ore
690 118 804 copper_ore
690 118 805 stone
fill 690 118 806 690 118 819 water[level=0]
690 118 820 dirt
690 118 821 dirt
fill 690 118 822 690 118 854 stone
fill 690 118 855 690 118 863 granite
690 118 864 stone
690 118 865 stone
fill 690 118 877 690 118 895 stone
fill 691 118 768 691 118 771 granite
fill 691 118 772 691 118 775 stone
fill 691 118 776 691 118 779 diorite
691 118 780 stone
691 118 781 stone
fill 691 118 782 691 118 787 andesite
fill 691 118 788 691 118 805 stone
fill 691 118 806 691 118 813 water[level=0]
fill 691 118 814 691 118 818 water[level=0]
691 118 819 dirt
691 118 820 dirt
fill 691 118 821 691 118 853 stone
fill 691 118 854 691 118 863 granite
691 118 864 stone
691 118 865 stone
fill 691 118 877 691 118 895 stone
fill 692 118 768 692 118 771 granite
fill 692 118 772 692 118 775 stone
fill 692 118 776 692 118 778 diorite
fill 692 118 779 692 118 787 andesite
fill 692 118 788 692 118 804 stone
fill 692 118 805 692 118 818 water[level=0]
692 118 819 dirt
692 118 820 dirt
fill 692 118 821 692 118 853 stone
fill 692 118 854 692 118 863 granite
692 118 864 stone
692 118 865 stone
fill 692 118 879 692 118 895 stone
fill 693 118 768 693 118 770 granite
fill 693 118 771 693 118 774 stone
fill 693 118 775 693 118 777 diorite
fill 693 118 778 693 118 787 andesite
fill 693 118 788 693 118 804 stone
fill 693 118 805 693 118 817 water[level=0]
693 118 818 dirt
693 118 819 dirt
fill 693 118 820 693 118 834 stone
693 118 835 granite
fill 693 118 836 693 118 853 stone
fill 693 118 854 693 118 862 granite
fill 693 118 863 693 118 865 stone
fill 693 118 880 693 118 895 stone
694 118 768 granite
694 118 769 granite
fill 694 118 770 694 118 774 stone
694 118 775 diorite
fill 694 118 776 694 118 786 andesite
fill 694 118 787 694 118 803 stone
fill 694 118 804 694 118 817 water[level=0]
694 118 818 dirt
fill 694 118 819 694 118 833 stone
fill 694 118 834 694 118 836 granite
fill 694 118 837 694 118 852 stone
fill 694 118 853 694 118 861 granite
fill 694 118 862 694 118 865 stone
fill 694 118 880 694 118 895 stone
695 118 768 granite
fill 695 118 769 695 118 774 stone
695 118 775 diorite
fill 695 118 776 695 118 785 andesite
fill 695 118 786 695 118 788 diorite
fill 695 118 789 695 118 802 stone
fill 695 118 803 695 118 816 water[level=0]
695 118 817 dirt
fill 695 118 818 695 118 833 stone
fill 695 118 834 695 118 836 granite
fill 695 118 837 695 118 852 stone
fill 695 118 853 695 118 861 granite
fill 695 118 862 695 118 865 stone
fill 695 118 880 695 118 895 stone
fill 696 118 768 696 118 774 stone
fill 696 118 775 696 118 781 diorite
fill 696 118 782 696 118 784 stone
fill 696 118 785 696 118 789 diorite
fill 696 118 790 696 118 802 stone
fill 696 118 803 696 118 815 water[level=0]
696 118 816 dirt
fill 696 118 817 696 118 833 stone
fill 696 118 834 696 118 838 granite
fill 696 118 839 696 118 852 stone
fill 696 118 853 696 118 860 granite
fill 696 118 861 696 118 864 stone
fill 696 118 880 696 118 895 stone
fill 697 118 768 697 118 774 stone