814 100 406 stone
814 100 407 stone
814 100 408 stone
814 100 409 stone
814 100 410 stone
814 100 411 stone
814 100 412 stone
814 100 413 stone
814 100 414 stone
814 100 415 stone
814 100 416 stone
814 100 417 stone
814 100 418 stone
814 100 419 stone
814 100 420 stone
814 100 421 stone
814 100 422 stone
814 100 423 stone
814 100 424 stone
814 100 425 stone
814 100 426 stone
814 100 427 stone
814 100 428 stone
814 100 429 stone
814 100 430 copper_ore
814 100 431 stone
814 100 432 stone
814 100 433 stone
814 100 434 stone
814 100 435 stone
814 100 436 stone
814 100 437 stone
814 100 438 stone
814 100 439 stone
814 100 440 stone
814 100 441 stone
814 100 442 stone
814 100 443 stone
814 100 444 stone
814 100 445 stone
814 100 446 stone
814 100 447 stone
814 100 448 stone
814 100 449 stone
814 100 450 stone
814 100 451 stone
814 100 452 stone
814 100 453 stone
814 100 454 stone
814 100 455 stone
814 100 456 stone
814 100 457 stone
814 100 458 stone
814 100 459 stone
814 100 460 stone
814 100 461 stone
814 100 462 stone
814 100 463 stone
814 100 464 stone
814 100 465 stone
814 100 466 stone
814 100 467 stone
814 100 468 stone
814 100 469 stone
814 100 470 stone
814 100 471 stone
814 100 472 stone
814 100 473 stone
814 100 474 stone
814 100 475 stone
814 100 476 diorite
814 100 477 diorite
814 100 478 diorite
814 100 479 diorite
814 100 480 diorite
814 100 481 diorite
814 100 482 diorite
814 100 483 diorite
814 100 484 diorite
814 100 485 diorite
814 100 486 diorite
814 100 487 stone
814 100 488 copper_ore
814 100 489 copper_ore
814 100 490 stone
814 100 491 stone
814 100 492 stone
814 100 493 stone
814 100 494 stone
814 100 495 stone
814 100 496 stone
814 100 497 stone
814 100 498 stone
814 100 499 stone
814 100 500 stone
814 100 501 stone
814 100 502 stone
814 100 503 stone
814 100 504 stone
814 100 505 stone
814 100 506 stone
814 100 507 stone
814 100 508 stone
814 100 509 stone
814 100 510 stone
814 100 511 stone
814 100 512 stone
814 100 513 stone
814 100 514 stone
814 100 515 water[level=0]
814 100 516 water[level=0]
814 100 517 stone
814 100 518 stone
814 100 519 stone
814 100 520 stone
814 100 522 stone
814 100 523 stone
814 100 524 stone
814 100 525 stone
814 100 526 stone
814 100 527 stone
814 100 528 stone
814 100 529 stone
814 100 530 stone
814 100 531 stone
814 100 532 stone
814 100 533 stone
814 100 534 stone
814 100 535 diorite
814 100 536 diorite
814 100 537 diorite
814 100 538 diorite
814 100 539 diorite
814 100 540 diorite
814 100 541 diorite
814 100 542 diorite
814 100 543 diorite
814 100 544 diorite
814 100 545 diorite
814 100 546 stone
814 100 547 dirt
814 100 548 dirt
814 100 549 dirt
814 100 550 stone
814 100 551 stone
814 100 552 stone
814 100 553 stone
814 100 554 stone
814 100 555 stone
814 100 556 stone
814 100 557 stone
814 100 558 copper_ore
814 100 559 copper_ore
814 100 560 stone
814 100 561 stone
814 100 562 stone
814 100 563 stone
814 100 564 stone
814 100 565 stone
814 100 566 stone
814 100 567 stone
814 100 568 stone
814 100 569 stone
814 100 570 stone
814 100 571 gravel
814 100 572 gravel
814 100 573 gravel
814 100 574 gravel
814 100 575 stone
814 100 576 stone
814 100 577 dirt
814 100 578 dirt
814 100 579 dirt
814 100 580 dirt
814 100 581 dirt
814 100 582 stone
814 100 583 stone
814 100 584 stone
814 100 585 stone
814 100 586 stone
814 100 587 stone
814 100 588 stone
814 100 589 stone
814 100 590 stone
814 100 591 stone
814 100 592 stone
814 100 593 stone
814 100 594 stone
814 100 595 stone
814 100 611 diorite
814 100 612 diorite
814 100 613 diorite
814 100 614 diorite
814 100 615 diorite
814 100 616 stone
814 100 617 stone
814 100 618 stone
814 100 619 stone
814 100 620 diorite
814 100 621 diorite
814 100 622 diorite
814 100 623 diorite
814 100 624 diorite
814 100 625 diorite
814 100 626 diorite
814 100 649 stone
814 100 650 stone
814 100 651 stone
814 100 652 stone
814 100 653 stone
814 100 654 stone
814 100 655 stone
814 100 656 stone
814 100 657 stone
814 100 658 dirt
814 100 659 dirt
814 100 660 stone
814 100 661 stone
814 100 662 stone
814 100 663 stone
814 100 664 stone
814 100 665 andesite
814 100 666 andesite
814 100 667 andesite
814 100 668 andesite
814 100 669 andesite
814 100 670 stone
814 100 671 stone
814 100 672 stone
814 100 673 stone
814 100 674 stone
814 100 675 stone
814 100 676 stone
814 100 677 stone
814 100 678 stone
814 100 679 stone
814 100 680 stone
814 100 681 stone
814 100 682 stone
814 100 683 stone
814 100 684 stone
814 100 685 stone
814 100 686 stone
814 100 687 stone
814 100 688 stone
814 100 689 stone
814 100 690 stone
814 100 691 stone
814 100 692 stone
814 100 693 stone
814 100 694 stone
814 100 695 stone
814 100 696 stone
814 100 697 stone
814 100 698 stone
814 100 699 stone
814 100 700 stone
814 100 701 stone
814 100 702 stone
814 100 703 stone
814 100 704 stone
814 100 705 stone
814 100 706 andesite
814 100 707 andesite
814 100 708 andesite
814 100 709 andesite
814 100 710 andesite
814 100 711 andesite
814 100 712 andesite
814 100 713 andesite
814 100 714 andesite
814 100 715 andesite
814 100 716 stone
814 100 717 stone
814 100 718 stone
814 100 719 stone
814 100 720 stone
814 100 721 stone
814 100 722 stone
814 100 723 stone
814 100 724 stone
814 100 725 andesite
814 100 726 andesite
814 100 727 andesite
814 100 728 andesite
814 100 729 andesite
814 100 730 andesite
814 100 731 andesite
814 100 732 andesite
814 100 733 andesite
814 100 734 andesite
814 100 735 andesite
814 100 736 stone
814 100 737 stone
814 100 738 stone
814 100 739 stone
814 100 740 stone
814 100 741 stone
814 100 742 stone
814 100 743 stone
814 100 744 stone
814 100 745 stone
814 100 746 stone
814 100 747 granite
814 100 748 granite
814 100 749 granite
814 100 750 granite
814 100 751 stone
814 100 752 stone
814 100 753 stone
814 100 754 stone
814 100 755 stone
814 100 756 stone
814 100 757 stone
814 100 758 stone
814 100 759 stone
814 100 760 stone
814 100 761 stone
814 100 762 stone
814 100 763 stone
814 100 764 stone
814 100 765 stone
814 100 766 stone
814 100 767 stone
814 100 768 stone
814 100 769 stone
814 100 770 stone
814 100 771 stone
814 100 772 stone
814 100 773 stone
814 100 774 stone
814 100 775 stone
814 100 776 stone
814 100 777 stone
814 100 778 stone
814 100 779 stone
814 100 780 stone
814 100 781 stone
814 100 782 stone
814 100 783 diorite
814 100 784 diorite
814 100 785 stone
814 100 786 copper_ore
814 100 787 copper_ore
814 100 788 stone
814 100 789 stone
814 100 790 stone
814 100 791 stone
814 100 792 stone
814 100 793 stone
814 100 794 stone
814 100 795 stone
814 100 796 stone
814 100 797 stone
814 100 798 stone
814 100 799 stone
814 100 800 stone
814 100 801 stone
814 100 802 stone
814 100 803 stone
814 100 804 stone
814 100 805 stone
814 100 806 stone
814 100 807 stone
814 100 808 stone
814 100 809 stone
814 100 810 stone
814 100 811 stone
814 100 812 stone
814 100 813 stone
814 100 814 andesite
814 100 815 andesite
814 100 816 andesite
814 100 817 andesite
814 100 818 andesite
814 100 819 andesite
814 100 820 coal_ore
814 100 821 coal_ore
814 100 822 coal_ore
814 100 823 coal_ore
814 100 824 coal_ore
814 100 825 stone
814 100 826 stone
814 100 827 stone
814 100 828 stone
814 100 829 stone
814 100 830 stone
814 100 831 stone
814 100 832 stone
814 100 833 stone
814 100 834 stone
814 100 835 stone
814 100 836 stone
814 100 837 stone
814 100 838 stone
814 100 839 stone
814 100 840 stone
814 100 841 stone
814 100 842 stone
814 100 843 stone
814 100 844 gravel
814 100 845 gravel
814 100 846 stone
814 100 847 stone
814 100 848 stone
814 100 849 stone
814 100 850 stone
814 100 851 stone
814 100 852 stone
814 100 853 stone
814 100 854 stone
814 100 855 stone
814 100 856 stone
814 100 857 stone
814 100 858 stone
814 100 859 stone
814 100 860 stone
814 100 861 stone
814 100 862 copper_ore
814 100 863 diorite
814 100 864 diorite
814 100 865 diorite
814 100 866 diorite
814 100 867 diorite
814 100 868 diorite
814 100 869 diorite
814 100 870 diorite
814 100 871 diorite
814 100 872 diorite
814 100 873 diorite
814 100 874 diorite
814 100 875 stone
814 100 876 stone
814 100 877 stone
814 100 878 stone
814 100 879 stone
814 100 880 stone
814 100 881 stone
814 100 882 stone
814 100 883 stone
814 100 884 stone
814 100 885 stone
814 100 886 stone
814 100 887 copper_ore
814 100 888 stone
814 100 889 stone
814 100 890 stone
814 100 891 stone
814 100 892 stone
814 100 893 stone
814 100 894 stone
814 100 895 stone
814 100 896 stone
814 100 897 stone
814 100 898 stone
814 100 899 stone
814 100 900 stone
814 100 901 stone
814 100 902 stone
814 100 903 stone
814 100 904 stone
814 100 905 stone
814 100 906 stone
814 100 907 stone
814 100 908 stone
814 100 909 stone
814 100 910 stone
814 100 911 andesite
814 100 912 andesite
814 100 913 water[level=0]
814 100 914 andesite
814 100 915 andesite
814 100 916 andesite
814 100 917 andesite
814 100 918 stone
814 100 919 stone
814 100 920 stone
814 100 921 stone
814 100 922 stone
814 100 923 stone
814 100 924 stone
814 100 925 stone
814 100 926 stone
814 100 927 stone
814 100 928 stone
814 100 929 stone
814 100 930 stone
814 100 931 stone
814 100 932 stone
814 100 933 stone
814 100 934 stone
814 100 935 stone
814 100 936 stone
814 100 937 andesite
814 100 938 andesite
814 100 939 andesite
814 100 940 andesite
814 100 941 andesite
814 100 942 andesite
814 100 943 andesite
814 100 944 andesite
814 100 945 andesite
814 100 946 andesite
814 100 947 stone
814 100 948 stone
814 100 949 stone
814 100 950 stone
814 100 951 stone
814 100 952 stone
814 100 953 stone
814 100 954 stone
814 100 955 stone
814 100 956 stone
814 100 957 stone
814 100 958 stone
814 100 959 stone
814 100 960 stone
814 100 961 diorite
814 100 962 diorite
814 100 963 stone
814 100 964 stone
814 100 965 stone
814 100 966 stone
814 100 967 stone
814 100 968 stone
814 100 969 stone
814 100 970 stone
814 100 971 stone
814 100 972 stone
814 100 973 stone
814 100 974 stone
814 100 975 stone
814 100 976 stone
814 100 977 stone
814 100 978 stone
814 100 979 stone
814 100 980 stone
814 100 981 copper_ore
814 100 982 copper_ore
814 100 983 stone
814 100 984 stone
814 100 985 stone
814 100 986 stone
814 100 987 stone
814 100 988 stone
814 100 989 stone
814 100 990 andesite
814 100 991 dripstone_block
814 100 992 dripstone_block
814 100 993 pointed_dripstone[thickness=middle,vertical_direction=up,waterlogged=false]
814 100 1001 stone
814 100 1002 stone
814 100 1003 stone
814 100 1004 stone
814 100 1005 stone
814 100 1006 stone
814 100 1007 stone
814 100 1008 stone
814 100 1009 stone
814 100 1010 stone
814 100 1011 stone
814 100 1012 stone
814 100 1013 stone
814 100 1014 stone
814 100 1015 stone
814 100 1016 stone
814 100 1017 stone
814 100 1018 stone
814 100 1019 stone
814 100 1020 stone
814 100 1021 stone
814 100 1022 stone
814 100 1023 stone
814 101 0 andesite
814 101 1 coal_ore
814 101 6 andesite
814 101 7 stone
814 101 8 stone
814 101 9 stone
814 101 10 stone
814 101 27 diorite
814 101 28 diorite
814 101 29 diorite
814 101 30 diorite
814 101 31 stone
814 101 32 stone
814 101 33 stone
814 101 34 stone
814 101 35 stone
814 101 36 stone
814 101 37 stone
814 101 38 stone
814 101 39 stone
814 101 40 stone
814 101 41 stone
814 101 42 stone
814 101 43 stone
814 101 44 stone
814 101 45 stone
814 101 46 stone
814 101 47 stone
814 101 48 stone
814 101 49 coal_ore
814 101 50 coal_ore
814 101 51 stone
814 101 52 stone
814 101 53 stone
814 101 54 stone
814 101 55 stone
814 101 56 stone
814 101 57 stone
814 101 58 stone
814 101 59 stone
814 101 60 stone
814 101 61 stone
814 101 62 stone
814 101 63 stone
814 101 64 stone
814 101 65 stone
814 101 66 stone
814 101 67 stone
814 101 68 stone
814 101 69 stone
814 101 70 stone
814 101 71 stone
814 101 72 stone
814 101 73 stone
814 101 74 stone
814 101 75 stone
814 101 76 stone
814 101 77 stone
814 101 78 granite
814 101 79 granite
814 101 80 stone
814 101 81 stone
814 101 82 stone
814 101 83 stone
814 101 84 stone
814 101 85 stone
814 101 86 stone
814 101 87 stone
814 101 88 stone
814 101 89 stone
814 101 90 stone
814 101 91 stone
814 101 92 stone
814 101 93 stone
814 101 94 stone
814 101 95 stone
814 101 96 stone
814 101 97 stone
814 101 98 stone
814 101 99 stone
814 101 100 andesite
814 101 101 stone
814 101 102 stone
814 101 103 stone
814 101 104 stone
814 101 105 stone
814 101 106 stone
814 101 107 stone
814 101 108 stone
814 101 109 stone
814 101 110 stone
814 101 111 stone
814 101 112 stone
814 101 113 stone
814 101 114 stone
814 101 115 stone
814 101 116 stone
814 101 117 andesite
814 101 118 andesite
814 101 119 andesite
814 101 120 andesite
814 101 121 andesite
814 101 122 andesite
814 101 123 andesite
814 101 124 andesite
814 101 125 andesite
814 101 126 andesite
814 101 127 andesite
814 101 128 stone
814 101 129 stone
814 101 130 stone
814 101 131 stone
814 101 132 stone
814 101 133 stone
814 101 134 stone
814 101 135 stone
814 101 136 stone
814 101 137 andesite
814 101 138 andesite
814 101 139 andesite
814 101 140 andesite
814 101 141 diorite
814 101 142 diorite
814 101 143 diorite
814 101 144 diorite
814 101 145 diorite
814 101 146 diorite
814 101 147 diorite
814 101 148 diorite
814 101 149 diorite
814 101 150 diorite
814 101 151 diorite
814 101 152 stone
814 101 153 stone
814 101 154 stone
814 101 155 stone
814 101 156 stone
814 101 157 stone
814 101 158 stone
814 101 159 stone
814 101 160 stone
814 101 161 granite
814 101 162 granite
814 101 163 granite
814 101 164 granite
814 101 165 granite
814 101 166 granite
814 101 167 stone
814 101 168 stone
814 101 169 stone
814 101 170 stone
814 101 171 stone
814 101 172 stone
814 101 173 stone
814 101 174 stone
814 101 175 stone
814 101 176 stone
814 101 177 stone
814 101 178 stone
814 101 179 stone
814 101 180 stone
814 101 181 stone
814 101 182 stone
814 101 183 stone
814 101 184 stone
814 101 185 stone
814 101 186 stone
814 101 187 granite
814 101 188 granite
814 101 189 granite
814 101 190 stone
814 101 191 stone
814 101 192 stone
814 101 193 stone
814 101 194 stone
814 101 195 stone
814 101 196 stone
814 101 197 stone
814 101 198 stone
814 101 199 stone
814 101 200 stone
814 101 201 copper_ore
814 101 202 copper_ore
814 101 203 stone
814 101 204 stone
814 101 205 stone
814 101 206 stone
814 101 207 stone
814 101 208 stone
814 101 209 stone
814 101 210 stone
814 101 211 stone
814 101 212 stone
814 101 213 coal_ore
814 101 214 coal_ore
814 101 215 coal_ore
814 101 216 stone
814 101 217 stone
814 101 218 stone
814 101 219 stone
814 101 220 stone
814 101 221 stone
814 101 222 stone
814 101 223 stone
814 101 224 stone
814 101 225 stone
814 101 226 stone
814 101 227 stone
814 101 228 stone
814 101 229 stone
814 101 230 stone
814 101 231 stone
814 101 232 stone
814 101 233 stone
814 101 234 stone
814 101 235 andesite
814 101 236 andesite
814 101 237 andesite
814 101 238 andesite
814 101 239 andesite
814 101 240 andesite
814 101 241 andesite
814 101 242 andesite
814 101 243 stone
814 101 244 stone
814 101 245 stone
814 101 246 stone
814 101 247 stone
814 101 248 stone
814 101 249 stone
814 101 250 stone
814 101 251 stone
814 101 252 stone
814 101 253 stone
814 101 254 stone
814 101 255 stone
814 101 256 stone
814 101 257 stone
814 101 258 stone
814 101 259 stone
814 101 260 stone
814 101 261 stone
814 101 262 stone
814 101 263 stone
814 101 264 stone
814 101 265 stone
814 101 266 stone
814 101 267 stone
814 101 268 stone
814 101 269 stone
814 101 270 stone
814 101 271 stone
814 101 278 stone
814 101 279 stone
814 101 280 stone
814 101 281 stone
814 101 282 stone
814 101 283 stone
814 101 284 stone
814 101 285 stone
814 101 286 stone
814 101 287 stone
814 101 288 stone
814 101 289 stone
814 101 290 granite
814 101 291 granite
814 101 292 diorite
814 101 293 diorite
814 101 294 diorite
814 101 295 diorite
814 101 296 diorite
814 101 297 diorite
814 101 298 stone
814 101 299 stone
814 101 300 stone
814 101 301 stone
814 101 302 stone
814 101 303 stone
814 101 304 granite
814 101 305 granite
814 101 306 granite
814 101 307 granite
814 101 308 granite
814 101 309 granite
814 101 310 granite
814 101 311 granite
814 101 312 granite
814 101 319 stone
814 101 320 stone
814 101 321 stone
814 101 322 stone
814 101 323 stone
814 101 324 stone
814 101 325 stone
814 101 326 stone
814 101 327 stone
814 101 328 stone
814 101 329 stone
814 101 330 stone
814 101 331 andesite
814 101 332 andesite
814 101 333 andesite
814 101 334 andesite
814 101 335 andesite
814 101 336 andesite
814 101 337 andesite
814 101 338 andesite
814 101 339 stone
814 101 340 stone
814 101 341 stone
814 101 342 stone
814 101 343 stone
814 101 344 stone
814 101 345 stone
814 101 346 stone
814 101 347 stone
814 101 348 coal_ore
814 101 349 coal_ore
814 101 350 coal_ore
814 101 351 stone
814 101 352 stone
814 101 353 stone
814 101 354 stone
814 101 355 stone
814 101 356 stone
814 101 357 stone
814 101 358 stone
814 101 359 stone
814 101 360 stone
814 101 361 gravel
814 101 362 gravel
814 101 363 gravel
814 101 364 gravel
814 101 365 stone
814 101 366 stone
814 101 367 stone
814 101 368 stone
814 101 369 granite
814 101 370 granite
814 101 371 granite
814 101 372 granite
814 101 373 granite
814 101 374 granite
814 101 375 granite
814 101 397 stone
814 101 398 stone
814 101 400 stone
814 101 401 stone
814 101 402 stone
814 101 403 stone
814 101 404 stone
814 101 405 stone
814 101 406 stone
814 101 407 stone
814 101 408 stone
814 101 409 stone
814 101 410 stone
814 101 411 stone
814 101 412 stone
814 101 413 stone
814 101 414 stone
814 101 415 stone
814 101 416 stone
814 101 417 stone
814 101 418 stone
814 101 419 stone
814 101 420 stone
814 101 421 stone
814 101 422 stone
814 101 423 stone
814 101 424 stone
814 101 425 stone
814 101 426 stone
814 101 427 stone
814 101 428 stone
814 101 429 stone
814 101 430 stone
814 101 431 stone
814 101 432 stone
814 101 433 stone
814 101 434 stone
814 101 435 stone
814 101 436 stone
814 101 437 stone
814 101 438 stone
814 101 439 stone
814 101 440 stone
814 101 441 stone
814 101 442 diorite
814 101 443 diorite
814 101 444 diorite
814 101 445 diorite
814 101 446 diorite
814 101 447 stone
814 101 448 stone
814 101 449 stone
814 101 450 stone
814 101 451 stone
814 101 452 stone
814 101 453 stone
814 101 454 stone
814 101 455 stone
814 101 456 stone
814 101 457 stone
814 101 458 stone
814 101 459 stone
814 101 460 stone
814 101 461 stone
814 101 462 stone
814 101 463 stone
814 101 464 gravel
814 101 465 gravel
814 101 466 gravel
814 101 467 gravel
814 101 468 gravel
814 101 469 stone
814 101 470 stone
814 101 471 stone
814 101 472 stone
814 101 473 stone
814 101 474 stone
814 101 475 stone
814 101 476 diorite
814 101 477 diorite
814 101 478 diorite
814 101 479 diorite
814 101 480 diorite
814 101 481 diorite
814 101 482 diorite
814 101 483 diorite
814 101 484 diorite
814 101 485 diorite
814 101 486 stone
814 101 487 stone
814 101 488 copper_ore
814 101 489 copper_ore
814 101 490 stone
814 101 491 stone
814 101 492 stone
814 101 493 stone
814 101 494 stone
814 101 495 stone
814 101 496 stone
814 101 497 stone
814 101 498 stone
814 101 499 stone
814 101 500 stone
814 101 501 stone
814 101 502 stone
814 101 503 stone
814 101 504 stone
814 101 505 stone
814 101 506 stone
814 101 507 stone
814 101 508 stone
814 101 509 stone
814 101 510 dirt
814 101 511 dirt
814 101 512 dirt
814 101 513 dirt
814 101 514 stone
814 101 515 water[level=0]
814 101 516 water[level=0]
814 101 517 water[level=0]
814 101 518 stone
814 101 519 stone
814 101 520 stone
814 101 521 stone
814 101 523 stone
814 101 524 stone
814 101 525 stone
814 101 526 stone
814 101 527 stone
814 101 528 stone
814 101 529 stone
814 101 530 stone
814 101 531 stone
814 101 532 stone
814 101 533 stone
814 101 534 stone
814 101 535 diorite
814 101 536 diorite
814 101 537 iron_ore
814 101 538 diorite
814 101 539 diorite
814 101 540 diorite
814 101 541 diorite
814 101 542 diorite
814 101 543 diorite
814 101 544 diorite
814 101 545 dirt
814 101 546 dirt
814 101 547 dirt
814 101 548 dirt
814 101 549 dirt
814 101 550 dirt
814 101 551 stone
814 101 552 stone
814 101 553 stone
814 101 554 stone
814 101 555 stone
814 101 556 stone
814 101 557 stone
814 101 558 copper_ore
814 101 559 copper_ore
814 101 560 copper_ore
814 101 561 stone
814 101 562 stone
814 101 563 stone
814 101 564 stone
814 101 565 stone
814 101 566 stone
814 101 567 stone
814 101 568 stone
814 101 569 stone
814 101 570 stone
814 101 571 stone
814 101 572 stone
814 101 573 stone
814 101 574 stone
814 101 575 stone
814 101 576 stone
814 101 577 stone
814 101 578 dirt
814 101 579 dirt
