810 107 95 stone
810 107 96 stone
810 107 97 stone
810 107 98 andesite
810 107 99 andesite
810 107 100 andesite
810 107 101 andesite
810 107 102 andesite
810 107 103 andesite
810 107 104 andesite
810 107 105 andesite
810 107 106 stone
810 107 107 granite
810 107 108 granite
810 107 109 granite
810 107 110 granite
810 107 111 granite
810 107 112 granite
810 107 113 granite
810 107 114 granite
810 107 115 granite
810 107 116 granite
810 107 117 granite
810 107 118 granite
810 107 119 granite
810 107 120 granite
810 107 121 granite
810 107 122 stone
810 107 123 coal_ore
810 107 124 coal_ore
810 107 125 stone
810 107 126 stone
810 107 127 stone
810 107 128 stone
810 107 129 stone
810 107 130 stone
810 107 131 stone
810 107 132 stone
810 107 133 stone
810 107 134 stone
810 107 135 stone
810 107 136 stone
810 107 137 stone
810 107 138 stone
810 107 139 stone
810 107 140 stone
810 107 141 stone
810 107 142 stone
810 107 143 stone
810 107 144 stone
810 107 145 stone
810 107 146 stone
810 107 147 stone
810 107 148 stone
810 107 149 stone
810 107 150 stone
810 107 151 stone
810 107 152 stone
810 107 153 stone
810 107 154 stone
810 107 155 stone
810 107 156 stone
810 107 157 stone
810 107 158 stone
810 107 159 stone
810 107 160 stone
810 107 161 stone
810 107 162 stone
810 107 163 stone
810 107 164 stone
810 107 165 stone
810 107 166 stone
810 107 167 stone
810 107 168 stone
810 107 169 stone
810 107 170 stone
810 107 171 stone
810 107 172 stone
810 107 173 stone
810 107 174 diorite
810 107 175 diorite
810 107 176 diorite
810 107 177 diorite
810 107 178 stone
810 107 179 stone
810 107 180 stone
810 107 181 stone
810 107 182 stone
810 107 183 stone
810 107 184 stone
810 107 185 stone
810 107 186 stone
810 107 187 stone
810 107 188 stone
810 107 189 stone
810 107 190 stone
810 107 191 stone
810 107 192 stone
810 107 193 stone
810 107 194 stone
810 107 195 stone
810 107 196 stone
810 107 197 stone
810 107 198 stone
810 107 199 stone
810 107 200 stone
810 107 201 stone
810 107 202 stone
810 107 203 stone
810 107 204 stone
810 107 205 stone
810 107 206 stone
810 107 207 stone
810 107 208 stone
810 107 209 stone
810 107 210 stone
810 107 211 stone
810 107 212 stone
810 107 213 stone
810 107 214 stone
810 107 215 stone
810 107 216 gravel
810 107 217 gravel
810 107 218 gravel
810 107 219 gravel
810 107 220 gravel
810 107 221 diorite
810 107 222 diorite
810 107 223 stone
810 107 224 stone
810 107 225 stone
810 107 226 stone
810 107 227 stone
810 107 228 stone
810 107 229 stone
810 107 230 stone
810 107 231 stone
810 107 232 stone
810 107 233 stone
810 107 234 stone
810 107 235 stone
810 107 236 stone
810 107 237 stone
810 107 238 stone
810 107 239 stone
810 107 240 stone
810 107 241 stone
810 107 242 stone
810 107 243 stone
810 107 244 stone
810 107 245 stone
810 107 246 stone
810 107 247 stone
810 107 248 stone
810 107 249 stone
810 107 250 stone
810 107 251 granite
810 107 252 granite
810 107 253 granite
810 107 254 granite
810 107 255 granite
810 107 256 granite
810 107 257 granite
810 107 258 granite
810 107 259 granite
810 107 260 stone
810 107 261 stone
810 107 262 stone
810 107 263 stone
810 107 264 stone
810 107 265 stone
810 107 266 stone
810 107 267 stone
810 107 268 stone
810 107 269 stone
810 107 270 stone
810 107 271 stone
810 107 272 stone
810 107 273 stone
810 107 274 stone
810 107 275 stone
810 107 276 stone
810 107 277 stone
810 107 278 stone
810 107 279 stone
810 107 280 stone
810 107 281 stone
810 107 282 stone
810 107 283 stone
810 107 284 stone
810 107 285 stone
810 107 286 stone
810 107 287 stone
810 107 288 stone
810 107 289 stone
810 107 290 stone
810 107 291 stone
810 107 292 stone
810 107 293 stone
810 107 294 stone
810 107 295 stone
810 107 296 stone
810 107 297 stone
810 107 298 stone
810 107 299 stone
810 107 300 stone
810 107 301 stone
810 107 302 stone
810 107 303 stone
810 107 304 stone
810 107 305 stone
810 107 306 stone
810 107 307 stone
810 107 308 stone
810 107 309 stone
810 107 310 stone
810 107 311 stone
810 107 312 stone
810 107 313 stone
810 107 314 stone
810 107 315 stone
810 107 316 stone
810 107 317 stone
810 107 318 stone
810 107 319 stone
810 107 320 stone
810 107 321 stone
810 107 322 stone
810 107 323 stone
810 107 324 stone
810 107 325 stone
810 107 326 stone
810 107 327 stone
810 107 328 stone
810 107 329 stone
810 107 330 stone
810 107 331 stone
810 107 332 stone
810 107 333 stone
810 107 334 stone
810 107 335 stone
810 107 336 stone
810 107 337 stone
810 107 338 stone
810 107 339 stone
810 107 340 stone
810 107 341 stone
810 107 342 stone
810 107 343 stone
810 107 344 stone
810 107 345 stone
810 107 346 stone
810 107 347 stone
810 107 348 stone
810 107 349 stone
810 107 350 stone
810 107 351 stone
810 107 352 stone
810 107 353 stone
810 107 354 stone
810 107 355 stone
810 107 356 stone
810 107 357 stone
810 107 358 stone
810 107 359 stone
810 107 360 stone
810 107 361 stone
810 107 362 infested_stone
810 107 369 stone
810 107 370 stone
810 107 371 stone
810 107 372 stone
810 107 377 stone
810 107 378 stone
810 107 393 stone
810 107 394 stone
810 107 395 stone
810 107 396 stone
810 107 397 stone
810 107 398 stone
810 107 399 stone
810 107 400 stone
810 107 401 stone
810 107 402 stone
810 107 403 stone
810 107 404 stone
810 107 405 stone
810 107 406 stone
810 107 407 stone
810 107 408 stone
810 107 409 stone
810 107 410 stone
810 107 411 stone
810 107 412 stone
810 107 413 granite
810 107 414 granite
810 107 415 granite
810 107 416 granite
810 107 417 copper_ore
810 107 418 granite
810 107 419 granite
810 107 420 granite
810 107 421 granite
810 107 422 granite
810 107 423 granite
810 107 424 granite
810 107 426 granite
810 107 427 granite
810 107 428 granite
810 107 429 granite
810 107 430 stone
810 107 431 andesite
810 107 432 andesite
810 107 433 andesite
810 107 434 andesite
810 107 435 andesite
810 107 436 andesite
810 107 437 andesite
810 107 438 andesite
810 107 439 stone
810 107 440 stone
810 107 441 stone
810 107 442 stone
810 107 443 stone
810 107 444 stone
810 107 445 stone
810 107 446 stone
810 107 447 stone
810 107 448 stone
810 107 449 stone
810 107 450 stone
810 107 451 stone
810 107 452 stone
810 107 453 stone
810 107 454 stone
810 107 455 stone
810 107 456 stone
810 107 457 stone
810 107 458 diorite
810 107 459 diorite
810 107 460 diorite
810 107 461 granite
810 107 462 granite
810 107 463 gravel
810 107 464 water[level=0]
810 107 465 water[level=0]
810 107 466 water[level=0]
810 107 467 water[level=0]
810 107 468 water[level=0]
810 107 469 water[level=0]
810 107 470 water[level=0]
810 107 471 water[level=0]
810 107 472 water[level=0]
810 107 473 water[level=0]
810 107 474 gravel
810 107 475 stone
810 107 476 stone
810 107 477 stone
810 107 478 stone
810 107 479 stone
810 107 480 stone
810 107 481 stone
810 107 482 stone
810 107 483 stone
810 107 484 stone
810 107 485 gravel
810 107 486 water[level=0]
810 107 487 water[level=0]
810 107 488 water[level=0]
810 107 489 water[level=0]
810 107 490 granite
810 107 491 granite
810 107 492 granite
810 107 493 granite
810 107 494 granite
810 107 495 granite
810 107 496 stone
810 107 497 stone
810 107 498 andesite
810 107 499 coal_ore
810 107 500 coal_ore
810 107 501 coal_ore
810 107 502 coal_ore
810 107 503 coal_ore
810 107 504 coal_ore
810 107 505 coal_ore
810 107 506 coal_ore
810 107 507 coal_ore
810 107 508 andesite
810 107 509 andesite
810 107 510 stone
810 107 511 stone
810 107 512 stone
810 107 513 water[level=0]
810 107 514 water[level=0]
810 107 515 water[level=0]
810 107 516 water[level=0]
810 107 517 water[level=0]
810 107 518 water[level=0]
810 107 519 water[level=0]
810 107 520 water[level=0]
810 107 521 water[level=0]
810 107 522 water[level=0]
810 107 523 water[level=0]
810 107 524 coal_ore
810 107 525 coal_ore
810 107 527 stone
810 107 528 stone
810 107 529 stone
810 107 530 stone
810 107 531 stone
810 107 532 stone
810 107 533 stone
810 107 534 stone
810 107 535 stone
810 107 536 stone
810 107 537 stone
810 107 538 stone
810 107 539 stone
810 107 540 stone
810 107 541 stone
810 107 542 granite
810 107 543 granite
810 107 544 granite
810 107 545 stone
810 107 546 stone
810 107 547 stone
810 107 548 stone
810 107 549 stone
810 107 550 stone
810 107 551 gravel
810 107 552 gravel
810 107 553 stone
810 107 554 stone
810 107 555 stone
810 107 556 stone
810 107 557 stone
810 107 558 stone
810 107 559 stone
810 107 560 stone
810 107 561 stone
810 107 562 stone
810 107 563 stone
810 107 564 stone
810 107 565 stone
810 107 566 stone
810 107 567 stone
810 107 568 stone
810 107 569 stone
810 107 570 stone
810 107 571 stone
810 107 572 stone
810 107 573 stone
810 107 574 stone
810 107 575 stone
810 107 576 stone
810 107 577 stone
810 107 578 stone
810 107 579 stone
810 107 580 stone
810 107 581 stone
810 107 582 stone
810 107 583 stone
810 107 584 stone
810 107 585 stone
810 107 586 stone
810 107 587 stone
810 107 588 diorite
810 107 589 diorite
810 107 590 diorite
810 107 591 diorite
810 107 592 diorite
810 107 593 diorite
810 107 594 diorite
810 107 595 diorite
810 107 596 stone
810 107 597 stone
810 107 598 stone
810 107 599 stone
810 107 600 stone
810 107 601 water[level=0]
810 107 602 water[level=0]
810 107 603 stone
810 107 604 stone
810 107 619 stone
810 107 620 stone
810 107 621 stone
810 107 622 water[level=0]
810 107 623 water[level=0]
810 107 624 water[level=0]
810 107 625 water[level=0]
810 107 626 water[level=0]
810 107 627 water[level=0]
810 107 628 water[level=0]
810 107 629 water[level=0]
810 107 630 water[level=0]
810 107 631 water[level=0]
810 107 632 stone
810 107 633 stone
810 107 634 stone
810 107 635 stone
810 107 636 stone
810 107 637 granite
810 107 638 granite
810 107 639 granite
810 107 640 granite
810 107 641 granite
810 107 642 granite
810 107 643 granite
810 107 644 granite
810 107 645 stone
810 107 646 stone
810 107 647 stone
810 107 648 stone
810 107 649 stone
810 107 650 stone
810 107 651 stone
810 107 652 stone
810 107 653 stone
810 107 654 stone
810 107 655 stone
810 107 656 stone
810 107 657 stone
810 107 658 water[level=0]
810 107 659 water[level=0]
810 107 660 water[level=0]
810 107 661 water[level=0]
810 107 662 water[level=0]
810 107 663 water[level=0]
810 107 664 water[level=0]
810 107 665 stone
810 107 666 water[level=0]
810 107 667 water[level=0]
810 107 668 water[level=0]
810 107 669 water[level=0]
810 107 670 stone
810 107 671 stone
810 107 673 stone
810 107 674 stone
810 107 675 stone
810 107 676 stone
810 107 677 stone
810 107 678 stone
810 107 679 stone
810 107 680 stone
810 107 681 stone
810 107 682 stone
810 107 683 stone
810 107 684 stone
810 107 685 stone
810 107 686 stone
810 107 687 stone
810 107 688 stone
810 107 689 stone
810 107 690 stone
810 107 691 stone
810 107 692 stone
810 107 693 stone
810 107 694 stone
810 107 695 stone
810 107 696 stone
810 107 697 stone
810 107 698 stone
810 107 699 stone
810 107 700 stone
810 107 701 stone
810 107 702 stone
810 107 703 stone
810 107 704 stone
810 107 705 stone
810 107 706 stone
810 107 707 stone
810 107 708 stone
810 107 709 stone
810 107 710 stone
810 107 711 stone
810 107 712 stone
810 107 713 stone
810 107 714 stone
810 107 715 stone
810 107 716 stone
810 107 717 stone
810 107 718 stone
810 107 719 stone
810 107 720 stone
810 107 721 stone
810 107 722 stone
810 107 723 stone
810 107 724 stone
810 107 725 stone
810 107 726 stone
810 107 727 stone
810 107 728 stone
810 107 729 stone
810 107 730 stone
810 107 731 stone
810 107 732 stone
810 107 733 andesite
810 107 734 andesite
810 107 735 andesite
810 107 736 andesite
810 107 737 andesite
810 107 738 andesite
810 107 739 andesite
810 107 740 andesite
810 107 741 stone
810 107 742 stone
810 107 743 stone
810 107 744 stone
810 107 745 stone
810 107 746 stone
810 107 747 stone
810 107 748 stone
810 107 749 stone
810 107 750 stone
810 107 751 stone
810 107 752 stone
810 107 753 stone
810 107 754 stone
810 107 755 dirt
810 107 756 dirt
810 107 757 stone
810 107 758 dirt
810 107 759 dirt
810 107 760 stone
810 107 761 stone
810 107 762 stone
810 107 763 stone
810 107 764 stone
810 107 765 stone
810 107 766 stone
810 107 767 stone
810 107 768 stone
810 107 769 stone
810 107 770 stone
810 107 771 stone
810 107 772 stone
810 107 773 stone
810 107 774 stone
810 107 775 stone
810 107 776 stone
810 107 777 stone
810 107 778 stone
810 107 779 stone
810 107 780 stone
810 107 781 stone
810 107 782 stone
810 107 783 stone
810 107 784 stone
810 107 785 stone
810 107 786 stone
810 107 787 stone
810 107 788 stone
810 107 789 stone
810 107 790 stone
810 107 791 stone
810 107 792 stone
810 107 793 stone
810 107 794 stone
810 107 795 stone
810 107 796 stone
810 107 797 stone
810 107 798 stone
810 107 799 stone
810 107 800 granite
810 107 801 granite
810 107 802 granite
810 107 803 granite
810 107 804 granite
810 107 805 stone
810 107 806 stone
810 107 807 stone
810 107 808 stone
810 107 809 stone
810 107 810 stone
810 107 811 stone
810 107 812 stone
810 107 813 stone
810 107 814 stone
810 107 815 stone
810 107 816 stone
810 107 817 stone
810 107 818 stone
810 107 819 stone
810 107 820 stone
810 107 821 stone
810 107 822 stone
810 107 823 stone
810 107 824 stone
810 107 825 stone
810 107 826 stone
810 107 827 stone
810 107 828 stone
810 107 829 stone
810 107 830 stone
810 107 831 stone
810 107 832 stone
810 107 833 stone
810 107 834 stone
810 107 835 stone
810 107 836 stone
810 107 837 stone
810 107 838 stone
810 107 839 stone
810 107 840 diorite
810 107 841 diorite
810 107 842 diorite
810 107 843 diorite
810 107 844 diorite
810 107 845 diorite
810 107 846 diorite
810 107 847 diorite
810 107 848 stone
810 107 849 stone
810 107 850 stone
810 107 851 stone
810 107 852 stone
810 107 853 stone
810 107 854 stone
810 107 855 stone
810 107 856 stone
810 107 857 stone
810 107 858 stone
810 107 859 stone
810 107 860 stone
810 107 861 stone
810 107 862 stone
810 107 863 stone
810 107 864 stone
810 107 865 stone
810 107 866 stone
810 107 867 stone
810 107 868 stone
810 107 869 stone
810 107 870 stone
810 107 871 stone
810 107 872 stone
810 107 873 stone
810 107 874 stone
810 107 875 stone
810 107 876 stone
810 107 877 stone
810 107 878 stone
810 107 879 stone
810 107 880 stone
810 107 881 stone
810 107 882 stone
810 107 883 stone
810 107 884 stone
810 107 885 stone
810 107 886 stone
810 107 887 stone
810 107 888 stone
810 107 889 stone
810 107 890 stone
810 107 891 stone
810 107 892 stone
810 107 893 stone
810 107 894 stone
810 107 895 stone
810 107 896 granite
810 107 897 granite
810 107 898 granite
810 107 899 granite
810 107 900 granite
810 107 901 granite
810 107 902 granite
810 107 903 stone
810 107 904 stone
810 107 905 stone
810 107 906 stone
810 107 907 stone
810 107 908 stone
810 107 909 stone
810 107 910 stone
810 107 911 stone
810 107 912 water[level=0]
810 107 913 water[level=0]
810 107 914 water[level=0]
810 107 915 diorite
810 107 916 diorite
810 107 917 diorite
810 107 918 diorite
810 107 919 diorite
810 107 920 diorite
810 107 921 stone
810 107 922 stone
810 107 923 stone
810 107 924 stone
810 107 925 stone
810 107 926 granite
810 107 927 granite
810 107 928 granite
810 107 929 granite
810 107 930 granite
810 107 931 granite
810 107 932 granite
810 107 933 granite
810 107 934 granite
810 107 935 stone
810 107 936 stone
810 107 937 stone
810 107 938 stone
810 107 939 stone
810 107 940 stone
810 107 941 stone
810 107 942 stone
810 107 943 stone
810 107 944 stone
810 107 945 stone
810 107 946 stone
810 107 947 stone
810 107 948 stone
810 107 949 stone
810 107 950 water[level=0]
810 107 951 water[level=0]
810 107 952 water[level=0]
810 107 953 water[level=0]
810 107 954 coal_ore
810 107 955 coal_ore
810 107 956 stone
810 107 957 stone
810 107 958 stone
810 107 959 stone
810 107 960 stone
810 107 961 stone
810 107 962 andesite
810 107 963 andesite
810 107 964 andesite
810 107 965 andesite
810 107 966 andesite
810 107 967 andesite
810 107 968 andesite
810 107 969 andesite
810 107 970 andesite
810 107 971 andesite
810 107 972 andesite
810 107 973 andesite
810 107 974 andesite
810 107 975 stone
810 107 976 stone
810 107 977 stone
810 107 978 stone
810 107 979 andesite
810 107 980 andesite
810 107 981 andesite
810 107 982 andesite
810 107 983 andesite
810 107 984 andesite
810 107 985 andesite
810 107 986 andesite
810 107 987 andesite
810 107 988 andesite
810 107 989 diorite
810 107 990 diorite
810 107 991 diorite
810 107 992 diorite
810 107 1003 stone
810 107 1004 stone
810 107 1005 stone
810 107 1006 stone
810 107 1007 stone
810 107 1008 stone
810 107 1009 stone
810 107 1010 stone
810 107 1011 copper_ore
810 107 1012 copper_ore
810 107 1013 stone
810 107 1014 stone
810 107 1015 stone
810 107 1016 stone
810 107 1017 stone
810 107 1018 stone
810 107 1019 stone
810 107 1020 stone
810 107 1021 stone
810 107 1022 stone
810 108 0 stone
810 108 1 stone
810 108 2 stone
810 108 25 stone
810 108 26 stone
810 108 27 stone
810 108 28 stone
810 108 29 stone
810 108 30 stone
810 108 31 stone
810 108 32 stone
810 108 33 stone
810 108 34 stone
810 108 35 stone
810 108 36 stone
810 108 37 stone
810 108 38 stone
810 108 39 granite
810 108 40 granite
810 108 41 granite
810 108 42 granite
810 108 43 diorite
810 108 48 stone
810 108 49 stone
810 108 50 stone
810 108 51 stone
810 108 52 stone
810 108 53 stone
810 108 54 stone
810 108 55 stone
810 108 56 stone
810 108 57 stone
810 108 58 stone
810 108 59 stone
810 108 60 stone
810 108 61 stone
810 108 62 diorite
810 108 63 diorite
810 108 64 diorite
810 108 65 diorite
810 108 66 diorite
810 108 67 diorite
810 108 68 diorite
810 108 69 diorite
810 108 70 diorite
810 108 71 diorite
810 108 72 gravel
810 108 73 gravel
810 108 74 gravel
810 108 75 gravel
810 108 76 gravel
810 108 77 gravel
810 108 78 gravel
810 108 79 gravel
810 108 80 granite
810 108 81 stone
810 108 82 stone
810 108 83 stone
810 108 84 stone
810 108 85 stone
810 108 86 andesite
810 108 87 andesite
810 108 88 andesite
810 108 89 andesite
810 108 90 andesite
810 108 91 stone
810 108 92 stone
810 108 93 stone
810 108 94 stone
810 108 95 stone
810 108 96 stone
810 108 97 stone
810 108 98 andesite
810 108 99 andesite
810 108 100 andesite
810 108 101 andesite
810 108 102 andesite
810 108 103 andesite
810 108 104 andesite
810 108 105 andesite
810 108 106 stone
810 108 107 granite
810 108 108 granite
810 108 109 granite
810 108 110 granite
810 108 111 granite
810 108 112 granite
810 108 113 granite
810 108 114 granite
810 108 115 granite
810 108 116 granite
810 108 123 stone
810 108 124 stone
810 108 125 stone
810 108 126 stone
810 108 127 stone
810 108 128 stone
810 108 129 stone
810 108 130 stone
810 108 131 coal_ore
810 108 132 coal_ore
810 108 133 stone
810 108 134 stone
810 108 135 andesite
810 108 136 stone
810 108 137 stone
810 108 138 stone
810 108 139 stone
810 108 140 stone
810 108 141 stone
810 108 142 stone
810 108 143 stone
810 108 144 stone
810 108 145 stone
810 108 146 stone
810 108 147 stone
810 108 148 stone
810 108 149 stone
810 108 150 stone
810 108 151 stone
810 108 152 stone
810 108 153 stone
810 108 154 stone
810 108 155 stone
810 108 156 stone
810 108 157 stone
810 108 158 stone
810 108 159 stone
810 108 160 stone
810 108 161 stone
810 108 162 stone
810 108 163 stone
810 108 164 stone
810 108 165 stone
810 108 166 stone
810 108 167 stone
810 108 168 stone
810 108 169 stone
810 108 170 stone
810 108 171 stone
810 108 172 stone
810 108 173 stone
810 108 174 diorite
810 108 175 diorite
810 108 176 diorite
810 108 177 diorite
810 108 178 diorite
810 108 179 stone
810 108 180 stone
810 108 181 stone
810 108 182 stone
810 108 183 stone
810 108 184 stone
810 108 185 stone
810 108 186 stone
810 108 187 stone
810 108 188 stone
810 108 189 stone
810 108 190 stone
810 108 191 stone
810 108 192 stone
810 108 193 stone
810 108 194 stone
810 108 195 stone
810 108 196 stone
810 108 197 stone
810 108 198 stone
810 108 199 stone
810 108 200 stone
810 108 201 stone
810 108 202 stone
810 108 203 stone
810 108 204 stone
810 108 205 stone
810 108 206 stone
810 108 207 stone
810 108 208 stone
810 108 209 stone
810 108 210 stone
810 108 211 stone
810 108 212 stone
810 108 213 stone
810 108 214 stone
810 108 215 stone
810 108 216 gravel
810 108 217 gravel
810 108 218 gravel
810 108 219 gravel
810 108 220 diorite
810 108 221 diorite
810 108 222 stone
810 108 223 stone
810 108 224 coal_ore
810 108 225 coal_ore
810 108 226 stone
810 108 227 stone
810 108 228 stone
810 108 229 stone
810 108 230 stone
810 108 231 stone
810 108 232 stone
810 108 233 stone
810 108 234 stone
810 108 235 stone
