fill 686 120 670 686 120 675 stone
686 120 676 copper_ore
fill 686 120 677 686 120 684 stone
fill 686 120 685 686 120 687 dirt
686 120 688 granite
fill 686 120 689 686 120 738 stone
686 120 739 coal_ore
686 120 740 coal_ore
fill 686 120 741 686 120 756 stone
fill 686 120 759 686 120 762 granite
fill 686 120 763 686 120 767 gravel
fill 687 120 640 687 120 644 stone
fill 687 120 645 687 120 651 granite
fill 687 120 652 687 120 665 stone
fill 687 120 666 687 120 669 diorite
fill 687 120 670 687 120 681 stone
fill 687 120 682 687 120 688 dirt
fill 687 120 689 687 120 738 stone
fill 687 120 739 687 120 741 coal_ore
fill 687 120 742 687 120 756 stone
687 120 759 stone
687 120 760 stone
687 120 761 granite
fill 687 120 762 687 120 767 gravel
fill 688 120 640 688 120 644 stone
fill 688 120 645 688 120 651 granite
fill 688 120 652 688 120 655 stone
688 120 656 copper_ore
fill 688 120 657 688 120 665 stone
fill 688 120 666 688 120 669 diorite
fill 688 120 670 688 120 680 stone
fill 688 120 681 688 120 687 dirt
fill 688 120 688 688 120 738 stone
fill 688 120 739 688 120 742 coal_ore
fill 688 120 743 688 120 755 stone
688 120 759 stone
688 120 760 stone
fill 688 120 761 688 120 767 gravel
fill 689 120 640 689 120 644 stone
fill 689 120 645 689 120 650 granite
fill 689 120 651 689 120 665 stone
fill 689 120 666 689 120 669 diorite
fill 689 120 670 689 120 679 stone
fill 689 120 680 689 120 687 dirt
fill 689 120 688 689 120 740 stone
689 120 741 coal_ore
689 120 742 coal_ore
fill 689 120 743 689 120 754 stone
689 120 755 stone
fill 689 120 759 689 120 761 stone
fill 689 120 762 689 120 765 gravel
689 120 766 granite
689 120 767 granite
690 120 640 copper_ore
690 120 641 copper_ore
690 120 642 andesite
690 120 643 stone
690 120 644 stone
fill 690 120 645 690 120 650 granite
fill 690 120 651 690 120 665 stone
fill 690 120 666 690 120 670 diorite
fill 690 120 671 690 120 679 stone
fill 690 120 680 690 120 685 dirt
fill 690 120 686 690 120 722 stone
690 120 723 copper_ore
690 120 724 copper_ore
fill 690 120 725 690 120 755 stone
fill 690 120 759 690 120 764 stone
fill 690 120 765 690 120 767 granite
691 120 640 copper_ore
691 120 641 copper_ore
fill 691 120 642 691 120 645 andesite
fill 691 120 646 691 120 649 granite
fill 691 120 650 691 120 666 stone
fill 691 120 667 691 120 669 diorite
fill 691 120 670 691 120 681 stone
691 120 682 dirt
fill 691 120 683 691 120 722 stone
691 120 723 copper_ore
691 120 724 copper_ore
fill 691 120 725 691 120 755 stone
fill 691 120 759 691 120 764 stone
fill 691 120 765 691 120 767 granite
fill 692 120 640 692 120 646 andesite
fill 692 120 647 692 120 649 granite
fill 692 120 650 692 120 666 stone
fill 692 120 667 692 120 669 diorite
fill 692 120 670 692 120 755 stone
fill 692 120 759 692 120 764 stone
fill 692 120 765 692 120 767 granite
fill 693 120 640 693 120 647 andesite
fill 693 120 648 693 120 754 stone
fill 693 120 758 693 120 764 stone
fill 693 120 765 693 120 767 granite
fill 694 120 640 694 120 647 andesite
fill 694 120 648 694 120 666 stone
fill 694 120 667 694 120 669 diorite
fill 694 120 670 694 120 754 stone
fill 694 120 758 694 120 764 stone
fill 694 120 765 694 120 767 granite
fill 695 120 640 695 120 646 andesite
fill 695 120 647 695 120 665 stone
fill 695 120 666 695 120 670 diorite
fill 695 120 671 695 120 713 stone
fill 695 120 714 695 120 716 copper_ore
fill 695 120 717 695 120 749 stone
695 120 750 copper_ore
fill 695 120 751 695 120 754 stone
fill 695 120 759 695 120 764 stone
fill 695 120 765 695 120 767 granite
fill 696 120 640 696 120 645 andesite
fill 696 120 646 696 120 664 stone
fill 696 120 665 696 120 670 diorite
fill 696 120 671 696 120 680 stone
fill 696 120 681 696 120 685 coal_ore
fill 696 120 686 696 120 712 stone
fill 696 120 713 696 120 715 copper_ore
fill 696 120 716 696 120 754 stone
fill 696 120 759 696 120 764 stone
fill 696 120 765 696 120 767 granite
fill 697 120 640 697 120 642 andesite
fill 697 120 643 697 120 656 stone
697 120 657 water[level=0]
697 120 658 water[level=0]
fill 697 120 659 697 120 664 stone
fill 697 120 665 697 120 671 diorite
fill 697 120 672 697 120 681 stone
fill 697 120 682 697 120 686 coal_ore
fill 697 120 687 697 120 754 stone
fill 697 120 759 697 120 767 stone
fill 698 120 640 698 120 656 stone
fill 698 120 657 698 120 659 water[level=0]
fill 698 120 660 698 120 664 stone
fill 698 120 665 698 120 671 diorite
fill 698 120 672 698 120 745 stone
fill 698 120 746 698 120 767 stone
fill 699 120 640 699 120 646 stone
699 120 647 dirt
fill 699 120 648 699 120 656 stone
fill 699 120 657 699 120 659 water[level=0]
699 120 660 dirt
699 120 661 dirt
fill 699 120 662 699 120 664 stone
fill 699 120 665 699 120 670 diorite
fill 699 120 671 699 120 754 stone
fill 699 120 755 699 120 758 water[level=0]
fill 699 120 759 699 120 767 stone
fill 700 120 640 700 120 657 stone
700 120 658 water[level=0]
700 120 659 water[level=0]
fill 700 120 660 700 120 662 dirt
fill 700 120 663 700 120 665 stone
fill 700 120 666 700 120 670 diorite
fill 700 120 671 700 120 754 stone
fill 700 120 755 700 120 758 water[level=0]
fill 700 120 759 700 120 767 stone
fill 701 120 640 701 120 657 stone
701 120 658 water[level=0]
701 120 659 water[level=0]
fill 701 120 660 701 120 662 dirt
fill 701 120 663 701 120 665 stone
fill 701 120 666 701 120 670 diorite
fill 701 120 671 701 120 724 stone
701 120 725 iron_ore
fill 701 120 726 701 120 754 stone
fill 701 120 755 701 120 758 water[level=0]
fill 701 120 759 701 120 767 stone
fill 702 120 640 702 120 642 diorite
fill 702 120 643 702 120 657 stone
702 120 658 water[level=0]
702 120 659 water[level=0]
fill 702 120 660 702 120 662 dirt
fill 702 120 663 702 120 665 stone
fill 702 120 666 702 120 669 diorite
fill 702 120 670 702 120 754 stone
fill 702 120 755 702 120 758 water[level=0]
702 120 759 dirt
702 120 760 dirt
fill 702 120 761 702 120 767 stone
fill 703 120 640 703 120 643 diorite
fill 703 120 644 703 120 657 stone
703 120 658 water[level=0]
703 120 659 water[level=0]
703 120 660 dirt
703 120 661 water[level=0]
703 120 662 water[level=0]
fill 703 120 663 703 120 665 stone
fill 703 120 666 703 120 669 diorite
fill 703 120 670 703 120 709 stone
fill 703 120 710 703 120 717 gravel
fill 703 120 718 703 120 754 stone
fill 703 120 755 703 120 758 water[level=0]
703 120 759 dirt
703 120 760 dirt
fill 703 120 761 703 120 767 stone
fill 704 120 640 704 120 644 diorite
fill 704 120 645 704 120 659 stone
fill 704 120 660 704 120 663 water[level=0]
704 120 664 stone
704 120 665 stone
fill 704 120 666 704 120 668 diorite
fill 704 120 669 704 120 707 stone
fill 704 120 708 704 120 717 gravel
fill 704 120 718 704 120 753 stone
704 120 754 dirt
fill 704 120 755 704 120 759 water[level=0]
704 120 760 dirt
fill 704 120 761 704 120 767 stone
fill 705 120 640 705 120 643 diorite
fill 705 120 644 705 120 654 stone
fill 705 120 655 705 120 658 dirt
705 120 659 stone
fill 705 120 660 705 120 665 water[level=0]
fill 705 120 666 705 120 669 diorite
fill 705 120 670 705 120 707 stone
fill 705 120 708 705 120 717 gravel
fill 705 120 718 705 120 752 stone
705 120 753 dirt
705 120 754 dirt
fill 705 120 755 705 120 759 water[level=0]
705 120 760 dirt
fill 705 120 761 705 120 767 stone
fill 706 120 640 706 120 642 diorite
fill 706 120 643 706 120 654 stone
fill 706 120 655 706 120 658 dirt
706 120 659 stone
fill 706 120 660 706 120 668 water[level=0]
706 120 669 diorite
fill 706 120 670 706 120 677 stone
706 120 678 lapis_ore
fill 706 120 679 706 120 707 stone
fill 706 120 708 706 120 714 gravel
fill 706 120 715 706 120 728 stone
706 120 729 diorite
706 120 730 diorite
fill 706 120 731 706 120 752 stone
fill 706 120 753 706 120 755 dirt
fill 706 120 756 706 120 760 water[level=0]
fill 706 120 761 706 120 767 stone
707 120 640 diorite
707 120 641 diorite
fill 707 120 642 707 120 654 stone
fill 707 120 655 707 120 657 dirt
fill 707 120 658 707 120 661 stone
707 120 662 water[level=0]
707 120 663 stone
fill 707 120 664 707 120 670 water[level=0]
fill 707 120 671 707 120 682 stone
707 120 683 granite
fill 707 120 684 707 120 686 stone
fill 707 120 687 707 120 727 stone
fill 707 120 728 707 120 731 diorite
fill 707 120 732 707 120 753 stone
707 120 754 dirt
707 120 755 dirt
fill 707 120 756 707 120 760 water[level=0]
fill 707 120 761 707 120 767 stone
708 120 640 diorite
fill 708 120 641 708 120 664 stone
fill 708 120 665 708 120 671 water[level=0]
fill 708 120 672 708 120 681 stone
fill 708 120 682 708 120 685 granite
fill 708 120 686 708 120 727 stone
fill 708 120 728 708 120 732 diorite
fill 708 120 733 708 120 756 stone
fill 708 120 757 708 120 761 water[level=0]
fill 708 120 762 708 120 767 stone
fill 709 120 640 709 120 666 stone
fill 709 120 667 709 120 673 water[level=0]
fill 709 120 674 709 120 676 stone
709 120 677 lapis_ore
709 120 678 stone
709 120 679 stone
709 120 680 copper_ore
709 120 681 copper_ore
fill 709 120 682 709 120 685 granite
fill 709 120 686 709 120 727 stone
fill 709 120 728 709 120 733 diorite
fill 709 120 734 709 120 757 stone
fill 709 120 758 709 120 761 water[level=0]
fill 709 120 762 709 120 767 stone
fill 710 120 640 710 120 668 stone
fill 710 120 669 710 120 674 water[level=0]
fill 710 120 675 710 120 679 stone
710 120 680 copper_ore
710 120 681 copper_ore
fill 710 120 682 710 120 685 granite
fill 710 120 686 710 120 727 stone
fill 710 120 728 710 120 734 diorite
fill 710 120 735 710 120 744 stone
fill 710 120 745 710 120 747 copper_ore
fill 710 120 748 710 120 757 stone
fill 710 120 758 710 120 762 water[level=0]
fill 710 120 763 710 120 767 stone
fill 711 120 640 711 120 670 stone
fill 711 120 671 711 120 674 water[level=0]
711 120 675 stone
711 120 676 water[level=0]
711 120 677 water[level=0]
711 120 678 stone
711 120 679 granite
711 120 680 granite
711 120 681 copper_ore
fill 711 120 682 711 120 685 granite
fill 711 120 686 711 120 726 stone
fill 711 120 727 711 120 734 diorite
fill 711 120 735 711 120 743 stone
fill 711 120 744 711 120 746 copper_ore
fill 711 120 747 711 120 757 stone
fill 711 120 758 711 120 762 water[level=0]
fill 711 120 763 711 120 767 stone
fill 712 120 640 712 120 671 stone
fill 712 120 672 712 120 678 water[level=0]
fill 712 120 679 712 120 685 granite
fill 712 120 686 712 120 726 stone
fill 712 120 727 712 120 735 diorite
fill 712 120 736 712 120 757 stone
fill 712 120 758 712 120 762 water[level=0]
fill 712 120 763 712 120 767 stone
fill 713 120 640 713 120 675 stone
fill 713 120 676 713 120 679 water[level=0]
fill 713 120 680 713 120 685 granite
fill 713 120 686 713 120 719 stone
713 120 720 diorite
fill 713 120 721 713 120 726 stone
fill 713 120 727 713 120 735 diorite
fill 713 120 736 713 120 757 stone
fill 713 120 758 713 120 763 water[level=0]
fill 713 120 764 713 120 767 stone
fill 714 120 640 714 120 676 stone
fill 714 120 677 714 120 680 water[level=0]
fill 714 120 681 714 120 685 granite
fill 714 120 686 714 120 719 stone
714 120 720 diorite
fill 714 120 721 714 120 727 stone
fill 714 120 728 714 120 735 diorite
fill 714 120 736 714 120 758 stone
fill 714 120 759 714 120 763 water[level=0]
fill 714 120 764 714 120 767 stone
fill 715 120 640 715 120 676 stone
715 120 677 granite
715 120 678 granite
fill 715 120 679 715 120 681 water[level=0]
fill 715 120 682 715 120 685 granite
fill 715 120 686 715 120 719 stone
715 120 720 copper_ore
715 120 721 copper_ore
fill 715 120 722 715 120 727 stone
fill 715 120 728 715 120 735 diorite
fill 715 120 736 715 120 741 stone
fill 715 120 742 715 120 759 stone
fill 715 120 760 715 120 764 water[level=0]
fill 715 120 765 715 120 767 stone
fill 716 120 640 716 120 676 stone
fill 716 120 677 716 120 679 granite
fill 716 120 680 716 120 682 water[level=0]
fill 716 120 683 716 120 685 granite
716 120 686 stone
716 120 687 copper_ore
fill 716 120 688 716 120 693 stone
716 120 694 coal_ore
716 120 695 coal_ore
fill 716 120 696 716 120 718 stone
fill 716 120 719 716 120 721 copper_ore
fill 716 120 722 716 120 727 stone
fill 716 120 728 716 120 736 diorite
fill 716 120 737 716 120 759 stone
fill 716 120 760 716 120 764 water[level=0]
fill 716 120 765 716 120 767 stone
fill 717 120 640 717 120 676 stone
fill 717 120 677 717 120 680 granite
fill 717 120 681 717 120 683 water[level=0]
717 120 684 granite
717 120 685 stone
717 120 686 copper_ore
717 120 687 copper_ore
fill 717 120 688 717 120 692 stone
fill 717 120 693 717 120 695 coal_ore
717 120 696 stone
717 120 697 stone
717 120 698 water[level=0]
717 120 699 water[level=0]
fill 717 120 700 717 120 728 stone
fill 717 120 729 717 120 736 diorite
717 120 737 stone
717 120 738 stone
fill 717 120 739 717 120 741 copper_ore
fill 717 120 742 717 120 759 stone
fill 717 120 760 717 120 765 water[level=0]
717 120 766 stone
717 120 767 stone
fill 718 120 640 718 120 663 stone
fill 718 120 664 718 120 666 granite
fill 718 120 667 718 120 675 stone
fill 718 120 676 718 120 681 granite
fill 718 120 682 718 120 684 water[level=0]
718 120 685 stone
718 120 686 copper_ore
718 120 687 copper_ore
fill 718 120 688 718 120 692 stone
718 120 693 coal_ore
718 120 694 coal_ore
718 120 695 stone
718 120 696 stone
fill 718 120 697 718 120 699 water[level=0]
fill 718 120 700 718 120 728 stone
fill 718 120 729 718 120 735 diorite
fill 718 120 736 718 120 739 stone
fill 718 120 740 718 120 742 copper_ore
fill 718 120 743 718 120 759 stone
fill 718 120 760 718 120 765 water[level=0]
718 120 766 stone
718 120 767 stone
fill 719 120 640 719 120 662 stone
fill 719 120 663 719 120 666 granite
fill 719 120 667 719 120 673 stone
719 120 674 copper_ore
719 120 675 copper_ore
fill 719 120 676 719 120 682 granite
719 120 683 water[level=0]
fill 719 120 684 719 120 695 stone
fill 719 120 696 719 120 699 water[level=0]
fill 719 120 700 719 120 728 stone
fill 719 120 729 719 120 735 diorite
fill 719 120 736 719 120 760 stone
fill 719 120 761 719 120 765 water[level=0]
719 120 766 stone
719 120 767 stone
720 120 640 gravel
fill 720 120 641 720 120 661 stone
fill 720 120 662 720 120 666 granite
fill 720 120 667 720 120 673 stone
720 120 674 copper_ore
720 120 675 copper_ore
fill 720 120 676 720 120 683 granite
720 120 684 water[level=0]
720 120 685 water[level=0]
fill 720 120 686 720 120 690 stone
fill 720 120 691 720 120 695 andesite
fill 720 120 696 720 120 698 water[level=0]
fill 720 120 699 720 120 701 andesite
fill 720 120 702 720 120 729 stone
fill 720 120 730 720 120 735 diorite
fill 720 120 736 720 120 761 stone
fill 720 120 762 720 120 766 water[level=0]
720 120 767 stone
721 120 640 gravel
721 120 641 gravel
fill 721 120 642 721 120 661 stone
fill 721 120 662 721 120 666 granite
fill 721 120 667 721 120 673 stone
721 120 674 copper_ore
721 120 675 stone
fill 721 120 676 721 120 682 granite
721 120 683 stone
721 120 684 water[level=0]
721 120 685 water[level=0]
fill 721 120 686 721 120 689 stone
fill 721 120 690 721 120 695 andesite
721 120 696 water[level=0]
721 120 697 water[level=0]
fill 721 120 698 721 120 704 andesite
fill 721 120 705 721 120 731 stone
fill 721 120 732 721 120 734 diorite
fill 721 120 735 721 120 761 stone
fill 721 120 762 721 120 767 water[level=0]
722 120 640 water[level=0]
722 120 641 gravel
722 120 642 gravel
fill 722 120 643 722 120 651 stone
722 120 652 dirt
722 120 653 dirt
fill 722 120 654 722 120 661 stone
fill 722 120 662 722 120 666 granite
fill 722 120 667 722 120 675 stone
fill 722 120 676 722 120 682 granite
722 120 683 stone
722 120 684 water[level=0]
722 120 685 water[level=0]
fill 722 120 686 722 120 688 stone
fill 722 120 689 722 120 695 andesite
722 120 696 water[level=0]
fill 722 120 697 722 120 705 andesite
fill 722 120 706 722 120 709 stone
fill 722 120 710 722 120 713 dirt
fill 722 120 714 722 120 732 stone
722 120 733 diorite
722 120 734 diorite
fill 722 120 735 722 120 761 stone
fill 722 120 762 722 120 767 water[level=0]
723 120 640 water[level=0]
723 120 641 gravel
723 120 642 gravel
723 120 643 dirt
fill 723 120 644 723 120 650 stone
fill 723 120 651 723 120 655 dirt
723 120 656 stone
723 120 657 stone
723 120 658 copper_ore
723 120 659 copper_ore
723 120 660 stone
723 120 661 stone
fill 723 120 662 723 120 665 granite
fill 723 120 666 723 120 675 stone
fill 723 120 676 723 120 681 granite
fill 723 120 682 723 120 688 stone
fill 723 120 689 723 120 706 andesite
723 120 707 stone
fill 723 120 708 723 120 714 dirt
fill 723 120 715 723 120 732 stone
723 120 733 diorite
723 120 734 diorite
fill 723 120 735 723 120 762 stone
fill 723 120 763 723 120 767 water[level=0]
724 120 640 water[level=0]
724 120 641 gravel
724 120 642 gravel
724 120 643 dirt
fill 724 120 644 724 120 649 stone
fill 724 120 650 724 120 656 dirt
724 120 657 stone
724 120 658 copper_ore
724 120 659 copper_ore
724 120 660 stone
fill 724 120 661 724 120 664 granite
fill 724 120 665 724 120 671 stone
724 120 672 diorite
724 120 673 diorite
fill 724 120 674 724 120 676 stone
fill 724 120 677 724 120 680 granite
fill 724 120 681 724 120 683 stone
724 120 684 water[level=0]
724 120 685 water[level=0]
724 120 686 stone
724 120 687 stone
724 120 688 diorite
fill 724 120 689 724 120 706 andesite
fill 724 120 707 724 120 713 dirt
fill 724 120 714 724 120 762 stone
fill 724 120 763 724 120 767 water[level=0]
725 120 640 water[level=0]
725 120 641 water[level=0]
725 120 642 gravel
fill 725 120 643 725 120 647 dirt
725 120 648 stone
fill 725 120 649 725 120 652 dirt
725 120 653 gravel
fill 725 120 654 725 120 661 dirt
fill 725 120 662 725 120 664 granite
fill 725 120 665 725 120 670 stone
fill 725 120 671 725 120 674 diorite
725 120 675 stone
725 120 676 stone
725 120 677 granite
725 120 678 granite
fill 725 120 679 725 120 683 stone
725 120 684 water[level=0]
725 120 685 water[level=0]
725 120 686 stone
fill 725 120 687 725 120 689 diorite
fill 725 120 690 725 120 706 andesite
fill 725 120 707 725 120 709 stone
fill 725 120 710 725 120 712 dirt
fill 725 120 713 725 120 763 stone
fill 725 120 764 725 120 767 water[level=0]
fill 726 120 640 726 120 643 water[level=0]
fill 726 120 644 726 120 649 dirt
fill 726 120 650 726 120 656 gravel
fill 726 120 657 726 120 659 dirt
726 120 660 water[level=0]
fill 726 120 661 726 120 670 dirt
fill 726 120 671 726 120 674 diorite
726 120 675 stone
726 120 676 stone
726 120 677 coal_ore
726 120 678 coal_ore
fill 726 120 679 726 120 683 stone
726 120 684 water[level=0]
726 120 685 water[level=0]
fill 726 120 686 726 120 691 diorite
fill 726 120 692 726 120 705 andesite
fill 726 120 706 726 120 764 stone
fill 726 120 765 726 120 767 water[level=0]
fill 727 120 640 727 120 645 water[level=0]
fill 727 120 646 727 120 648 dirt
fill 727 120 649 727 120 655 gravel
fill 727 120 656 727 120 660 water[level=0]
fill 727 120 661 727 120 663 dirt
727 120 664 gravel
fill 727 120 665 727 120 671 dirt
727 120 672 diorite
727 120 673 diorite
727 120 674 stone
727 120 675 stone
fill 727 120 676 727 120 678 coal_ore
727 120 679 stone
727 120 680 stone
fill 727 120 681 727 120 683 water[level=0]
727 120 684 stone
727 120 685 stone
fill 727 120 686 727 120 694 diorite
fill 727 120 695 727 120 704 andesite
fill 727 120 705 727 120 764 stone
fill 727 120 765 727 120 767 water[level=0]
fill 728 120 640 728 120 646 water[level=0]
728 120 647 seagrass
728 120 648 dirt
fill 728 120 649 728 120 652 gravel
fill 728 120 653 728 120 660 water[level=0]
fill 728 120 661 728 120 663 dirt
728 120 664 gravel
728 120 665 gravel
fill 728 120 666 728 120 676 dirt
728 120 677 coal_ore
fill 728 120 678 728 120 683 water[level=0]
728 120 684 stone
fill 728 120 685 728 120 695 diorite
fill 728 120 696 728 120 764 stone
fill 728 120 765 728 120 767 water[level=0]
fill 729 120 640 729 120 649 water[level=0]
729 120 650 seagrass
fill 729 120 651 729 120 660 water[level=0]
729 120 661 dirt
729 120 662 dirt
fill 729 120 663 729 120 665 gravel
fill 729 120 666 729 120 676 dirt
fill 729 120 677 729 120 683 water[level=0]
729 120 684 stone
fill 729 120 685 729 120 694 diorite
fill 729 120 695 729 120 709 stone
729 120 710 coal_ore
729 120 711 coal_ore
fill 729 120 712 729 120 764 stone
fill 729 120 765 729 120 767 water[level=0]
fill 730 120 640 730 120 648 water[level=0]
730 120 649 seagrass
730 120 650 seagrass
fill 730 120 651 730 120 659 water[level=0]
730 120 660 tall_seagrass[half=upper]
730 120 661 dirt
730 120 662 dirt
730 120 663 stone
fill 730 120 664 730 120 667 gravel
fill 730 120 668 730 120 671 dirt
fill 730 120 672 730 120 676 water[level=0]
730 120 677 dirt
730 120 678 water[level=0]
730 120 679 water[level=0]
fill 730 120 680 730 120 683 stone
fill 730 120 684 730 120 690 diorite
730 120 691 copper_ore