fill 662 163 751 662 163 767 stone
663 163 649 dirt
663 163 650 dirt
fill 663 163 651 663 163 655 stone
663 163 656 dirt
663 163 657 dirt
663 163 658 grass_block[snowy=false]
fill 663 163 661 663 163 698 stone
fill 663 163 702 663 163 704 stone
663 163 705 grass_block[snowy=false]
fill 663 163 708 663 163 715 stone
663 163 716 coal_ore
663 163 717 coal_ore
fill 663 163 718 663 163 743 stone
fill 663 163 744 663 163 750 dirt
fill 663 163 751 663 163 767 stone
664 163 649 grass_block[snowy=false]
664 163 650 dirt
664 163 651 dirt
fill 664 163 652 664 163 655 stone
664 163 656 dirt
664 163 657 dirt
664 163 658 grass_block[snowy=false]
fill 664 163 662 664 163 670 stone
664 163 671 gravel
664 163 672 stone
664 163 673 coal_ore
664 163 674 coal_ore
fill 664 163 675 664 163 679 stone
664 163 680 diorite
664 163 681 diorite
fill 664 163 682 664 163 703 stone
664 163 704 dirt
fill 664 163 708 664 163 715 stone
fill 664 163 716 664 163 718 coal_ore
fill 664 163 719 664 163 742 stone
fill 664 163 743 664 163 750 dirt
fill 664 163 751 664 163 767 stone
665 163 649 grass_block[snowy=false]
665 163 650 dirt
665 163 651 dirt
fill 665 163 652 665 163 655 stone
665 163 656 dirt
665 163 657 dirt
fill 665 163 662 665 163 672 stone
665 163 673 coal_ore
665 163 674 coal_ore
fill 665 163 675 665 163 703 stone
665 163 704 dirt
fill 665 163 708 665 163 716 stone
665 163 717 coal_ore
665 163 718 coal_ore
fill 665 163 719 665 163 741 stone
fill 665 163 742 665 163 748 dirt
fill 665 163 749 665 163 767 stone
666 163 650 dirt
666 163 651 dirt
fill 666 163 652 666 163 655 stone
666 163 656 dirt
666 163 657 grass_block[snowy=false]
fill 666 163 662 666 163 672 stone
666 163 673 coal_ore
666 163 674 coal_ore
fill 666 163 675 666 163 687 stone
fill 666 163 688 666 163 692 coal_ore
fill 666 163 693 666 163 703 stone
666 163 704 dirt
fill 666 163 708 666 163 741 stone
fill 666 163 742 666 163 746 dirt
fill 666 163 747 666 163 767 stone
667 163 651 dirt
667 163 652 dirt
fill 667 163 653 667 163 656 stone
fill 667 163 657 667 163 659 dirt
fill 667 163 660 667 163 672 stone
667 163 673 coal_ore
667 163 674 coal_ore
fill 667 163 675 667 163 688 stone
fill 667 163 689 667 163 693 coal_ore
fill 667 163 694 667 163 703 stone
667 163 704 dirt
fill 667 163 706 667 163 743 stone
667 163 744 dirt
667 163 745 dirt
fill 667 163 746 667 163 767 stone
668 163 652 dirt
fill 668 163 653 668 163 672 stone
668 163 673 coal_ore
fill 668 163 674 668 163 684 stone
668 163 685 diorite
fill 668 163 686 668 163 691 stone
668 163 692 coal_ore
fill 668 163 693 668 163 767 stone
669 163 652 grass_block[snowy=false]
669 163 653 dirt
fill 669 163 654 669 163 767 stone
670 163 653 dirt
fill 670 163 654 670 163 693 stone
670 163 694 dirt
fill 670 163 695 670 163 697 stone
fill 670 163 698 670 163 701 gravel
fill 670 163 702 670 163 760 stone
fill 670 163 763 670 163 767 stone
671 163 654 dirt
671 163 655 iron_ore
fill 671 163 656 671 163 692 stone
fill 671 163 693 671 163 697 dirt
fill 671 163 698 671 163 700 gravel
fill 671 163 701 671 163 739 stone
fill 671 163 740 671 163 742 dirt
fill 671 163 743 671 163 751 stone
671 163 752 coal_ore
671 163 753 coal_ore
fill 671 163 754 671 163 759 stone
fill 671 163 765 671 163 767 stone
672 163 655 dirt
672 163 656 dirt
fill 672 163 657 672 163 694 stone
fill 672 163 695 672 163 697 dirt
672 163 698 gravel
672 163 699 gravel
fill 672 163 700 672 163 715 stone
fill 672 163 716 672 163 719 diorite
fill 672 163 720 672 163 738 stone
fill 672 163 739 672 163 742 dirt
fill 672 163 743 672 163 750 stone
fill 672 163 751 672 163 753 coal_ore
fill 672 163 754 672 163 759 stone
fill 672 163 765 672 163 767 stone
673 163 656 grass_block[snowy=false]
673 163 657 dirt
fill 673 163 658 673 163 695 stone
673 163 696 dirt
fill 673 163 697 673 163 714 stone
fill 673 163 715 673 163 719 diorite
fill 673 163 720 673 163 738 stone
fill 673 163 739 673 163 743 dirt
fill 673 163 744 673 163 749 stone
fill 673 163 750 673 163 752 coal_ore
fill 673 163 753 673 163 760 stone
fill 673 163 765 673 163 767 stone
674 163 657 dirt
674 163 658 dirt
fill 674 163 659 674 163 714 stone
fill 674 163 715 674 163 721 diorite
fill 674 163 722 674 163 739 stone
fill 674 163 740 674 163 744 dirt
fill 674 163 745 674 163 749 stone
674 163 750 coal_ore
674 163 751 coal_ore
fill 674 163 752 674 163 761 stone
fill 674 163 764 674 163 767 stone
675 163 658 grass_block[snowy=false]
675 163 659 dirt
675 163 660 dirt
fill 675 163 661 675 163 666 stone
675 163 667 dirt
675 163 668 dirt
fill 675 163 669 675 163 714 stone
fill 675 163 715 675 163 722 diorite
fill 675 163 723 675 163 740 stone
fill 675 163 741 675 163 744 dirt
fill 675 163 745 675 163 767 stone
676 163 659 grass_block[snowy=false]
fill 676 163 660 676 163 665 dirt
676 163 666 grass_block[snowy=false]
fill 676 163 670 676 163 715 stone
fill 676 163 716 676 163 723 diorite
fill 676 163 724 676 163 740 stone
fill 676 163 741 676 163 744 dirt
fill 676 163 745 676 163 767 stone
677 163 671 grass_block[snowy=false]
677 163 672 dirt
677 163 673 stone
677 163 674 stone
fill 677 163 676 677 163 715 stone
fill 677 163 716 677 163 723 diorite
fill 677 163 724 677 163 730 stone
fill 677 163 731 677 163 741 stone
fill 677 163 742 677 163 744 dirt
fill 677 163 745 677 163 767 stone
678 163 673 grass_block[snowy=false]
678 163 676 dirt
fill 678 163 677 678 163 684 stone
678 163 685 dirt
678 163 686 dirt
fill 678 163 687 678 163 715 stone
fill 678 163 716 678 163 723 diorite
fill 678 163 724 678 163 767 stone
679 163 676 dirt
679 163 677 dirt
fill 679 163 678 679 163 684 stone
fill 679 163 685 679 163 688 dirt
fill 679 163 689 679 163 715 stone
fill 679 163 716 679 163 723 diorite
fill 679 163 724 679 163 767 stone
680 163 677 grass_block[snowy=false]
680 163 678 dirt
fill 680 163 679 680 163 684 stone
fill 680 163 685 680 163 688 dirt
fill 680 163 689 680 163 716 stone
fill 680 163 717 680 163 724 diorite
fill 680 163 725 680 163 767 stone
681 163 678 grass_block[snowy=false]
681 163 679 dirt
fill 681 163 680 681 163 684 stone
fill 681 163 685 681 163 689 dirt
fill 681 163 690 681 163 716 stone
fill 681 163 717 681 163 723 diorite
681 163 724 iron_ore
681 163 725 iron_ore
fill 681 163 726 681 163 767 stone
682 163 679 dirt
682 163 680 dirt
fill 682 163 681 682 163 685 stone
fill 682 163 686 682 163 690 dirt
fill 682 163 691 682 163 718 stone
fill 682 163 719 682 163 723 diorite
682 163 724 iron_ore
682 163 725 iron_ore
fill 682 163 726 682 163 767 stone
683 163 680 dirt
683 163 681 dirt
fill 683 163 682 683 163 686 stone
fill 683 163 687 683 163 690 dirt
fill 683 163 691 683 163 718 stone
fill 683 163 719 683 163 725 diorite
fill 683 163 726 683 163 767 stone
684 163 682 dirt
fill 684 163 683 684 163 686 stone
fill 684 163 687 684 163 690 dirt
fill 684 163 691 684 163 710 stone
684 163 711 dirt
684 163 712 dirt
fill 684 163 713 684 163 719 stone
fill 684 163 720 684 163 726 diorite
fill 684 163 727 684 163 765 stone
684 163 766 dirt
684 163 767 dirt
685 163 683 dirt
fill 685 163 684 685 163 688 stone
685 163 689 dirt
685 163 690 dirt
685 163 691 stone
fill 685 163 692 685 163 694 dirt
685 163 695 grass_block[snowy=false]
685 163 699 grass_block[snowy=false]
685 163 700 dirt
685 163 701 dirt
fill 685 163 702 685 163 707 stone
fill 685 163 708 685 163 713 dirt
fill 685 163 714 685 163 719 stone
fill 685 163 720 685 163 725 diorite
fill 685 163 726 685 163 730 stone
685 163 731 dirt
fill 685 163 732 685 163 760 stone
fill 685 163 761 685 163 764 dirt
685 163 765 water[level=8]
685 163 766 water[level=1]
686 163 683 grass_block[snowy=false]
fill 686 163 684 686 163 686 dirt
686 163 687 stone
686 163 688 stone
fill 686 163 689 686 163 692 dirt
686 163 693 grass_block[snowy=false]
686 163 701 grass_block[snowy=false]
fill 686 163 702 686 163 709 dirt
fill 686 163 710 686 163 712 grass_block[snowy=false]
686 163 713 dirt
686 163 714 dirt
fill 686 163 715 686 163 720 stone
fill 686 163 721 686 163 725 diorite
fill 686 163 726 686 163 728 stone
fill 686 163 729 686 163 734 dirt
fill 686 163 735 686 163 750 stone
fill 686 163 751 686 163 762 dirt
686 163 763 water[level=8]
686 163 764 water[level=8]
686 163 765 water[level=1]
fill 687 163 685 687 163 692 grass_block[snowy=false]
fill 687 163 704 687 163 707 grass_block[snowy=false]
687 163 708 short_grass
687 163 711 grass_block[snowy=false]
687 163 712 grass_block[snowy=false]
fill 687 163 713 687 163 715 dirt
fill 687 163 716 687 163 722 stone
fill 687 163 723 687 163 725 diorite
687 163 726 stone
fill 687 163 727 687 163 736 dirt
fill 687 163 737 687 163 748 stone
fill 687 163 749 687 163 755 dirt
fill 687 163 756 687 163 759 grass_block[snowy=false]
687 163 761 pink_petals[facing=north,flower_amount=1]
687 163 762 water[level=8]
687 163 763 water[level=1]
688 163 711 short_grass
688 163 712 grass_block[snowy=false]
fill 688 163 713 688 163 715 dirt
688 163 716 stone
688 163 717 dirt
fill 688 163 718 688 163 725 stone
688 163 726 dirt
688 163 727 stone
fill 688 163 728 688 163 730 dirt
688 163 731 grass_block[snowy=false]
688 163 733 grass_block[snowy=false]
fill 688 163 734 688 163 739 dirt
688 163 740 stone
fill 688 163 741 688 163 743 dirt
688 163 744 grass_block[snowy=false]
fill 688 163 745 688 163 749 dirt
688 163 750 grass_block[snowy=false]
688 163 751 grass_block[snowy=false]
688 163 752 pink_petals[facing=south,flower_amount=2]
fill 689 163 713 689 163 715 dirt
689 163 716 stone
689 163 717 dirt
fill 689 163 718 689 163 724 stone
fill 689 163 725 689 163 729 dirt
689 163 730 grass_block[snowy=false]
689 163 736 grass_block[snowy=false]
fill 689 163 737 689 163 742 dirt
689 163 743 grass_block[snowy=false]
fill 690 163 713 690 163 715 dirt
690 163 716 stone
690 163 717 stone
690 163 718 dirt
690 163 719 dirt
690 163 720 stone
fill 690 163 721 690 163 728 dirt
690 163 729 grass_block[snowy=false]
690 163 738 grass_block[snowy=false]
fill 690 163 739 690 163 741 dirt
690 163 742 grass_block[snowy=false]
691 163 713 grass_block[snowy=false]
fill 691 163 714 691 163 727 dirt
691 163 728 grass_block[snowy=false]
691 163 740 grass_block[snowy=false]
692 163 714 grass_block[snowy=false]
fill 692 163 715 692 163 723 dirt
692 163 724 grass_block[snowy=false]
692 163 725 grass_block[snowy=false]
fill 693 163 715 693 163 719 dirt
693 163 720 grass_block[snowy=false]
693 163 721 grass_block[snowy=false]
694 163 716 dirt
694 163 717 grass_block[snowy=false]
fill 640 164 640 640 164 643 dirt
fill 640 164 644 640 164 673 stone
fill 640 164 674 640 164 681 dirt
fill 640 164 682 640 164 704 stone
fill 640 164 705 640 164 713 stone
640 164 714 iron_ore
fill 640 164 715 640 164 724 stone
fill 640 164 742 640 164 767 stone
fill 641 164 640 641 164 644 dirt
fill 641 164 645 641 164 674 stone
fill 641 164 675 641 164 680 dirt
fill 641 164 681 641 164 711 stone
fill 641 164 715 641 164 726 stone
fill 641 164 741 641 164 767 stone
fill 642 164 640 642 164 644 dirt
fill 642 164 645 642 164 711 stone
fill 642 164 717 642 164 728 stone
642 164 730 stone
fill 642 164 741 642 164 767 stone
fill 643 164 640 643 164 644 dirt
fill 643 164 645 643 164 647 stone
643 164 648 coal_ore
643 164 649 coal_ore
fill 643 164 650 643 164 710 stone
fill 643 164 718 643 164 732 stone
fill 643 164 739 643 164 767 stone
fill 644 164 642 644 164 644 dirt
fill 644 164 645 644 164 647 stone
fill 644 164 648 644 164 650 coal_ore
fill 644 164 651 644 164 710 stone
fill 644 164 718 644 164 767 stone
645 164 641 grass_block[snowy=false]
fill 645 164 642 645 164 644 dirt
fill 645 164 645 645 164 648 stone
fill 645 164 649 645 164 651 coal_ore
fill 645 164 652 645 164 655 stone
645 164 656 coal_ore
fill 645 164 657 645 164 711 stone
fill 645 164 719 645 164 767 stone
646 164 640 grass_block[snowy=false]
fill 646 164 641 646 164 644 dirt
fill 646 164 645 646 164 649 stone
646 164 650 coal_ore
646 164 651 coal_ore
fill 646 164 652 646 164 655 stone
fill 646 164 656 646 164 658 coal_ore
fill 646 164 659 646 164 711 stone
fill 646 164 719 646 164 767 stone
647 164 640 grass_block[snowy=false]
647 164 641 grass_block[snowy=false]
fill 647 164 642 647 164 645 dirt
fill 647 164 646 647 164 705 stone
647 164 706 dirt
fill 647 164 707 647 164 712 stone
fill 647 164 718 647 164 767 stone
648 164 642 grass_block[snowy=false]
648 164 643 grass_block[snowy=false]
fill 648 164 644 648 164 646 dirt
fill 648 164 647 648 164 705 stone
648 164 706 grass_block[snowy=false]
fill 648 164 707 648 164 713 stone
fill 648 164 717 648 164 766 stone
648 164 767 gravel
649 164 646 dirt
fill 649 164 647 649 164 705 stone
649 164 706 grass_block[snowy=false]
fill 649 164 708 649 164 765 stone
649 164 766 gravel
649 164 767 gravel
fill 650 164 649 650 164 657 stone
650 164 658 coal_ore
650 164 659 coal_ore
fill 650 164 660 650 164 665 stone
fill 650 164 666 650 164 705 stone
fill 650 164 708 650 164 764 stone
fill 650 164 765 650 164 767 gravel
fill 651 164 652 651 164 657 stone
fill 651 164 658 651 164 660 coal_ore
fill 651 164 661 651 164 705 stone
fill 651 164 708 651 164 763 stone
fill 651 164 764 651 164 767 gravel
652 164 657 stone
652 164 658 coal_ore
652 164 659 coal_ore
652 164 660 stone
652 164 661 coal_ore
fill 652 164 662 652 164 705 stone
fill 652 164 708 652 164 764 stone
652 164 765 gravel
652 164 766 gravel
652 164 767 stone
fill 653 164 662 653 164 705 stone
fill 653 164 708 653 164 767 stone
fill 654 164 664 654 164 705 stone
fill 654 164 708 654 164 767 stone
fill 655 164 663 655 164 705 stone
655 164 706 dirt
fill 655 164 708 655 164 767 stone
656 164 661 dirt
fill 656 164 662 656 164 697 stone
656 164 698 coal_ore
fill 656 164 699 656 164 706 stone
fill 656 164 708 656 164 767 stone
657 164 647 short_grass
657 164 648 grass_block[snowy=false]
657 164 649 grass_block[snowy=false]
657 164 659 grass_block[snowy=false]
657 164 660 dirt
fill 657 164 661 657 164 696 stone
657 164 697 coal_ore
657 164 698 coal_ore
fill 657 164 699 657 164 706 stone
fill 657 164 708 657 164 767 stone
658 164 647 grass_block[snowy=false]
658 164 648 dirt
658 164 649 dirt
fill 658 164 650 658 164 654 grass_block[snowy=false]
658 164 658 dirt
658 164 659 dirt
fill 658 164 660 658 164 695 stone
fill 658 164 696 658 164 699 coal_ore
fill 658 164 700 658 164 706 stone
fill 658 164 708 658 164 767 stone
659 164 648 grass_block[snowy=false]
fill 659 164 649 659 164 657 dirt
fill 659 164 658 659 164 699 stone
fill 659 164 701 659 164 705 stone
659 164 706 dirt
fill 659 164 708 659 164 767 stone
660 164 648 grass_block[snowy=false]
fill 660 164 649 660 164 655 dirt
fill 660 164 656 660 164 686 stone
fill 660 164 687 660 164 698 stone
fill 660 164 702 660 164 705 stone
660 164 706 grass_block[snowy=false]
fill 660 164 708 660 164 767 stone
fill 661 164 649 661 164 651 dirt
fill 661 164 652 661 164 698 stone
fill 661 164 703 661 164 705 stone
fill 661 164 708 661 164 767 stone
fill 662 164 649 662 164 651 dirt
fill 662 164 652 662 164 669 stone
fill 662 164 670 662 164 672 gravel
fill 662 164 673 662 164 698 stone
662 164 703 stone
662 164 704 stone
662 164 705 dirt
fill 662 164 708 662 164 746 stone
fill 662 164 747 662 164 750 dirt
fill 662 164 751 662 164 767 stone
663 164 649 grass_block[snowy=false]
663 164 650 dirt
663 164 651 dirt
fill 663 164 652 663 164 654 stone
663 164 655 dirt
663 164 656 dirt
663 164 657 grass_block[snowy=false]
fill 663 164 660 663 164 668 stone
fill 663 164 669 663 164 672 gravel
fill 663 164 673 663 164 698 stone
663 164 703 stone
663 164 704 dirt
fill 663 164 708 663 164 715 stone
663 164 716 coal_ore
663 164 717 coal_ore
fill 663 164 718 663 164 743 stone
fill 663 164 744 663 164 750 dirt
fill 663 164 751 663 164 767 stone
664 164 650 dirt
664 164 651 dirt
fill 664 164 652 664 164 654 stone
664 164 655 dirt
664 164 656 dirt
664 164 657 grass_block[snowy=false]
fill 664 164 661 664 164 669 stone
fill 664 164 670 664 164 673 gravel
664 164 674 coal_ore
fill 664 164 675 664 164 698 stone
664 164 702 stone
664 164 703 dirt
664 164 704 dirt
fill 664 164 708 664 164 715 stone
fill 664 164 716 664 164 719 coal_ore
fill 664 164 720 664 164 741 stone
fill 664 164 742 664 164 750 dirt
fill 664 164 751 664 164 767 stone
665 164 650 grass_block[snowy=false]
665 164 651 dirt
665 164 652 dirt
fill 665 164 653 665 164 655 stone
665 164 656 dirt
665 164 657 grass_block[snowy=false]
fill 665 164 661 665 164 669 stone
fill 665 164 670 665 164 673 gravel
665 164 674 coal_ore
fill 665 164 675 665 164 698 stone
665 164 702 stone
665 164 703 dirt
665 164 704 dirt
fill 665 164 708 665 164 715 stone
fill 665 164 716 665 164 719 coal_ore
fill 665 164 720 665 164 741 stone
fill 665 164 742 665 164 748 dirt
fill 665 164 749 665 164 767 stone
666 164 650 grass_block[snowy=false]
fill 666 164 651 666 164 653 dirt
666 164 654 stone
666 164 655 dirt
666 164 656 dirt
fill 666 164 661 666 164 670 stone
fill 666 164 671 666 164 673 gravel
666 164 674 coal_ore
fill 666 164 675 666 164 702 stone
666 164 703 dirt
666 164 704 grass_block[snowy=false]
fill 666 164 707 666 164 717 stone
666 164 718 coal_ore
666 164 719 coal_ore
fill 666 164 720 666 164 740 stone
fill 666 164 741 666 164 747 dirt
fill 666 164 748 666 164 767 stone
667 164 651 grass_block[snowy=false]
667 164 652 dirt
667 164 653 dirt
667 164 654 stone
667 164 655 stone
667 164 656 dirt
667 164 657 dirt
667 164 658 grass_block[snowy=false]
667 164 659 grass_block[snowy=false]
fill 667 164 660 667 164 671 stone
667 164 672 gravel
667 164 673 gravel
fill 667 164 674 667 164 702 stone
667 164 703 dirt
667 164 704 grass_block[snowy=false]
fill 667 164 706 667 164 741 stone
fill 667 164 742 667 164 746 dirt
fill 667 164 747 667 164 767 stone
668 164 652 grass_block[snowy=false]
668 164 653 dirt
fill 668 164 654 668 164 767 stone
669 164 653 dirt
fill 669 164 654 669 164 691 stone
fill 669 164 692 669 164 694 dirt
fill 669 164 695 669 164 709 stone
fill 669 164 710 669 164 712 coal_ore
fill 669 164 713 669 164 728 stone
fill 669 164 729 669 164 733 dirt
fill 669 164 734 669 164 767 stone
670 164 653 grass_block[snowy=false]
670 164 654 dirt
670 164 655 iron_ore
670 164 656 iron_ore
fill 670 164 657 670 164 685 stone
fill 670 164 686 670 164 691 stone
fill 670 164 692 670 164 697 dirt
fill 670 164 698 670 164 709 stone
fill 670 164 710 670 164 712 coal_ore
fill 670 164 713 670 164 727 stone
fill 670 164 728 670 164 733 dirt
fill 670 164 734 670 164 738 stone
fill 670 164 739 670 164 741 dirt
fill 670 164 742 670 164 767 stone
671 164 654 grass_block[snowy=false]
671 164 655 dirt
671 164 656 iron_ore
fill 671 164 657 671 164 691 stone
fill 671 164 692 671 164 698 dirt
fill 671 164 699 671 164 727 stone
fill 671 164 728 671 164 732 dirt
fill 671 164 733 671 164 738 stone
fill 671 164 739 671 164 742 dirt
fill 671 164 743 671 164 751 stone
671 164 752 coal_ore
671 164 753 coal_ore
fill 671 164 754 671 164 761 stone
fill 671 164 765 671 164 767 stone
672 164 655 grass_block[snowy=false]
672 164 656 dirt
672 164 657 dirt
fill 672 164 658 672 164 692 stone
fill 672 164 693 672 164 699 dirt
fill 672 164 700 672 164 738 stone
fill 672 164 739 672 164 743 dirt
fill 672 164 744 672 164 750 stone
fill 672 164 751 672 164 753 coal_ore
fill 672 164 754 672 164 761 stone
fill 672 164 765 672 164 767 stone
673 164 657 dirt
673 164 658 dirt
fill 673 164 659 673 164 693 stone
fill 673 164 694 673 164 699 dirt
fill 673 164 700 673 164 715 stone
fill 673 164 716 673 164 718 diorite
fill 673 164 719 673 164 738 stone
fill 673 164 739 673 164 743 dirt
fill 673 164 744 673 164 747 stone
673 164 748 iron_ore
673 164 749 iron_ore
fill 673 164 750 673 164 752 coal_ore
fill 673 164 753 673 164 761 stone
673 164 766 stone
673 164 767 stone
674 164 657 grass_block[snowy=false]
fill 674 164 658 674 164 660 dirt
fill 674 164 661 674 164 696 stone
674 164 697 dirt
674 164 698 dirt
fill 674 164 699 674 164 715 stone
fill 674 164 716 674 164 720 diorite
fill 674 164 721 674 164 739 stone
fill 674 164 740 674 164 744 dirt
fill 674 164 745 674 164 747 stone
674 164 748 iron_ore
674 164 749 iron_ore
674 164 750 coal_ore
674 164 751 coal_ore
fill 674 164 752 674 164 761 stone
fill 674 164 765 674 164 767 stone
fill 675 164 659 675 164 668 dirt
fill 675 164 669 675 164 716 stone
fill 675 164 717 675 164 721 diorite
fill 675 164 722 675 164 739 stone
fill 675 164 740 675 164 744 dirt
fill 675 164 745 675 164 767 stone
fill 676 164 660 676 164 665 grass_block[snowy=false]
676 164 670 dirt
fill 676 164 671 676 164 715 stone
fill 676 164 716 676 164 722 diorite
fill 676 164 723 676 164 740 stone
fill 676 164 741 676 164 744 dirt