814 126 130 dirt
814 126 131 dirt
814 126 132 dirt
814 126 133 dirt
814 126 134 stone
814 126 135 stone
814 126 136 stone
814 126 137 stone
814 126 138 stone
814 126 139 stone
814 126 140 stone
814 126 141 stone
814 126 142 stone
814 126 143 coal_ore
814 126 144 coal_ore
814 126 145 stone
814 126 146 stone
814 126 147 stone
814 126 148 stone
814 126 149 stone
814 126 150 stone
814 126 151 stone
814 126 152 stone
814 126 153 stone
814 126 154 stone
814 126 155 stone
814 126 156 stone
814 126 157 stone
814 126 158 stone
814 126 159 stone
814 126 160 stone
814 126 161 stone
814 126 162 stone
814 126 163 stone
814 126 164 stone
814 126 165 stone
814 126 166 stone
814 126 167 stone
814 126 168 stone
814 126 169 stone
814 126 170 stone
814 126 171 stone
814 126 172 stone
814 126 173 stone
814 126 174 stone
814 126 175 stone
814 126 176 stone
814 126 177 stone
814 126 178 stone
814 126 179 stone
814 126 180 stone
814 126 181 stone
814 126 182 stone
814 126 183 stone
814 126 184 stone
814 126 185 stone
814 126 186 stone
814 126 187 stone
814 126 188 stone
814 126 189 stone
814 126 190 stone
814 126 191 stone
814 126 192 stone
814 126 193 stone
814 126 194 stone
814 126 195 stone
814 126 196 stone
814 126 197 coal_ore
814 126 198 coal_ore
814 126 199 stone
814 126 200 stone
814 126 201 stone
814 126 202 stone
814 126 203 stone
814 126 204 stone
814 126 205 stone
814 126 206 stone
814 126 207 dirt
814 126 208 dirt
814 126 209 dirt
814 126 210 dirt
814 126 211 dirt
814 126 212 dirt
814 126 213 dirt
814 126 214 dirt
814 126 215 stone
814 126 216 stone
814 126 217 stone
814 126 218 stone
814 126 219 stone
814 126 220 stone
814 126 221 gravel
814 126 222 gravel
814 126 223 gravel
814 126 224 gravel
814 126 225 gravel
814 126 226 stone
814 126 227 stone
814 126 228 coal_ore
814 126 229 coal_ore
814 126 230 coal_ore
814 126 231 stone
814 126 232 stone
814 126 233 stone
814 126 234 stone
814 126 235 stone
814 126 236 stone
814 126 237 stone
814 126 238 stone
814 126 239 stone
814 126 240 stone
814 126 241 stone
814 126 242 stone
814 126 243 stone
814 126 244 stone
814 126 245 stone
814 126 246 stone
814 126 247 stone
814 126 248 stone
814 126 249 stone
814 126 250 stone
814 126 251 stone
814 126 252 stone
814 126 253 stone
814 126 254 stone
814 126 255 stone
814 126 256 stone
814 126 257 stone
814 126 258 stone
814 126 259 stone
814 126 260 stone
814 126 261 stone
814 126 262 stone
814 126 263 stone
814 126 264 stone
814 126 265 dirt
814 126 266 dirt
814 126 267 dirt
814 126 268 dirt
814 126 269 stone
814 126 270 stone
814 126 271 stone
814 126 272 stone
814 126 273 stone
814 126 274 stone
814 126 275 stone
814 126 276 stone
814 126 277 stone
814 126 278 stone
814 126 279 stone
814 126 280 stone
814 126 284 stone
814 126 285 stone
814 126 286 stone
814 126 287 stone
814 126 288 stone
814 126 289 stone
814 126 290 copper_ore
814 126 291 stone
814 126 292 stone
814 126 293 stone
814 126 294 stone
814 126 295 stone
814 126 296 stone
814 126 297 stone
814 126 298 stone
814 126 299 stone
814 126 300 stone
814 126 301 stone
814 126 302 stone
814 126 303 stone
814 126 304 stone
814 126 305 stone
814 126 306 stone
814 126 307 stone
814 126 308 stone
814 126 309 stone
814 126 310 stone
814 126 311 stone
814 126 312 stone
814 126 313 stone
814 126 314 stone
814 126 315 stone
814 126 316 stone
814 126 317 stone
814 126 318 stone
814 126 319 stone
814 126 320 stone
814 126 321 stone
814 126 322 stone
814 126 323 stone
814 126 324 stone
814 126 325 stone
814 126 326 stone
814 126 327 stone
814 126 328 stone
814 126 329 stone
814 126 330 stone
814 126 331 stone
814 126 332 stone
814 126 333 stone
814 126 334 stone
814 126 335 stone
814 126 336 stone
814 126 337 stone
814 126 338 stone
814 126 339 stone
814 126 340 stone
814 126 341 stone
814 126 342 stone
814 126 343 stone
814 126 344 stone
814 126 345 stone
814 126 346 stone
814 126 347 stone
814 126 348 stone
814 126 349 stone
814 126 350 stone
814 126 351 stone
814 126 352 stone
814 126 353 stone
814 126 354 stone
814 126 355 stone
814 126 356 stone
814 126 357 stone
814 126 358 stone
814 126 359 stone
814 126 360 stone
814 126 361 stone
814 126 362 stone
814 126 363 stone
814 126 364 stone
814 126 365 stone
814 126 366 stone
814 126 367 stone
814 126 368 stone
814 126 369 stone
814 126 370 stone
814 126 371 stone
814 126 372 stone
814 126 373 stone
814 126 374 stone
814 126 375 stone
814 126 376 stone
814 126 377 water[level=0]
814 126 378 water[level=0]
814 126 379 water[level=0]
814 126 380 water[level=0]
814 126 381 water[level=0]
814 126 382 water[level=0]
814 126 383 water[level=0]
814 126 384 water[level=0]
814 126 385 water[level=0]
814 126 386 water[level=0]
814 126 387 water[level=0]
814 126 388 water[level=0]
814 126 389 water[level=0]
814 126 390 water[level=0]
814 126 391 water[level=0]
814 126 392 water[level=0]
814 126 393 stone
814 126 394 stone
814 126 395 stone
814 126 396 stone
814 126 397 stone
814 126 398 stone
814 126 399 stone
814 126 400 stone
814 126 401 stone
814 126 402 stone
814 126 403 stone
814 126 404 stone
814 126 405 stone
814 126 406 stone
814 126 407 copper_ore
814 126 408 copper_ore
814 126 409 stone
814 126 410 stone
814 126 411 stone
814 126 412 stone
814 126 413 stone
814 126 414 stone
814 126 415 stone
814 126 416 stone
814 126 417 stone
814 126 418 stone
814 126 419 stone
814 126 420 stone
814 126 421 stone
814 126 422 stone
814 126 423 stone
814 126 424 stone
814 126 425 stone
814 126 426 stone
814 126 427 stone
814 126 428 stone
814 126 429 stone
814 126 430 stone
814 126 431 stone
814 126 432 stone
814 126 433 stone
814 126 434 stone
814 126 435 stone
814 126 436 stone
814 126 437 stone
814 126 438 stone
814 126 439 stone
814 126 440 stone
814 126 441 dirt
814 126 442 dirt
814 126 443 dirt
814 126 444 dirt
814 126 445 dirt
814 126 446 grass_block[snowy=false]
814 126 447 grass_block[snowy=false]
814 126 448 water[level=0]
814 126 449 water[level=0]
814 126 450 water[level=0]
814 126 451 water[level=0]
814 126 452 stone
814 126 453 stone
814 126 454 stone
814 126 455 stone
814 126 456 grass_block[snowy=false]
814 126 457 water[level=0]
814 126 458 water[level=0]
814 126 459 water[level=0]
814 126 460 water[level=0]
814 126 461 water[level=0]
814 126 462 water[level=0]
814 126 463 water[level=0]
814 126 464 water[level=0]
814 126 465 water[level=0]
814 126 466 water[level=0]
814 126 467 water[level=0]
814 126 468 water[level=0]
814 126 469 water[level=0]
814 126 470 water[level=0]
814 126 471 water[level=0]
814 126 472 water[level=0]
814 126 473 water[level=0]
814 126 474 water[level=0]
814 126 475 water[level=0]
814 126 476 water[level=0]
814 126 477 water[level=0]
814 126 478 water[level=0]
814 126 479 water[level=0]
814 126 480 water[level=0]
814 126 481 water[level=0]
814 126 482 water[level=0]
814 126 483 water[level=0]
814 126 484 water[level=0]
814 126 485 water[level=0]
814 126 486 water[level=0]
814 126 487 water[level=0]
814 126 488 water[level=0]
814 126 489 water[level=0]
814 126 490 water[level=0]
814 126 491 water[level=0]
814 126 492 water[level=0]
814 126 493 water[level=0]
814 126 494 water[level=0]
814 126 495 dirt
814 126 496 dirt
814 126 497 stone
814 126 498 stone
814 126 499 stone
814 126 500 stone
814 126 501 stone
814 126 502 stone
814 126 503 stone
814 126 504 stone
814 126 505 stone
814 126 506 stone
814 126 507 stone
814 126 508 stone
814 126 509 stone
814 126 510 stone
814 126 511 stone
814 126 512 stone
814 126 513 stone
814 126 514 stone
814 126 515 stone
814 126 516 stone
814 126 517 stone
814 126 518 stone
814 126 519 stone
814 126 520 stone
814 126 521 stone
814 126 522 stone
814 126 523 stone
814 126 524 stone
814 126 525 stone
814 126 526 stone
814 126 527 stone
814 126 528 stone
814 126 529 stone
814 126 530 stone
814 126 531 stone
814 126 532 stone
814 126 533 stone
814 126 534 stone
814 126 535 stone
814 126 536 stone
814 126 537 stone
814 126 538 stone
814 126 539 stone
814 126 540 stone
814 126 541 stone
814 126 542 stone
814 126 543 stone
814 126 544 stone
814 126 545 stone
814 126 546 stone
814 126 547 stone
814 126 548 stone
814 126 549 copper_ore
814 126 550 copper_ore
814 126 551 stone
814 126 552 stone
814 126 553 stone
814 126 554 stone
814 126 555 stone
814 126 556 stone
814 126 557 stone
814 126 558 stone
814 126 559 stone
814 126 560 stone
814 126 561 stone
814 126 562 stone
814 126 563 stone
814 126 564 stone
814 126 565 stone
814 126 566 stone
814 126 567 stone
814 126 570 stone
814 126 571 stone
814 126 572 stone
814 126 573 stone
814 126 574 stone
814 126 575 stone
814 126 576 stone
814 126 577 stone
814 126 578 stone
814 126 579 stone
814 126 580 stone
814 126 581 stone
814 126 582 stone
814 126 583 stone
814 126 584 stone
814 126 585 stone
814 126 586 stone
814 126 587 stone
814 126 588 stone
814 126 589 stone
814 126 590 stone
814 126 591 stone
814 126 592 stone
814 126 593 stone
814 126 594 stone
814 126 595 stone
814 126 596 stone
814 126 597 stone
814 126 598 stone
814 126 599 stone
814 126 600 stone
814 126 601 stone
814 126 602 stone
814 126 603 stone
814 126 604 stone
814 126 605 stone
814 126 606 stone
814 126 607 stone
814 126 608 stone
814 126 609 stone
814 126 610 stone
814 126 611 stone
814 126 612 stone
814 126 613 stone
814 126 614 stone
814 126 615 stone
814 126 616 stone
814 126 617 stone
814 126 618 stone
814 126 619 stone
814 126 620 stone
814 126 621 stone
814 126 622 stone
814 126 623 stone
814 126 624 coal_ore
814 126 625 coal_ore
814 126 626 stone
814 126 627 stone
814 126 628 stone
814 126 629 stone
814 126 630 stone
814 126 631 stone
814 126 632 stone
814 126 633 stone
814 126 634 stone
814 126 635 stone
814 126 636 stone
814 126 637 stone
814 126 638 stone
814 126 639 stone
814 126 640 stone
814 126 641 stone
814 126 642 stone
814 126 643 stone
814 126 644 stone
814 126 645 stone
814 126 646 stone
814 126 647 stone
814 126 648 stone
814 126 649 stone
814 126 650 stone
814 126 651 stone
814 126 652 diorite
814 126 653 diorite
814 126 654 diorite
814 126 655 diorite
814 126 656 coal_ore
814 126 657 coal_ore
814 126 658 diorite
814 126 659 copper_ore
814 126 660 copper_ore
814 126 661 stone
814 126 662 stone
814 126 663 stone
814 126 664 stone
814 126 665 stone
814 126 666 stone
814 126 667 stone
814 126 668 stone
814 126 669 stone
814 126 670 stone
814 126 671 stone
814 126 672 stone
814 126 673 stone
814 126 674 stone
814 126 675 stone
814 126 676 stone
814 126 677 stone
814 126 678 stone
814 126 679 stone
814 126 680 stone
814 126 681 stone
814 126 682 stone
814 126 683 stone
814 126 684 stone
814 126 685 stone
814 126 686 stone
814 126 687 stone
814 126 688 stone
814 126 689 stone
814 126 690 stone
814 126 691 stone
814 126 692 stone
814 126 693 stone
814 126 694 stone
814 126 695 stone
814 126 696 stone
814 126 697 stone
814 126 698 stone
814 126 699 stone
814 126 700 stone
814 126 701 stone
814 126 702 stone
814 126 703 stone
814 126 704 stone
814 126 705 stone
814 126 706 stone
814 126 707 stone
814 126 708 stone
814 126 709 stone
814 126 710 stone
814 126 711 stone
814 126 712 stone
814 126 713 stone
814 126 714 stone
814 126 715 stone
814 126 716 stone
814 126 717 stone
814 126 718 stone
814 126 719 stone
814 126 720 stone
814 126 721 stone
814 126 722 stone
814 126 723 stone
814 126 724 stone
814 126 725 stone
814 126 726 stone
814 126 727 stone
814 126 728 stone
814 126 729 stone
814 126 730 stone
814 126 731 stone
814 126 732 stone
814 126 733 stone
814 126 737 stone
814 126 738 stone
814 126 739 stone
814 126 740 stone
814 126 741 stone
814 126 742 stone
814 126 743 stone
814 126 744 stone
814 126 745 stone
814 126 746 stone
814 126 747 stone
814 126 748 stone
814 126 749 stone
814 126 750 stone
814 126 751 stone
814 126 752 stone
814 126 753 stone
814 126 754 stone
814 126 755 stone
814 126 756 stone
814 126 757 stone
814 126 758 stone
814 126 759 stone
814 126 760 stone
814 126 761 stone
814 126 762 stone
814 126 763 stone
814 126 764 stone
814 126 765 stone
814 126 766 stone
814 126 767 stone
814 126 768 stone
814 126 769 stone
814 126 770 stone
814 126 771 stone
814 126 772 stone
814 126 773 stone
814 126 774 stone
814 126 775 stone
814 126 776 stone
814 126 777 stone
814 126 778 stone
814 126 779 stone
814 126 780 stone
814 126 781 gravel
814 126 782 gravel
814 126 783 stone
814 126 784 stone
814 126 785 stone
814 126 786 stone
814 126 787 stone
814 126 798 stone
814 126 799 stone
814 126 800 stone
814 126 801 stone
814 126 802 stone
814 126 803 stone
814 126 804 stone
814 126 805 stone
814 126 806 stone
814 126 807 stone
814 126 808 stone
814 126 809 stone
814 126 810 stone
814 126 811 stone
814 126 812 stone
814 126 813 stone
814 126 814 stone
814 126 815 stone
814 126 816 stone
814 126 817 stone
814 126 818 stone
814 126 819 stone
814 126 820 stone
814 126 821 stone
814 126 822 stone
814 126 823 stone
814 126 824 stone
814 126 825 stone
814 126 826 stone
814 126 827 stone
814 126 828 stone
814 126 829 stone
814 126 830 stone
814 126 831 stone
814 126 832 stone
814 126 833 stone
814 126 834 stone
814 126 835 stone
814 126 836 stone
814 126 837 stone
814 126 838 stone
814 126 839 stone
814 126 840 stone
814 126 841 stone
814 126 842 stone
814 126 843 andesite
814 126 844 andesite
814 126 845 andesite
814 126 846 andesite
814 126 847 andesite
814 126 848 andesite
814 126 849 andesite
814 126 850 stone
814 126 851 stone
814 126 852 stone
814 126 853 stone
814 126 854 stone
814 126 855 stone
814 126 856 stone
814 126 857 stone
814 126 858 stone
814 126 859 stone
814 126 860 stone
814 126 861 stone
814 126 862 stone
814 126 863 stone
814 126 864 stone
814 126 865 stone
814 126 866 stone
814 126 867 stone
814 126 868 stone
814 126 876 stone
814 126 877 stone
814 126 878 stone
814 126 879 stone
814 126 880 stone
814 126 881 granite
814 126 882 granite
814 126 883 granite
814 126 884 stone
814 126 885 stone
814 126 886 stone
814 126 887 stone
814 126 888 stone
814 126 889 stone
814 126 890 stone
814 126 891 stone
814 126 892 stone
814 126 893 stone
814 126 894 stone
814 126 895 stone
814 126 896 stone
814 126 897 stone
814 126 898 stone
814 126 899 stone
814 126 900 stone
814 126 901 stone
814 126 902 stone
814 126 903 stone
814 126 904 stone
814 126 905 stone
814 126 906 stone
814 126 907 stone
814 126 908 stone
814 126 909 stone
814 126 910 stone
814 126 911 stone
814 126 912 stone
814 126 913 stone
814 126 914 stone
814 126 915 stone
814 126 916 stone
814 126 917 stone
814 126 918 stone
814 126 919 stone
814 126 920 stone
814 126 921 stone
814 126 922 stone
814 126 923 stone
814 126 924 stone
814 126 925 stone
814 126 926 stone
814 126 927 stone
814 126 928 stone
814 126 929 stone
814 126 930 stone
814 126 931 stone
814 126 932 stone
814 126 933 stone
814 126 934 stone
814 126 935 stone
814 126 936 stone
814 126 937 stone
814 126 938 stone
814 126 939 stone
814 126 940 stone
814 126 941 stone
814 126 942 stone
814 126 943 stone
814 126 944 stone
814 126 945 stone
814 126 946 stone
814 126 947 stone
814 126 948 stone
814 126 949 stone
814 126 950 water[level=0]
814 126 951 water[level=0]
814 126 952 water[level=0]
814 126 953 water[level=0]
814 126 954 water[level=0]
814 126 955 water[level=0]
814 126 956 water[level=0]
814 126 957 water[level=0]
814 126 958 water[level=0]
814 126 959 stone
814 126 960 stone
814 126 961 stone
814 126 962 water[level=0]
814 126 963 water[level=0]
814 126 964 water[level=0]
814 126 965 stone
814 126 966 stone
814 126 967 stone
814 126 968 stone
814 126 969 stone
814 126 970 stone
814 126 971 stone
814 126 972 stone
814 126 973 stone
814 126 974 stone
814 126 975 stone
814 126 976 stone
814 126 977 stone
814 126 978 stone
814 126 979 stone
814 126 980 stone
814 126 981 stone
814 126 982 stone
814 126 983 stone
814 126 984 stone
814 126 985 stone
814 126 986 stone
814 126 987 stone
814 126 988 stone
814 126 989 stone
814 126 990 stone
814 126 991 stone
814 126 992 stone
814 126 993 stone
814 126 994 stone
814 126 995 stone
814 126 996 stone
814 126 997 stone
814 126 998 stone
814 126 999 stone
814 126 1000 stone
814 126 1001 stone
814 126 1002 stone
814 126 1003 stone
814 126 1004 stone
814 126 1005 stone
814 126 1006 stone
814 126 1007 stone
814 126 1008 stone
814 126 1009 stone
814 126 1010 stone
814 126 1011 stone
814 126 1012 copper_ore
814 126 1013 stone
814 126 1014 stone
814 126 1015 stone
814 126 1016 stone
814 126 1017 stone
814 126 1018 stone
814 126 1019 stone
814 126 1020 stone
814 126 1021 stone
814 126 1022 stone
814 126 1023 stone
814 127 0 stone
814 127 1 stone
814 127 2 stone
814 127 3 stone
814 127 4 stone
814 127 5 stone
814 127 6 stone
814 127 7 stone
814 127 8 stone
814 127 9 stone
814 127 10 stone
814 127 11 stone
814 127 12 stone
814 127 13 stone
814 127 14 stone
814 127 15 stone
814 127 16 stone
814 127 17 stone
814 127 18 stone
814 127 19 stone
814 127 20 stone
814 127 21 stone
814 127 22 stone
814 127 23 stone
814 127 24 stone
814 127 25 stone
814 127 26 stone
814 127 27 stone
814 127 28 stone
814 127 29 stone
814 127 30 stone
814 127 31 stone
814 127 32 stone
814 127 33 stone
814 127 34 stone
814 127 35 stone
814 127 36 stone
814 127 37 stone
814 127 38 stone
814 127 39 stone
814 127 40 stone
814 127 41 stone
814 127 42 copper_ore
814 127 43 copper_ore
814 127 44 stone
814 127 45 stone
814 127 46 stone
814 127 47 stone
814 127 48 stone
814 127 49 stone
814 127 50 stone
814 127 51 stone
814 127 52 stone
814 127 53 stone
814 127 54 stone
814 127 55 stone
814 127 56 stone
814 127 57 stone
814 127 58 stone
814 127 59 stone
814 127 60 stone
814 127 61 stone
814 127 62 stone
814 127 63 stone
814 127 64 stone
814 127 65 stone
814 127 66 stone
814 127 67 stone
814 127 68 stone
814 127 69 stone
814 127 70 stone
814 127 71 stone
814 127 72 stone
814 127 73 stone
814 127 74 stone
814 127 75 stone
814 127 76 stone
814 127 77 stone
814 127 78 stone
814 127 79 stone
814 127 80 stone
814 127 81 stone
814 127 82 stone
814 127 83 stone
814 127 84 stone
814 127 85 stone
814 127 86 stone
814 127 87 stone
814 127 88 stone
814 127 89 stone
814 127 90 stone
814 127 91 stone
814 127 92 stone
814 127 93 stone
814 127 94 stone
814 127 95 stone
814 127 96 stone
814 127 97 stone
814 127 98 stone
814 127 99 stone
814 127 100 stone
814 127 101 stone
814 127 104 stone
814 127 105 stone
814 127 106 stone
814 127 107 stone
814 127 108 stone
814 127 109 stone
814 127 110 stone
814 127 111 stone
814 127 112 stone
814 127 113 dirt
814 127 114 dirt
814 127 115 dirt
814 127 116 dirt
814 127 117 dirt
814 127 118 dirt
814 127 119 dirt
814 127 120 dirt
814 127 121 dirt
814 127 122 dirt
814 127 123 dirt
814 127 124 dirt
814 127 125 dirt
814 127 126 dirt
814 127 127 dirt
814 127 128 dirt
814 127 129 dirt
814 127 130 dirt
814 127 131 dirt
814 127 132 dirt
814 127 133 dirt
814 127 134 dirt
814 127 135 dirt
814 127 136 stone
814 127 137 stone
814 127 138 stone
814 127 139 stone
814 127 140 stone
814 127 141 stone
814 127 142 stone
814 127 143 stone
814 127 144 stone
814 127 145 stone
814 127 146 stone
814 127 147 stone
814 127 148 stone
814 127 149 stone
814 127 150 stone
814 127 151 stone
814 127 152 stone
814 127 153 stone
814 127 154 stone
814 127 155 stone
814 127 156 stone
814 127 157 stone
814 127 158 stone
814 127 159 stone
814 127 160 stone
814 127 161 stone
814 127 162 stone
814 127 163 stone
814 127 164 stone
814 127 165 stone
814 127 166 stone
814 127 167 stone
814 127 168 stone
814 127 169 stone
814 127 170 stone
814 127 171 stone
814 127 172 stone
814 127 173 stone
814 127 174 stone
814 127 175 stone
814 127 176 stone
814 127 177 stone
814 127 178 stone
814 127 179 stone
814 127 180 stone
814 127 181 stone
814 127 182 stone
814 127 183 stone
814 127 184 stone
814 127 185 stone
814 127 186 stone
814 127 187 stone
814 127 188 stone
814 127 189 stone
814 127 190 stone
814 127 191 stone
814 127 192 stone
814 127 193 stone
814 127 194 stone
814 127 195 stone
814 127 196 coal_ore
814 127 197 coal_ore
814 127 198 coal_ore
814 127 199 stone
814 127 200 stone
814 127 201 stone
814 127 202 stone
814 127 203 stone
814 127 204 dirt
814 127 205 dirt
814 127 206 dirt
814 127 207 dirt
814 127 208 dirt
814 127 209 dirt
814 127 210 dirt
814 127 211 dirt
814 127 212 dirt
814 127 213 dirt
814 127 214 dirt
814 127 215 dirt
814 127 216 stone
814 127 217 stone
814 127 218 stone
814 127 219 stone
814 127 220 stone
814 127 221 stone
814 127 222 gravel
814 127 223 gravel
814 127 224 gravel
814 127 225 stone
814 127 226 stone
814 127 227 stone
814 127 228 stone
814 127 229 coal_ore
814 127 230 stone
814 127 231 stone
