682 117 640 stone
682 117 641 stone
fill 682 117 642 682 117 655 diorite
fill 682 117 656 682 117 663 stone
fill 682 117 664 682 117 670 diorite
fill 682 117 671 682 117 756 stone
682 117 757 granite
fill 682 117 759 682 117 764 granite
fill 682 117 765 682 117 767 stone
683 117 640 stone
683 117 641 stone
fill 683 117 642 683 117 648 diorite
683 117 649 copper_ore
fill 683 117 650 683 117 653 diorite
fill 683 117 654 683 117 663 stone
fill 683 117 664 683 117 670 diorite
fill 683 117 671 683 117 756 stone
fill 683 117 759 683 117 766 granite
683 117 767 stone
684 117 640 stone
684 117 641 stone
fill 684 117 642 684 117 647 diorite
684 117 648 copper_ore
684 117 649 copper_ore
fill 684 117 650 684 117 652 diorite
fill 684 117 653 684 117 662 stone
fill 684 117 663 684 117 671 diorite
fill 684 117 672 684 117 699 stone
684 117 700 coal_ore
684 117 701 coal_ore
fill 684 117 702 684 117 736 stone
684 117 737 coal_ore
684 117 738 coal_ore
fill 684 117 739 684 117 756 stone
fill 684 117 759 684 117 767 granite
685 117 640 stone
685 117 641 stone
fill 685 117 642 685 117 647 diorite
685 117 648 copper_ore
685 117 649 copper_ore
685 117 650 diorite
685 117 651 diorite
fill 685 117 652 685 117 662 stone
fill 685 117 663 685 117 671 diorite
fill 685 117 672 685 117 699 stone
fill 685 117 700 685 117 702 coal_ore
fill 685 117 703 685 117 735 stone
fill 685 117 736 685 117 738 coal_ore
685 117 739 copper_ore
685 117 740 copper_ore
fill 685 117 741 685 117 756 stone
fill 685 117 759 685 117 767 granite
fill 686 117 640 686 117 642 stone
686 117 643 diorite
686 117 644 diorite
fill 686 117 645 686 117 647 stone
686 117 648 copper_ore
fill 686 117 649 686 117 662 stone
fill 686 117 663 686 117 671 diorite
fill 686 117 672 686 117 674 stone
686 117 675 iron_ore
fill 686 117 676 686 117 700 stone
fill 686 117 701 686 117 703 coal_ore
fill 686 117 704 686 117 738 stone
fill 686 117 739 686 117 741 copper_ore
fill 686 117 742 686 117 756 stone
fill 686 117 759 686 117 767 granite
fill 687 117 640 687 117 663 stone
fill 687 117 664 687 117 671 diorite
fill 687 117 672 687 117 675 stone
687 117 676 iron_ore
fill 687 117 677 687 117 701 stone
687 117 702 coal_ore
687 117 703 coal_ore
fill 687 117 704 687 117 708 stone
fill 687 117 709 687 117 739 stone
687 117 740 copper_ore
fill 687 117 741 687 117 756 stone
687 117 759 copper_ore
fill 687 117 760 687 117 762 granite
fill 687 117 763 687 117 766 stone
687 117 767 granite
fill 688 117 640 688 117 663 stone
fill 688 117 664 688 117 671 diorite
fill 688 117 672 688 117 681 stone
fill 688 117 682 688 117 684 dirt
fill 688 117 685 688 117 755 stone
fill 688 117 759 688 117 762 granite
fill 688 117 763 688 117 767 stone
fill 689 117 640 689 117 663 stone
fill 689 117 664 689 117 671 diorite
fill 689 117 672 689 117 680 stone
fill 689 117 681 689 117 684 dirt
fill 689 117 685 689 117 755 stone
fill 689 117 759 689 117 762 granite
fill 689 117 763 689 117 766 stone
689 117 767 granite
fill 690 117 640 690 117 663 stone
fill 690 117 664 690 117 671 diorite
fill 690 117 672 690 117 679 stone
fill 690 117 680 690 117 683 dirt
fill 690 117 684 690 117 705 stone
690 117 706 andesite
690 117 707 andesite
fill 690 117 708 690 117 710 stone
fill 690 117 711 690 117 713 dirt
fill 690 117 714 690 117 755 stone
fill 690 117 759 690 117 763 granite
690 117 764 stone
690 117 765 stone
690 117 766 granite
690 117 767 granite
fill 691 117 640 691 117 664 stone
fill 691 117 665 691 117 672 diorite
fill 691 117 673 691 117 703 stone
fill 691 117 704 691 117 708 andesite
691 117 709 stone
691 117 710 stone
fill 691 117 711 691 117 713 dirt
fill 691 117 714 691 117 754 stone
fill 691 117 759 691 117 762 granite
fill 691 117 763 691 117 766 stone
691 117 767 granite
692 117 640 andesite
692 117 641 andesite
fill 692 117 642 692 117 664 stone
fill 692 117 665 692 117 671 diorite
692 117 672 stone
692 117 673 copper_ore
fill 692 117 674 692 117 703 stone
fill 692 117 704 692 117 708 andesite
692 117 709 stone
692 117 710 stone
fill 692 117 711 692 117 714 dirt
fill 692 117 715 692 117 755 stone
fill 692 117 759 692 117 762 granite
fill 692 117 763 692 117 765 stone
692 117 766 granite
692 117 767 granite
693 117 640 andesite
693 117 641 andesite
fill 693 117 642 693 117 658 stone
693 117 659 dirt
693 117 660 dirt
fill 693 117 661 693 117 664 stone
fill 693 117 665 693 117 671 diorite
693 117 672 copper_ore
693 117 673 copper_ore
fill 693 117 674 693 117 691 stone
fill 693 117 692 693 117 695 andesite
fill 693 117 696 693 117 703 stone
fill 693 117 704 693 117 708 andesite
693 117 709 stone
693 117 710 stone
fill 693 117 711 693 117 714 dirt
fill 693 117 715 693 117 747 stone
693 117 748 iron_ore
693 117 749 iron_ore
fill 693 117 750 693 117 754 stone
fill 693 117 758 693 117 762 granite
fill 693 117 763 693 117 766 stone
693 117 767 granite
694 117 640 andesite
694 117 641 andesite
fill 694 117 642 694 117 655 stone
fill 694 117 656 694 117 663 dirt
694 117 664 stone
694 117 665 stone
fill 694 117 666 694 117 671 diorite
694 117 672 copper_ore
694 117 673 copper_ore
fill 694 117 674 694 117 691 stone
fill 694 117 692 694 117 695 andesite
fill 694 117 696 694 117 703 stone
fill 694 117 704 694 117 708 andesite
694 117 709 stone
694 117 710 stone
fill 694 117 711 694 117 714 dirt
fill 694 117 715 694 117 747 stone
694 117 748 iron_ore
694 117 749 iron_ore
fill 694 117 750 694 117 754 stone
fill 694 117 758 694 117 762 granite
fill 694 117 763 694 117 766 stone
694 117 767 granite
695 117 640 andesite
695 117 641 andesite
fill 695 117 642 695 117 646 stone
fill 695 117 647 695 117 649 dirt
fill 695 117 650 695 117 655 stone
fill 695 117 656 695 117 664 dirt
695 117 665 stone
695 117 666 stone
fill 695 117 667 695 117 671 diorite
fill 695 117 672 695 117 690 stone
fill 695 117 691 695 117 696 andesite
fill 695 117 697 695 117 702 stone
fill 695 117 703 695 117 708 andesite
695 117 709 stone
695 117 710 stone
fill 695 117 711 695 117 714 dirt
fill 695 117 715 695 117 754 stone
fill 695 117 759 695 117 762 granite
fill 695 117 763 695 117 767 stone
fill 696 117 640 696 117 645 stone
fill 696 117 646 696 117 649 dirt
fill 696 117 650 696 117 656 stone
fill 696 117 657 696 117 665 dirt
696 117 666 stone
fill 696 117 667 696 117 670 diorite
fill 696 117 671 696 117 683 stone
696 117 684 copper_ore
696 117 685 copper_ore
fill 696 117 686 696 117 689 stone
fill 696 117 690 696 117 695 andesite
fill 696 117 696 696 117 701 stone
696 117 702 stone
fill 696 117 703 696 117 708 andesite
696 117 709 stone
696 117 710 stone
fill 696 117 711 696 117 714 dirt
fill 696 117 715 696 117 740 stone
fill 696 117 741 696 117 747 dirt
fill 696 117 748 696 117 754 stone
fill 696 117 759 696 117 762 granite
fill 696 117 763 696 117 767 stone
fill 697 117 640 697 117 645 stone
fill 697 117 646 697 117 649 dirt
fill 697 117 650 697 117 657 stone
fill 697 117 658 697 117 665 dirt
fill 697 117 666 697 117 668 stone
697 117 669 diorite
fill 697 117 670 697 117 683 stone
697 117 684 copper_ore
697 117 685 copper_ore
fill 697 117 686 697 117 688 stone
fill 697 117 689 697 117 695 andesite
fill 697 117 696 697 117 702 stone
fill 697 117 703 697 117 708 andesite
697 117 709 stone
697 117 710 stone
fill 697 117 711 697 117 714 dirt
fill 697 117 715 697 117 740 stone
fill 697 117 741 697 117 749 dirt
fill 697 117 750 697 117 757 stone
fill 697 117 758 697 117 762 granite
fill 697 117 763 697 117 767 stone
fill 698 117 640 698 117 644 stone
fill 698 117 645 698 117 649 dirt
fill 698 117 650 698 117 657 stone
698 117 658 water[level=0]
698 117 659 water[level=0]
fill 698 117 660 698 117 663 dirt
fill 698 117 664 698 117 684 stone
698 117 685 copper_ore
698 117 686 stone
698 117 687 stone
fill 698 117 688 698 117 695 andesite
fill 698 117 696 698 117 703 stone
fill 698 117 704 698 117 707 andesite
fill 698 117 708 698 117 711 stone
fill 698 117 712 698 117 714 dirt
fill 698 117 715 698 117 741 stone
fill 698 117 742 698 117 749 dirt
fill 698 117 750 698 117 754 stone
fill 698 117 755 698 117 758 water[level=0]
fill 698 117 759 698 117 761 granite
698 117 762 stone
fill 698 117 763 698 117 765 coal_ore
698 117 766 stone
698 117 767 stone
fill 699 117 640 699 117 644 stone
fill 699 117 645 699 117 649 dirt
fill 699 117 650 699 117 657 stone
699 117 658 water[level=0]
699 117 659 water[level=0]
699 117 660 dirt
699 117 661 dirt
fill 699 117 662 699 117 686 stone
fill 699 117 687 699 117 694 andesite
fill 699 117 695 699 117 703 stone
699 117 704 andesite
699 117 705 andesite
fill 699 117 706 699 117 712 stone
699 117 713 dirt
699 117 714 dirt
fill 699 117 715 699 117 728 stone
fill 699 117 729 699 117 734 diorite
fill 699 117 735 699 117 743 stone
fill 699 117 744 699 117 749 dirt
fill 699 117 750 699 117 754 stone
fill 699 117 755 699 117 758 water[level=0]
699 117 759 granite
699 117 760 granite
699 117 761 stone
699 117 762 stone
fill 699 117 763 699 117 765 coal_ore
699 117 766 stone
699 117 767 stone
fill 700 117 640 700 117 643 stone
fill 700 117 644 700 117 648 dirt
fill 700 117 649 700 117 656 stone
fill 700 117 657 700 117 659 water[level=0]
fill 700 117 660 700 117 662 dirt
fill 700 117 663 700 117 686 stone
fill 700 117 687 700 117 694 andesite
fill 700 117 695 700 117 703 stone
700 117 704 andesite
700 117 705 andesite
fill 700 117 706 700 117 724 stone
fill 700 117 725 700 117 736 diorite
fill 700 117 737 700 117 754 stone
fill 700 117 755 700 117 758 water[level=0]
fill 700 117 759 700 117 761 stone
fill 700 117 762 700 117 764 coal_ore
fill 700 117 765 700 117 767 stone
fill 701 117 640 701 117 643 stone
fill 701 117 644 701 117 648 dirt
fill 701 117 649 701 117 656 stone
fill 701 117 657 701 117 659 water[level=0]
701 117 660 dirt
701 117 661 dirt
fill 701 117 662 701 117 680 stone
701 117 681 coal_ore
701 117 682 coal_ore
fill 701 117 683 701 117 686 stone
fill 701 117 687 701 117 694 andesite
fill 701 117 695 701 117 722 stone
fill 701 117 723 701 117 736 diorite
fill 701 117 737 701 117 754 stone
fill 701 117 755 701 117 758 water[level=0]
fill 701 117 759 701 117 761 stone
fill 701 117 762 701 117 764 coal_ore
fill 701 117 765 701 117 767 stone
fill 702 117 640 702 117 643 diorite
fill 702 117 644 702 117 647 dirt
fill 702 117 648 702 117 657 stone
fill 702 117 658 702 117 663 water[level=0]
fill 702 117 664 702 117 680 stone
fill 702 117 681 702 117 684 coal_ore
702 117 685 stone
702 117 686 stone
fill 702 117 687 702 117 694 andesite
fill 702 117 695 702 117 721 stone
fill 702 117 722 702 117 736 diorite
fill 702 117 737 702 117 754 stone
fill 702 117 755 702 117 758 water[level=0]
fill 702 117 759 702 117 762 stone
702 117 763 coal_ore
fill 702 117 764 702 117 767 stone
fill 703 117 640 703 117 644 diorite
fill 703 117 645 703 117 647 dirt
fill 703 117 648 703 117 657 stone
fill 703 117 658 703 117 664 water[level=0]
fill 703 117 665 703 117 680 stone
fill 703 117 681 703 117 685 coal_ore
fill 703 117 686 703 117 693 andesite
fill 703 117 694 703 117 720 stone
fill 703 117 721 703 117 736 diorite
703 117 737 stone
fill 703 117 738 703 117 743 diorite
fill 703 117 744 703 117 754 stone
fill 703 117 755 703 117 758 water[level=0]
fill 703 117 759 703 117 767 stone
fill 704 117 640 704 117 644 diorite
704 117 645 dirt
fill 704 117 646 704 117 658 stone
fill 704 117 659 704 117 665 water[level=0]
fill 704 117 666 704 117 682 stone
704 117 683 coal_ore
704 117 684 coal_ore
fill 704 117 685 704 117 692 andesite
fill 704 117 693 704 117 720 stone
fill 704 117 721 704 117 735 diorite
704 117 736 stone
fill 704 117 737 704 117 745 diorite
fill 704 117 746 704 117 754 stone
fill 704 117 755 704 117 759 water[level=0]
704 117 760 stone
704 117 761 stone
fill 704 117 762 704 117 767 stone
fill 705 117 640 705 117 643 diorite
fill 705 117 644 705 117 658 stone
fill 705 117 659 705 117 665 water[level=0]
fill 705 117 666 705 117 684 stone
fill 705 117 685 705 117 691 andesite
fill 705 117 692 705 117 720 stone
fill 705 117 721 705 117 733 diorite
fill 705 117 734 705 117 736 stone
fill 705 117 737 705 117 748 diorite
fill 705 117 749 705 117 754 stone
fill 705 117 755 705 117 759 water[level=0]
fill 705 117 760 705 117 767 stone
fill 706 117 640 706 117 643 diorite
fill 706 117 644 706 117 658 stone
fill 706 117 659 706 117 666 water[level=0]
fill 706 117 667 706 117 685 stone
fill 706 117 686 706 117 691 andesite
fill 706 117 692 706 117 721 stone
fill 706 117 722 706 117 731 diorite
fill 706 117 732 706 117 736 stone
fill 706 117 737 706 117 741 coal_ore
fill 706 117 742 706 117 749 diorite
fill 706 117 750 706 117 755 stone
fill 706 117 756 706 117 760 water[level=0]
fill 706 117 761 706 117 767 stone
fill 707 117 640 707 117 642 diorite
fill 707 117 643 707 117 659 stone
fill 707 117 660 707 117 667 water[level=0]
fill 707 117 668 707 117 684 stone
fill 707 117 685 707 117 690 andesite
fill 707 117 691 707 117 736 stone
fill 707 117 737 707 117 741 coal_ore
fill 707 117 742 707 117 750 diorite
fill 707 117 751 707 117 755 stone
fill 707 117 756 707 117 760 water[level=0]
fill 707 117 761 707 117 767 stone
708 117 640 diorite
fill 708 117 641 708 117 660 stone
fill 708 117 661 708 117 663 water[level=0]
fill 708 117 664 708 117 685 stone
fill 708 117 686 708 117 688 andesite
fill 708 117 689 708 117 737 stone
fill 708 117 738 708 117 751 diorite
fill 708 117 752 708 117 756 stone
fill 708 117 757 708 117 761 water[level=0]
fill 708 117 762 708 117 767 stone
fill 709 117 640 709 117 682 stone
709 117 683 granite
709 117 684 granite
709 117 685 stone
709 117 686 stone
709 117 687 andesite
fill 709 117 688 709 117 724 stone
709 117 725 diorite
fill 709 117 726 709 117 738 stone
fill 709 117 739 709 117 753 diorite
fill 709 117 754 709 117 757 stone
fill 709 117 758 709 117 761 water[level=0]
fill 709 117 762 709 117 767 stone
fill 710 117 640 710 117 680 stone
fill 710 117 681 710 117 684 granite
fill 710 117 685 710 117 717 stone
fill 710 117 718 710 117 726 diorite
fill 710 117 727 710 117 740 stone
fill 710 117 741 710 117 753 diorite
fill 710 117 754 710 117 757 stone
fill 710 117 758 710 117 762 water[level=0]
fill 710 117 763 710 117 767 stone
fill 711 117 640 711 117 679 stone
fill 711 117 680 711 117 684 granite
fill 711 117 685 711 117 716 stone
fill 711 117 717 711 117 726 diorite
fill 711 117 727 711 117 743 stone
fill 711 117 744 711 117 753 diorite
fill 711 117 754 711 117 757 stone
fill 711 117 758 711 117 762 water[level=0]
fill 711 117 763 711 117 767 stone
fill 712 117 640 712 117 678 stone
fill 712 117 679 712 117 685 granite
fill 712 117 686 712 117 715 stone
fill 712 117 716 712 117 725 diorite
fill 712 117 726 712 117 745 stone
fill 712 117 746 712 117 752 diorite
fill 712 117 753 712 117 757 stone
fill 712 117 758 712 117 762 water[level=0]
fill 712 117 763 712 117 767 stone
fill 713 117 640 713 117 678 stone
fill 713 117 679 713 117 685 granite
fill 713 117 686 713 117 688 stone
fill 713 117 689 713 117 714 stone
fill 713 117 715 713 117 725 diorite
fill 713 117 726 713 117 757 stone
fill 713 117 758 713 117 763 water[level=0]
fill 713 117 764 713 117 767 stone
fill 714 117 640 714 117 664 stone
fill 714 117 665 714 117 667 granite
fill 714 117 668 714 117 677 stone
fill 714 117 678 714 117 684 granite
fill 714 117 685 714 117 713 stone
fill 714 117 714 714 117 724 diorite
fill 714 117 725 714 117 758 stone
fill 714 117 759 714 117 763 water[level=0]
fill 714 117 764 714 117 767 stone
fill 715 117 640 715 117 663 stone
fill 715 117 664 715 117 668 granite
fill 715 117 669 715 117 677 stone
fill 715 117 678 715 117 684 granite
fill 715 117 685 715 117 712 stone
fill 715 117 713 715 117 723 diorite
fill 715 117 724 715 117 759 stone
fill 715 117 760 715 117 764 water[level=0]
fill 715 117 765 715 117 767 stone
fill 716 117 640 716 117 662 stone
fill 716 117 663 716 117 668 granite
fill 716 117 669 716 117 676 stone
fill 716 117 677 716 117 684 granite
fill 716 117 685 716 117 711 stone
fill 716 117 712 716 117 723 diorite
fill 716 117 724 716 117 747 stone
716 117 748 dirt
716 117 749 dirt
fill 716 117 750 716 117 757 stone
716 117 758 andesite
716 117 759 andesite
fill 716 117 760 716 117 764 water[level=0]
716 117 765 andesite
716 117 766 andesite
716 117 767 stone
fill 717 117 640 717 117 643 stone
717 117 644 copper_ore
717 117 645 copper_ore
fill 717 117 646 717 117 661 stone
fill 717 117 662 717 117 668 granite
fill 717 117 669 717 117 676 stone
fill 717 117 677 717 117 684 granite
fill 717 117 685 717 117 711 stone
fill 717 117 712 717 117 722 diorite
fill 717 117 723 717 117 745 stone
fill 717 117 746 717 117 749 dirt
fill 717 117 750 717 117 757 stone
717 117 758 andesite
717 117 759 andesite
fill 717 117 760 717 117 765 water[level=0]
717 117 766 dirt
717 117 767 dirt
fill 718 117 640 718 117 660 stone
fill 718 117 661 718 117 668 granite
fill 718 117 669 718 117 676 stone
fill 718 117 677 718 117 683 granite
fill 718 117 684 718 117 711 stone
fill 718 117 712 718 117 719 diorite
fill 718 117 720 718 117 743 stone
fill 718 117 744 718 117 749 dirt
fill 718 117 750 718 117 757 stone
718 117 758 andesite
718 117 759 andesite
fill 718 117 760 718 117 765 water[level=0]
718 117 766 dirt
718 117 767 dirt
fill 719 117 640 719 117 660 stone
fill 719 117 661 719 117 668 granite
fill 719 117 669 719 117 676 stone
fill 719 117 677 719 117 683 granite
fill 719 117 684 719 117 697 stone
719 117 698 coal_ore
fill 719 117 699 719 117 711 stone
fill 719 117 712 719 117 717 diorite
fill 719 117 718 719 117 743 stone
fill 719 117 744 719 117 749 dirt
fill 719 117 750 719 117 758 stone
719 117 759 andesite
719 117 760 andesite
fill 719 117 761 719 117 765 water[level=0]
719 117 766 dirt
719 117 767 dirt
fill 720 117 640 720 117 659 stone
fill 720 117 660 720 117 668 granite
fill 720 117 669 720 117 675 stone
fill 720 117 676 720 117 683 granite
fill 720 117 684 720 117 742 stone
fill 720 117 743 720 117 748 dirt
fill 720 117 749 720 117 761 stone
fill 720 117 762 720 117 766 water[level=0]
720 117 767 dirt
fill 721 117 640 721 117 652 stone
721 117 653 copper_ore
721 117 654 copper_ore
fill 721 117 655 721 117 659 stone
fill 721 117 660 721 117 668 granite
fill 721 117 669 721 117 675 stone
fill 721 117 676 721 117 682 granite
fill 721 117 683 721 117 742 stone
fill 721 117 743 721 117 747 dirt
fill 721 117 748 721 117 757 stone
721 117 758 coal_ore
fill 721 117 759 721 117 761 coal_ore
fill 721 117 762 721 117 767 water[level=0]
722 117 640 dirt
fill 722 117 641 722 117 652 stone
722 117 653 copper_ore
fill 722 117 654 722 117 659 stone
fill 722 117 660 722 117 668 granite
fill 722 117 669 722 117 675 stone
fill 722 117 676 722 117 681 granite
fill 722 117 682 722 117 692 stone
722 117 693 water[level=0]
fill 722 117 694 722 117 700 andesite
fill 722 117 701 722 117 709 stone
fill 722 117 710 722 117 713 dirt
fill 722 117 714 722 117 742 stone
722 117 743 dirt
722 117 744 dirt
fill 722 117 745 722 117 757 stone
fill 722 117 758 722 117 761 coal_ore
fill 722 117 762 722 117 767 water[level=0]
723 117 640 dirt
723 117 641 dirt
fill 723 117 642 723 117 658 stone
fill 723 117 659 723 117 667 granite
fill 723 117 668 723 117 675 stone
fill 723 117 676 723 117 681 granite
fill 723 117 682 723 117 690 stone
fill 723 117 691 723 117 693 water[level=0]
fill 723 117 694 723 117 701 andesite
fill 723 117 702 723 117 707 stone
fill 723 117 708 723 117 714 dirt
fill 723 117 715 723 117 762 stone
fill 723 117 763 723 117 767 water[level=0]
724 117 640 dirt
724 117 641 dirt
fill 724 117 642 724 117 658 stone
fill 724 117 659 724 117 667 granite
fill 724 117 668 724 117 676 stone
fill 724 117 677 724 117 680 granite
fill 724 117 681 724 117 688 stone
fill 724 117 689 724 117 691 diorite
724 117 692 water[level=0]
724 117 693 water[level=0]
fill 724 117 694 724 117 701 andesite
724 117 702 coal_ore
724 117 703 andesite
fill 724 117 704 724 117 706 stone
fill 724 117 707 724 117 713 dirt
fill 724 117 714 724 117 762 stone
fill 724 117 763 724 117 767 water[level=0]
fill 725 117 640 725 117 643 dirt
725 117 644 copper_ore
fill 725 117 645 725 117 658 stone
fill 725 117 659 725 117 666 granite
fill 725 117 667 725 117 676 stone
725 117 677 granite
725 117 678 granite
fill 725 117 679 725 117 687 stone
fill 725 117 688 725 117 694 diorite
fill 725 117 695 725 117 701 andesite
725 117 702 coal_ore
fill 725 117 703 725 117 709 stone
fill 725 117 710 725 117 712 dirt
fill 725 117 713 725 117 763 stone
fill 725 117 764 725 117 767 water[level=0]
fill 726 117 640 726 117 644 dirt
fill 726 117 645 726 117 658 stone