601 144 721 stone
601 144 722 stone
601 144 723 stone
601 144 724 stone
601 144 725 stone
601 144 726 stone
601 144 727 stone
601 144 728 stone
601 144 729 stone
601 144 730 stone
601 144 731 stone
601 144 732 stone
601 144 733 stone
601 144 740 stone
601 144 741 stone
601 144 742 stone
601 144 743 stone
601 144 744 stone
601 144 745 stone
601 144 746 stone
601 144 747 stone
601 144 748 stone
601 144 749 stone
601 144 750 stone
601 144 751 stone
601 144 752 stone
601 144 753 stone
601 144 754 stone
601 144 755 stone
601 144 756 stone
601 144 757 stone
601 144 758 stone
601 144 759 stone
601 144 760 stone
601 144 761 stone
601 144 762 stone
601 144 763 stone
601 144 764 stone
601 144 765 stone
601 144 766 stone
601 144 767 stone
602 144 653 grass_block[snowy=false]
602 144 654 dirt
602 144 655 stone
602 144 656 stone
602 144 657 stone
602 144 658 stone
602 144 659 stone
602 144 660 stone
602 144 661 stone
602 144 662 stone
602 144 663 stone
602 144 664 stone
602 144 665 stone
602 144 666 stone
602 144 667 stone
602 144 668 stone
602 144 669 stone
602 144 670 stone
602 144 671 stone
602 144 672 stone
602 144 673 stone
602 144 674 stone
602 144 675 stone
602 144 676 stone
602 144 677 stone
602 144 678 stone
602 144 679 stone
602 144 680 stone
602 144 681 stone
602 144 682 stone
602 144 683 stone
602 144 684 stone
602 144 685 stone
602 144 686 stone
602 144 687 stone
602 144 688 stone
602 144 689 stone
602 144 690 stone
602 144 691 stone
602 144 692 stone
602 144 693 stone
602 144 694 stone
602 144 695 stone
602 144 696 stone
602 144 697 stone
602 144 698 stone
602 144 699 stone
602 144 700 stone
602 144 701 stone
602 144 702 stone
602 144 703 stone
602 144 704 stone
602 144 705 stone
602 144 706 stone
602 144 707 stone
602 144 708 stone
602 144 709 stone
602 144 710 stone
602 144 711 stone
602 144 712 stone
602 144 713 stone
602 144 714 stone
602 144 715 stone
602 144 716 stone
602 144 717 stone
602 144 718 stone
602 144 719 stone
602 144 720 stone
602 144 721 stone
602 144 722 stone
602 144 723 stone
602 144 724 stone
602 144 725 stone
602 144 726 stone
602 144 727 stone
602 144 728 stone
602 144 729 stone
602 144 730 stone
602 144 731 stone
602 144 732 stone
602 144 733 stone
602 144 739 stone
602 144 740 coal_ore
602 144 741 coal_ore
602 144 742 coal_ore
602 144 743 stone
602 144 744 stone
602 144 745 stone
602 144 746 stone
602 144 747 stone
602 144 748 stone
602 144 749 stone
602 144 750 stone
602 144 751 stone
602 144 752 stone
602 144 753 stone
602 144 754 stone
602 144 755 stone
602 144 756 stone
602 144 757 stone
602 144 758 stone
602 144 759 stone
602 144 760 stone
602 144 761 stone
602 144 762 stone
602 144 763 stone
602 144 764 stone
602 144 765 stone
602 144 766 stone
602 144 767 stone
603 144 653 dirt
603 144 654 dirt
603 144 655 stone
603 144 656 stone
603 144 657 stone
603 144 658 stone
603 144 659 stone
603 144 660 stone
603 144 661 stone
603 144 662 stone
603 144 663 stone
603 144 664 stone
603 144 665 stone
603 144 666 stone
603 144 667 stone
603 144 668 stone
603 144 669 stone
603 144 670 stone
603 144 671 stone
603 144 672 stone
603 144 673 stone
603 144 674 stone
603 144 675 stone
603 144 676 stone
603 144 677 stone
603 144 678 stone
603 144 679 stone
603 144 680 stone
603 144 681 stone
603 144 682 stone
603 144 683 stone
603 144 684 stone
603 144 685 stone
603 144 686 stone
603 144 687 stone
603 144 688 stone
603 144 689 stone
603 144 690 stone
603 144 691 stone
603 144 692 stone
603 144 693 stone
603 144 694 stone
603 144 695 stone
603 144 696 stone
603 144 697 stone
603 144 698 stone
603 144 699 stone
603 144 700 stone
603 144 701 stone
603 144 702 stone
603 144 703 stone
603 144 704 stone
603 144 705 stone
603 144 706 stone
603 144 707 stone
603 144 708 stone
603 144 709 stone
603 144 710 stone
603 144 711 stone
603 144 712 stone
603 144 713 stone
603 144 714 stone
603 144 715 stone
603 144 716 stone
603 144 717 stone
603 144 718 stone
603 144 719 stone
603 144 720 stone
603 144 721 stone
603 144 722 stone
603 144 723 stone
603 144 724 stone
603 144 725 stone
603 144 726 stone
603 144 727 stone
603 144 728 stone
603 144 729 stone
603 144 730 stone
603 144 731 stone
603 144 732 stone
603 144 733 stone
603 144 734 stone
603 144 738 stone
603 144 739 stone
603 144 740 coal_ore
603 144 741 coal_ore
603 144 742 stone
603 144 743 stone
603 144 744 stone
603 144 745 stone
603 144 746 stone
603 144 747 stone
603 144 748 stone
603 144 749 stone
603 144 750 stone
603 144 751 stone
603 144 752 stone
603 144 753 stone
603 144 754 stone
603 144 755 stone
603 144 756 stone
603 144 757 stone
603 144 758 stone
603 144 759 stone
603 144 760 stone
603 144 761 stone
603 144 762 stone
603 144 763 stone
603 144 764 stone
603 144 765 stone
603 144 766 stone
603 144 767 stone
604 144 653 dirt
604 144 654 dirt
604 144 655 granite
604 144 656 granite
604 144 657 stone
604 144 658 stone
604 144 659 stone
604 144 660 stone
604 144 661 stone
604 144 662 stone
604 144 663 stone
604 144 664 stone
604 144 665 stone
604 144 666 stone
604 144 667 stone
604 144 668 stone
604 144 669 stone
604 144 670 stone
604 144 671 stone
604 144 672 stone
604 144 673 stone
604 144 674 stone
604 144 675 stone
604 144 676 stone
604 144 677 stone
604 144 678 stone
604 144 679 stone
604 144 680 stone
604 144 681 stone
604 144 682 stone
604 144 683 stone
604 144 684 stone
604 144 685 stone
604 144 686 stone
604 144 687 stone
604 144 688 stone
604 144 689 stone
604 144 690 stone
604 144 691 stone
604 144 692 stone
604 144 693 stone
604 144 694 stone
604 144 695 stone
604 144 696 stone
604 144 697 stone
604 144 698 stone
604 144 699 stone
604 144 700 stone
604 144 701 stone
604 144 702 stone
604 144 703 stone
604 144 704 stone
604 144 705 stone
604 144 706 stone
604 144 707 stone
604 144 708 stone
604 144 709 stone
604 144 710 stone
604 144 711 stone
604 144 712 stone
604 144 713 stone
604 144 714 stone
604 144 715 stone
604 144 716 stone
604 144 717 stone
604 144 718 stone
604 144 719 stone
604 144 720 stone
604 144 721 stone
604 144 722 stone
604 144 723 stone
604 144 724 stone
604 144 725 stone
604 144 726 stone
604 144 727 stone
604 144 728 stone
604 144 729 stone
604 144 730 stone
604 144 731 stone
604 144 732 stone
604 144 733 stone
604 144 734 stone
604 144 735 stone
604 144 736 stone
604 144 737 stone
604 144 738 stone
604 144 739 stone
604 144 740 stone
604 144 741 coal_ore
604 144 742 stone
604 144 743 stone
604 144 744 stone
604 144 745 stone
604 144 746 stone
604 144 747 stone
604 144 748 stone
604 144 749 stone
604 144 750 stone
604 144 751 stone
604 144 752 stone
604 144 753 stone
604 144 754 stone
604 144 755 stone
604 144 756 stone
604 144 757 stone
604 144 758 stone
604 144 759 stone
604 144 760 stone
604 144 761 stone
604 144 762 stone
604 144 763 stone
604 144 764 stone
604 144 765 stone
604 144 766 stone
604 144 767 stone
605 144 653 dirt
605 144 654 granite
605 144 655 granite
605 144 656 granite
605 144 657 stone
605 144 658 stone
605 144 659 stone
605 144 660 stone
605 144 661 stone
605 144 662 stone
605 144 663 stone
605 144 664 stone
605 144 665 stone
605 144 666 stone
605 144 667 stone
605 144 668 stone
605 144 669 stone
605 144 670 stone
605 144 671 stone
605 144 672 stone
605 144 673 stone
605 144 674 stone
605 144 675 stone
605 144 676 stone
605 144 677 stone
605 144 678 stone
605 144 679 stone
605 144 680 stone
605 144 681 stone
605 144 682 stone
605 144 683 stone
605 144 684 stone
605 144 685 stone
605 144 686 stone
605 144 687 stone
605 144 688 stone
605 144 689 stone
605 144 690 stone
605 144 691 stone
605 144 692 stone
605 144 693 stone
605 144 694 stone
605 144 695 stone
605 144 696 stone
605 144 697 stone
605 144 698 stone
605 144 699 stone
605 144 700 stone
605 144 701 stone
605 144 702 stone
605 144 703 stone
605 144 704 stone
605 144 705 stone
605 144 706 stone
605 144 707 stone
605 144 708 stone
605 144 709 stone
605 144 710 stone
605 144 711 stone
605 144 712 stone
605 144 713 stone
605 144 714 stone
605 144 715 stone
605 144 716 stone
605 144 717 stone
605 144 718 stone
605 144 719 stone
605 144 720 stone
605 144 721 stone
605 144 722 stone
605 144 723 stone
605 144 724 stone
605 144 725 stone
605 144 726 stone
605 144 727 stone
605 144 728 stone
605 144 729 stone
605 144 730 stone
605 144 731 stone
605 144 732 stone
605 144 733 stone
605 144 734 stone
605 144 735 stone
605 144 736 stone
605 144 737 stone
605 144 738 coal_ore
605 144 739 coal_ore
605 144 740 coal_ore
605 144 741 coal_ore
605 144 742 coal_ore
605 144 743 stone
605 144 744 stone
605 144 745 stone
605 144 746 stone
605 144 747 stone
605 144 748 stone
605 144 749 stone
605 144 750 stone
605 144 751 stone
605 144 752 stone
605 144 753 stone
605 144 754 stone
605 144 755 stone
605 144 756 stone
605 144 757 stone
605 144 758 stone
605 144 759 stone
605 144 760 stone
605 144 761 stone
605 144 762 stone
605 144 763 stone
605 144 764 stone
605 144 765 stone
605 144 766 stone
605 144 767 stone
606 144 652 grass_block[snowy=false]
606 144 653 dirt
606 144 654 granite
606 144 655 granite
606 144 656 granite
606 144 657 stone
606 144 658 stone
606 144 659 stone
606 144 660 stone
606 144 661 stone
606 144 662 stone
606 144 663 stone
606 144 664 stone
606 144 665 stone
606 144 666 stone
606 144 667 stone
606 144 668 stone
606 144 669 stone
606 144 670 stone
606 144 671 stone
606 144 672 stone
606 144 673 stone
606 144 674 stone
606 144 675 stone
606 144 676 stone
606 144 677 stone
606 144 678 stone
606 144 679 stone
606 144 680 stone
606 144 681 stone
606 144 682 stone
606 144 683 stone
606 144 684 stone
606 144 685 stone
606 144 686 stone
606 144 687 stone
606 144 688 stone
606 144 689 stone
606 144 690 stone
606 144 691 stone
606 144 692 stone
606 144 693 stone
606 144 694 stone
606 144 695 stone
606 144 696 stone
606 144 697 stone
606 144 698 stone
606 144 699 stone
606 144 700 stone
606 144 701 stone
606 144 702 stone
606 144 703 stone
606 144 704 stone
606 144 705 stone
606 144 706 stone
606 144 707 stone
606 144 708 stone
606 144 709 stone
606 144 710 stone
606 144 711 stone
606 144 712 stone
606 144 713 stone
606 144 714 stone
606 144 715 stone
606 144 716 stone
606 144 717 stone
606 144 718 stone
606 144 719 stone
606 144 720 stone
606 144 721 stone
606 144 722 stone
606 144 723 stone
606 144 724 stone
606 144 725 stone
606 144 726 stone
606 144 727 stone
606 144 728 stone
606 144 729 stone
606 144 730 stone
606 144 731 stone
606 144 732 stone
606 144 733 stone
606 144 734 stone
606 144 735 stone
606 144 736 stone
606 144 737 stone
606 144 738 coal_ore
606 144 739 coal_ore
606 144 740 coal_ore
606 144 741 stone
606 144 742 stone
606 144 743 stone
606 144 744 stone
606 144 745 stone
606 144 746 stone
606 144 747 stone
606 144 748 stone
606 144 749 stone
606 144 750 stone
606 144 751 stone
606 144 752 stone
606 144 753 stone
606 144 754 stone
606 144 755 stone
606 144 756 stone
606 144 757 stone
606 144 758 gravel
606 144 759 gravel
606 144 760 gravel
606 144 761 gravel
606 144 762 stone
606 144 763 stone
606 144 764 stone
606 144 765 stone
606 144 766 stone
606 144 767 stone
607 144 652 grass_block[snowy=false]
607 144 653 dirt
607 144 654 granite
607 144 655 granite
607 144 656 granite
607 144 657 stone
607 144 658 stone
607 144 659 stone
607 144 660 stone
607 144 661 stone
607 144 662 stone
607 144 663 stone
607 144 664 stone
607 144 665 stone
607 144 666 stone
607 144 667 stone
607 144 668 stone
607 144 669 stone
607 144 670 stone
607 144 671 stone
607 144 672 stone
607 144 673 stone
607 144 674 stone
607 144 675 stone
607 144 676 stone
607 144 677 stone
607 144 678 stone
607 144 679 stone
607 144 680 stone
607 144 681 stone
607 144 682 stone
607 144 683 stone
607 144 684 stone
607 144 685 stone
607 144 686 stone
607 144 687 stone
607 144 688 stone
607 144 689 stone
607 144 690 stone
607 144 691 stone
607 144 692 stone
607 144 693 stone
607 144 694 stone
607 144 695 stone
607 144 696 stone
607 144 697 stone
607 144 698 stone
607 144 699 stone
607 144 700 stone
607 144 701 stone
607 144 702 stone
607 144 703 stone
607 144 704 stone
607 144 705 stone
607 144 706 stone
607 144 707 stone
607 144 708 stone
607 144 709 stone
607 144 710 stone
607 144 711 stone
607 144 712 stone
607 144 713 stone
607 144 714 stone
607 144 715 stone
607 144 716 stone
607 144 717 stone
607 144 718 stone
607 144 719 stone
607 144 720 stone
607 144 721 stone
607 144 722 stone
607 144 723 stone
607 144 724 stone
607 144 725 stone
607 144 726 stone
607 144 727 stone
607 144 728 stone
607 144 729 stone
607 144 730 stone
607 144 731 stone
607 144 732 stone
607 144 733 stone
607 144 734 stone
607 144 735 stone
607 144 736 stone
607 144 737 stone
607 144 738 stone
607 144 739 coal_ore
607 144 740 stone
607 144 741 stone
607 144 742 stone
607 144 743 stone
607 144 744 stone
607 144 745 stone
607 144 746 stone
607 144 747 stone
607 144 748 stone
607 144 749 stone
607 144 750 stone
607 144 751 stone
607 144 752 stone
607 144 753 stone
607 144 754 stone
607 144 755 stone
607 144 756 stone
607 144 757 stone
607 144 758 gravel
607 144 759 gravel
607 144 760 gravel
607 144 761 gravel
607 144 762 gravel
607 144 763 gravel
607 144 764 stone
607 144 765 stone
607 144 766 stone
607 144 767 stone
608 144 652 grass_block[snowy=false]
608 144 653 dirt
608 144 654 granite
608 144 655 granite
608 144 656 granite
608 144 657 stone
608 144 658 stone
608 144 659 stone
608 144 660 stone
608 144 661 stone
608 144 662 stone
608 144 663 stone
608 144 664 stone
608 144 665 stone
608 144 666 stone
608 144 667 stone
608 144 668 stone
608 144 669 stone
608 144 670 stone
608 144 671 stone
608 144 672 stone
608 144 673 stone
608 144 674 stone
608 144 675 stone
608 144 676 stone
608 144 677 stone
608 144 678 stone
608 144 679 stone
608 144 680 stone
608 144 681 stone
608 144 682 stone
608 144 683 stone
608 144 684 stone
608 144 685 stone
608 144 686 stone
608 144 687 stone
608 144 688 stone
608 144 689 stone
608 144 690 stone
608 144 691 stone
608 144 692 stone
608 144 693 stone
608 144 694 stone
608 144 695 iron_ore
608 144 696 iron_ore
608 144 697 stone
608 144 698 stone
608 144 699 stone
608 144 700 stone
608 144 701 stone
608 144 702 stone
608 144 703 stone
608 144 704 stone
608 144 705 stone
608 144 706 stone
608 144 707 stone
608 144 708 stone
608 144 709 stone
608 144 710 stone
608 144 711 stone
608 144 712 stone
608 144 713 stone
608 144 714 stone
608 144 715 stone
608 144 716 stone
608 144 717 stone
608 144 718 stone
608 144 719 stone
608 144 720 stone
608 144 721 stone
608 144 722 stone
608 144 723 stone
608 144 724 stone
608 144 725 stone
608 144 726 stone
608 144 727 stone
608 144 728 stone
608 144 729 stone
608 144 730 stone
608 144 731 gravel
608 144 732 gravel
608 144 733 gravel
608 144 734 stone
608 144 735 stone
608 144 736 stone
608 144 737 stone
608 144 738 stone
608 144 739 stone
608 144 740 stone
608 144 741 stone
608 144 742 stone
608 144 743 stone
608 144 744 stone
608 144 745 stone
608 144 746 stone
608 144 747 stone
608 144 748 stone
608 144 749 stone
608 144 750 stone
608 144 751 stone
608 144 752 stone
608 144 753 stone
608 144 754 stone
608 144 755 stone
608 144 756 stone
608 144 757 stone
608 144 758 copper_ore
608 144 759 gravel
608 144 760 gravel
608 144 761 gravel
608 144 762 gravel
608 144 763 gravel
608 144 764 gravel
608 144 765 stone
608 144 766 stone
608 144 767 stone
609 144 652 grass_block[snowy=false]
609 144 653 dirt
609 144 654 granite
609 144 655 granite
609 144 656 granite
609 144 657 stone
609 144 658 stone
609 144 659 stone
609 144 660 stone
609 144 661 stone
609 144 662 stone
609 144 663 stone
609 144 664 stone
609 144 665 stone
609 144 666 stone
609 144 667 stone
609 144 668 stone
609 144 669 stone
609 144 670 stone
609 144 671 stone
609 144 672 stone
609 144 673 stone
609 144 674 stone
609 144 675 stone
609 144 676 stone
609 144 677 stone
609 144 678 stone
609 144 679 stone
609 144 680 stone
609 144 681 stone
609 144 682 stone
609 144 683 stone
609 144 684 stone
609 144 685 stone
609 144 686 stone
609 144 687 stone
609 144 688 stone
609 144 689 stone
609 144 690 stone
609 144 691 stone
609 144 692 stone
609 144 693 stone
609 144 694 stone
609 144 695 stone
609 144 696 stone
609 144 697 stone
609 144 698 stone
609 144 699 stone
609 144 700 stone
609 144 701 stone
609 144 702 stone
609 144 703 stone
609 144 704 stone
609 144 705 stone
609 144 706 stone
609 144 707 stone
609 144 708 stone
609 144 709 stone
609 144 710 stone
609 144 711 stone
609 144 712 stone
609 144 713 stone
609 144 714 stone
609 144 715 stone
609 144 716 stone
609 144 717 stone
609 144 718 stone
609 144 719 stone
609 144 720 stone
609 144 721 stone
609 144 722 stone
609 144 723 stone
609 144 724 stone
609 144 725 stone
609 144 726 stone
609 144 727 stone
609 144 728 stone
609 144 729 stone
609 144 730 stone
609 144 731 gravel
609 144 732 gravel
609 144 733 gravel
609 144 734 stone
609 144 735 stone
609 144 736 stone
609 144 737 stone
609 144 738 stone
609 144 739 stone
609 144 740 stone
609 144 741 stone
609 144 742 stone
609 144 743 stone
609 144 744 stone
609 144 745 stone
609 144 746 stone
609 144 747 stone
609 144 748 stone
609 144 749 stone
609 144 750 stone
609 144 751 stone
609 144 752 stone
609 144 753 stone
609 144 754 stone
609 144 755 stone
609 144 756 stone
609 144 757 stone
609 144 758 stone
609 144 759 copper_ore
609 144 760 copper_ore
609 144 761 copper_ore
609 144 762 gravel
609 144 763 gravel
609 144 764 stone
609 144 765 gravel
609 144 766 stone
609 144 767 stone
610 144 652 grass_block[snowy=false]
610 144 653 dirt
610 144 654 granite
610 144 655 granite
610 144 656 granite
610 144 657 stone
610 144 658 stone
610 144 659 stone
610 144 660 stone
610 144 661 stone
610 144 662 stone
610 144 663 stone
610 144 664 stone
610 144 665 stone
610 144 666 stone
610 144 667 stone
610 144 668 stone
610 144 669 stone
610 144 670 stone
610 144 671 stone
610 144 672 stone
610 144 673 stone
610 144 674 stone
610 144 675 stone
610 144 676 stone
610 144 677 stone
610 144 678 stone
610 144 679 stone
610 144 680 stone
610 144 681 stone
610 144 682 stone
610 144 683 stone
610 144 684 stone
610 144 685 stone
610 144 686 stone
610 144 687 stone
610 144 688 stone
610 144 689 stone
610 144 690 stone
610 144 691 stone
610 144 692 stone
610 144 693 stone
610 144 694 stone
610 144 695 stone
610 144 696 stone
610 144 697 stone
610 144 698 stone
610 144 699 stone
610 144 700 stone
610 144 701 stone
610 144 702 stone
610 144 703 stone
610 144 704 stone
610 144 705 stone
610 144 706 stone
610 144 707 stone
610 144 708 stone
610 144 709 stone
610 144 710 stone
610 144 711 stone
610 144 712 stone
610 144 713 stone
610 144 714 stone
610 144 715 stone
610 144 716 stone
610 144 717 stone
610 144 718 stone
610 144 719 stone
610 144 720 dirt
610 144 721 stone
610 144 722 stone
610 144 723 stone
610 144 724 stone
610 144 725 stone
610 144 726 stone
610 144 727 stone
610 144 728 stone
610 144 729 stone
610 144 730 stone
610 144 731 gravel
610 144 732 gravel
610 144 733 gravel
610 144 734 gravel
610 144 735 stone
610 144 736 stone
610 144 737 stone
610 144 738 stone
610 144 739 stone
610 144 740 stone
610 144 741 stone
610 144 742 stone
610 144 743 stone
610 144 744 stone
610 144 745 stone
610 144 746 stone
610 144 747 stone
610 144 748 stone
610 144 749 stone
610 144 750 stone
610 144 751 stone
610 144 752 stone
610 144 753 stone
610 144 754 stone
610 144 755 stone
610 144 756 stone
610 144 757 stone
610 144 758 stone
610 144 759 stone
610 144 760 stone
610 144 761 stone
610 144 762 stone
610 144 763 stone
610 144 764 stone
610 144 765 stone
610 144 766 stone
610 144 767 stone
611 144 653 dirt
611 144 654 dirt
611 144 655 granite
611 144 656 granite
611 144 657 stone
611 144 658 stone
611 144 659 stone
611 144 660 stone
611 144 661 stone
611 144 662 stone
611 144 663 stone
611 144 664 stone
611 144 665 stone
611 144 666 stone
611 144 667 stone
611 144 668 stone
611 144 669 stone
611 144 670 stone
611 144 671 stone
611 144 672 stone
611 144 673 stone
611 144 674 stone
611 144 675 stone
611 144 676 stone
611 144 677 stone
611 144 678 stone
611 144 679 stone
611 144 680 stone
611 144 681 stone
611 144 682 stone
611 144 683 stone
611 144 684 stone
611 144 685 stone
611 144 686 stone
611 144 687 stone
611 144 688 stone
611 144 689 stone
611 144 690 stone
611 144 691 stone
611 144 692 stone
611 144 693 stone
611 144 694 stone
611 144 695 stone
611 144 696 stone
611 144 697 stone
611 144 698 stone
611 144 699 stone
611 144 700 stone
611 144 701 stone
611 144 702 stone
611 144 703 stone
