624 170 707 stone
624 170 708 stone
624 170 709 stone
624 170 710 stone
624 170 711 stone
624 170 712 stone
624 170 713 stone
624 170 714 stone
624 170 715 stone
624 170 716 stone
624 170 717 stone
624 170 718 stone
624 170 719 stone
624 170 720 stone
624 170 721 stone
624 170 722 stone
624 170 723 stone
624 170 724 stone
624 170 725 stone
624 170 726 stone
624 170 727 stone
624 170 728 stone
624 170 729 stone
624 170 730 stone
624 170 731 stone
624 170 732 stone
624 170 733 stone
624 170 734 stone
624 170 735 stone
624 170 736 stone
624 170 743 stone
624 170 744 stone
624 170 745 stone
624 170 746 stone
624 170 747 stone
624 170 748 stone
624 170 749 stone
624 170 750 stone
624 170 751 stone
624 170 752 stone
624 170 753 stone
624 170 754 stone
624 170 755 stone
624 170 756 stone
624 170 757 stone
624 170 758 stone
624 170 767 stone
625 170 660 grass_block[snowy=false]
625 170 661 dirt
625 170 662 dirt
625 170 663 dirt
625 170 664 dirt
625 170 665 dirt
625 170 666 stone
625 170 667 stone
625 170 668 stone
625 170 669 stone
625 170 670 stone
625 170 671 stone
625 170 672 stone
625 170 673 stone
625 170 674 stone
625 170 675 stone
625 170 676 stone
625 170 677 stone
625 170 678 stone
625 170 679 stone
625 170 680 stone
625 170 681 stone
625 170 682 stone
625 170 683 stone
625 170 684 stone
625 170 685 stone
625 170 686 stone
625 170 687 stone
625 170 688 stone
625 170 689 stone
625 170 690 stone
625 170 691 stone
625 170 692 stone
625 170 693 stone
625 170 694 stone
625 170 695 stone
625 170 696 stone
625 170 697 stone
625 170 698 dirt
625 170 699 stone
625 170 700 stone
625 170 701 stone
625 170 702 stone
625 170 703 stone
625 170 704 stone
625 170 705 stone
625 170 706 stone
625 170 707 coal_ore
625 170 708 coal_ore
625 170 709 stone
625 170 710 stone
625 170 711 stone
625 170 712 stone
625 170 713 stone
625 170 714 stone
625 170 715 stone
625 170 716 stone
625 170 717 stone
625 170 718 stone
625 170 719 stone
625 170 720 stone
625 170 721 stone
625 170 722 stone
625 170 723 stone
625 170 724 stone
625 170 725 stone
625 170 726 stone
625 170 727 stone
625 170 728 stone
625 170 729 stone
625 170 730 stone
625 170 731 stone
625 170 732 stone
625 170 733 stone
625 170 734 stone
625 170 735 stone
625 170 736 stone
625 170 743 stone
625 170 744 stone
625 170 745 stone
625 170 746 stone
625 170 747 stone
625 170 748 stone
625 170 749 stone
625 170 750 stone
625 170 751 stone
625 170 752 stone
625 170 753 stone
625 170 754 stone
625 170 755 stone
625 170 756 stone
625 170 757 stone
625 170 758 stone
625 170 766 stone
625 170 767 stone
626 170 652 dirt
626 170 653 grass_block[snowy=false]
626 170 654 grass_block[snowy=false]
626 170 655 grass_block[snowy=false]
626 170 657 grass_block[snowy=false]
626 170 658 grass_block[snowy=false]
626 170 659 dirt
626 170 660 dirt
626 170 661 dirt
626 170 662 dirt
626 170 663 dirt
626 170 664 stone
626 170 665 dirt
626 170 666 dirt
626 170 667 stone
626 170 668 stone
626 170 669 stone
626 170 670 stone
626 170 671 stone
626 170 672 stone
626 170 673 stone
626 170 674 stone
626 170 675 stone
626 170 676 stone
626 170 677 stone
626 170 678 stone
626 170 679 stone
626 170 680 stone
626 170 681 stone
626 170 682 stone
626 170 683 stone
626 170 684 stone
626 170 685 stone
626 170 686 stone
626 170 687 stone
626 170 688 stone
626 170 689 stone
626 170 690 stone
626 170 691 stone
626 170 692 stone
626 170 693 stone
626 170 694 stone
626 170 695 stone
626 170 696 stone
626 170 697 stone
626 170 698 stone
626 170 699 stone
626 170 700 stone
626 170 701 stone
626 170 702 stone
626 170 703 stone
626 170 704 stone
626 170 705 stone
626 170 706 stone
626 170 707 coal_ore
626 170 708 coal_ore
626 170 709 stone
626 170 710 stone
626 170 711 stone
626 170 712 stone
626 170 713 stone
626 170 714 stone
626 170 715 stone
626 170 716 stone
626 170 717 stone
626 170 718 stone
626 170 719 stone
626 170 720 stone
626 170 721 stone
626 170 722 stone
626 170 723 stone
626 170 724 stone
626 170 725 stone
626 170 726 stone
626 170 727 stone
626 170 728 stone
626 170 729 stone
626 170 730 stone
626 170 731 stone
626 170 732 stone
626 170 733 stone
626 170 734 stone
626 170 735 stone
626 170 736 stone
626 170 737 stone
626 170 743 stone
626 170 744 stone
626 170 745 stone
626 170 746 stone
626 170 747 stone
626 170 748 stone
626 170 749 stone
626 170 750 stone
626 170 751 stone
626 170 752 stone
626 170 753 stone
626 170 754 stone
626 170 755 stone
626 170 756 stone
626 170 757 stone
626 170 758 stone
626 170 759 stone
626 170 765 stone
626 170 766 stone
626 170 767 stone
627 170 650 grass_block[snowy=false]
627 170 651 dirt
627 170 652 dirt
627 170 653 dirt
627 170 654 dirt
627 170 655 dirt
627 170 656 dirt
627 170 657 dirt
627 170 658 dirt
627 170 659 dirt
627 170 660 dirt
627 170 661 dirt
627 170 662 dirt
627 170 663 dirt
627 170 664 dirt
627 170 665 dirt
627 170 666 stone
627 170 667 stone
627 170 668 stone
627 170 669 stone
627 170 670 stone
627 170 671 stone
627 170 672 stone
627 170 673 stone
627 170 674 stone
627 170 675 stone
627 170 676 stone
627 170 677 stone
627 170 678 stone
627 170 679 stone
627 170 680 stone
627 170 681 stone
627 170 682 stone
627 170 683 stone
627 170 684 stone
627 170 685 stone
627 170 686 stone
627 170 687 stone
627 170 688 stone
627 170 689 stone
627 170 690 stone
627 170 691 stone
627 170 692 stone
627 170 693 stone
627 170 694 stone
627 170 695 stone
627 170 696 stone
627 170 697 stone
627 170 698 stone
627 170 699 stone
627 170 700 stone
627 170 701 stone
627 170 702 stone
627 170 703 stone
627 170 704 stone
627 170 705 stone
627 170 706 stone
627 170 707 coal_ore
627 170 708 coal_ore
627 170 709 stone
627 170 710 stone
627 170 711 stone
627 170 712 stone
627 170 713 stone
627 170 714 stone
627 170 715 stone
627 170 716 stone
627 170 717 stone
627 170 718 stone
627 170 719 stone
627 170 720 stone
627 170 721 stone
627 170 722 stone
627 170 723 stone
627 170 724 stone
627 170 725 stone
627 170 726 stone
627 170 727 stone
627 170 728 stone
627 170 729 stone
627 170 730 stone
627 170 731 stone
627 170 732 stone
627 170 733 stone
627 170 734 stone
627 170 735 stone
627 170 736 stone
627 170 737 stone
627 170 738 stone
627 170 742 stone
627 170 743 stone
627 170 744 stone
627 170 745 stone
627 170 746 stone
627 170 747 stone
627 170 748 stone
627 170 749 stone
627 170 750 stone
627 170 751 stone
627 170 752 stone
627 170 753 stone
627 170 754 stone
627 170 755 stone
627 170 756 stone
627 170 757 stone
627 170 758 stone
627 170 759 stone
627 170 760 stone
627 170 761 stone
627 170 762 stone
627 170 763 stone
627 170 764 stone
627 170 765 stone
627 170 766 stone
627 170 767 stone
628 170 648 grass_block[snowy=false]
628 170 649 dirt
628 170 650 dirt
628 170 651 dirt
628 170 652 dirt
628 170 653 dirt
628 170 654 dirt
628 170 655 dirt
628 170 656 dirt
628 170 657 dirt
628 170 658 dirt
628 170 659 dirt
628 170 660 dirt
628 170 661 dirt
628 170 662 dirt
628 170 663 dirt
628 170 664 dirt
628 170 665 dirt
628 170 666 stone
628 170 667 stone
628 170 668 stone
628 170 669 stone
628 170 670 stone
628 170 671 stone
628 170 672 stone
628 170 673 stone
628 170 674 stone
628 170 675 stone
628 170 676 stone
628 170 677 stone
628 170 678 stone
628 170 679 stone
628 170 680 stone
628 170 681 stone
628 170 682 stone
628 170 683 stone
628 170 684 stone
628 170 685 stone
628 170 686 stone
628 170 687 stone
628 170 688 stone
628 170 689 stone
628 170 690 stone
628 170 691 stone
628 170 692 stone
628 170 693 stone
628 170 694 stone
628 170 695 stone
628 170 696 stone
628 170 697 stone
628 170 698 stone
628 170 699 stone
628 170 700 stone
628 170 701 stone
628 170 702 stone
628 170 703 stone
628 170 704 stone
628 170 705 stone
628 170 706 stone
628 170 707 coal_ore
628 170 708 stone
628 170 709 stone
628 170 710 stone
628 170 711 stone
628 170 712 stone
628 170 713 stone
628 170 714 stone
628 170 715 stone
628 170 716 stone
628 170 717 stone
628 170 718 stone
628 170 719 stone
628 170 720 stone
628 170 721 stone
628 170 722 stone
628 170 723 stone
628 170 724 stone
628 170 725 stone
628 170 726 stone
628 170 727 stone
628 170 728 stone
628 170 729 stone
628 170 730 stone
628 170 731 stone
628 170 732 stone
628 170 733 stone
628 170 734 stone
628 170 735 stone
628 170 736 stone
628 170 737 stone
628 170 738 stone
628 170 739 stone
628 170 740 stone
628 170 741 stone
628 170 742 stone
628 170 743 stone
628 170 744 stone
628 170 745 stone
628 170 746 stone
628 170 747 stone
628 170 748 stone
628 170 749 stone
628 170 750 stone
628 170 751 stone
628 170 752 stone
628 170 753 stone
628 170 754 stone
628 170 755 stone
628 170 756 stone
628 170 757 stone
628 170 758 stone
628 170 759 stone
628 170 760 stone
628 170 761 stone
628 170 762 stone
628 170 763 stone
628 170 764 stone
628 170 765 stone
628 170 766 stone
628 170 767 stone
629 170 645 dandelion
629 170 646 grass_block[snowy=false]
629 170 647 dirt
629 170 648 dirt
629 170 649 dirt
629 170 650 dirt
629 170 651 dirt
629 170 652 dirt
629 170 653 dirt
629 170 654 dirt
629 170 655 dirt
629 170 656 dirt
629 170 657 dirt
629 170 658 dirt
629 170 659 dirt
629 170 660 dirt
629 170 661 dirt
629 170 662 dirt
629 170 663 dirt
629 170 664 dirt
629 170 665 stone
629 170 666 stone
629 170 667 stone
629 170 668 stone
629 170 669 stone
629 170 670 stone
629 170 671 stone
629 170 672 stone
629 170 673 stone
629 170 674 stone
629 170 675 stone
629 170 676 stone
629 170 677 stone
629 170 678 stone
629 170 679 stone
629 170 680 stone
629 170 681 stone
629 170 682 stone
629 170 683 stone
629 170 684 stone
629 170 685 stone
629 170 686 stone
629 170 687 stone
629 170 688 stone
629 170 689 stone
629 170 690 stone
629 170 691 stone
629 170 692 stone
629 170 693 stone
629 170 694 stone
629 170 695 stone
629 170 696 stone
629 170 697 stone
629 170 698 stone
629 170 699 stone
629 170 700 stone
629 170 701 stone
629 170 702 stone
629 170 703 stone
629 170 704 stone
629 170 705 stone
629 170 706 stone
629 170 707 stone
629 170 708 stone
629 170 709 stone
629 170 710 stone
629 170 711 stone
629 170 712 stone
629 170 713 stone
629 170 714 stone
629 170 715 stone
629 170 716 stone
629 170 717 stone
629 170 718 stone
629 170 719 stone
629 170 720 stone
629 170 721 stone
629 170 722 stone
629 170 723 stone
629 170 724 stone
629 170 725 stone
629 170 726 stone
629 170 727 stone
629 170 728 stone
629 170 729 stone
629 170 730 stone
629 170 731 stone
629 170 732 stone
629 170 733 stone
629 170 734 stone
629 170 735 stone
629 170 736 stone
629 170 737 stone
629 170 738 stone
629 170 739 stone
629 170 740 stone
629 170 741 stone
629 170 742 stone
629 170 743 stone
629 170 744 stone
629 170 745 stone
629 170 746 stone
629 170 747 stone
629 170 748 stone
629 170 749 stone
629 170 750 stone
629 170 751 stone
629 170 752 stone
629 170 753 stone
629 170 754 stone
629 170 755 stone
629 170 756 stone
629 170 757 stone
629 170 758 stone
629 170 759 stone
629 170 760 stone
629 170 761 stone
629 170 762 stone
629 170 763 stone
629 170 764 stone
629 170 765 stone
629 170 766 stone
629 170 767 stone
630 170 645 dirt
630 170 646 dirt
630 170 647 dirt
630 170 648 dirt
630 170 649 dirt
630 170 650 dirt
630 170 651 stone
630 170 652 stone
630 170 653 stone
630 170 654 stone
630 170 655 stone
630 170 656 stone
630 170 657 dirt
630 170 658 dirt
630 170 659 dirt
630 170 660 dirt
630 170 661 dirt
630 170 662 dirt
630 170 663 stone
630 170 664 dirt
630 170 665 stone
630 170 666 stone
630 170 667 stone
630 170 668 stone
630 170 669 stone
630 170 670 stone
630 170 671 stone
630 170 672 stone
630 170 673 stone
630 170 674 stone
630 170 675 stone
630 170 676 stone
630 170 677 stone
630 170 678 stone
630 170 679 stone
630 170 680 stone
630 170 681 stone
630 170 682 stone
630 170 683 stone
630 170 684 stone
630 170 685 stone
630 170 686 stone
630 170 687 stone
630 170 688 stone
630 170 689 stone
630 170 690 stone
630 170 691 stone
630 170 692 stone
630 170 693 stone
630 170 694 stone
630 170 695 stone
630 170 696 stone
630 170 697 stone
630 170 698 stone
630 170 699 stone
630 170 700 stone
630 170 701 stone
630 170 702 stone
630 170 703 stone
630 170 704 stone
630 170 705 stone
630 170 706 stone
630 170 707 stone
630 170 708 stone
630 170 709 stone
630 170 710 stone
630 170 711 stone
630 170 712 stone
630 170 713 stone
630 170 714 stone
630 170 715 stone
630 170 716 stone
630 170 717 stone
630 170 718 stone
630 170 719 stone
630 170 720 stone
630 170 721 stone
630 170 722 stone
630 170 723 stone
630 170 724 stone
630 170 725 stone
630 170 726 stone
630 170 727 stone
630 170 728 stone
630 170 729 stone
630 170 730 stone
630 170 731 stone
630 170 732 stone
630 170 733 stone
630 170 734 stone
630 170 735 stone
630 170 736 stone
630 170 737 stone
630 170 738 stone
630 170 739 stone
630 170 740 stone
630 170 741 stone
630 170 742 stone
630 170 743 stone
630 170 744 stone
630 170 745 stone
630 170 746 stone
630 170 747 stone
630 170 748 stone
630 170 749 stone
630 170 750 stone
630 170 751 stone
630 170 752 stone
630 170 753 stone
630 170 754 stone
630 170 755 stone
630 170 756 stone
630 170 757 stone
630 170 758 stone
630 170 759 stone
630 170 760 stone
630 170 761 stone
630 170 762 stone
630 170 763 stone
630 170 764 stone
630 170 765 stone
630 170 766 stone
630 170 767 stone
631 170 643 dandelion
631 170 644 grass_block[snowy=false]
631 170 645 dirt
631 170 646 dirt
631 170 647 dirt
631 170 648 dirt
631 170 649 dirt
631 170 650 dirt
631 170 651 stone
631 170 652 stone
631 170 653 stone
631 170 654 stone
631 170 655 stone
631 170 656 stone
631 170 657 dirt
631 170 658 dirt
631 170 659 dirt
631 170 660 dirt
631 170 661 dirt
631 170 662 dirt
631 170 663 dirt
631 170 664 dirt
631 170 665 stone
631 170 666 stone
631 170 667 stone
631 170 668 stone
631 170 669 stone
631 170 670 stone
631 170 671 stone
631 170 672 stone
631 170 673 stone
631 170 674 stone
631 170 675 stone
631 170 676 stone
631 170 677 stone
631 170 678 stone
631 170 679 stone
631 170 680 stone
631 170 681 stone
631 170 682 stone
631 170 683 stone
631 170 684 stone
631 170 685 stone
631 170 686 stone
631 170 687 stone
631 170 688 stone
631 170 689 stone
631 170 690 stone
631 170 691 stone
631 170 692 stone
631 170 693 stone
631 170 694 stone
631 170 695 stone
631 170 696 stone
631 170 697 stone
631 170 698 stone
631 170 699 stone
631 170 700 stone
631 170 701 stone
631 170 702 stone
631 170 703 stone
631 170 704 stone
631 170 705 stone
631 170 706 stone
631 170 707 stone
631 170 708 stone
631 170 709 stone
631 170 710 stone
631 170 711 stone
631 170 712 stone
631 170 713 stone
631 170 714 stone
631 170 715 stone
631 170 716 stone
631 170 717 stone
631 170 718 stone
631 170 719 stone
631 170 720 stone
631 170 721 stone
631 170 722 stone
631 170 723 stone
631 170 724 stone
631 170 725 stone
631 170 726 stone
631 170 727 stone
631 170 728 stone
631 170 729 stone
631 170 730 stone
631 170 731 stone
631 170 732 stone
631 170 733 stone
631 170 734 stone
631 170 735 stone
631 170 736 stone
631 170 737 stone
631 170 738 stone
631 170 739 stone
631 170 740 stone
631 170 741 stone
631 170 742 stone
631 170 743 stone
631 170 744 stone
631 170 745 stone
631 170 746 stone
631 170 747 stone
631 170 748 stone
631 170 749 stone
631 170 750 stone
631 170 751 stone
631 170 752 stone
631 170 753 stone
631 170 754 stone
631 170 755 stone
631 170 756 stone
631 170 757 stone
631 170 758 stone
631 170 759 stone
631 170 760 stone
631 170 761 iron_ore
631 170 762 iron_ore
631 170 763 stone
631 170 764 stone
631 170 765 stone
631 170 766 stone
631 170 767 stone
632 170 644 grass_block[snowy=false]
632 170 645 dirt
632 170 646 dirt
632 170 647 dirt
632 170 648 dirt
632 170 649 dirt
632 170 650 dirt
632 170 651 stone
632 170 652 stone
632 170 653 stone
632 170 654 stone
632 170 655 stone
632 170 656 stone
632 170 657 dirt
632 170 658 dirt
632 170 659 dirt
632 170 660 dirt
632 170 661 dirt
632 170 662 dirt
632 170 663 stone
632 170 664 dirt
632 170 665 stone
632 170 666 stone
632 170 667 stone
632 170 668 stone
632 170 669 stone
632 170 670 stone
632 170 671 stone
632 170 672 stone
632 170 673 stone
632 170 674 stone
632 170 675 stone
632 170 676 stone
632 170 677 stone
632 170 678 stone
632 170 679 stone
632 170 680 stone
632 170 681 stone
632 170 682 stone
632 170 683 stone
632 170 684 stone
632 170 685 stone
632 170 686 stone
632 170 687 stone
632 170 688 stone
632 170 689 stone
632 170 690 stone
632 170 691 stone
632 170 692 stone
632 170 693 stone
632 170 694 stone
632 170 695 stone
632 170 696 stone
632 170 697 stone
632 170 698 stone
632 170 699 stone
632 170 700 stone
632 170 701 stone
632 170 702 stone
632 170 703 stone
632 170 704 stone
632 170 705 stone
632 170 706 stone
632 170 707 stone
632 170 708 stone
632 170 709 stone
632 170 710 stone
632 170 711 stone
632 170 712 stone
632 170 713 stone
632 170 714 stone
632 170 715 stone
632 170 716 stone
632 170 717 stone
632 170 718 stone
632 170 719 stone
632 170 720 stone
632 170 721 stone
632 170 722 stone
632 170 723 stone
632 170 724 stone
632 170 725 stone
632 170 726 stone
632 170 727 stone
632 170 728 stone
632 170 729 stone
632 170 730 stone
632 170 731 stone
632 170 732 stone
632 170 733 stone
632 170 734 stone
632 170 735 stone
632 170 736 stone
632 170 737 stone
632 170 738 stone
632 170 739 stone
632 170 740 stone
632 170 741 stone
632 170 742 stone
632 170 743 stone
632 170 744 stone
632 170 745 stone
632 170 746 stone
632 170 747 stone
632 170 748 stone
632 170 749 stone
632 170 750 stone
632 170 751 stone
632 170 752 stone
632 170 753 stone
632 170 754 stone
632 170 755 stone
632 170 756 stone
632 170 757 stone
632 170 758 stone
632 170 759 stone
632 170 760 stone
632 170 761 iron_ore
632 170 762 iron_ore
632 170 763 stone
632 170 764 stone
632 170 765 stone
632 170 766 stone
632 170 767 stone
633 170 642 dandelion
633 170 644 grass_block[snowy=false]
633 170 645 dirt
633 170 646 dirt
633 170 647 dirt
633 170 648 dirt
633 170 649 dirt
633 170 650 stone
633 170 651 stone
633 170 652 stone
633 170 653 stone
633 170 654 stone
633 170 655 stone
633 170 656 stone
633 170 657 dirt
633 170 658 dirt
633 170 659 dirt
633 170 660 dirt
633 170 661 dirt
633 170 662 dirt
633 170 663 dirt
633 170 664 stone
633 170 665 stone
633 170 666 stone
633 170 667 stone
633 170 668 stone
633 170 669 stone
633 170 670 stone
633 170 671 stone
633 170 672 stone
633 170 673 stone
633 170 674 stone
633 170 675 stone
633 170 676 stone
633 170 677 stone
633 170 678 stone
633 170 679 stone
633 170 680 stone
633 170 681 stone
633 170 682 stone
633 170 683 stone
633 170 684 stone
633 170 685 stone
633 170 686 stone
633 170 687 stone
633 170 688 stone
633 170 689 stone
633 170 690 stone
633 170 691 stone
633 170 692 stone
633 170 693 stone
633 170 694 stone
633 170 695 stone
633 170 696 stone
633 170 697 dirt
633 170 698 dirt
633 170 699 stone
633 170 700 stone
633 170 701 stone
633 170 702 stone
633 170 703 stone
633 170 704 stone
633 170 705 stone
633 170 706 stone
633 170 707 stone
633 170 708 stone
633 170 709 stone
633 170 710 stone
633 170 711 stone
633 170 712 stone
633 170 713 stone
633 170 714 stone
633 170 715 stone
633 170 716 stone
633 170 717 stone
633 170 718 stone
633 170 719 stone
633 170 720 stone
633 170 721 stone
633 170 722 stone
633 170 723 stone
633 170 724 stone
633 170 725 stone
633 170 726 stone
633 170 727 stone
633 170 728 stone
633 170 729 stone
633 170 730 stone
633 170 731 stone
633 170 732 stone
633 170 733 stone
633 170 734 stone
633 170 735 stone
633 170 736 stone
633 170 737 stone
633 170 738 stone
633 170 739 stone
633 170 740 stone
633 170 741 stone
633 170 742 stone
633 170 743 stone
633 170 744 stone
633 170 745 stone
633 170 746 stone
633 170 747 stone
633 170 748 stone
633 170 749 stone
633 170 750 stone
633 170 751 stone
633 170 752 stone
633 170 753 stone
633 170 754 stone
633 170 755 stone
633 170 756 stone
633 170 757 stone
633 170 758 stone
633 170 759 stone
633 170 760 stone
633 170 761 stone
633 170 762 stone
633 170 763 stone
633 170 764 stone
633 170 765 stone
633 170 766 stone
633 170 767 stone
634 170 642 short_grass
634 170 643 grass_block[snowy=false]
634 170 644 grass_block[snowy=false]
634 170 645 dirt
634 170 646 dirt
634 170 647 dirt
634 170 648 dirt
634 170 649 dirt
634 170 650 stone
634 170 651 stone
634 170 652 stone
634 170 653 stone
634 170 654 stone
634 170 655 stone
634 170 656 stone
634 170 657 dirt
634 170 658 dirt
634 170 659 dirt
634 170 660 dirt
634 170 661 dirt
634 170 662 dirt
634 170 663 dirt
634 170 664 stone
634 170 665 stone
634 170 666 stone
