569 163 718 stone
569 163 719 stone
569 163 720 stone
569 163 721 dirt
569 163 722 dirt
569 163 723 dirt
569 163 724 dirt
569 163 725 stone
569 163 726 stone
569 163 727 stone
569 163 728 stone
569 163 729 stone
569 163 730 stone
569 163 731 stone
569 163 732 stone
569 163 733 stone
569 163 734 stone
569 163 735 stone
569 163 736 stone
569 163 737 stone
569 163 738 stone
569 163 739 stone
569 163 740 stone
569 163 741 stone
569 163 742 stone
569 163 743 stone
569 163 744 stone
569 163 745 stone
569 163 746 stone
569 163 747 stone
569 163 748 stone
569 163 749 stone
569 163 750 stone
569 163 751 stone
569 163 752 stone
569 163 753 stone
569 163 754 stone
569 163 755 stone
569 163 756 stone
569 163 757 stone
569 163 758 stone
569 163 759 dirt
569 163 760 dirt
569 163 761 dirt
570 163 705 dirt
570 163 706 dirt
570 163 707 stone
570 163 708 stone
570 163 709 stone
570 163 710 stone
570 163 711 stone
570 163 712 stone
570 163 713 stone
570 163 714 stone
570 163 715 stone
570 163 716 stone
570 163 717 stone
570 163 718 stone
570 163 719 stone
570 163 720 stone
570 163 721 dirt
570 163 722 dirt
570 163 723 dirt
570 163 724 dirt
570 163 725 stone
570 163 726 stone
570 163 727 stone
570 163 728 stone
570 163 729 stone
570 163 730 stone
570 163 731 stone
570 163 732 stone
570 163 733 stone
570 163 734 stone
570 163 735 stone
570 163 736 stone
570 163 737 stone
570 163 738 stone
570 163 739 stone
570 163 740 stone
570 163 741 stone
570 163 742 stone
570 163 743 stone
570 163 744 stone
570 163 745 stone
570 163 746 stone
570 163 747 stone
570 163 748 stone
570 163 749 stone
570 163 750 stone
570 163 751 stone
570 163 752 stone
570 163 753 stone
570 163 754 stone
570 163 755 stone
570 163 759 stone
570 163 760 stone
570 163 761 dirt
570 163 762 dirt
570 163 763 grass_block[snowy=false]
571 163 704 grass_block[snowy=false]
571 163 705 dirt
571 163 706 dirt
571 163 707 stone
571 163 708 stone
571 163 709 stone
571 163 710 stone
571 163 711 stone
571 163 712 stone
571 163 713 stone
571 163 714 stone
571 163 715 stone
571 163 716 stone
571 163 717 stone
571 163 718 stone
571 163 719 stone
571 163 720 stone
571 163 721 dirt
571 163 722 dirt
571 163 723 dirt
571 163 724 dirt
571 163 725 stone
571 163 726 stone
571 163 727 stone
571 163 728 stone
571 163 729 stone
571 163 730 stone
571 163 731 stone
571 163 732 stone
571 163 733 stone
571 163 734 stone
571 163 735 stone
571 163 736 stone
571 163 737 stone
571 163 738 stone
571 163 739 stone
571 163 740 stone
571 163 741 stone
571 163 742 stone
571 163 743 stone
571 163 744 stone
571 163 745 stone
571 163 746 stone
571 163 747 stone
571 163 748 stone
571 163 749 stone
571 163 750 stone
571 163 751 stone
571 163 752 stone
571 163 753 stone
571 163 754 stone
571 163 761 stone
571 163 762 dirt
571 163 763 dirt
572 163 704 grass_block[snowy=false]
572 163 705 dirt
572 163 706 dirt
572 163 707 stone
572 163 708 stone
572 163 709 stone
572 163 710 stone
572 163 711 stone
572 163 712 stone
572 163 713 stone
572 163 714 stone
572 163 715 stone
572 163 716 stone
572 163 717 stone
572 163 718 stone
572 163 719 coal_ore
572 163 720 coal_ore
572 163 721 stone
572 163 722 dirt
572 163 723 dirt
572 163 724 dirt
572 163 725 dirt
572 163 726 stone
572 163 727 stone
572 163 728 stone
572 163 729 stone
572 163 730 stone
572 163 731 stone
572 163 732 stone
572 163 733 stone
572 163 734 stone
572 163 735 stone
572 163 736 stone
572 163 737 stone
572 163 738 stone
572 163 739 stone
572 163 740 stone
572 163 741 stone
572 163 742 stone
572 163 743 stone
572 163 744 stone
572 163 745 stone
572 163 746 stone
572 163 747 stone
572 163 748 stone
572 163 749 stone
572 163 750 stone
572 163 751 stone
572 163 752 stone
572 163 753 stone
572 163 754 stone
572 163 761 stone
572 163 762 dirt
572 163 763 dirt
572 163 764 grass_block[snowy=false]
573 163 703 grass_block[snowy=false]
573 163 704 dirt
573 163 705 dirt
573 163 706 dirt
573 163 707 stone
573 163 708 stone
573 163 709 stone
573 163 710 stone
573 163 711 stone
573 163 712 stone
573 163 713 stone
573 163 714 stone
573 163 715 stone
573 163 716 stone
573 163 717 stone
573 163 718 stone
573 163 719 coal_ore
573 163 720 coal_ore
573 163 721 coal_ore
573 163 722 dirt
573 163 723 dirt
573 163 724 dirt
573 163 725 dirt
573 163 726 stone
573 163 727 stone
573 163 728 stone
573 163 729 stone
573 163 730 stone
573 163 731 stone
573 163 732 stone
573 163 733 stone
573 163 734 stone
573 163 735 stone
573 163 736 stone
573 163 737 stone
573 163 738 stone
573 163 739 stone
573 163 740 stone
573 163 741 stone
573 163 742 stone
573 163 743 stone
573 163 744 stone
573 163 745 stone
573 163 746 stone
573 163 747 stone
573 163 748 stone
573 163 749 stone
573 163 750 stone
573 163 751 stone
573 163 752 stone
573 163 753 stone
573 163 754 stone
573 163 755 stone
573 163 760 stone
573 163 761 stone
573 163 762 stone
573 163 763 dirt
573 163 764 dirt
574 163 703 grass_block[snowy=false]
574 163 704 dirt
574 163 705 dirt
574 163 706 stone
574 163 707 stone
574 163 708 stone
574 163 709 stone
574 163 710 stone
574 163 711 stone
574 163 712 stone
574 163 713 stone
574 163 714 stone
574 163 715 stone
574 163 716 stone
574 163 717 stone
574 163 718 stone
574 163 719 stone
574 163 720 coal_ore
574 163 721 coal_ore
574 163 722 coal_ore
574 163 723 dirt
574 163 724 dirt
574 163 725 stone
574 163 726 stone
574 163 727 stone
574 163 728 stone
574 163 729 iron_ore
574 163 730 iron_ore
574 163 731 stone
574 163 732 stone
574 163 733 stone
574 163 734 stone
574 163 735 stone
574 163 736 stone
574 163 737 stone
574 163 738 stone
574 163 739 stone
574 163 740 stone
574 163 741 stone
574 163 742 stone
574 163 743 stone
574 163 744 stone
574 163 745 stone
574 163 746 stone
574 163 747 stone
574 163 748 stone
574 163 749 stone
574 163 750 stone
574 163 751 stone
574 163 752 stone
574 163 753 iron_ore
574 163 754 iron_ore
574 163 755 stone
574 163 756 stone
574 163 757 stone
574 163 758 stone
574 163 759 stone
574 163 760 stone
574 163 761 stone
574 163 762 stone
574 163 763 dirt
574 163 764 dirt
574 163 765 short_grass
575 163 702 grass_block[snowy=false]
575 163 703 dirt
575 163 704 dirt
575 163 705 stone
575 163 706 stone
575 163 707 stone
575 163 708 stone
575 163 709 stone
575 163 710 stone
575 163 711 stone
575 163 712 stone
575 163 713 stone
575 163 714 stone
575 163 715 stone
575 163 716 stone
575 163 717 stone
575 163 718 stone
575 163 719 stone
575 163 720 stone
575 163 721 coal_ore
575 163 722 coal_ore
575 163 723 dirt
575 163 724 dirt
575 163 725 stone
575 163 726 stone
575 163 727 stone
575 163 728 stone
575 163 729 iron_ore
575 163 730 iron_ore
575 163 731 stone
575 163 732 stone
575 163 733 stone
575 163 734 stone
575 163 735 stone
575 163 736 stone
575 163 737 stone
575 163 738 stone
575 163 739 stone
575 163 740 stone
575 163 741 stone
575 163 742 stone
575 163 743 stone
575 163 744 stone
575 163 745 stone
575 163 746 stone
575 163 747 stone
575 163 748 stone
575 163 749 stone
575 163 750 stone
575 163 751 stone
575 163 752 iron_ore
575 163 753 iron_ore
575 163 754 iron_ore
575 163 755 stone
575 163 756 stone
575 163 757 stone
575 163 758 stone
575 163 759 stone
575 163 760 stone
575 163 761 stone
575 163 762 stone
575 163 763 dirt
575 163 764 dirt
575 163 765 grass_block[snowy=false]
576 163 688 short_grass
576 163 689 short_grass
576 163 698 grass_block[snowy=false]
576 163 699 grass_block[snowy=false]
576 163 700 grass_block[snowy=false]
576 163 701 dirt
576 163 702 dirt
576 163 703 dirt
576 163 704 stone
576 163 705 stone
576 163 706 stone
576 163 707 stone
576 163 708 stone
576 163 709 stone
576 163 710 stone
576 163 711 stone
576 163 712 stone
576 163 713 stone
576 163 714 stone
576 163 715 stone
576 163 716 stone
576 163 717 stone
576 163 718 stone
576 163 719 stone
576 163 720 stone
576 163 721 stone
576 163 722 stone
576 163 723 stone
576 163 724 stone
576 163 725 stone
576 163 726 stone
576 163 727 stone
576 163 728 stone
576 163 729 stone
576 163 730 stone
576 163 731 stone
576 163 732 stone
576 163 733 stone
576 163 734 stone
576 163 735 stone
576 163 736 stone
576 163 737 stone
576 163 738 stone
576 163 739 stone
576 163 740 stone
576 163 741 stone
576 163 742 stone
576 163 743 stone
576 163 744 stone
576 163 745 stone
576 163 746 stone
576 163 747 stone
576 163 748 stone
576 163 749 stone
576 163 750 stone
576 163 751 stone
576 163 752 stone
576 163 753 stone
576 163 754 stone
576 163 755 stone
576 163 756 stone
576 163 757 stone
576 163 758 stone
576 163 759 stone
576 163 760 stone
576 163 761 stone
576 163 762 stone
576 163 763 dirt
576 163 764 dirt
576 163 765 dirt
576 163 766 grass_block[snowy=false]
577 163 687 grass_block[snowy=false]
577 163 688 dirt
577 163 689 dirt
577 163 690 dirt
577 163 691 dirt
577 163 692 dirt
577 163 693 dirt
577 163 694 dirt
577 163 695 dirt
577 163 696 dirt
577 163 697 dirt
577 163 698 dirt
577 163 699 dirt
577 163 700 dirt
577 163 701 dirt
577 163 702 stone
577 163 703 stone
577 163 704 stone
577 163 705 stone
577 163 706 stone
577 163 707 stone
577 163 708 stone
577 163 709 stone
577 163 710 stone
577 163 711 stone
577 163 712 stone
577 163 713 stone
577 163 714 stone
577 163 715 stone
577 163 716 stone
577 163 717 stone
577 163 718 stone
577 163 719 stone
577 163 720 stone
577 163 721 stone
577 163 722 stone
577 163 723 stone
577 163 724 stone
577 163 725 stone
577 163 726 stone
577 163 727 stone
577 163 728 stone
577 163 729 stone
577 163 730 stone
577 163 731 stone
577 163 732 stone
577 163 733 stone
577 163 734 stone
577 163 735 stone
577 163 736 stone
577 163 737 stone
577 163 738 stone
577 163 739 stone
577 163 740 stone
577 163 741 stone
577 163 742 stone
577 163 743 stone
577 163 744 stone
577 163 745 stone
577 163 746 stone
577 163 747 stone
577 163 748 stone
577 163 749 stone
577 163 750 stone
577 163 751 stone
577 163 752 stone
577 163 753 stone
577 163 754 stone
577 163 755 stone
577 163 756 stone
577 163 757 stone
577 163 758 stone
577 163 759 stone
577 163 760 stone
577 163 761 stone
577 163 762 stone
577 163 763 stone
577 163 764 dirt
577 163 765 dirt
577 163 766 dirt
577 163 767 dirt
578 163 686 grass_block[snowy=false]
578 163 687 dirt
578 163 688 stone
578 163 689 dirt
578 163 690 dirt
578 163 691 dirt
578 163 692 dirt
578 163 693 dirt
578 163 694 dirt
578 163 695 dirt
578 163 696 dirt
578 163 697 stone
578 163 698 stone
578 163 699 stone
578 163 700 stone
578 163 701 stone
578 163 702 stone
578 163 703 stone
578 163 704 stone
578 163 705 stone
578 163 706 stone
578 163 707 stone
578 163 708 coal_ore
578 163 709 stone
578 163 710 stone
578 163 711 stone
578 163 712 stone
578 163 713 stone
578 163 714 stone
578 163 715 stone
578 163 716 stone
578 163 717 stone
578 163 718 stone
578 163 719 stone
578 163 720 stone
578 163 721 stone
578 163 722 stone
578 163 723 stone
578 163 724 stone
578 163 725 stone
578 163 726 stone
578 163 727 stone
578 163 728 stone
578 163 729 stone
578 163 730 stone
578 163 731 stone
578 163 732 stone
578 163 733 stone
578 163 734 stone
578 163 735 stone
578 163 736 stone
578 163 737 stone
578 163 738 stone
578 163 739 stone
578 163 740 stone
578 163 741 stone
578 163 742 stone
578 163 743 stone
578 163 744 stone
578 163 745 stone
578 163 746 stone
578 163 747 stone
578 163 748 stone
578 163 749 stone
578 163 750 stone
578 163 751 stone
578 163 752 stone
578 163 753 stone
578 163 754 stone
578 163 755 stone
578 163 756 stone
578 163 757 stone
578 163 758 stone
578 163 759 stone
578 163 760 stone
578 163 761 stone
578 163 762 stone
578 163 763 stone
578 163 764 dirt
578 163 765 dirt
578 163 766 dirt
578 163 767 dirt
579 163 685 grass_block[snowy=false]
579 163 686 dirt
579 163 687 stone
579 163 688 stone
579 163 689 stone
579 163 690 stone
579 163 691 stone
579 163 692 dirt
579 163 693 dirt
579 163 694 stone
579 163 695 stone
579 163 696 stone
579 163 697 stone
579 163 698 stone
579 163 699 stone
579 163 700 stone
579 163 701 stone
579 163 702 stone
579 163 703 stone
579 163 704 stone
579 163 705 stone
579 163 706 stone
579 163 707 coal_ore
579 163 708 coal_ore
579 163 709 stone
579 163 710 stone
579 163 711 stone
579 163 712 stone
579 163 713 stone
579 163 714 stone
579 163 715 stone
579 163 716 stone
579 163 717 stone
579 163 718 stone
579 163 719 stone
579 163 720 stone
579 163 721 stone
579 163 722 stone
579 163 723 stone
579 163 724 stone
579 163 725 stone
579 163 726 stone
579 163 727 stone
579 163 728 stone
579 163 729 stone
579 163 730 stone
579 163 731 stone
579 163 732 stone
579 163 733 stone
579 163 734 stone
579 163 735 stone
579 163 736 stone
579 163 737 stone
579 163 738 stone
579 163 739 stone
579 163 740 stone
579 163 741 stone
579 163 742 stone
579 163 743 stone
579 163 744 stone
579 163 745 stone
579 163 746 stone
579 163 747 stone
579 163 748 stone
579 163 749 stone
579 163 750 stone
579 163 751 stone
579 163 752 stone
579 163 753 stone
579 163 754 stone
579 163 755 stone
579 163 756 stone
579 163 757 stone
579 163 758 stone
579 163 759 stone
579 163 760 stone
579 163 761 stone
579 163 762 stone
579 163 763 stone
579 163 764 stone
579 163 765 stone
579 163 766 stone
579 163 767 stone
580 163 684 dirt
580 163 685 dirt
580 163 686 stone
580 163 687 stone
580 163 688 stone
580 163 689 stone
580 163 690 stone
580 163 691 stone
580 163 692 stone
580 163 693 stone
580 163 694 stone
580 163 695 stone
580 163 696 stone
580 163 697 stone
580 163 698 stone
580 163 699 stone
580 163 700 stone
580 163 701 stone
580 163 702 stone
580 163 703 stone
580 163 704 stone
580 163 705 stone
580 163 706 coal_ore
580 163 707 coal_ore
580 163 708 coal_ore
580 163 709 stone
580 163 710 stone
580 163 711 stone
580 163 712 stone
580 163 713 stone
580 163 714 stone
580 163 715 stone
580 163 716 stone
580 163 717 stone
580 163 718 stone
580 163 719 stone
580 163 720 stone
580 163 721 stone
580 163 722 stone
580 163 723 stone
580 163 724 stone
580 163 725 stone
580 163 726 stone
580 163 727 stone
580 163 728 stone
580 163 729 stone
580 163 730 stone
580 163 731 stone
580 163 732 stone
580 163 733 stone
580 163 734 stone
580 163 735 stone
580 163 736 stone
580 163 737 stone
580 163 738 stone
580 163 739 stone
580 163 740 stone
580 163 741 stone
580 163 742 stone
580 163 743 stone
580 163 744 stone
580 163 745 stone
580 163 746 stone
580 163 747 stone
580 163 748 stone
580 163 749 stone
580 163 750 stone
580 163 751 stone
580 163 752 stone
580 163 753 stone
580 163 754 stone
580 163 755 stone
580 163 756 stone
580 163 757 stone
580 163 758 stone
580 163 759 stone
580 163 760 stone
580 163 761 stone
580 163 762 stone
580 163 763 stone
580 163 764 stone
580 163 765 stone
580 163 766 stone
580 163 767 stone
581 163 682 grass_block[snowy=false]
581 163 683 dirt
581 163 684 dirt
581 163 685 stone
581 163 686 stone
581 163 687 stone
581 163 688 stone
581 163 689 stone
581 163 690 stone
581 163 691 stone
581 163 692 stone
581 163 693 stone
581 163 694 stone
581 163 695 stone
581 163 696 stone
581 163 697 stone
581 163 698 stone
581 163 699 stone
581 163 700 stone
581 163 701 stone
581 163 702 stone
581 163 703 stone
581 163 704 stone
581 163 705 stone
581 163 706 coal_ore
581 163 707 coal_ore
581 163 708 stone
581 163 709 stone
581 163 710 stone
581 163 711 stone
581 163 712 stone
581 163 713 stone
581 163 714 stone
581 163 715 stone
581 163 716 stone
581 163 717 stone
581 163 718 stone
581 163 719 stone
581 163 720 stone
581 163 721 stone
581 163 722 stone
581 163 723 stone
581 163 724 stone
581 163 725 stone
581 163 726 stone
581 163 727 stone
581 163 728 stone
581 163 729 stone
581 163 730 stone
581 163 731 stone
581 163 732 stone
581 163 733 stone
581 163 734 stone
581 163 735 stone
581 163 736 stone
581 163 737 stone
581 163 738 stone
581 163 739 stone
581 163 740 stone
581 163 741 stone
581 163 742 stone
581 163 743 stone
581 163 744 stone
581 163 745 stone
581 163 746 stone
581 163 747 stone
581 163 748 stone
581 163 749 stone
581 163 750 stone
581 163 751 stone
581 163 752 stone
581 163 753 stone
581 163 754 stone
581 163 755 stone
581 163 756 stone
581 163 757 stone
581 163 758 stone
581 163 759 stone
581 163 760 stone
581 163 761 stone
581 163 762 stone
581 163 763 stone
581 163 764 stone
581 163 765 stone
581 163 766 stone
581 163 767 stone
582 163 681 grass_block[snowy=false]
582 163 682 dirt
582 163 683 dirt
582 163 684 stone
582 163 685 stone
582 163 686 stone
582 163 687 stone
582 163 688 stone
582 163 689 stone
582 163 690 stone
582 163 691 stone
582 163 692 stone
582 163 693 stone
582 163 694 stone
582 163 695 stone
582 163 696 stone
582 163 697 stone
582 163 698 stone
582 163 699 stone
582 163 700 stone
582 163 701 stone
582 163 702 stone
582 163 703 stone
582 163 704 stone
582 163 705 stone
582 163 706 coal_ore
582 163 707 stone
582 163 708 stone
582 163 709 stone
582 163 710 stone
582 163 711 stone
582 163 712 stone
582 163 713 stone
582 163 714 stone
582 163 715 stone
582 163 716 stone
582 163 717 stone
582 163 718 stone
582 163 719 stone
582 163 720 stone
582 163 721 stone
582 163 722 stone
582 163 723 stone
582 163 724 stone
582 163 725 stone
582 163 726 stone
582 163 727 stone
582 163 728 stone
582 163 729 stone
582 163 730 stone
582 163 731 stone
582 163 732 stone
582 163 733 stone
582 163 734 stone
582 163 735 stone
582 163 736 stone
582 163 737 stone
582 163 738 stone
582 163 739 stone
582 163 740 stone
582 163 741 stone
582 163 742 stone
582 163 743 stone
582 163 744 stone
582 163 745 stone
582 163 746 stone
582 163 747 stone
582 163 748 stone
582 163 749 stone
582 163 750 stone
582 163 751 stone
582 163 752 stone
582 163 753 stone
582 163 754 stone
582 163 755 stone
582 163 756 stone
582 163 757 stone
582 163 758 stone
582 163 759 stone
582 163 760 stone
582 163 761 stone
582 163 762 stone
582 163 763 stone
582 163 764 stone
582 163 765 stone
582 163 766 stone
582 163 767 stone
583 163 680 grass_block[snowy=false]
583 163 681 dirt
583 163 682 dirt
583 163 683 stone
583 163 684 stone
583 163 685 stone
583 163 686 stone
583 163 687 stone
583 163 688 stone
583 163 689 stone
583 163 690 stone
583 163 691 stone
583 163 692 stone
583 163 693 stone
583 163 694 stone
583 163 695 stone
583 163 696 stone
583 163 697 stone
583 163 698 stone
583 163 699 stone
583 163 700 stone
583 163 701 stone
583 163 702 stone
583 163 703 stone
583 163 704 stone
583 163 705 stone
583 163 706 stone
583 163 707 stone
583 163 708 stone
583 163 709 stone
583 163 710 stone
583 163 711 stone
583 163 712 stone
583 163 713 stone
583 163 714 stone
583 163 715 stone
583 163 716 stone
583 163 717 stone
583 163 718 stone
583 163 719 stone
583 163 720 stone
583 163 721 stone
583 163 722 stone
583 163 723 stone
583 163 724 stone
583 163 725 stone
583 163 726 stone
583 163 727 stone
583 163 728 stone
583 163 729 stone
583 163 730 stone
583 163 731 stone
583 163 732 stone
583 163 733 stone
583 163 734 stone
583 163 735 stone
583 163 736 stone
583 163 737 stone
583 163 738 stone
583 163 739 stone
583 163 740 stone
583 163 741 stone
583 163 742 stone
583 163 743 stone
583 163 744 stone
583 163 745 stone
583 163 746 stone
583 163 747 stone
583 163 748 stone
583 163 749 stone
583 163 750 stone
583 163 751 stone
583 163 752 stone
583 163 753 stone
583 163 754 stone
583 163 755 stone
583 163 756 stone
583 163 757 stone
583 163 758 stone
583 163 759 stone
583 163 760 stone
583 163 761 stone
583 163 762 stone
583 163 763 stone
583 163 764 stone
583 163 765 stone
583 163 766 stone
583 163 767 stone
584 163 680 dirt
584 163 681 dirt
584 163 682 stone
584 163 683 stone
584 163 684 stone
584 163 685 stone
584 163 686 stone
584 163 687 stone
584 163 688 stone
584 163 689 stone
584 163 690 stone
584 163 691 stone
584 163 692 stone
584 163 693 stone
584 163 694 stone
584 163 695 stone
584 163 696 stone
584 163 697 stone
584 163 698 stone
584 163 699 stone
584 163 700 stone
584 163 701 stone
584 163 702 stone
584 163 703 stone
584 163 704 stone
584 163 705 stone
584 163 706 stone
584 163 707 stone
584 163 708 stone
584 163 709 stone
584 163 710 stone
584 163 711 stone
584 163 712 stone
584 163 713 stone
584 163 714 stone
584 163 715 stone
584 163 716 stone
584 163 717 stone
584 163 718 stone
584 163 719 stone
584 163 720 stone
584 163 721 stone
584 163 722 stone
584 163 723 stone
584 163 724 stone
584 163 725 stone
584 163 726 stone
584 163 727 stone
584 163 728 stone
584 163 729 stone
584 163 730 stone
584 163 731 stone
584 163 732 stone
584 163 733 stone
584 163 734 stone
584 163 735 stone
584 163 736 stone
584 163 737 stone
584 163 738 stone
584 163 739 stone
584 163 740 stone
584 163 741 stone
