604 171 684 stone
604 171 685 stone
604 171 686 stone
604 171 687 stone
604 171 688 stone
604 171 689 stone
604 171 690 stone
604 171 691 stone
604 171 692 stone
604 171 693 coal_ore
604 171 694 coal_ore
604 171 695 stone
604 171 696 stone
604 171 697 stone
604 171 698 stone
604 171 699 stone
604 171 700 stone
604 171 701 stone
604 171 702 dirt
604 171 703 dirt
604 171 704 dirt
604 171 705 dirt
604 171 706 dirt
604 171 707 stone
604 171 711 stone
604 171 712 stone
604 171 713 stone
604 171 714 stone
604 171 715 stone
604 171 716 stone
604 171 717 stone
604 171 718 stone
604 171 719 stone
604 171 720 stone
604 171 721 stone
604 171 722 stone
604 171 723 stone
604 171 724 stone
604 171 725 stone
604 171 726 stone
604 171 727 stone
604 171 728 stone
604 171 729 stone
604 171 730 stone
604 171 731 stone
604 171 732 stone
604 171 733 stone
604 171 734 stone
604 171 735 stone
604 171 736 stone
604 171 737 stone
604 171 738 stone
604 171 739 stone
604 171 740 stone
604 171 741 stone
604 171 742 stone
604 171 743 stone
604 171 744 stone
604 171 745 stone
604 171 746 stone
604 171 747 stone
604 171 748 stone
604 171 749 stone
604 171 750 stone
604 171 751 stone
604 171 752 stone
604 171 753 stone
604 171 754 stone
604 171 755 stone
604 171 756 stone
604 171 757 stone
604 171 758 stone
604 171 759 stone
604 171 760 stone
604 171 761 stone
604 171 762 stone
604 171 763 stone
604 171 764 stone
604 171 765 stone
604 171 766 stone
604 171 767 stone
605 171 674 dirt
605 171 675 dirt
605 171 676 dirt
605 171 677 stone
605 171 678 stone
605 171 679 stone
605 171 680 stone
605 171 681 stone
605 171 682 stone
605 171 683 stone
605 171 684 stone
605 171 685 stone
605 171 686 stone
605 171 687 stone
605 171 688 stone
605 171 689 stone
605 171 690 stone
605 171 691 stone
605 171 692 stone
605 171 693 coal_ore
605 171 694 stone
605 171 695 stone
605 171 696 stone
605 171 697 stone
605 171 698 stone
605 171 699 stone
605 171 700 stone
605 171 701 dirt
605 171 702 dirt
605 171 703 dirt
605 171 704 dirt
605 171 705 dirt
605 171 706 dirt
605 171 711 stone
605 171 712 stone
605 171 713 stone
605 171 714 stone
605 171 715 stone
605 171 716 stone
605 171 717 stone
605 171 718 stone
605 171 719 stone
605 171 720 stone
605 171 721 stone
605 171 722 stone
605 171 723 stone
605 171 724 stone
605 171 725 stone
605 171 726 stone
605 171 727 stone
605 171 728 stone
605 171 729 stone
605 171 730 stone
605 171 731 stone
605 171 732 stone
605 171 733 stone
605 171 734 stone
605 171 735 stone
605 171 736 stone
605 171 737 stone
605 171 738 stone
605 171 739 stone
605 171 740 stone
605 171 741 stone
605 171 742 stone
605 171 743 stone
605 171 744 stone
605 171 745 stone
605 171 746 stone
605 171 747 stone
605 171 748 stone
605 171 749 stone
605 171 750 stone
605 171 751 stone
605 171 752 stone
605 171 753 stone
605 171 754 stone
605 171 755 stone
605 171 756 stone
605 171 757 stone
605 171 758 stone
605 171 759 stone
605 171 760 stone
605 171 761 stone
605 171 762 stone
605 171 763 stone
605 171 764 stone
605 171 765 stone
605 171 766 stone
605 171 767 stone
606 171 674 dirt
606 171 675 dirt
606 171 676 stone
606 171 677 stone
606 171 678 stone
606 171 679 stone
606 171 680 stone
606 171 681 stone
606 171 682 stone
606 171 683 stone
606 171 684 stone
606 171 685 stone
606 171 686 stone
606 171 687 stone
606 171 688 stone
606 171 689 stone
606 171 690 stone
606 171 691 stone
606 171 692 stone
606 171 693 stone
606 171 694 stone
606 171 695 stone
606 171 696 stone
606 171 697 stone
606 171 698 stone
606 171 699 stone
606 171 700 dirt
606 171 701 dirt
606 171 702 dirt
606 171 703 dirt
606 171 704 dirt
606 171 705 dirt
606 171 706 dirt
606 171 711 stone
606 171 712 stone
606 171 713 stone
606 171 714 stone
606 171 715 stone
606 171 716 stone
606 171 717 stone
606 171 718 stone
606 171 719 stone
606 171 720 stone
606 171 721 stone
606 171 722 stone
606 171 723 stone
606 171 724 stone
606 171 725 iron_ore
606 171 726 stone
606 171 727 stone
606 171 728 stone
606 171 729 stone
606 171 730 stone
606 171 731 stone
606 171 732 stone
606 171 733 stone
606 171 734 stone
606 171 735 stone
606 171 736 stone
606 171 737 stone
606 171 738 stone
606 171 739 stone
606 171 740 stone
606 171 741 stone
606 171 742 stone
606 171 743 stone
606 171 744 stone
606 171 745 stone
606 171 746 stone
606 171 747 stone
606 171 748 stone
606 171 749 stone
606 171 750 stone
606 171 751 stone
606 171 752 stone
606 171 753 stone
606 171 754 stone
606 171 755 stone
606 171 756 stone
606 171 757 stone
606 171 758 stone
606 171 759 stone
606 171 760 stone
606 171 761 stone
606 171 762 stone
606 171 763 stone
606 171 764 stone
606 171 765 stone
606 171 766 stone
606 171 767 stone
607 171 674 dirt
607 171 675 dirt
607 171 676 stone
607 171 677 stone
607 171 678 stone
607 171 679 stone
607 171 680 stone
607 171 681 stone
607 171 682 stone
607 171 683 stone
607 171 684 stone
607 171 685 stone
607 171 686 stone
607 171 687 stone
607 171 688 stone
607 171 689 stone
607 171 690 stone
607 171 691 stone
607 171 692 stone
607 171 693 stone
607 171 694 stone
607 171 695 stone
607 171 696 stone
607 171 697 stone
607 171 698 stone
607 171 699 grass_block[snowy=false]
607 171 700 grass_block[snowy=false]
607 171 701 grass_block[snowy=false]
607 171 702 grass_block[snowy=false]
607 171 703 grass_block[snowy=false]
607 171 704 grass_block[snowy=false]
607 171 705 stone
607 171 706 stone
607 171 711 stone
607 171 712 stone
607 171 713 stone
607 171 714 stone
607 171 715 stone
607 171 716 stone
607 171 717 stone
607 171 718 stone
607 171 719 stone
607 171 720 stone
607 171 721 stone
607 171 722 stone
607 171 723 stone
607 171 724 stone
607 171 725 stone
607 171 726 stone
607 171 727 stone
607 171 728 stone
607 171 729 stone
607 171 730 stone
607 171 731 stone
607 171 732 stone
607 171 733 stone
607 171 734 stone
607 171 735 stone
607 171 736 stone
607 171 737 stone
607 171 738 stone
607 171 739 stone
607 171 740 stone
607 171 741 stone
607 171 742 stone
607 171 743 stone
607 171 744 stone
607 171 745 stone
607 171 746 stone
607 171 747 stone
607 171 748 stone
607 171 749 stone
607 171 750 stone
607 171 751 stone
607 171 752 stone
607 171 753 stone
607 171 754 gravel
607 171 755 gravel
607 171 756 gravel
607 171 757 stone
607 171 758 stone
607 171 759 stone
607 171 760 stone
607 171 761 stone
607 171 762 stone
607 171 763 stone
607 171 764 stone
607 171 765 stone
607 171 766 stone
607 171 767 stone
608 171 674 dirt
608 171 675 dirt
608 171 676 stone
608 171 677 stone
608 171 678 stone
608 171 679 stone
608 171 680 stone
608 171 681 stone
608 171 682 stone
608 171 683 stone
608 171 684 stone
608 171 685 stone
608 171 686 stone
608 171 687 stone
608 171 688 stone
608 171 689 stone
608 171 690 stone
608 171 691 stone
608 171 692 stone
608 171 693 stone
608 171 694 stone
608 171 695 stone
608 171 696 coal_ore
608 171 697 stone
608 171 698 grass_block[snowy=false]
608 171 699 grass_block[snowy=false]
608 171 704 stone
608 171 705 stone
608 171 706 stone
608 171 707 stone
608 171 710 stone
608 171 711 stone
608 171 712 stone
608 171 713 stone
608 171 714 stone
608 171 715 stone
608 171 716 stone
608 171 717 stone
608 171 718 stone
608 171 719 stone
608 171 720 stone
608 171 721 stone
608 171 722 stone
608 171 723 stone
608 171 724 stone
608 171 725 stone
608 171 726 stone
608 171 727 stone
608 171 728 stone
608 171 729 stone
608 171 730 stone
608 171 731 stone
608 171 732 stone
608 171 733 stone
608 171 734 stone
608 171 735 stone
608 171 736 stone
608 171 737 stone
608 171 738 stone
608 171 739 stone
608 171 740 stone
608 171 741 stone
608 171 742 stone
608 171 743 stone
608 171 744 stone
608 171 745 stone
608 171 746 stone
608 171 747 stone
608 171 748 stone
608 171 749 stone
608 171 750 stone
608 171 751 stone
608 171 752 stone
608 171 753 stone
608 171 754 gravel
608 171 755 gravel
608 171 756 gravel
608 171 757 stone
608 171 758 stone
608 171 759 stone
608 171 760 stone
608 171 761 stone
608 171 762 stone
608 171 763 stone
608 171 764 stone
608 171 765 stone
608 171 766 stone
608 171 767 stone
609 171 674 dirt
609 171 675 dirt
609 171 676 stone
609 171 677 stone
609 171 678 stone
609 171 679 stone
609 171 680 stone
609 171 681 stone
609 171 682 stone
609 171 683 stone
609 171 684 stone
609 171 685 stone
609 171 686 stone
609 171 687 stone
609 171 688 stone
609 171 689 stone
609 171 690 stone
609 171 691 stone
609 171 692 stone
609 171 693 stone
609 171 694 stone
609 171 695 stone
609 171 696 coal_ore
609 171 703 stone
609 171 704 stone
609 171 705 stone
609 171 706 stone
609 171 707 stone
609 171 708 stone
609 171 709 stone
609 171 710 stone
609 171 711 stone
609 171 712 stone
609 171 713 stone
609 171 714 stone
609 171 715 stone
609 171 716 stone
609 171 717 stone
609 171 718 stone
609 171 719 stone
609 171 720 stone
609 171 721 stone
609 171 722 stone
609 171 723 stone
609 171 724 stone
609 171 725 stone
609 171 726 stone
609 171 727 stone
609 171 728 stone
609 171 729 stone
609 171 730 stone
609 171 731 stone
609 171 732 stone
609 171 733 stone
609 171 734 stone
609 171 735 stone
609 171 736 stone
609 171 737 stone
609 171 738 stone
609 171 739 stone
609 171 740 stone
609 171 741 stone
609 171 742 stone
609 171 743 stone
609 171 744 stone
609 171 745 stone
609 171 746 stone
609 171 747 stone
609 171 748 stone
609 171 749 stone
609 171 750 stone
609 171 751 stone
609 171 752 stone
609 171 753 stone
609 171 754 gravel
609 171 755 gravel
609 171 756 stone
609 171 757 stone
609 171 758 stone
609 171 759 stone
609 171 760 stone
609 171 761 stone
609 171 762 stone
609 171 763 stone
609 171 764 stone
609 171 765 stone
609 171 766 stone
609 171 767 stone
610 171 674 dirt
610 171 675 dirt
610 171 676 stone
610 171 677 stone
610 171 678 stone
610 171 679 stone
610 171 680 stone
610 171 681 stone
610 171 682 stone
610 171 683 stone
610 171 684 stone
610 171 685 stone
610 171 686 stone
610 171 687 stone
610 171 688 stone
610 171 689 stone
610 171 690 stone
610 171 691 stone
610 171 692 stone
610 171 693 stone
610 171 694 stone
610 171 695 stone
610 171 696 stone
610 171 702 stone
610 171 703 stone
610 171 704 stone
610 171 705 stone
610 171 706 stone
610 171 707 stone
610 171 708 stone
610 171 709 stone
610 171 710 stone
610 171 711 stone
610 171 712 stone
610 171 713 stone
610 171 714 stone
610 171 715 stone
610 171 716 stone
610 171 717 stone
610 171 718 stone
610 171 719 stone
610 171 720 stone
610 171 721 stone
610 171 722 stone
610 171 723 stone
610 171 724 stone
610 171 725 stone
610 171 726 stone
610 171 727 stone
610 171 728 stone
610 171 729 stone
610 171 730 stone
610 171 731 stone
610 171 732 stone
610 171 733 stone
610 171 734 stone
610 171 735 stone
610 171 736 stone
610 171 737 stone
610 171 738 stone
610 171 739 stone
610 171 740 stone
610 171 741 stone
610 171 742 stone
610 171 743 stone
610 171 744 stone
610 171 745 stone
610 171 746 stone
610 171 747 stone
610 171 748 stone
610 171 749 stone
610 171 750 stone
610 171 751 stone
610 171 752 stone
610 171 753 stone
610 171 754 stone
610 171 755 stone
610 171 756 gravel
610 171 757 stone
610 171 758 stone
610 171 759 stone
610 171 760 stone
610 171 761 stone
610 171 762 stone
610 171 763 stone
610 171 764 stone
610 171 765 stone
610 171 766 stone
610 171 767 stone
611 171 673 dirt
611 171 674 dirt
611 171 675 stone
611 171 676 stone
611 171 677 stone
611 171 678 stone
611 171 679 stone
611 171 680 stone
611 171 681 stone
611 171 682 stone
611 171 683 stone
611 171 684 stone
611 171 685 stone
611 171 686 stone
611 171 687 stone
611 171 688 stone
611 171 689 stone
611 171 690 stone
611 171 691 stone
611 171 692 stone
611 171 693 stone
611 171 694 stone
611 171 695 stone
611 171 701 stone
611 171 702 stone
611 171 703 stone
611 171 704 stone
611 171 705 stone
611 171 706 stone
611 171 707 stone
611 171 708 stone
611 171 709 stone
611 171 710 stone
611 171 711 stone
611 171 712 stone
611 171 713 stone
611 171 714 stone
611 171 715 stone
611 171 716 stone
611 171 717 stone
611 171 718 stone
611 171 719 stone
611 171 720 stone
611 171 721 stone
611 171 722 stone
611 171 723 stone
611 171 724 stone
611 171 725 stone
611 171 726 stone
611 171 727 stone
611 171 728 stone
611 171 729 stone
611 171 730 stone
611 171 731 stone
611 171 732 stone
611 171 733 stone
611 171 734 stone
611 171 735 stone
611 171 736 stone
611 171 737 stone
611 171 738 stone
611 171 739 stone
611 171 740 stone
611 171 741 stone
611 171 742 stone
611 171 743 stone
611 171 744 stone
611 171 745 stone
611 171 746 stone
611 171 747 stone
611 171 748 stone
611 171 749 stone
611 171 750 stone
611 171 751 stone
611 171 752 stone
611 171 753 stone
611 171 754 stone
611 171 755 stone
611 171 756 stone
611 171 757 stone
611 171 758 stone
611 171 759 stone
611 171 760 stone
611 171 761 stone
611 171 762 stone
611 171 763 stone
611 171 764 stone
611 171 765 stone
611 171 766 stone
611 171 767 stone
612 171 672 dirt
612 171 673 dirt
612 171 674 dirt
612 171 675 stone
612 171 676 stone
612 171 677 stone
612 171 678 stone
612 171 679 stone
612 171 680 stone
612 171 681 coal_ore
612 171 682 stone
612 171 683 stone
612 171 684 stone
612 171 685 stone
612 171 686 stone
612 171 687 stone
612 171 688 stone
612 171 689 stone
612 171 690 stone
612 171 691 stone
612 171 692 stone
612 171 693 stone
612 171 694 stone
612 171 695 stone
612 171 700 stone
612 171 701 stone
612 171 702 stone
612 171 703 stone
612 171 704 stone
612 171 705 stone
612 171 706 stone
612 171 707 stone
612 171 708 stone
612 171 709 stone
612 171 710 stone
612 171 711 stone
612 171 712 stone
612 171 713 stone
612 171 714 stone
612 171 715 stone
612 171 716 stone
612 171 717 stone
612 171 718 stone
612 171 719 stone
612 171 720 stone
612 171 721 stone
612 171 722 stone
612 171 723 stone
612 171 724 stone
612 171 725 stone
612 171 726 stone
612 171 727 stone
612 171 728 stone
612 171 729 stone
612 171 730 stone
612 171 731 stone
612 171 732 stone
612 171 733 stone
612 171 734 stone
612 171 735 stone
612 171 736 stone
612 171 737 stone
612 171 738 stone
612 171 739 stone
612 171 740 stone
612 171 741 stone
612 171 742 stone
612 171 743 stone
612 171 744 stone
612 171 745 stone
612 171 746 stone
612 171 747 stone
612 171 748 stone
612 171 749 stone
612 171 750 stone
612 171 751 stone
612 171 752 stone
612 171 753 stone
612 171 754 stone
612 171 755 stone
612 171 756 stone
612 171 757 stone
612 171 758 stone
612 171 759 stone
612 171 760 stone
612 171 761 stone
612 171 762 stone
612 171 763 stone
612 171 764 stone
612 171 765 stone
612 171 766 stone
612 171 767 stone
613 171 670 grass_block[snowy=false]
613 171 671 dirt
613 171 672 dirt
613 171 673 dirt
613 171 674 dirt
613 171 675 stone
613 171 676 stone
613 171 677 stone
613 171 678 stone
613 171 679 stone
613 171 680 coal_ore
613 171 681 coal_ore
613 171 682 stone
613 171 683 stone
613 171 684 stone
613 171 685 stone
613 171 686 stone
613 171 687 stone
613 171 688 stone
613 171 689 stone
613 171 690 stone
613 171 691 stone
613 171 692 stone
613 171 693 stone
613 171 694 stone
613 171 700 stone
613 171 701 stone
613 171 702 stone
613 171 703 stone
613 171 704 stone
613 171 705 stone
613 171 706 stone
613 171 707 stone
613 171 708 stone
613 171 709 stone
613 171 710 stone
613 171 711 stone
613 171 712 stone
613 171 713 stone
613 171 714 stone
613 171 715 stone
613 171 716 stone
613 171 717 stone
613 171 718 stone
613 171 719 stone
613 171 720 stone
613 171 721 stone
613 171 722 stone
613 171 723 stone
613 171 724 stone
613 171 725 stone
613 171 726 stone
613 171 727 stone
613 171 728 stone
613 171 729 stone
613 171 730 stone
613 171 731 stone
613 171 732 stone
613 171 733 stone
613 171 734 stone
613 171 735 stone
613 171 736 stone
613 171 737 stone
613 171 738 stone
613 171 739 stone
613 171 740 stone
613 171 741 stone
613 171 742 stone
613 171 743 stone
613 171 744 stone
613 171 745 stone
613 171 746 stone
613 171 747 stone
613 171 748 stone
613 171 749 stone
613 171 750 stone
613 171 751 stone
613 171 752 stone
613 171 753 stone
613 171 754 stone
613 171 755 stone
613 171 756 stone
613 171 757 stone
613 171 758 stone
613 171 759 stone
613 171 760 stone
613 171 761 stone
613 171 762 stone
613 171 763 stone
613 171 764 stone
613 171 765 stone
613 171 766 stone
613 171 767 stone
614 171 670 dirt
614 171 671 dirt
614 171 672 dirt
614 171 673 dirt
614 171 674 stone
614 171 675 stone
614 171 676 stone
614 171 677 stone
614 171 678 stone
614 171 679 coal_ore
614 171 680 coal_ore
614 171 681 coal_ore
614 171 682 stone
614 171 683 stone
614 171 684 stone
614 171 685 stone
614 171 686 stone
614 171 687 stone
614 171 688 stone
614 171 689 stone
614 171 690 stone
614 171 691 stone
614 171 692 stone
614 171 693 stone
614 171 694 stone
614 171 699 stone
614 171 700 stone
614 171 701 stone
614 171 702 stone
614 171 703 stone
614 171 704 stone
614 171 705 stone
614 171 706 stone
614 171 707 stone
614 171 708 stone
614 171 709 stone
614 171 710 stone
614 171 711 stone
614 171 712 stone
614 171 713 stone
614 171 714 stone
614 171 715 stone
614 171 716 stone
614 171 717 stone
614 171 718 stone
614 171 719 stone
614 171 720 stone
614 171 721 stone
614 171 722 stone
614 171 723 stone
614 171 724 stone
614 171 725 stone
614 171 726 stone
614 171 727 stone
614 171 728 stone
614 171 729 stone
614 171 730 stone
614 171 731 stone
614 171 732 stone
614 171 733 gravel
614 171 734 gravel
614 171 735 gravel
614 171 736 gravel
614 171 737 gravel
614 171 738 stone
614 171 739 stone
614 171 740 stone
614 171 741 stone
614 171 742 stone
614 171 743 stone
614 171 744 stone
614 171 745 stone
614 171 746 stone
614 171 747 stone
614 171 748 stone
614 171 749 stone
614 171 750 stone
614 171 751 stone
614 171 752 stone
614 171 753 stone
614 171 754 stone
614 171 755 stone
614 171 756 stone
614 171 757 stone
614 171 758 stone
614 171 759 stone
614 171 760 stone
614 171 761 stone
614 171 762 stone
614 171 763 stone
614 171 764 stone
614 171 765 stone
614 171 766 stone
614 171 767 stone
615 171 669 grass_block[snowy=false]
615 171 670 dirt
615 171 671 dirt
615 171 672 dirt
615 171 673 stone
615 171 674 stone
615 171 675 stone
615 171 676 stone
615 171 677 stone
615 171 678 stone
615 171 679 coal_ore
615 171 680 coal_ore
615 171 681 stone
615 171 682 stone
615 171 683 stone
615 171 684 stone
615 171 685 stone
615 171 686 stone
615 171 687 stone
615 171 688 stone
615 171 689 stone
615 171 690 stone
615 171 691 stone
615 171 692 stone
615 171 693 stone
615 171 694 stone
615 171 699 stone
615 171 700 stone
615 171 701 stone
615 171 702 stone
615 171 703 stone
615 171 704 stone
615 171 705 stone
615 171 706 stone
615 171 707 stone
615 171 708 stone
615 171 709 stone
615 171 710 stone
615 171 711 stone
615 171 712 stone
615 171 713 stone
615 171 714 stone
615 171 715 stone
615 171 716 stone
615 171 717 stone
615 171 718 stone
615 171 719 stone
615 171 720 stone
615 171 721 stone
615 171 722 stone
615 171 723 stone
615 171 724 stone
615 171 725 stone
615 171 726 stone
615 171 727 stone
615 171 728 stone
615 171 729 stone
615 171 730 stone
615 171 731 stone
615 171 732 stone
615 171 733 stone
615 171 734 gravel
615 171 735 gravel
615 171 736 gravel
615 171 737 gravel
615 171 738 stone
615 171 739 stone
615 171 740 stone
615 171 741 stone
615 171 742 stone
615 171 743 stone
615 171 744 stone
615 171 745 stone
615 171 746 stone
615 171 747 stone
615 171 748 stone
615 171 749 stone
615 171 750 stone
615 171 751 stone
615 171 752 stone
615 171 753 stone
615 171 754 stone
615 171 755 stone
615 171 756 stone
615 171 757 stone
615 171 758 stone
615 171 759 stone
615 171 760 stone
615 171 761 stone
615 171 762 stone
615 171 763 stone
615 171 764 stone
615 171 765 stone
615 171 766 stone
615 171 767 stone
616 171 669 grass_block[snowy=false]
616 171 670 dirt
616 171 671 dirt
616 171 672 dirt
616 171 673 stone
616 171 674 stone
616 171 675 stone
616 171 676 stone
616 171 677 stone
616 171 678 stone
616 171 679 stone
616 171 680 stone
616 171 681 stone
616 171 682 stone
616 171 683 stone
616 171 684 stone
616 171 685 stone
616 171 686 stone
616 171 687 stone
616 171 688 stone
616 171 689 stone
616 171 690 stone
616 171 691 stone
616 171 692 stone
616 171 693 stone
616 171 698 grass_block[snowy=false]
616 171 699 stone
616 171 700 stone
616 171 701 stone
616 171 702 stone
616 171 703 stone
616 171 704 stone
616 171 705 stone
616 171 706 stone
616 171 707 stone
616 171 708 stone
616 171 709 stone
616 171 710 stone
616 171 711 stone
616 171 712 stone
616 171 713 stone
616 171 714 stone
616 171 715 stone
616 171 716 stone
