591 159 731 stone
591 159 732 stone
591 159 733 stone
591 159 734 stone
591 159 735 stone
591 159 736 stone
591 159 737 stone
591 159 738 stone
591 159 739 stone
591 159 740 stone
591 159 741 stone
592 159 671 dirt
592 159 672 stone
592 159 673 stone
592 159 674 stone
592 159 675 stone
592 159 676 stone
592 159 677 stone
592 159 678 stone
592 159 679 stone
592 159 680 stone
592 159 681 stone
592 159 682 stone
592 159 683 stone
592 159 684 stone
592 159 685 stone
592 159 686 stone
592 159 687 stone
592 159 688 stone
592 159 689 stone
592 159 690 stone
592 159 691 stone
592 159 692 stone
592 159 693 stone
592 159 694 stone
592 159 695 stone
592 159 696 stone
592 159 697 stone
592 159 698 stone
592 159 699 stone
592 159 700 stone
592 159 701 stone
592 159 702 stone
592 159 703 stone
592 159 704 stone
592 159 705 stone
592 159 706 stone
592 159 707 stone
592 159 708 stone
592 159 709 stone
592 159 710 stone
592 159 711 stone
592 159 712 stone
592 159 713 stone
592 159 714 stone
592 159 715 stone
592 159 716 stone
592 159 717 stone
592 159 718 stone
592 159 719 stone
592 159 720 stone
592 159 721 stone
592 159 722 stone
592 159 723 stone
592 159 724 stone
592 159 725 stone
592 159 726 stone
592 159 727 stone
592 159 728 stone
592 159 729 stone
592 159 730 stone
592 159 731 stone
592 159 732 stone
592 159 733 stone
592 159 734 stone
592 159 735 stone
592 159 736 stone
592 159 737 stone
592 159 738 stone
592 159 739 stone
592 159 740 stone
592 159 741 stone
593 159 670 dirt
593 159 671 stone
593 159 672 stone
593 159 673 stone
593 159 674 stone
593 159 675 stone
593 159 676 stone
593 159 677 stone
593 159 678 stone
593 159 679 stone
593 159 680 stone
593 159 681 stone
593 159 682 stone
593 159 683 stone
593 159 684 stone
593 159 685 stone
593 159 686 stone
593 159 687 stone
593 159 688 stone
593 159 689 stone
593 159 690 stone
593 159 691 stone
593 159 692 stone
593 159 693 stone
593 159 694 stone
593 159 695 stone
593 159 696 stone
593 159 697 stone
593 159 698 stone
593 159 699 stone
593 159 700 stone
593 159 701 stone
593 159 702 coal_ore
593 159 703 coal_ore
593 159 704 coal_ore
593 159 705 stone
593 159 706 stone
593 159 707 stone
593 159 708 stone
593 159 709 stone
593 159 710 stone
593 159 711 stone
593 159 712 stone
593 159 713 stone
593 159 714 stone
593 159 715 stone
593 159 716 stone
593 159 717 stone
593 159 718 stone
593 159 719 stone
593 159 720 stone
593 159 721 stone
593 159 722 stone
593 159 723 stone
593 159 724 stone
593 159 725 stone
593 159 726 stone
593 159 727 stone
593 159 728 stone
593 159 729 stone
593 159 730 stone
593 159 731 stone
593 159 732 stone
593 159 733 stone
593 159 734 stone
593 159 735 stone
593 159 736 stone
593 159 737 stone
593 159 738 stone
593 159 739 stone
594 159 670 dirt
594 159 671 coal_ore
594 159 672 coal_ore
594 159 673 stone
594 159 674 stone
594 159 675 stone
594 159 676 stone
594 159 677 stone
594 159 678 stone
594 159 679 stone
594 159 680 stone
594 159 681 stone
594 159 682 stone
594 159 683 stone
594 159 684 stone
594 159 685 stone
594 159 686 stone
594 159 687 stone
594 159 688 stone
594 159 689 stone
594 159 690 stone
594 159 691 stone
594 159 692 stone
594 159 693 stone
594 159 694 stone
594 159 695 stone
594 159 696 stone
594 159 697 stone
594 159 698 stone
594 159 699 stone
594 159 700 stone
594 159 701 stone
594 159 702 coal_ore
594 159 703 coal_ore
594 159 704 coal_ore
594 159 705 stone
594 159 706 stone
594 159 707 stone
594 159 708 stone
594 159 709 stone
594 159 710 stone
594 159 711 stone
594 159 712 stone
594 159 713 stone
594 159 714 stone
594 159 715 stone
594 159 716 stone
594 159 717 stone
594 159 718 stone
594 159 719 stone
594 159 720 stone
594 159 721 stone
594 159 722 stone
594 159 723 stone
594 159 724 stone
594 159 725 stone
594 159 726 stone
594 159 727 stone
594 159 728 stone
594 159 729 stone
594 159 730 stone
594 159 731 stone
594 159 732 stone
594 159 733 stone
594 159 734 stone
594 159 735 stone
594 159 736 stone
594 159 737 stone
594 159 738 stone
595 159 669 grass_block[snowy=false]
595 159 670 stone
595 159 671 coal_ore
595 159 672 coal_ore
595 159 673 stone
595 159 674 dirt
595 159 675 dirt
595 159 676 dirt
595 159 677 dirt
595 159 678 dirt
595 159 679 stone
595 159 680 stone
595 159 681 stone
595 159 682 stone
595 159 683 stone
595 159 684 stone
595 159 685 stone
595 159 686 stone
595 159 687 stone
595 159 688 stone
595 159 689 stone
595 159 690 stone
595 159 691 stone
595 159 692 stone
595 159 693 stone
595 159 694 stone
595 159 695 stone
595 159 696 stone
595 159 697 stone
595 159 698 stone
595 159 699 stone
595 159 700 stone
595 159 701 stone
595 159 702 stone
595 159 703 coal_ore
595 159 704 coal_ore
595 159 705 stone
595 159 706 stone
595 159 707 stone
595 159 708 stone
595 159 709 stone
595 159 710 stone
595 159 711 stone
595 159 712 stone
595 159 713 stone
595 159 714 stone
595 159 715 stone
595 159 716 stone
595 159 717 stone
595 159 718 stone
595 159 719 stone
595 159 720 stone
595 159 721 stone
595 159 722 stone
595 159 723 stone
595 159 724 stone
595 159 725 stone
595 159 726 stone
595 159 727 stone
595 159 728 stone
595 159 729 stone
595 159 730 stone
595 159 731 stone
595 159 732 stone
595 159 733 stone
595 159 734 stone
595 159 735 stone
595 159 736 stone
595 159 737 stone
595 159 738 stone
596 159 669 dirt
596 159 670 dirt
596 159 671 dirt
596 159 672 dirt
596 159 673 dirt
596 159 674 dirt
596 159 675 dirt
596 159 676 grass_block[snowy=false]
596 159 677 dirt
596 159 678 stone
596 159 679 stone
596 159 680 stone
596 159 681 stone
596 159 682 stone
596 159 683 stone
596 159 684 stone
596 159 685 stone
596 159 686 stone
596 159 687 stone
596 159 688 stone
596 159 689 stone
596 159 690 stone
596 159 691 stone
596 159 692 stone
596 159 693 stone
596 159 694 stone
596 159 695 stone
596 159 696 stone
596 159 697 stone
596 159 698 stone
596 159 699 stone
596 159 700 stone
596 159 701 stone
596 159 702 stone
596 159 703 stone
596 159 704 coal_ore
596 159 705 coal_ore
596 159 706 stone
596 159 707 stone
596 159 708 stone
596 159 709 stone
596 159 710 stone
596 159 711 stone
596 159 712 stone
596 159 713 stone
596 159 714 stone
596 159 715 stone
596 159 716 stone
596 159 717 stone
596 159 718 stone
596 159 719 stone
596 159 720 stone
596 159 721 stone
596 159 722 stone
596 159 723 stone
596 159 724 stone
596 159 725 stone
596 159 726 stone
596 159 727 stone
596 159 728 stone
596 159 729 stone
596 159 730 stone
596 159 731 stone
596 159 732 stone
596 159 733 stone
596 159 734 stone
596 159 735 stone
596 159 736 stone
596 159 737 stone
597 159 669 dirt
597 159 670 dirt
597 159 671 dirt
597 159 672 grass_block[snowy=false]
597 159 673 grass_block[snowy=false]
597 159 675 grass_block[snowy=false]
597 159 676 dirt
597 159 677 dirt
597 159 678 stone
597 159 679 stone
597 159 680 stone
597 159 681 coal_ore
597 159 682 coal_ore
597 159 683 stone
597 159 684 stone
597 159 685 stone
597 159 686 stone
597 159 687 stone
597 159 688 stone
597 159 689 stone
597 159 690 stone
597 159 691 stone
597 159 692 stone
597 159 693 stone
597 159 694 stone
597 159 695 stone
597 159 696 stone
597 159 697 stone
597 159 698 stone
597 159 699 stone
597 159 700 stone
597 159 701 stone
597 159 702 stone
597 159 703 stone
597 159 704 coal_ore
597 159 705 stone
597 159 706 stone
597 159 707 stone
597 159 708 stone
597 159 709 stone
597 159 710 stone
597 159 711 stone
597 159 712 stone
597 159 713 stone
597 159 714 stone
597 159 715 stone
597 159 716 stone
597 159 717 stone
597 159 718 stone
597 159 719 stone
597 159 720 stone
597 159 721 stone
597 159 722 stone
597 159 723 stone
597 159 724 stone
597 159 725 stone
597 159 726 stone
597 159 727 stone
597 159 728 stone
597 159 729 stone
597 159 730 stone
597 159 731 stone
597 159 732 stone
597 159 733 stone
597 159 734 stone
597 159 735 stone
597 159 736 stone
597 159 737 stone
598 159 673 grass_block[snowy=false]
598 159 674 dirt
598 159 675 dirt
598 159 676 stone
598 159 677 stone
598 159 678 stone
598 159 679 stone
598 159 680 stone
598 159 681 coal_ore
598 159 682 coal_ore
598 159 683 coal_ore
598 159 684 stone
598 159 685 stone
598 159 686 stone
598 159 687 stone
598 159 688 stone
598 159 689 stone
598 159 690 stone
598 159 691 stone
598 159 692 stone
598 159 693 stone
598 159 694 stone
598 159 695 stone
598 159 696 stone
598 159 697 stone
598 159 698 stone
598 159 699 stone
598 159 700 stone
598 159 701 stone
598 159 702 stone
598 159 703 stone
598 159 704 stone
598 159 705 stone
598 159 706 stone
598 159 707 stone
598 159 708 stone
598 159 709 stone
598 159 710 stone
598 159 711 stone
598 159 712 stone
598 159 713 stone
598 159 714 stone
598 159 715 stone
598 159 716 stone
598 159 717 stone
598 159 718 stone
598 159 719 stone
598 159 720 stone
598 159 721 stone
598 159 722 stone
598 159 723 stone
598 159 724 stone
598 159 725 stone
598 159 726 stone
598 159 727 stone
598 159 728 stone
598 159 729 stone
598 159 730 stone
598 159 731 stone
598 159 732 stone
598 159 733 stone
598 159 734 stone
598 159 735 stone
598 159 736 stone
599 159 670 grass_block[snowy=false]
599 159 671 grass_block[snowy=false]
599 159 672 dirt
599 159 673 stone
599 159 674 stone
599 159 675 stone
599 159 676 stone
599 159 677 stone
599 159 678 stone
599 159 679 stone
599 159 680 stone
599 159 681 stone
599 159 682 coal_ore
599 159 683 coal_ore
599 159 684 coal_ore
599 159 685 stone
599 159 686 stone
599 159 687 stone
599 159 688 stone
599 159 689 stone
599 159 690 stone
599 159 691 stone
599 159 692 stone
599 159 693 stone
599 159 694 stone
599 159 695 stone
599 159 696 stone
599 159 697 stone
599 159 698 stone
599 159 699 stone
599 159 700 stone
599 159 701 stone
599 159 702 stone
599 159 703 stone
599 159 704 stone
599 159 705 stone
599 159 706 stone
599 159 707 stone
599 159 708 stone
599 159 709 stone
599 159 710 stone
599 159 711 stone
599 159 712 stone
599 159 713 stone
599 159 714 stone
599 159 715 stone
599 159 716 stone
599 159 717 stone
599 159 718 stone
599 159 719 stone
599 159 720 stone
599 159 721 stone
599 159 722 stone
599 159 723 stone
599 159 724 stone
599 159 725 stone
599 159 726 stone
599 159 727 stone
599 159 728 stone
599 159 729 stone
599 159 730 stone
599 159 731 stone
599 159 732 stone
599 159 733 stone
599 159 734 stone
599 159 735 stone
599 159 736 stone
599 159 737 stone
600 159 669 dirt
600 159 670 stone
600 159 671 stone
600 159 672 stone
600 159 673 stone
600 159 674 stone
600 159 675 stone
600 159 676 stone
600 159 677 stone
600 159 678 stone
600 159 679 stone
600 159 680 stone
600 159 681 stone
600 159 682 stone
600 159 683 stone
600 159 684 stone
600 159 685 stone
600 159 686 stone
600 159 687 stone
600 159 688 stone
600 159 689 stone
600 159 690 stone
600 159 691 stone
600 159 692 stone
600 159 693 stone
600 159 694 stone
600 159 695 stone
600 159 696 stone
600 159 697 stone
600 159 698 stone
600 159 699 stone
600 159 700 stone
600 159 701 stone
600 159 702 stone
600 159 703 stone
600 159 704 stone
600 159 705 stone
600 159 706 stone
600 159 707 stone
600 159 708 stone
600 159 709 stone
600 159 710 stone
600 159 711 stone
600 159 712 stone
600 159 713 stone
600 159 714 stone
600 159 715 stone
600 159 716 stone
600 159 717 stone
600 159 718 stone
600 159 719 stone
600 159 720 stone
600 159 721 stone
600 159 722 stone
600 159 723 stone
600 159 724 stone
600 159 725 stone
600 159 726 stone
600 159 727 stone
600 159 728 stone
600 159 729 stone
600 159 730 stone
600 159 731 stone
600 159 732 stone
600 159 733 stone
600 159 734 stone
600 159 735 stone
600 159 736 stone
600 159 737 stone
601 159 668 grass_block[snowy=false]
601 159 669 dirt
601 159 670 stone
601 159 671 stone
601 159 672 stone
601 159 673 stone
601 159 674 stone
601 159 675 stone
601 159 676 stone
601 159 677 stone
601 159 678 stone
601 159 679 stone
601 159 680 stone
601 159 681 stone
601 159 682 stone
601 159 683 stone
601 159 684 stone
601 159 685 stone
601 159 686 stone
601 159 687 stone
601 159 688 stone
601 159 689 stone
601 159 690 stone
601 159 691 stone
601 159 692 stone
601 159 693 stone
601 159 694 stone
601 159 695 stone
601 159 696 stone
601 159 697 stone
601 159 698 stone
601 159 699 stone
601 159 700 stone
601 159 701 stone
601 159 702 stone
601 159 703 stone
601 159 704 stone
601 159 705 stone
601 159 706 stone
601 159 707 stone
601 159 708 stone
601 159 709 stone
601 159 710 stone
601 159 711 stone
601 159 712 stone
601 159 713 stone
601 159 714 stone
601 159 715 stone
601 159 716 stone
601 159 717 stone
601 159 718 stone
601 159 719 stone
601 159 720 stone
601 159 721 stone
601 159 722 stone
601 159 723 stone
601 159 724 stone
601 159 725 stone
601 159 726 stone
601 159 727 stone
601 159 728 stone
601 159 729 stone
601 159 730 stone
601 159 731 stone
601 159 732 stone
601 159 733 stone
601 159 734 stone
601 159 735 stone
601 159 736 stone
601 159 737 stone
601 159 738 stone
601 159 743 stone
601 159 744 stone
602 159 668 grass_block[snowy=false]
602 159 669 stone
602 159 670 stone
602 159 671 stone
602 159 672 stone
602 159 673 stone
602 159 674 stone
602 159 675 stone
602 159 676 stone
602 159 677 stone
602 159 678 stone
602 159 679 stone
602 159 680 stone
602 159 681 stone
602 159 682 stone
602 159 683 stone
602 159 684 stone
602 159 685 stone
602 159 686 stone
602 159 687 stone
602 159 688 stone
602 159 689 stone
602 159 690 stone
602 159 691 stone
602 159 692 stone
602 159 693 stone
602 159 694 stone
602 159 695 stone
602 159 696 stone
602 159 697 stone
602 159 698 stone
602 159 699 stone
602 159 700 stone
602 159 701 stone
602 159 702 stone
602 159 703 stone
602 159 704 stone
602 159 705 stone
602 159 706 stone
602 159 707 stone
602 159 708 stone
602 159 709 stone
602 159 710 stone
602 159 711 stone
602 159 712 stone
602 159 713 stone
602 159 714 stone
602 159 715 stone
602 159 716 stone
602 159 717 stone
602 159 718 stone
602 159 719 stone
602 159 720 stone
602 159 721 stone
602 159 722 stone
602 159 723 stone
602 159 724 stone
602 159 725 stone
602 159 726 stone
602 159 727 stone
602 159 728 stone
602 159 729 stone
602 159 730 stone
602 159 731 stone
602 159 732 stone
602 159 733 stone
602 159 734 stone
602 159 735 stone
602 159 736 stone
602 159 737 stone
602 159 738 stone
602 159 742 stone
602 159 743 stone
602 159 744 stone
602 159 745 stone
603 159 668 dirt
603 159 669 stone
603 159 670 stone
603 159 671 stone
603 159 672 stone
603 159 673 stone
603 159 674 stone
603 159 675 stone
603 159 676 stone
603 159 677 stone
603 159 678 stone
603 159 679 stone
603 159 680 stone
603 159 681 stone
603 159 682 stone
603 159 683 stone
603 159 684 stone
603 159 685 stone
603 159 686 stone
603 159 687 stone
603 159 688 stone
603 159 689 stone
603 159 690 stone
603 159 691 stone
603 159 692 stone
603 159 693 stone
603 159 694 stone
603 159 695 stone
603 159 696 stone
603 159 697 stone
603 159 698 stone
603 159 699 stone
603 159 700 stone
603 159 701 stone
603 159 702 stone
603 159 703 stone
603 159 704 stone
603 159 705 stone
603 159 706 stone
603 159 707 stone
603 159 708 stone
603 159 709 stone
603 159 710 stone
603 159 711 stone
603 159 712 stone
603 159 713 stone
603 159 714 stone
603 159 715 stone
603 159 716 stone
603 159 717 stone
603 159 718 stone
603 159 719 stone
603 159 720 stone
603 159 721 stone
603 159 722 stone
603 159 723 stone
603 159 724 stone
603 159 725 stone
603 159 726 stone
603 159 727 stone
603 159 728 stone
603 159 729 stone
603 159 730 stone
603 159 731 stone
603 159 732 stone
603 159 733 stone
603 159 734 stone
603 159 735 stone
603 159 736 stone
603 159 737 stone
603 159 738 stone
603 159 739 stone
603 159 741 stone
603 159 742 stone
603 159 743 stone
603 159 744 stone
603 159 745 stone
604 159 667 short_grass
604 159 668 dirt
604 159 669 stone
604 159 670 stone
604 159 671 stone
604 159 672 stone
604 159 673 stone
604 159 674 stone
604 159 675 stone
604 159 676 stone
604 159 677 stone
604 159 678 stone
604 159 679 stone
604 159 680 stone
604 159 681 stone
604 159 682 stone
604 159 683 stone
604 159 684 stone
604 159 685 stone
604 159 686 stone
604 159 687 stone
604 159 688 stone
604 159 689 stone
604 159 690 stone
604 159 691 stone
604 159 692 stone
604 159 693 stone
604 159 694 stone
604 159 695 stone
604 159 696 stone
604 159 697 stone
604 159 698 stone
604 159 699 stone
604 159 700 stone
604 159 701 stone
604 159 702 stone
604 159 703 stone
604 159 704 stone
604 159 705 stone
604 159 706 stone
604 159 707 stone
604 159 708 stone
604 159 709 stone
604 159 710 stone
604 159 711 stone
604 159 712 stone
604 159 713 stone
604 159 714 stone
604 159 715 stone
604 159 716 stone
604 159 717 stone
604 159 718 stone
604 159 719 stone
604 159 720 stone
604 159 721 stone
604 159 722 stone
604 159 723 stone
604 159 724 stone
604 159 725 stone
604 159 726 stone
604 159 727 stone
604 159 728 stone
604 159 729 stone
604 159 730 stone
604 159 731 stone
604 159 732 stone
604 159 733 stone
604 159 734 stone
604 159 735 stone
604 159 736 stone
604 159 737 stone
604 159 738 stone
604 159 739 stone
604 159 740 stone
604 159 741 stone
604 159 742 stone
604 159 743 stone
604 159 744 stone
604 159 745 stone
604 159 746 stone
605 159 667 grass_block[snowy=false]
605 159 668 dirt
605 159 669 stone
605 159 670 stone
605 159 671 stone
605 159 672 stone
605 159 673 stone
605 159 674 stone
605 159 675 stone
605 159 676 stone
605 159 677 stone
605 159 678 stone
605 159 679 stone
605 159 680 stone
605 159 681 stone
605 159 682 stone
605 159 683 stone
605 159 684 stone
605 159 685 stone
605 159 686 stone
605 159 687 stone
605 159 688 stone
605 159 689 stone
605 159 690 stone
605 159 691 stone
605 159 692 stone
605 159 693 stone
605 159 694 stone
605 159 695 stone
605 159 696 stone
605 159 697 stone
605 159 698 stone
605 159 699 stone
605 159 700 stone
605 159 701 stone
605 159 702 stone
605 159 703 stone
605 159 704 stone
605 159 705 stone
605 159 706 stone
605 159 707 stone
605 159 708 stone
605 159 709 stone
605 159 710 stone
605 159 711 stone
605 159 712 stone
605 159 713 stone
605 159 714 stone
605 159 715 stone
605 159 716 stone
605 159 717 stone
605 159 718 stone
605 159 719 stone
605 159 720 stone
605 159 721 stone
605 159 722 stone
605 159 723 stone
605 159 724 stone
605 159 725 stone
605 159 726 stone
605 159 727 stone
605 159 728 stone
605 159 729 stone
605 159 730 stone
605 159 731 stone
605 159 732 stone
605 159 733 stone
605 159 734 stone
605 159 735 stone
605 159 736 stone
605 159 737 stone
605 159 738 stone
605 159 739 stone
605 159 740 stone
605 159 741 stone
605 159 742 stone
605 159 743 stone
605 159 744 stone
605 159 745 stone
605 159 746 stone
605 159 747 stone
605 159 756 stone
606 159 667 dirt
606 159 668 dirt
606 159 669 stone
606 159 670 stone
606 159 671 stone
606 159 672 stone
606 159 673 stone
606 159 674 stone
606 159 675 stone
606 159 676 stone
606 159 677 stone
606 159 678 stone
606 159 679 stone
606 159 680 stone
606 159 681 stone
606 159 682 stone
606 159 683 stone
606 159 684 stone
606 159 685 stone
606 159 686 stone
606 159 687 stone
606 159 688 stone
606 159 689 stone
606 159 690 stone
606 159 691 stone
606 159 692 stone
606 159 693 stone
606 159 694 stone
606 159 695 stone
606 159 696 stone
606 159 697 stone
606 159 698 stone
606 159 699 stone
606 159 700 stone
606 159 701 stone
606 159 702 stone
606 159 703 stone
606 159 704 stone
606 159 705 stone
606 159 706 stone
606 159 707 stone
606 159 708 stone
606 159 709 stone
606 159 710 stone
606 159 711 stone
606 159 712 stone
606 159 713 stone
606 159 714 stone
606 159 715 stone
606 159 716 stone
606 159 717 stone
606 159 718 stone
606 159 719 stone
606 159 720 stone
606 159 721 stone
606 159 722 stone
606 159 723 stone
606 159 724 stone
606 159 725 stone
606 159 726 stone
606 159 727 stone
606 159 728 stone
606 159 729 dirt
606 159 730 dirt
606 159 731 stone
606 159 732 stone
606 159 733 stone
606 159 734 stone
606 159 735 stone
606 159 736 stone
606 159 737 stone
606 159 738 stone
606 159 739 stone
606 159 740 stone
606 159 741 stone
606 159 742 stone
606 159 743 stone
606 159 744 stone
606 159 745 stone
606 159 746 stone
606 159 747 stone
606 159 752 stone
606 159 753 stone
606 159 754 stone
606 159 755 stone
606 159 756 stone
606 159 757 stone
607 159 667 dirt
607 159 668 coal_ore
607 159 669 stone
607 159 670 stone
607 159 671 stone
607 159 672 stone
607 159 673 stone
607 159 674 stone
607 159 675 stone
607 159 676 stone
607 159 677 stone
607 159 678 stone
607 159 679 stone
607 159 680 stone
607 159 681 stone
607 159 682 stone
607 159 683 stone
607 159 684 stone
607 159 685 stone
607 159 686 stone
