734 128 570 stone
734 128 571 stone
734 128 572 stone
734 128 573 stone
734 128 574 stone
734 128 575 stone
734 128 576 stone
734 128 577 stone
734 128 578 stone
734 128 579 stone
734 128 580 stone
734 128 581 stone
734 128 582 stone
734 128 583 stone
734 128 584 stone
734 128 585 stone
734 128 586 stone
734 128 587 stone
734 128 588 stone
734 128 589 stone
734 128 590 stone
734 128 591 stone
734 128 592 stone
734 128 593 stone
734 128 594 stone
734 128 595 stone
734 128 596 stone
734 128 597 stone
734 128 598 stone
734 128 599 stone
734 128 600 stone
734 128 601 stone
734 128 602 stone
734 128 603 stone
734 128 604 stone
734 128 605 stone
734 128 606 dirt
734 128 607 stone
734 128 608 dirt
734 128 609 stone
734 128 610 stone
734 128 611 stone
734 128 612 stone
734 128 613 dirt
734 128 614 dirt
734 128 615 grass_block[snowy=false]
734 128 617 grass_block[snowy=false]
734 128 618 grass_block[snowy=false]
734 128 619 grass_block[snowy=false]
734 128 620 grass_block[snowy=false]
734 128 621 grass_block[snowy=false]
734 128 622 grass_block[snowy=false]
734 128 623 dirt
734 128 624 dirt
734 128 625 dirt
734 128 626 dirt
734 128 627 dirt
734 128 628 grass_block[snowy=false]
734 128 629 dirt
734 128 630 dirt
734 128 631 dirt
734 128 632 dirt
734 128 633 grass_block[snowy=false]
734 128 683 dirt
734 128 684 stone
734 128 685 dirt
734 128 686 dirt
734 128 687 grass_block[snowy=false]
734 128 694 dandelion
734 128 696 azure_bluet
734 128 708 grass_block[snowy=false]
734 128 710 short_grass
734 128 713 short_grass
734 128 715 grass_block[snowy=false]
734 128 716 grass_block[snowy=false]
734 128 717 grass_block[snowy=false]
734 128 718 grass_block[snowy=false]
734 128 719 grass_block[snowy=false]
734 128 720 grass_block[snowy=false]
734 128 721 dirt
734 128 722 dirt
734 128 723 stone
734 128 724 stone
734 128 725 stone
734 128 726 stone
734 128 727 stone
734 128 728 stone
734 128 729 stone
734 128 730 stone
734 128 731 stone
734 128 732 stone
734 128 733 stone
734 128 734 stone
734 128 735 stone
734 128 736 gravel
734 128 737 gravel
734 128 738 gravel
734 128 739 gravel
734 128 740 stone
734 128 741 dirt
734 128 742 grass_block[snowy=false]
734 128 749 cobblestone
734 128 750 yellow_bed[facing=east,occupied=false,part=foot]
734 128 753 cobblestone
734 128 755 sugar_cane[age=0]
734 128 780 grass_block[snowy=false]
734 128 781 dirt
734 128 782 stone
734 128 783 stone
734 128 784 stone
734 128 785 stone
734 128 786 stone
734 128 787 stone
734 128 788 stone
734 128 789 stone
734 128 790 stone
734 128 791 stone
734 128 792 stone
734 128 793 stone
734 128 794 stone
734 128 795 stone
734 128 796 stone
734 128 797 stone
734 128 798 stone
734 128 799 stone
734 128 800 stone
734 128 801 stone
734 128 802 stone
734 128 803 stone
734 128 804 stone
734 128 805 stone
734 128 806 stone
734 128 807 stone
734 128 808 stone
734 128 809 copper_ore
734 128 810 copper_ore
734 128 811 stone
734 128 812 stone
734 128 813 stone
734 128 814 stone
734 128 815 stone
734 128 816 stone
734 128 817 stone
734 128 818 stone
734 128 819 stone
734 128 820 stone
734 128 821 stone
734 128 822 stone
734 128 823 stone
734 128 824 stone
734 128 825 stone
734 128 826 stone
734 128 827 stone
734 128 828 stone
734 128 829 stone
734 128 830 stone
734 128 831 stone
734 128 832 stone
734 128 833 stone
734 128 834 stone
734 128 835 stone
734 128 836 stone
734 128 837 stone
734 128 838 stone
734 128 839 stone
734 128 840 stone
734 128 841 stone
734 128 842 stone
734 128 843 stone
734 128 844 stone
734 128 845 stone
734 128 846 stone
734 128 847 stone
734 128 848 stone
734 128 849 stone
734 128 850 stone
734 128 851 stone
734 128 852 stone
734 128 853 stone
734 128 854 stone
734 128 855 stone
734 128 856 stone
734 128 857 stone
734 128 858 stone
734 128 859 stone
734 128 860 stone
734 128 861 stone
734 128 862 stone
734 128 863 stone
734 128 864 stone
734 128 865 stone
734 128 866 stone
734 128 867 stone
734 128 868 stone
734 128 869 stone
734 128 870 stone
734 128 871 stone
734 128 872 stone
734 128 873 stone
734 128 874 stone
734 128 875 stone
734 128 876 stone
734 128 877 stone
734 128 878 stone
734 128 879 stone
734 128 880 stone
734 128 881 stone
734 128 882 stone
734 128 883 stone
734 128 884 stone
734 128 885 stone
734 128 886 stone
734 128 887 stone
734 128 888 stone
734 128 889 stone
734 128 890 stone
734 128 891 stone
734 128 892 stone
734 128 893 stone
734 128 894 stone
734 128 895 stone
734 128 896 stone
734 128 897 stone
734 128 898 stone
734 128 899 stone
734 128 900 stone
734 128 901 stone
734 128 902 stone
734 128 903 stone
734 128 904 stone
734 128 905 stone
734 128 909 stone
734 128 910 stone
734 128 911 stone
734 128 912 stone
734 128 913 copper_ore
734 128 914 stone
734 128 915 stone
734 128 916 stone
734 128 917 stone
734 128 918 stone
734 128 919 stone
734 128 920 stone
734 128 921 stone
734 128 922 stone
734 128 923 stone
734 128 924 stone
734 128 925 stone
734 128 926 stone
734 128 927 stone
734 128 928 stone
734 128 929 stone
734 128 930 stone
734 128 931 stone
734 128 932 stone
734 128 933 stone
734 128 934 stone
734 128 935 stone
734 128 936 stone
734 128 937 stone
734 128 938 stone
734 128 939 stone
734 128 940 stone
734 128 941 stone
734 128 942 stone
734 128 943 stone
734 128 944 stone
734 128 945 stone
734 128 946 stone
734 128 947 stone
734 128 948 stone
734 128 949 stone
734 128 950 stone
734 128 951 stone
734 128 952 stone
734 128 953 stone
734 128 954 stone
734 128 955 stone
734 128 956 stone
734 128 957 stone
734 128 958 copper_ore
734 128 959 copper_ore
734 128 960 copper_ore
734 128 961 stone
734 128 962 stone
734 128 963 stone
734 128 964 stone
734 128 965 stone
734 128 966 stone
734 128 967 stone
734 128 968 stone
734 128 969 stone
734 128 970 stone
734 128 971 stone
734 128 972 stone
734 128 973 dirt
734 128 974 dirt
734 128 975 dirt
734 128 976 dirt
734 128 977 stone
734 128 978 stone
734 128 979 stone
734 128 980 stone
734 128 981 grass_block[snowy=false]
734 128 996 dirt
734 128 997 stone
734 128 998 stone
734 128 999 stone
734 128 1000 stone
734 128 1001 stone
734 128 1002 stone
734 128 1003 stone
734 128 1004 stone
734 128 1005 stone
734 128 1006 stone
734 128 1007 stone
734 128 1008 stone
734 128 1009 stone
734 128 1010 stone
734 128 1011 stone
734 128 1012 stone
734 128 1013 stone
734 128 1014 stone
734 128 1015 stone
734 128 1016 stone
734 128 1017 stone
734 128 1018 stone
734 128 1019 stone
734 128 1020 stone
734 128 1021 stone
734 128 1022 stone
734 128 1023 stone
734 129 116 grass_block[snowy=false]
734 129 117 dirt
734 129 118 stone
734 129 119 stone
734 129 120 stone
734 129 121 stone
734 129 126 stone
734 129 127 stone
734 129 128 stone
734 129 129 stone
734 129 130 stone
734 129 131 stone
734 129 132 coal_ore
734 129 133 coal_ore
734 129 134 coal_ore
734 129 135 coal_ore
734 129 136 stone
734 129 137 stone
734 129 138 stone
734 129 139 stone
734 129 140 stone
734 129 141 stone
734 129 142 stone
734 129 143 stone
734 129 144 stone
734 129 145 stone
734 129 146 stone
734 129 147 stone
734 129 148 stone
734 129 149 stone
734 129 150 stone
734 129 151 stone
734 129 152 stone
734 129 153 stone
734 129 154 stone
734 129 155 stone
734 129 156 stone
734 129 157 stone
734 129 158 stone
734 129 159 stone
734 129 160 stone
734 129 161 stone
734 129 162 stone
734 129 163 stone
734 129 164 stone
734 129 165 stone
734 129 166 stone
734 129 167 stone
734 129 168 stone
734 129 169 stone
734 129 170 stone
734 129 171 stone
734 129 172 stone
734 129 173 stone
734 129 174 stone
734 129 175 stone
734 129 176 stone
734 129 177 stone
734 129 178 stone
734 129 179 stone
734 129 180 stone
734 129 181 stone
734 129 182 stone
734 129 183 stone
734 129 184 stone
734 129 185 stone
734 129 186 stone
734 129 187 stone
734 129 188 stone
734 129 189 stone
734 129 190 stone
734 129 191 stone
734 129 192 stone
734 129 193 stone
734 129 194 stone
734 129 195 stone
734 129 196 stone
734 129 197 stone
734 129 198 stone
734 129 199 stone
734 129 200 stone
734 129 201 stone
734 129 202 stone
734 129 203 stone
734 129 204 stone
734 129 205 stone
734 129 206 stone
734 129 207 stone
734 129 208 stone
734 129 209 stone
734 129 210 stone
734 129 211 stone
734 129 212 stone
734 129 213 stone
734 129 214 stone
734 129 215 stone
734 129 216 stone
734 129 217 stone
734 129 218 stone
734 129 219 stone
734 129 220 stone
734 129 221 stone
734 129 222 stone
734 129 223 stone
734 129 224 stone
734 129 225 stone
734 129 226 stone
734 129 227 stone
734 129 228 stone
734 129 229 stone
734 129 230 stone
734 129 231 stone
734 129 232 stone
734 129 233 stone
734 129 234 stone
734 129 235 stone
734 129 236 stone
734 129 237 stone
734 129 238 stone
734 129 239 stone
734 129 240 stone
734 129 241 stone
734 129 242 stone
734 129 243 stone
734 129 244 stone
734 129 245 stone
734 129 246 stone
734 129 247 stone
734 129 248 stone
734 129 249 stone
734 129 250 stone
734 129 251 stone
734 129 252 stone
734 129 253 stone
734 129 254 stone
734 129 255 stone
734 129 256 stone
734 129 257 stone
734 129 258 stone
734 129 259 stone
734 129 260 stone
734 129 261 stone
734 129 262 stone
734 129 267 stone
734 129 268 stone
734 129 269 stone
734 129 270 stone
734 129 276 stone
734 129 277 stone
734 129 278 stone
734 129 279 stone
734 129 280 stone
734 129 281 copper_ore
734 129 282 copper_ore
734 129 283 stone
734 129 284 stone
734 129 285 stone
734 129 286 stone
734 129 293 stone
734 129 294 stone
734 129 295 stone
734 129 296 stone
734 129 297 stone
734 129 298 stone
734 129 299 stone
734 129 300 stone
734 129 301 stone
734 129 302 stone
734 129 303 stone
734 129 304 stone
734 129 305 stone
734 129 306 stone
734 129 307 stone
734 129 308 stone
734 129 309 stone
734 129 310 stone
734 129 314 stone
734 129 315 stone
734 129 316 stone
734 129 317 stone
734 129 318 stone
734 129 319 stone
734 129 320 stone
734 129 321 stone
734 129 322 stone
734 129 323 stone
734 129 324 stone
734 129 325 stone
734 129 326 stone
734 129 327 stone
734 129 328 dirt
734 129 329 dirt
734 129 330 dirt
734 129 331 stone
734 129 332 stone
734 129 333 stone
734 129 334 stone
734 129 335 stone
734 129 336 stone
734 129 337 stone
734 129 338 stone
734 129 339 stone
734 129 340 stone
734 129 341 stone
734 129 342 stone
734 129 343 stone
734 129 344 stone
734 129 345 stone
734 129 346 stone
734 129 347 stone
734 129 348 stone
734 129 349 stone
734 129 350 stone
734 129 351 stone
734 129 352 stone
734 129 353 stone
734 129 354 stone
734 129 355 stone
734 129 356 copper_ore
734 129 357 stone
734 129 358 stone
734 129 359 stone
734 129 360 stone
734 129 361 stone
734 129 362 stone
734 129 363 stone
734 129 364 stone
734 129 365 stone
734 129 366 stone
734 129 367 stone
734 129 368 stone
734 129 369 stone
734 129 370 gravel
734 129 371 gravel
734 129 372 stone
734 129 373 gravel
734 129 374 gravel
734 129 375 stone
734 129 376 stone
734 129 377 stone
734 129 378 stone
734 129 379 stone
734 129 380 stone
734 129 381 stone
734 129 382 copper_ore
734 129 383 stone
734 129 384 stone
734 129 385 stone
734 129 386 stone
734 129 387 stone
734 129 388 stone
734 129 389 stone
734 129 390 stone
734 129 391 stone
734 129 392 stone
734 129 393 stone
734 129 394 stone
734 129 395 stone
734 129 396 stone
734 129 397 stone
734 129 398 stone
734 129 399 stone
734 129 400 stone
734 129 401 stone
734 129 402 stone
734 129 403 stone
734 129 404 stone
734 129 405 stone
734 129 406 stone
734 129 407 stone
734 129 408 stone
734 129 409 stone
734 129 410 stone
734 129 411 stone
734 129 412 copper_ore
734 129 413 stone
734 129 414 stone
734 129 415 stone
734 129 416 gravel
734 129 417 gravel
734 129 418 gravel
734 129 419 stone
734 129 420 stone
734 129 421 stone
734 129 422 stone
734 129 423 stone
734 129 424 stone
734 129 425 stone
734 129 426 stone
734 129 427 stone
734 129 428 stone
734 129 429 stone
734 129 430 stone
734 129 431 stone
734 129 432 stone
734 129 433 stone
734 129 434 stone
734 129 435 stone
734 129 436 stone
734 129 437 stone
734 129 438 stone
734 129 439 stone
734 129 440 stone
734 129 441 stone
734 129 442 stone
734 129 443 stone
734 129 444 stone
734 129 445 stone
734 129 446 stone
734 129 447 stone
734 129 448 stone
734 129 449 stone
734 129 450 stone
734 129 451 stone
734 129 452 stone
734 129 453 stone
734 129 454 stone
734 129 455 stone
734 129 456 stone
734 129 457 stone
734 129 458 stone
734 129 459 stone
734 129 460 stone
734 129 461 stone
734 129 462 stone
734 129 463 stone
734 129 464 stone
734 129 465 stone
734 129 466 stone
734 129 467 stone
734 129 468 stone
734 129 469 stone
734 129 470 stone
734 129 471 stone
734 129 472 stone
734 129 473 stone
734 129 474 dirt
734 129 475 dirt
734 129 476 dirt
734 129 477 dirt
734 129 478 dirt
734 129 479 dirt
734 129 480 dirt
734 129 481 dirt
734 129 482 dirt
734 129 483 dirt
734 129 484 dirt
734 129 485 dirt
734 129 486 dirt
734 129 487 dirt
734 129 488 dirt
734 129 489 stone
734 129 490 stone
734 129 491 stone
734 129 492 stone
734 129 493 stone
734 129 494 stone
734 129 495 stone
734 129 496 stone
734 129 497 stone
734 129 498 stone
734 129 499 dirt
734 129 500 dirt
734 129 520 grass_block[snowy=false]
734 129 521 grass_block[snowy=false]
734 129 522 dirt
734 129 523 dirt
734 129 524 dirt
734 129 525 dirt
734 129 526 dirt
734 129 527 dirt
734 129 528 dirt
734 129 529 dirt
734 129 530 dirt
734 129 531 dirt
734 129 532 dirt
734 129 533 dirt
734 129 534 dirt
734 129 535 dirt
734 129 536 dirt
734 129 537 dirt
734 129 538 dirt
734 129 539 grass_block[snowy=false]
734 129 540 grass_block[snowy=false]
734 129 541 dirt
734 129 542 dirt
734 129 543 dirt
734 129 544 dirt
734 129 545 dirt
734 129 546 dirt
734 129 547 dirt
734 129 548 dirt
734 129 549 dirt
734 129 550 dirt
734 129 551 dirt
734 129 552 dirt
734 129 553 dirt
734 129 554 dirt
734 129 555 dirt
734 129 556 stone
734 129 557 stone
734 129 558 stone
734 129 559 stone
734 129 560 stone
734 129 561 stone
734 129 562 stone
734 129 563 dirt
734 129 564 dirt
734 129 565 dirt
734 129 566 dirt
734 129 567 stone
734 129 568 stone
734 129 569 stone
734 129 570 stone
734 129 571 stone
734 129 572 stone
734 129 573 stone
734 129 574 stone
734 129 575 stone
734 129 576 stone
734 129 577 stone
734 129 578 stone
734 129 579 stone
734 129 580 stone
734 129 581 stone
734 129 582 stone
734 129 583 stone
734 129 584 stone
734 129 585 stone
734 129 586 stone
734 129 587 stone
734 129 588 stone
734 129 589 stone
734 129 590 stone
734 129 591 stone
734 129 592 stone
734 129 593 stone
734 129 594 stone
734 129 595 stone
734 129 596 stone
734 129 597 stone
734 129 598 stone
734 129 599 stone
734 129 600 stone
734 129 601 stone
734 129 602 stone
734 129 603 stone
734 129 604 dirt
734 129 605 dirt
734 129 606 dirt
734 129 607 dirt
734 129 608 dirt
734 129 609 dirt
734 129 610 dirt
734 129 611 stone
734 129 612 stone
734 129 613 dirt
734 129 614 grass_block[snowy=false]
734 129 623 grass_block[snowy=false]
734 129 624 grass_block[snowy=false]
734 129 625 grass_block[snowy=false]
734 129 626 grass_block[snowy=false]
734 129 627 grass_block[snowy=false]
734 129 629 grass_block[snowy=false]
734 129 630 grass_block[snowy=false]
734 129 631 grass_block[snowy=false]
734 129 632 grass_block[snowy=false]
734 129 683 grass_block[snowy=false]
734 129 684 dirt
734 129 685 dirt
734 129 686 grass_block[snowy=false]
734 129 715 short_grass
734 129 721 dirt
734 129 722 dirt
734 129 723 dirt
734 129 724 stone
734 129 725 stone
734 129 726 stone
734 129 727 stone
734 129 728 stone
734 129 729 stone
734 129 730 stone
734 129 731 stone
734 129 732 stone
734 129 733 stone
734 129 734 stone
734 129 735 stone
734 129 736 gravel
734 129 737 gravel
734 129 738 gravel
734 129 739 gravel
734 129 740 dirt
734 129 741 dirt
734 129 749 glass_pane[east=true,north=false,south=false,waterlogged=false,west=true]
734 129 753 glass_pane[east=true,north=false,south=false,waterlogged=false,west=true]
734 129 755 sugar_cane[age=0]
734 129 781 dirt
734 129 782 stone
734 129 783 stone
734 129 784 stone
734 129 785 stone
734 129 786 stone
734 129 787 stone
734 129 788 stone
734 129 789 stone
734 129 790 stone
734 129 791 stone
734 129 792 stone
734 129 793 stone
734 129 794 stone
734 129 795 stone
734 129 796 stone
734 129 797 stone
734 129 798 stone
734 129 799 stone
734 129 800 stone
734 129 801 stone
734 129 802 stone
734 129 803 stone
734 129 804 stone
734 129 805 stone
734 129 806 stone
734 129 807 stone
734 129 808 stone
734 129 809 stone
734 129 810 stone
734 129 811 stone
734 129 812 stone
734 129 813 stone
734 129 814 stone
734 129 815 stone
734 129 816 stone
734 129 817 stone
734 129 818 stone
734 129 819 stone
734 129 820 stone
734 129 821 stone
734 129 822 stone
734 129 823 stone
734 129 824 stone
734 129 825 stone
734 129 826 stone
734 129 827 stone
734 129 828 stone
734 129 829 stone
734 129 830 stone
734 129 831 stone
734 129 832 stone
734 129 833 stone
734 129 834 stone
734 129 835 stone
734 129 836 stone
734 129 837 stone
734 129 838 stone
734 129 839 stone
734 129 840 stone
734 129 841 stone
734 129 842 stone
734 129 843 stone
734 129 844 stone
734 129 845 stone
734 129 846 stone
734 129 847 stone
734 129 848 stone
734 129 849 stone
734 129 850 stone
734 129 851 stone
734 129 852 stone
734 129 853 stone
734 129 854 stone
734 129 855 stone
734 129 856 stone
734 129 857 stone
734 129 858 stone
734 129 859 stone
734 129 860 stone
734 129 861 stone
734 129 862 stone
734 129 863 stone
734 129 864 stone
734 129 865 stone
734 129 866 stone
734 129 867 stone
734 129 868 stone
734 129 869 stone
734 129 870 stone
734 129 871 stone
734 129 872 stone
734 129 873 stone
734 129 874 stone
734 129 875 stone
734 129 876 stone
734 129 877 stone
734 129 878 stone
734 129 879 stone
734 129 880 stone
734 129 881 stone
734 129 882 stone
734 129 883 stone
734 129 884 stone
734 129 885 stone
734 129 886 stone
734 129 887 stone
734 129 888 stone
734 129 889 stone
734 129 890 stone
734 129 891 stone
734 129 892 stone
734 129 893 stone
734 129 894 stone
734 129 895 stone
734 129 896 stone
734 129 897 stone
734 129 898 stone
734 129 899 stone
734 129 900 stone
734 129 901 stone
734 129 902 stone
734 129 903 stone
734 129 904 stone
734 129 905 stone
734 129 906 stone
734 129 907 stone
734 129 908 stone
734 129 909 stone
734 129 910 stone
734 129 911 stone
734 129 912 stone
734 129 913 copper_ore
734 129 914 copper_ore
734 129 915 stone
734 129 916 stone
734 129 917 stone
734 129 918 stone
734 129 919 stone
734 129 920 stone
734 129 921 stone
734 129 922 stone
734 129 923 stone
734 129 924 stone
734 129 925 stone
734 129 926 stone
734 129 927 stone
734 129 928 stone
734 129 929 gravel
734 129 930 gravel
734 129 931 stone
734 129 932 stone
734 129 933 stone
734 129 934 stone
734 129 935 stone
734 129 936 stone
734 129 937 stone
734 129 938 stone
734 129 939 stone
734 129 940 stone
734 129 941 stone
734 129 942 stone
734 129 943 stone
734 129 944 stone
734 129 945 stone
734 129 946 stone
734 129 947 stone
734 129 948 stone
734 129 949 stone
734 129 950 stone
734 129 951 stone
734 129 952 stone
734 129 953 stone
734 129 954 stone
734 129 955 stone
734 129 956 stone
734 129 957 stone
734 129 958 copper_ore
734 129 959 copper_ore
734 129 960 stone
734 129 961 stone
734 129 962 stone
734 129 963 stone
734 129 964 stone
734 129 965 stone
734 129 966 stone
734 129 967 stone
734 129 968 stone
734 129 969 stone
734 129 970 stone
734 129 971 stone
734 129 972 stone
734 129 973 dirt
734 129 974 dirt
734 129 975 dirt
734 129 976 dirt
734 129 977 stone
734 129 978 stone
734 129 979 stone
734 129 980 stone
734 129 996 dirt
734 129 997 dirt
734 129 998 stone
734 129 999 stone
734 129 1000 stone
734 129 1001 stone
734 129 1002 stone
734 129 1003 stone
734 129 1004 stone
734 129 1005 stone
734 129 1006 stone
734 129 1007 stone
734 129 1008 stone
734 129 1009 stone
734 129 1010 stone
734 129 1011 stone
734 129 1012 stone
734 129 1013 stone
734 129 1014 stone
734 129 1015 stone
734 129 1016 stone
734 129 1017 stone
734 129 1018 stone
734 129 1019 stone
734 129 1020 stone
734 129 1021 stone
734 129 1022 stone
734 129 1023 stone
734 130 117 dirt
734 130 118 stone
734 130 119 stone
734 130 120 stone
734 130 121 stone
734 130 126 stone
734 130 127 stone
734 130 128 stone
734 130 129 stone
734 130 130 stone
734 130 131 stone
734 130 132 stone
734 130 133 coal_ore
734 130 134 coal_ore
734 130 135 stone
734 130 136 stone
734 130 137 stone
734 130 138 stone
734 130 139 stone
734 130 140 stone
734 130 141 stone
734 130 142 stone
734 130 143 stone
734 130 144 stone
734 130 145 stone
734 130 146 stone
