601 101 714 andesite
601 101 715 stone
601 101 716 stone
601 101 717 stone
601 101 718 stone
601 101 719 stone
601 101 720 stone
601 101 721 stone
601 101 722 stone
601 101 737 stone
601 101 738 stone
601 101 739 stone
601 101 740 stone
601 101 741 stone
601 101 742 stone
601 101 743 diorite
601 101 744 diorite
601 101 745 diorite
601 101 746 diorite
601 101 747 diorite
601 101 748 diorite
601 101 749 diorite
601 101 750 diorite
601 101 751 diorite
601 101 752 diorite
601 101 753 stone
601 101 754 stone
601 101 755 stone
601 101 756 stone
601 101 757 stone
601 101 758 stone
601 101 759 stone
601 101 760 stone
601 101 761 stone
601 101 762 stone
601 101 763 stone
601 101 764 stone
601 101 765 stone
601 101 766 stone
601 101 767 stone
602 101 640 stone
602 101 641 stone
602 101 642 stone
602 101 643 stone
602 101 644 stone
602 101 645 stone
602 101 646 stone
602 101 665 stone
602 101 666 stone
602 101 667 stone
602 101 668 stone
602 101 669 andesite
602 101 670 andesite
602 101 671 andesite
602 101 672 andesite
602 101 673 andesite
602 101 674 stone
602 101 675 stone
602 101 676 stone
602 101 677 stone
602 101 678 stone
602 101 679 stone
602 101 680 stone
602 101 681 stone
602 101 682 stone
602 101 683 stone
602 101 684 stone
602 101 685 stone
602 101 686 stone
602 101 687 stone
602 101 688 stone
602 101 689 stone
602 101 690 stone
602 101 691 stone
602 101 692 stone
602 101 693 stone
602 101 694 stone
602 101 695 stone
602 101 696 stone
602 101 697 stone
602 101 698 stone
602 101 699 stone
602 101 700 stone
602 101 701 stone
602 101 702 stone
602 101 703 stone
602 101 704 andesite
602 101 705 gravel
602 101 706 gravel
602 101 707 gravel
602 101 708 gravel
602 101 709 gravel
602 101 710 gravel
602 101 711 gravel
602 101 712 andesite
602 101 713 stone
602 101 714 stone
602 101 715 stone
602 101 716 stone
602 101 717 stone
602 101 718 stone
602 101 719 stone
602 101 720 stone
602 101 721 stone
602 101 722 stone
602 101 737 diorite
602 101 738 diorite
602 101 739 diorite
602 101 740 diorite
602 101 741 diorite
602 101 742 diorite
602 101 743 diorite
602 101 744 diorite
602 101 745 diorite
602 101 746 diorite
602 101 747 diorite
602 101 748 diorite
602 101 749 diorite
602 101 750 diorite
602 101 751 diorite
602 101 752 stone
602 101 753 stone
602 101 754 stone
602 101 755 stone
602 101 756 stone
602 101 757 stone
602 101 758 stone
602 101 759 stone
602 101 760 stone
602 101 761 stone
602 101 762 stone
602 101 763 stone
602 101 764 stone
602 101 765 stone
602 101 766 stone
602 101 767 stone
603 101 640 stone
603 101 641 stone
603 101 642 stone
603 101 643 stone
603 101 644 stone
603 101 645 stone
603 101 646 stone
603 101 647 stone
603 101 652 stone
603 101 653 stone
603 101 665 stone
603 101 666 stone
603 101 667 stone
603 101 668 andesite
603 101 669 andesite
603 101 670 andesite
603 101 671 andesite
603 101 672 andesite
603 101 673 andesite
603 101 674 stone
603 101 675 stone
603 101 676 stone
603 101 677 stone
603 101 678 stone
603 101 679 stone
603 101 680 stone
603 101 681 stone
603 101 682 stone
603 101 683 stone
603 101 684 stone
603 101 685 stone
603 101 686 stone
603 101 687 stone
603 101 688 stone
603 101 689 stone
603 101 690 stone
603 101 691 stone
603 101 692 stone
603 101 693 stone
603 101 694 stone
603 101 695 stone
603 101 696 stone
603 101 697 stone
603 101 698 stone
603 101 699 stone
603 101 700 stone
603 101 701 stone
603 101 702 stone
603 101 703 gravel
603 101 704 gravel
603 101 705 gravel
603 101 706 gravel
603 101 707 stone
603 101 708 gravel
603 101 709 gravel
603 101 710 gravel
603 101 711 gravel
603 101 712 stone
603 101 713 stone
603 101 714 stone
603 101 715 stone
603 101 716 stone
603 101 717 stone
603 101 718 stone
603 101 719 stone
603 101 720 stone
603 101 721 stone
603 101 736 diorite
603 101 737 diorite
603 101 738 diorite
603 101 739 diorite
603 101 740 diorite
603 101 741 diorite
603 101 742 diorite
603 101 743 diorite
603 101 744 diorite
603 101 745 diorite
603 101 746 diorite
603 101 747 stone
603 101 748 diorite
603 101 749 diorite
603 101 750 stone
603 101 751 stone
603 101 752 stone
603 101 753 stone
603 101 754 stone
603 101 755 stone
603 101 756 stone
603 101 757 stone
603 101 758 stone
603 101 759 stone
603 101 760 stone
603 101 761 stone
603 101 762 stone
603 101 763 stone
603 101 764 stone
603 101 765 stone
603 101 766 stone
603 101 767 stone
604 101 640 stone
604 101 641 stone
604 101 642 stone
604 101 643 stone
604 101 644 stone
604 101 645 stone
604 101 646 stone
604 101 647 stone
604 101 648 stone
604 101 649 stone
604 101 650 stone
604 101 651 stone
604 101 652 stone
604 101 653 stone
604 101 654 stone
604 101 665 stone
604 101 666 stone
604 101 667 stone
604 101 668 andesite
604 101 669 andesite
604 101 670 andesite
604 101 671 andesite
604 101 672 andesite
604 101 673 andesite
604 101 674 andesite
604 101 675 stone
604 101 676 stone
604 101 677 stone
604 101 678 stone
604 101 679 stone
604 101 680 stone
604 101 681 stone
604 101 682 stone
604 101 683 stone
604 101 684 stone
604 101 685 stone
604 101 686 stone
604 101 687 stone
604 101 688 stone
604 101 689 stone
604 101 690 stone
604 101 691 stone
604 101 692 stone
604 101 693 stone
604 101 694 stone
604 101 695 stone
604 101 696 stone
604 101 697 stone
604 101 698 stone
604 101 699 stone
604 101 700 stone
604 101 701 stone
604 101 702 gravel
604 101 703 gravel
604 101 704 gravel
604 101 705 gravel
604 101 706 gravel
604 101 707 stone
604 101 708 stone
604 101 709 stone
604 101 710 gravel
604 101 711 stone
604 101 712 stone
604 101 713 stone
604 101 714 stone
604 101 715 stone
604 101 716 stone
604 101 717 stone
604 101 718 stone
604 101 719 stone
604 101 720 stone
604 101 721 stone
604 101 736 diorite
604 101 737 diorite
604 101 738 diorite
604 101 739 diorite
604 101 740 diorite
604 101 741 diorite
604 101 742 diorite
604 101 743 diorite
604 101 744 diorite
604 101 745 diorite
604 101 746 diorite
604 101 747 stone
604 101 748 stone
604 101 749 stone
604 101 750 stone
604 101 751 stone
604 101 752 stone
604 101 753 stone
604 101 754 stone
604 101 755 stone
604 101 756 stone
604 101 757 stone
604 101 758 stone
604 101 759 stone
604 101 760 stone
604 101 761 stone
604 101 762 stone
604 101 763 stone
604 101 764 stone
604 101 765 stone
604 101 766 stone
604 101 767 stone
605 101 640 stone
605 101 641 stone
605 101 642 stone
605 101 643 stone
605 101 644 stone
605 101 645 stone
605 101 646 stone
605 101 647 stone
605 101 648 stone
605 101 649 stone
605 101 650 stone
605 101 651 stone
605 101 652 stone
605 101 653 stone
605 101 654 stone
605 101 655 stone
605 101 665 stone
605 101 666 stone
605 101 667 stone
605 101 668 andesite
605 101 669 andesite
605 101 670 andesite
605 101 671 andesite
605 101 672 andesite
605 101 673 andesite
605 101 674 andesite
605 101 675 stone
605 101 676 stone
605 101 677 stone
605 101 678 stone
605 101 679 stone
605 101 680 stone
605 101 681 stone
605 101 682 stone
605 101 683 stone
605 101 684 stone
605 101 685 stone
605 101 686 stone
605 101 687 stone
605 101 688 stone
605 101 689 stone
605 101 690 stone
605 101 691 stone
605 101 692 stone
605 101 693 stone
605 101 694 stone
605 101 695 stone
605 101 696 stone
605 101 697 stone
605 101 698 stone
605 101 699 stone
605 101 700 stone
605 101 701 gravel
605 101 702 gravel
605 101 703 gravel
605 101 704 gravel
605 101 705 gravel
605 101 706 gravel
605 101 707 stone
605 101 708 stone
605 101 709 stone
605 101 710 stone
605 101 711 stone
605 101 712 stone
605 101 713 stone
605 101 714 stone
605 101 715 stone
605 101 716 stone
605 101 717 stone
605 101 718 stone
605 101 719 stone
605 101 720 stone
605 101 736 diorite
605 101 737 diorite
605 101 738 diorite
605 101 739 diorite
605 101 740 diorite
605 101 741 diorite
605 101 742 diorite
605 101 743 diorite
605 101 744 diorite
605 101 745 diorite
605 101 746 diorite
605 101 747 stone
605 101 748 stone
605 101 749 stone
605 101 750 stone
605 101 751 stone
605 101 752 stone
605 101 753 stone
605 101 754 stone
605 101 755 stone
605 101 756 stone
605 101 757 stone
605 101 758 stone
605 101 759 stone
605 101 760 stone
605 101 761 stone
605 101 762 stone
605 101 763 stone
605 101 764 stone
605 101 765 stone
605 101 766 stone
605 101 767 stone
606 101 640 stone
606 101 641 stone
606 101 642 stone
606 101 643 stone
606 101 644 stone
606 101 645 stone
606 101 646 stone
606 101 647 stone
606 101 648 stone
606 101 649 stone
606 101 650 stone
606 101 651 stone
606 101 652 stone
606 101 653 stone
606 101 654 stone
606 101 655 stone
606 101 656 stone
606 101 657 stone
606 101 660 glow_lichen[down=false,east=true,north=false,south=false,up=false,waterlogged=false,west=false]
606 101 666 stone
606 101 667 stone
606 101 668 andesite
606 101 669 andesite
606 101 670 andesite
606 101 671 andesite
606 101 672 andesite
606 101 673 andesite
606 101 674 andesite
606 101 675 andesite
606 101 676 stone
606 101 677 stone
606 101 678 stone
606 101 679 stone
606 101 680 stone
606 101 681 stone
606 101 682 stone
606 101 683 stone
606 101 684 stone
606 101 685 stone
606 101 686 stone
606 101 687 stone
606 101 688 stone
606 101 689 stone
606 101 690 stone
606 101 691 stone
606 101 692 stone
606 101 693 stone
606 101 694 stone
606 101 695 stone
606 101 696 stone
606 101 697 stone
606 101 698 stone
606 101 699 stone
606 101 700 stone
606 101 701 gravel
606 101 702 gravel
606 101 703 gravel
606 101 704 gravel
606 101 705 gravel
606 101 706 stone
606 101 707 stone
606 101 708 stone
606 101 709 stone
606 101 710 stone
606 101 711 stone
606 101 712 stone
606 101 713 stone
606 101 714 stone
606 101 715 stone
606 101 716 stone
606 101 717 stone
606 101 718 stone
606 101 719 stone
606 101 720 stone
606 101 735 stone
606 101 736 diorite
606 101 737 diorite
606 101 738 diorite
606 101 739 diorite
606 101 740 diorite
606 101 741 diorite
606 101 742 diorite
606 101 743 diorite
606 101 744 diorite
606 101 745 diorite
606 101 746 diorite
606 101 747 diorite
606 101 748 diorite
606 101 749 stone
606 101 750 stone
606 101 751 stone
606 101 752 stone
606 101 753 stone
606 101 754 stone
606 101 755 stone
606 101 756 stone
606 101 757 stone
606 101 758 stone
606 101 759 stone
606 101 760 stone
606 101 761 stone
606 101 762 stone
606 101 763 stone
606 101 764 stone
606 101 765 stone
606 101 766 stone
606 101 767 stone
607 101 640 stone
607 101 641 stone
607 101 642 stone
607 101 643 stone
607 101 644 stone
607 101 645 stone
607 101 646 stone
607 101 647 stone
607 101 648 stone
607 101 649 stone
607 101 650 stone
607 101 651 stone
607 101 652 stone
607 101 653 stone
607 101 654 stone
607 101 655 stone
607 101 656 stone
607 101 657 stone
607 101 658 stone
607 101 659 stone
607 101 660 stone
607 101 661 stone
607 101 662 stone
607 101 663 stone
607 101 664 stone
607 101 665 stone
607 101 666 stone
607 101 667 stone
607 101 668 andesite
607 101 669 andesite
607 101 670 andesite
607 101 671 andesite
607 101 672 andesite
607 101 673 andesite
607 101 674 andesite
607 101 675 andesite
607 101 676 stone
607 101 677 stone
607 101 678 stone
607 101 679 stone
607 101 680 stone
607 101 681 stone
607 101 682 stone
607 101 683 stone
607 101 684 stone
607 101 685 stone
607 101 686 stone
607 101 687 stone
607 101 688 stone
607 101 689 stone
607 101 690 stone
607 101 691 stone
607 101 692 stone
607 101 693 stone
607 101 694 stone
607 101 695 stone
607 101 696 stone
607 101 697 stone
607 101 698 stone
607 101 699 stone
607 101 700 stone
607 101 701 gravel
607 101 702 gravel
607 101 703 gravel
607 101 704 stone
607 101 705 stone
607 101 706 stone
607 101 707 stone
607 101 708 stone
607 101 709 stone
607 101 710 stone
607 101 711 stone
607 101 712 stone
607 101 713 stone
607 101 714 stone
607 101 715 stone
607 101 716 stone
607 101 717 stone
607 101 718 stone
607 101 719 stone
607 101 720 stone
607 101 735 stone
607 101 736 stone
607 101 737 diorite
607 101 738 diorite
607 101 739 diorite
607 101 740 diorite
607 101 741 diorite
607 101 742 diorite
607 101 743 diorite
607 101 744 diorite
607 101 745 diorite
607 101 746 diorite
607 101 747 diorite
607 101 748 diorite
607 101 749 diorite
607 101 750 stone
607 101 751 gravel
607 101 752 gravel
607 101 753 stone
607 101 754 stone
607 101 755 stone
607 101 756 stone
607 101 757 stone
607 101 758 stone
607 101 759 stone
607 101 760 iron_ore
607 101 761 stone
607 101 762 stone
607 101 763 stone
607 101 764 stone
607 101 765 stone
607 101 766 stone
607 101 767 stone
608 101 640 stone
608 101 641 stone
608 101 642 stone
608 101 643 stone
608 101 644 stone
608 101 645 stone
608 101 646 stone
608 101 647 stone
608 101 648 stone
608 101 649 stone
608 101 650 stone
608 101 651 stone
608 101 652 stone
608 101 653 stone
608 101 654 stone
608 101 655 stone
608 101 656 stone
608 101 657 stone
608 101 658 stone
608 101 659 stone
608 101 660 stone
608 101 661 stone
608 101 662 stone
608 101 663 stone
608 101 664 stone
608 101 665 stone
608 101 666 stone
608 101 667 stone
608 101 668 andesite
608 101 669 andesite
608 101 670 andesite
608 101 671 andesite
608 101 672 andesite
608 101 673 andesite
608 101 674 andesite
608 101 675 stone
608 101 676 stone
608 101 677 stone
608 101 678 stone
608 101 679 stone
608 101 680 stone
608 101 681 stone
608 101 682 stone
608 101 683 stone
608 101 684 stone
608 101 685 stone
608 101 686 stone
608 101 687 stone
608 101 688 stone
608 101 689 stone
608 101 690 stone
608 101 691 stone
608 101 692 stone
608 101 693 stone
608 101 694 stone
608 101 695 stone
608 101 696 stone
608 101 697 stone
608 101 698 stone
608 101 699 stone
608 101 700 stone
608 101 701 stone
608 101 702 stone
608 101 703 stone
608 101 704 stone
608 101 705 stone
608 101 706 stone
608 101 707 stone
608 101 708 stone
608 101 709 stone
608 101 710 stone
608 101 711 granite
608 101 712 granite
608 101 713 granite
608 101 714 stone
608 101 715 stone
608 101 716 stone
608 101 717 stone
608 101 718 stone
608 101 719 stone
608 101 720 stone
608 101 734 stone
608 101 735 stone
608 101 736 stone
608 101 737 stone
608 101 738 diorite
608 101 739 diorite
608 101 740 diorite
608 101 741 diorite
608 101 742 diorite
608 101 743 diorite
608 101 744 diorite
608 101 745 diorite
608 101 746 diorite
608 101 747 diorite
608 101 748 diorite
608 101 749 diorite
608 101 750 gravel
608 101 751 gravel
608 101 752 gravel
608 101 753 gravel
608 101 754 gravel
608 101 755 stone
608 101 756 stone
608 101 757 stone
608 101 758 stone
608 101 759 stone
608 101 760 stone
608 101 761 stone
608 101 762 stone
608 101 763 stone
608 101 764 stone
608 101 765 stone
608 101 766 stone
608 101 767 stone
609 101 640 stone
609 101 641 stone
609 101 642 stone
609 101 643 stone
609 101 644 stone
609 101 645 stone
609 101 646 stone
609 101 647 stone
609 101 648 stone
609 101 649 stone
609 101 650 stone
609 101 651 stone
609 101 652 stone
609 101 653 stone
609 101 654 stone
609 101 655 stone
609 101 656 stone
609 101 657 stone
609 101 658 stone
609 101 659 stone
609 101 660 stone
609 101 661 stone
609 101 662 stone
609 101 663 stone
609 101 664 stone
609 101 665 stone
609 101 666 stone
609 101 667 stone
609 101 668 stone
609 101 669 andesite
609 101 670 andesite
609 101 671 andesite
609 101 672 andesite
609 101 673 dirt
609 101 674 dirt
609 101 675 stone
609 101 676 stone
609 101 677 stone
609 101 678 stone
609 101 679 stone
609 101 680 stone
609 101 681 stone
609 101 682 stone
609 101 683 stone
609 101 684 stone
609 101 685 stone
609 101 686 stone
609 101 687 stone
609 101 688 stone
609 101 689 stone
609 101 690 stone
609 101 691 stone
609 101 692 stone
609 101 693 stone
609 101 694 stone
609 101 695 stone
609 101 696 stone
609 101 697 stone
609 101 698 stone
609 101 699 stone
609 101 700 stone
609 101 701 stone
609 101 702 stone
609 101 703 stone
609 101 704 stone
609 101 705 stone
609 101 706 stone
609 101 707 stone
609 101 708 stone
609 101 709 stone
609 101 710 granite
609 101 711 granite
609 101 712 granite
609 101 713 granite
609 101 714 stone
609 101 715 stone
609 101 716 stone
609 101 717 stone
609 101 718 stone
609 101 719 stone
609 101 734 gravel
609 101 735 gravel
609 101 736 stone
609 101 737 stone
609 101 738 stone
609 101 739 diorite
609 101 740 diorite
609 101 741 diorite
609 101 742 diorite
609 101 743 diorite
609 101 744 diorite
609 101 745 diorite
609 101 746 diorite
609 101 747 diorite
609 101 748 diorite
609 101 749 diorite
609 101 750 diorite
609 101 751 gravel
609 101 752 gravel
609 101 753 gravel
609 101 754 gravel
609 101 755 gravel
609 101 756 gravel
609 101 757 stone
609 101 758 stone
609 101 759 stone
609 101 760 stone
609 101 761 stone
609 101 762 stone
609 101 763 stone
609 101 764 stone
609 101 765 stone
609 101 766 stone
609 101 767 stone
610 101 640 stone
610 101 641 stone
610 101 642 stone
610 101 643 stone
610 101 644 stone
610 101 645 stone
610 101 646 stone
610 101 647 stone
610 101 648 stone
610 101 649 stone
610 101 650 stone
610 101 651 stone
610 101 652 stone
610 101 653 stone
610 101 654 stone
610 101 655 stone
610 101 656 stone
610 101 657 stone
610 101 658 stone
610 101 659 stone
610 101 660 stone
610 101 661 stone
610 101 662 stone
610 101 663 stone
610 101 664 stone
610 101 665 stone
610 101 666 stone
610 101 667 stone
610 101 668 stone
610 101 669 andesite
610 101 670 andesite
610 101 671 andesite
610 101 672 andesite
610 101 673 dirt
610 101 674 dirt
610 101 675 dirt
610 101 676 stone
610 101 677 stone
610 101 678 stone
610 101 679 stone
610 101 680 stone
610 101 681 stone
610 101 682 stone
610 101 683 stone
610 101 684 stone
610 101 685 stone
610 101 686 stone
610 101 687 stone
610 101 688 stone
610 101 689 stone
610 101 690 stone
610 101 691 stone
610 101 692 stone
610 101 693 stone
610 101 694 stone
610 101 695 stone
610 101 696 stone
610 101 697 gravel
610 101 698 gravel
610 101 699 gravel
610 101 700 stone
610 101 701 stone
610 101 702 stone
610 101 703 stone
610 101 704 stone
610 101 705 stone
610 101 706 stone
610 101 707 stone
610 101 708 stone
610 101 709 granite
610 101 710 granite
610 101 711 granite
610 101 712 granite
610 101 713 granite
610 101 714 stone
610 101 715 stone
610 101 716 stone
610 101 717 stone
610 101 718 stone
610 101 719 stone
610 101 734 gravel
610 101 735 gravel
610 101 736 gravel
610 101 737 stone
610 101 738 stone
610 101 739 stone
610 101 740 stone
610 101 741 diorite
610 101 742 diorite
610 101 743 diorite
610 101 744 diorite
610 101 745 diorite
610 101 746 diorite
610 101 747 diorite
610 101 748 diorite
610 101 749 diorite
610 101 750 diorite
610 101 751 diorite
610 101 752 gravel
610 101 753 gravel
610 101 754 gravel
610 101 755 gravel
610 101 756 gravel
610 101 757 gravel
610 101 758 stone
610 101 759 stone
610 101 760 stone
610 101 761 stone
610 101 762 stone
610 101 763 stone
610 101 764 stone
610 101 765 stone
610 101 766 stone
610 101 767 stone
611 101 640 stone
611 101 641 stone
611 101 642 stone
611 101 643 stone
611 101 644 stone
611 101 645 stone
611 101 646 stone
611 101 647 stone
611 101 648 stone
611 101 649 stone
611 101 650 stone
611 101 651 stone
611 101 652 stone
611 101 653 stone
611 101 654 stone
611 101 655 stone
611 101 656 stone
611 101 657 stone
611 101 658 stone
611 101 659 stone
611 101 660 stone
611 101 661 stone
611 101 662 stone
611 101 663 stone
611 101 664 dirt
611 101 665 dirt
611 101 666 dirt
611 101 667 dirt
611 101 668 dirt
611 101 669 andesite
611 101 670 andesite
611 101 671 andesite
611 101 672 andesite
611 101 673 dirt
611 101 674 dirt
611 101 675 dirt
611 101 676 stone
611 101 677 stone
611 101 678 stone
611 101 679 stone
611 101 680 stone
611 101 681 stone
611 101 682 stone
611 101 683 stone
611 101 684 stone
611 101 685 stone
611 101 686 stone
611 101 687 stone
611 101 688 stone
611 101 689 stone
611 101 690 stone
611 101 691 stone
611 101 692 stone
611 101 693 stone
611 101 694 stone
611 101 695 stone
611 101 696 stone
611 101 697 gravel
611 101 698 gravel
611 101 699 gravel
611 101 700 gravel
611 101 701 stone
611 101 702 stone
611 101 703 stone
611 101 704 stone
611 101 705 stone
611 101 706 stone
611 101 707 stone
611 101 708 stone
611 101 709 granite
611 101 710 granite
611 101 711 granite
611 101 712 granite
611 101 713 granite
611 101 714 stone
611 101 715 stone
611 101 716 stone
611 101 717 stone
611 101 718 stone
611 101 719 stone
611 101 733 gravel
611 101 734 gravel
611 101 735 gravel
611 101 736 gravel
611 101 737 stone
611 101 738 stone
611 101 739 stone
611 101 740 stone
611 101 741 stone
611 101 742 stone
611 101 743 stone
611 101 744 stone
611 101 745 diorite
611 101 746 diorite
611 101 747 diorite
611 101 748 diorite
