537 101 682 stone
537 101 683 stone
537 101 684 stone
537 101 685 granite
537 101 686 granite
537 101 687 granite
537 101 688 granite
537 101 689 granite
537 101 690 granite
537 101 691 granite
537 101 692 granite
537 101 693 granite
537 101 694 granite
537 101 695 stone
537 101 696 stone
537 101 697 stone
537 101 698 stone
537 101 699 stone
537 101 700 stone
537 101 701 stone
537 101 702 stone
537 101 703 copper_ore
537 101 704 stone
537 101 705 stone
537 101 706 stone
537 101 707 stone
537 101 708 stone
537 101 709 stone
537 101 710 stone
537 101 711 stone
537 101 712 stone
537 101 713 stone
537 101 714 stone
537 101 715 stone
537 101 716 stone
537 101 717 granite
537 101 718 granite
537 101 719 granite
537 101 720 granite
537 101 721 stone
537 101 722 stone
537 101 723 stone
537 101 724 stone
537 101 725 stone
537 101 726 stone
537 101 727 stone
537 101 728 stone
537 101 729 granite
537 101 730 granite
537 101 731 granite
537 101 732 granite
537 101 733 granite
537 101 734 granite
537 101 735 granite
537 101 736 granite
537 101 737 granite
537 101 738 granite
537 101 739 granite
537 101 740 granite
537 101 741 granite
537 101 742 granite
537 101 743 granite
537 101 744 granite
537 101 745 granite
537 101 746 granite
537 101 747 stone
537 101 748 stone
537 101 749 stone
537 101 750 stone
537 101 751 stone
537 101 752 stone
537 101 753 stone
537 101 754 stone
537 101 759 copper_ore
537 101 760 copper_ore
537 101 761 stone
537 101 762 stone
537 101 763 stone
537 101 764 stone
537 101 765 stone
537 101 766 stone
537 101 767 stone
538 101 640 granite
538 101 641 granite
538 101 642 granite
538 101 643 granite
538 101 644 diorite
538 101 645 diorite
538 101 646 diorite
538 101 647 diorite
538 101 648 diorite
538 101 649 diorite
538 101 650 diorite
538 101 651 diorite
538 101 652 dirt
538 101 653 dirt
538 101 654 dirt
538 101 655 dirt
538 101 656 dirt
538 101 657 dirt
538 101 658 stone
538 101 659 stone
538 101 660 stone
538 101 661 stone
538 101 662 stone
538 101 663 stone
538 101 664 stone
538 101 665 stone
538 101 666 stone
538 101 667 stone
538 101 668 stone
538 101 669 stone
538 101 670 copper_ore
538 101 671 stone
538 101 672 stone
538 101 673 stone
538 101 674 stone
538 101 675 stone
538 101 676 stone
538 101 677 stone
538 101 678 stone
538 101 679 stone
538 101 680 stone
538 101 681 stone
538 101 682 stone
538 101 683 stone
538 101 684 stone
538 101 685 granite
538 101 686 granite
538 101 687 granite
538 101 688 granite
538 101 689 granite
538 101 690 granite
538 101 691 granite
538 101 692 granite
538 101 693 granite
538 101 694 granite
538 101 695 stone
538 101 696 stone
538 101 697 stone
538 101 698 stone
538 101 699 stone
538 101 700 stone
538 101 701 stone
538 101 702 stone
538 101 703 stone
538 101 704 stone
538 101 705 stone
538 101 706 stone
538 101 707 stone
538 101 708 stone
538 101 709 stone
538 101 710 stone
538 101 711 stone
538 101 712 stone
538 101 713 stone
538 101 714 stone
538 101 715 stone
538 101 716 stone
538 101 717 granite
538 101 718 granite
538 101 719 granite
538 101 720 stone
538 101 721 stone
538 101 722 stone
538 101 723 stone
538 101 724 stone
538 101 725 stone
538 101 726 stone
538 101 727 stone
538 101 728 granite
538 101 729 granite
538 101 730 granite
538 101 731 granite
538 101 732 granite
538 101 733 granite
538 101 734 granite
538 101 735 granite
538 101 736 granite
538 101 737 granite
538 101 738 granite
538 101 739 granite
538 101 740 granite
538 101 741 granite
538 101 742 granite
538 101 743 granite
538 101 744 granite
538 101 745 granite
538 101 746 granite
538 101 747 stone
538 101 748 stone
538 101 749 stone
538 101 750 stone
538 101 751 stone
538 101 752 stone
538 101 753 stone
538 101 754 stone
538 101 755 stone
538 101 758 stone
538 101 759 copper_ore
538 101 760 copper_ore
538 101 761 stone
538 101 762 stone
538 101 763 stone
538 101 764 stone
538 101 765 stone
538 101 766 stone
538 101 767 stone
539 101 640 granite
539 101 641 granite
539 101 642 granite
539 101 643 granite
539 101 644 diorite
539 101 645 diorite
539 101 646 diorite
539 101 647 diorite
539 101 648 diorite
539 101 649 diorite
539 101 650 dirt
539 101 651 dirt
539 101 652 dirt
539 101 653 dirt
539 101 654 dirt
539 101 655 dirt
539 101 656 dirt
539 101 657 stone
539 101 658 stone
539 101 659 stone
539 101 660 stone
539 101 661 stone
539 101 662 stone
539 101 663 stone
539 101 664 stone
539 101 665 stone
539 101 666 stone
539 101 667 stone
539 101 668 stone
539 101 669 stone
539 101 670 copper_ore
539 101 674 stone
539 101 675 stone
539 101 676 stone
539 101 677 stone
539 101 678 stone
539 101 679 stone
539 101 680 stone
539 101 681 stone
539 101 682 stone
539 101 683 stone
539 101 684 stone
539 101 685 stone
539 101 686 granite
539 101 687 granite
539 101 688 granite
539 101 689 granite
539 101 690 granite
539 101 691 granite
539 101 692 granite
539 101 693 granite
539 101 694 granite
539 101 695 granite
539 101 696 stone
539 101 697 stone
539 101 698 stone
539 101 699 stone
539 101 700 stone
539 101 701 stone
539 101 702 stone
539 101 703 stone
539 101 704 stone
539 101 705 stone
539 101 706 stone
539 101 707 stone
539 101 708 stone
539 101 709 stone
539 101 710 stone
539 101 711 stone
539 101 712 stone
539 101 713 stone
539 101 714 stone
539 101 715 stone
539 101 716 stone
539 101 717 coal_ore
539 101 718 coal_ore
539 101 719 coal_ore
539 101 720 stone
539 101 721 stone
539 101 722 stone
539 101 723 stone
539 101 724 stone
539 101 725 stone
539 101 726 stone
539 101 727 stone
539 101 728 stone
539 101 729 granite
539 101 730 granite
539 101 731 granite
539 101 732 granite
539 101 733 granite
539 101 734 granite
539 101 735 granite
539 101 736 granite
539 101 737 granite
539 101 738 granite
539 101 739 granite
539 101 740 granite
539 101 741 granite
539 101 742 granite
539 101 743 granite
539 101 744 granite
539 101 745 granite
539 101 746 granite
539 101 747 stone
539 101 748 stone
539 101 749 stone
539 101 750 stone
539 101 751 stone
539 101 752 stone
539 101 753 stone
539 101 754 stone
539 101 755 stone
539 101 756 stone
539 101 757 stone
539 101 758 stone
539 101 759 stone
539 101 760 stone
539 101 761 stone
539 101 762 stone
539 101 763 stone
539 101 764 stone
539 101 765 stone
539 101 766 stone
540 101 640 granite
540 101 641 granite
540 101 642 granite
540 101 643 granite
540 101 644 diorite
540 101 645 diorite
540 101 646 diorite
540 101 647 diorite
540 101 648 diorite
540 101 649 stone
540 101 650 dirt
540 101 651 dirt
540 101 652 dirt
540 101 653 dirt
540 101 654 dirt
540 101 655 dirt
540 101 656 stone
540 101 657 stone
540 101 658 stone
540 101 659 stone
540 101 660 stone
540 101 661 stone
540 101 662 stone
540 101 663 stone
540 101 664 stone
540 101 665 stone
540 101 666 stone
540 101 667 stone
540 101 668 stone
540 101 669 stone
540 101 670 stone
540 101 676 stone
540 101 677 stone
540 101 678 stone
540 101 679 stone
540 101 680 stone
540 101 681 stone
540 101 682 stone
540 101 683 stone
540 101 684 stone
540 101 685 stone
540 101 686 stone
540 101 687 granite
540 101 688 granite
540 101 689 granite
540 101 690 granite
540 101 691 granite
540 101 692 granite
540 101 693 granite
540 101 694 granite
540 101 695 granite
540 101 696 stone
540 101 697 stone
540 101 698 stone
540 101 699 stone
540 101 700 stone
540 101 701 stone
540 101 702 stone
540 101 703 stone
540 101 704 stone
540 101 705 stone
540 101 706 stone
540 101 707 stone
540 101 708 stone
540 101 709 stone
540 101 710 stone
540 101 711 stone
540 101 712 stone
540 101 713 stone
540 101 714 stone
540 101 715 stone
540 101 716 stone
540 101 717 coal_ore
540 101 718 coal_ore
540 101 719 coal_ore
540 101 720 stone
540 101 721 stone
540 101 722 stone
540 101 723 stone
540 101 724 stone
540 101 725 stone
540 101 726 stone
540 101 727 stone
540 101 728 stone
540 101 729 stone
540 101 730 stone
540 101 731 granite
540 101 732 granite
540 101 733 granite
540 101 734 granite
540 101 735 granite
540 101 736 granite
540 101 737 granite
540 101 738 granite
540 101 739 granite
540 101 740 granite
540 101 741 granite
540 101 742 granite
540 101 743 dirt
540 101 744 dirt
540 101 745 dirt
540 101 746 dirt
540 101 747 dirt
540 101 748 dirt
540 101 749 stone
540 101 750 stone
540 101 751 stone
540 101 752 stone
540 101 753 stone
540 101 754 stone
540 101 755 stone
540 101 756 stone
540 101 757 stone
540 101 758 stone
540 101 759 stone
540 101 760 stone
540 101 761 stone
540 101 762 stone
540 101 763 stone
541 101 640 andesite
541 101 641 granite
541 101 642 granite
541 101 643 granite
541 101 644 diorite
541 101 645 diorite
541 101 646 diorite
541 101 647 diorite
541 101 648 granite
541 101 649 dirt
541 101 650 dirt
541 101 651 dirt
541 101 652 dirt
541 101 653 coal_ore
541 101 654 coal_ore
541 101 655 stone
541 101 656 stone
541 101 657 stone
541 101 658 stone
541 101 659 stone
541 101 660 stone
541 101 661 stone
541 101 662 stone
541 101 663 stone
541 101 664 stone
541 101 665 stone
541 101 666 stone
541 101 667 stone
541 101 668 stone
541 101 669 stone
541 101 670 stone
541 101 677 stone
541 101 678 stone
541 101 679 stone
541 101 680 stone
541 101 681 stone
541 101 682 stone
541 101 683 stone
541 101 684 stone
541 101 685 stone
541 101 686 stone
541 101 687 stone
541 101 688 stone
541 101 689 stone
541 101 690 granite
541 101 691 granite
541 101 692 granite
541 101 693 granite
541 101 694 granite
541 101 695 granite
541 101 696 stone
541 101 697 stone
541 101 698 stone
541 101 699 stone
541 101 700 stone
541 101 701 stone
541 101 702 stone
541 101 703 stone
541 101 704 stone
541 101 705 stone
541 101 706 stone
541 101 707 stone
541 101 708 stone
541 101 709 stone
541 101 710 stone
541 101 711 stone
541 101 712 stone
541 101 713 stone
541 101 714 stone
541 101 715 stone
541 101 716 coal_ore
541 101 717 coal_ore
541 101 718 coal_ore
541 101 719 stone
541 101 720 stone
541 101 721 stone
541 101 722 stone
541 101 723 stone
541 101 724 stone
541 101 725 stone
541 101 726 stone
541 101 727 stone
541 101 728 stone
541 101 729 stone
541 101 730 stone
541 101 731 stone
541 101 732 stone
541 101 733 stone
541 101 734 stone
541 101 735 stone
541 101 736 stone
541 101 737 stone
541 101 738 stone
541 101 739 granite
541 101 740 granite
541 101 741 granite
541 101 742 dirt
541 101 743 dirt
541 101 744 dirt
541 101 745 dirt
541 101 746 dirt
541 101 747 dirt
541 101 748 dirt
541 101 749 dirt
541 101 750 stone
541 101 751 stone
541 101 752 stone
541 101 753 stone
541 101 754 stone
541 101 755 stone
541 101 756 stone
541 101 757 stone
541 101 758 stone
541 101 759 stone
541 101 760 stone
541 101 761 stone
542 101 640 andesite
542 101 641 granite
542 101 642 granite
542 101 643 granite
542 101 644 granite
542 101 645 diorite
542 101 646 diorite
542 101 647 granite
542 101 648 granite
542 101 649 stone
542 101 650 dirt
542 101 651 copper_ore
542 101 652 coal_ore
542 101 653 coal_ore
542 101 654 coal_ore
542 101 655 stone
542 101 656 stone
542 101 657 stone
542 101 658 stone
542 101 659 stone
542 101 660 stone
542 101 661 stone
542 101 662 stone
542 101 663 stone
542 101 664 stone
542 101 665 stone
542 101 666 andesite
542 101 667 andesite
542 101 668 andesite
542 101 669 andesite
542 101 670 andesite
542 101 676 stone
542 101 677 stone
542 101 678 stone
542 101 679 stone
542 101 680 stone
542 101 681 stone
542 101 682 stone
542 101 683 stone
542 101 684 stone
542 101 685 stone
542 101 686 stone
542 101 687 stone
542 101 688 stone
542 101 689 stone
542 101 690 stone
542 101 691 granite
542 101 692 granite
542 101 693 granite
542 101 694 granite
542 101 695 granite
542 101 696 stone
542 101 697 stone
542 101 698 stone
542 101 699 stone
542 101 700 stone
542 101 701 stone
542 101 702 stone
542 101 703 stone
542 101 704 stone
542 101 705 stone
542 101 706 stone
542 101 707 stone
542 101 708 stone
542 101 709 stone
542 101 710 stone
542 101 711 stone
542 101 712 stone
542 101 713 stone
542 101 714 granite
542 101 715 granite
542 101 716 coal_ore
542 101 717 coal_ore
542 101 718 stone
542 101 719 stone
542 101 720 stone
542 101 721 stone
542 101 722 stone
542 101 723 stone
542 101 724 stone
542 101 725 stone
542 101 726 stone
542 101 727 stone
542 101 728 stone
542 101 729 stone
542 101 730 stone
542 101 731 stone
542 101 732 stone
542 101 733 stone
542 101 734 stone
542 101 735 stone
542 101 736 stone
542 101 737 stone
542 101 738 stone
542 101 739 stone
542 101 740 granite
542 101 741 dirt
542 101 742 dirt
542 101 743 dirt
542 101 744 dirt
542 101 745 dirt
542 101 746 dirt
542 101 747 dirt
542 101 748 dirt
542 101 749 stone
542 101 750 stone
542 101 751 stone
542 101 752 stone
542 101 753 stone
542 101 754 stone
542 101 755 stone
542 101 756 stone
542 101 757 stone
542 101 758 stone
542 101 759 stone
542 101 760 stone
543 101 640 stone
543 101 641 granite
543 101 642 granite
543 101 643 granite
543 101 644 granite
543 101 645 granite
543 101 646 granite
543 101 647 granite
543 101 648 granite
543 101 649 stone
543 101 650 stone
543 101 651 stone
543 101 652 coal_ore
543 101 653 coal_ore
543 101 654 stone
543 101 655 stone
543 101 656 stone
543 101 657 stone
543 101 658 stone
543 101 659 stone
543 101 660 stone
543 101 661 stone
543 101 662 stone
543 101 663 copper_ore
543 101 664 stone
543 101 665 andesite
543 101 666 andesite
543 101 667 andesite
543 101 668 andesite
543 101 669 andesite
543 101 670 andesite
543 101 676 stone
543 101 677 stone
543 101 678 stone
543 101 679 stone
543 101 680 stone
543 101 681 stone
543 101 682 stone
543 101 683 stone
543 101 684 stone
543 101 685 stone
543 101 686 stone
543 101 687 stone
543 101 688 stone
543 101 689 stone
543 101 690 stone
543 101 691 stone
543 101 692 stone
543 101 693 granite
543 101 694 stone
543 101 695 stone
543 101 696 stone
543 101 697 stone
543 101 698 stone
543 101 699 stone
543 101 700 stone
543 101 701 stone
543 101 702 stone
543 101 703 stone
543 101 704 stone
543 101 705 stone
543 101 706 stone
543 101 707 stone
543 101 708 stone
543 101 709 stone
543 101 710 stone
543 101 711 stone
543 101 712 stone
543 101 713 granite
543 101 714 granite
543 101 715 granite
543 101 716 granite
543 101 717 granite
543 101 718 stone
543 101 719 iron_ore
543 101 720 stone
543 101 721 stone
543 101 722 stone
543 101 723 stone
543 101 724 stone
543 101 725 stone
543 101 726 stone
543 101 727 stone
543 101 728 stone
543 101 729 stone
543 101 730 stone
543 101 731 stone
543 101 732 stone
543 101 733 stone
543 101 734 stone
543 101 735 stone
543 101 736 stone
543 101 737 stone
543 101 738 stone
543 101 739 granite
543 101 740 granite
543 101 741 granite
543 101 742 dirt
543 101 743 dirt
543 101 744 dirt
543 101 745 dirt
543 101 746 dirt
543 101 747 stone
543 101 748 stone
543 101 749 stone
543 101 750 stone
543 101 751 stone
543 101 752 stone
543 101 753 stone
543 101 754 stone
543 101 755 stone
543 101 756 stone
543 101 757 stone
543 101 758 stone
543 101 759 stone
544 101 640 stone
544 101 641 granite
544 101 642 granite
544 101 643 granite
544 101 644 granite
544 101 645 granite
544 101 646 granite
544 101 647 granite
544 101 648 gravel
544 101 649 gravel
544 101 650 gravel
544 101 651 stone
544 101 652 stone
544 101 653 stone
544 101 654 stone
544 101 655 stone
544 101 656 stone
544 101 657 stone
544 101 658 stone
544 101 659 stone
544 101 660 stone
544 101 661 stone
544 101 662 stone
544 101 663 stone
544 101 664 stone
544 101 665 andesite
544 101 666 andesite
544 101 667 andesite
544 101 668 andesite
544 101 669 andesite
544 101 670 andesite
544 101 671 stone
544 101 672 stone
544 101 676 stone
544 101 677 stone
544 101 678 stone
544 101 679 stone
544 101 680 stone
544 101 681 stone
544 101 682 stone
544 101 683 stone
544 101 684 stone
544 101 685 stone
544 101 686 stone
544 101 687 stone
544 101 688 stone
544 101 689 stone
544 101 690 stone
544 101 691 stone
544 101 692 stone
544 101 693 stone
544 101 694 stone
544 101 695 stone
544 101 696 stone
544 101 697 stone
544 101 698 stone
544 101 699 stone
544 101 700 stone
544 101 701 coal_ore
544 101 702 coal_ore
544 101 703 stone
544 101 704 stone
544 101 705 stone
544 101 706 stone
544 101 707 stone
544 101 708 stone
544 101 709 stone
544 101 710 stone
544 101 711 stone
544 101 712 granite
544 101 713 granite
544 101 714 granite
544 101 715 granite
544 101 716 granite
544 101 717 granite
544 101 718 stone
544 101 719 stone
544 101 720 stone
544 101 721 stone
544 101 722 stone
544 101 723 stone
544 101 724 stone
544 101 725 stone
544 101 726 stone
544 101 727 stone
544 101 728 stone
544 101 729 stone
544 101 730 stone
544 101 731 stone
544 101 732 stone
544 101 733 stone
544 101 734 stone
544 101 735 stone
544 101 736 stone
544 101 737 stone
544 101 738 stone
544 101 739 granite
544 101 740 granite
544 101 741 granite
544 101 742 granite
544 101 743 granite
544 101 744 granite
544 101 745 granite
544 101 746 stone
544 101 747 stone
544 101 748 stone
544 101 749 stone
544 101 750 stone
544 101 751 stone
544 101 752 stone
544 101 753 stone
544 101 754 stone
544 101 755 stone
544 101 756 stone
544 101 757 stone
544 101 758 stone
544 101 759 stone
545 101 640 stone
545 101 641 stone
545 101 642 granite
545 101 643 granite
545 101 644 granite
545 101 645 granite
545 101 646 granite
545 101 647 gravel
545 101 648 gravel
545 101 649 gravel
545 101 650 gravel
545 101 651 stone
545 101 652 stone
545 101 653 stone
545 101 654 stone
545 101 655 andesite
545 101 656 andesite
545 101 657 andesite
545 101 658 andesite
545 101 659 andesite
545 101 660 andesite
545 101 661 stone
545 101 662 stone
545 101 663 stone
545 101 664 stone
545 101 665 stone
545 101 666 andesite
545 101 667 andesite
545 101 668 andesite
545 101 669 stone
545 101 670 stone
545 101 671 stone
545 101 672 stone
545 101 673 stone
545 101 676 stone
545 101 677 stone
545 101 678 stone
545 101 679 stone
545 101 680 stone
545 101 681 stone
545 101 682 stone
545 101 683 stone
545 101 684 stone
545 101 685 stone
545 101 686 stone
545 101 687 stone
545 101 688 stone
545 101 689 gravel
545 101 690 gravel
545 101 691 stone
545 101 692 stone
545 101 693 stone
545 101 694 stone
545 101 695 stone
545 101 696 stone
545 101 697 stone
545 101 698 stone
545 101 699 stone
545 101 700 stone
545 101 701 coal_ore
545 101 702 coal_ore
545 101 703 coal_ore
545 101 704 stone
545 101 705 stone
545 101 706 stone
545 101 707 stone
545 101 708 stone
545 101 709 stone
545 101 710 stone
545 101 711 stone
545 101 712 granite
545 101 713 granite
545 101 714 granite
545 101 715 granite
545 101 716 granite
545 101 717 granite
545 101 718 granite
545 101 719 stone
545 101 720 stone
545 101 721 stone
545 101 722 stone
545 101 723 stone
545 101 724 stone
545 101 725 stone
545 101 726 stone
545 101 727 stone
545 101 728 stone
545 101 729 stone
545 101 730 stone
545 101 731 stone
545 101 732 stone
545 101 733 stone
545 101 734 stone
545 101 735 stone
545 101 736 stone
545 101 737 stone
545 101 738 stone
545 101 739 granite
545 101 740 granite
545 101 741 granite
545 101 742 granite
545 101 743 granite
545 101 744 granite
545 101 745 granite
545 101 746 stone
545 101 747 stone
545 101 748 stone
545 101 749 stone
545 101 750 stone
545 101 751 stone
545 101 752 stone
545 101 753 stone
545 101 754 stone
545 101 755 stone
545 101 756 stone
545 101 757 stone
545 101 758 stone
545 101 759 stone
546 101 640 stone
546 101 641 stone
546 101 642 granite
546 101 643 granite
546 101 644 granite
546 101 645 granite
546 101 646 granite
546 101 647 gravel
546 101 648 gravel
546 101 649 gravel
546 101 650 gravel
546 101 651 andesite
546 101 652 andesite
546 101 653 andesite
546 101 654 andesite
546 101 655 andesite
546 101 656 andesite
546 101 657 andesite
546 101 658 andesite
546 101 659 andesite
546 101 660 andesite
546 101 661 andesite
546 101 662 stone
546 101 663 stone
546 101 664 stone
546 101 665 stone
546 101 666 stone
546 101 667 stone
546 101 668 stone
546 101 669 stone
546 101 670 stone
546 101 671 stone
546 101 672 stone
546 101 673 stone
546 101 674 stone
546 101 675 stone
546 101 676 stone
546 101 677 stone
546 101 678 stone
546 101 679 stone
546 101 680 stone
546 101 681 stone
546 101 682 stone
546 101 683 stone
546 101 684 stone
546 101 685 stone
546 101 686 stone
546 101 687 stone
546 101 688 stone
546 101 689 gravel
546 101 690 gravel
546 101 691 stone
546 101 692 stone
546 101 693 stone
546 101 694 stone
546 101 695 stone
546 101 696 stone
546 101 697 stone
546 101 698 stone
546 101 699 stone
546 101 700 stone
546 101 701 stone
546 101 702 coal_ore
546 101 703 coal_ore
546 101 704 coal_ore
546 101 705 stone
