523 114 761 diorite
523 114 762 diorite
523 114 763 diorite
523 114 764 diorite
523 114 765 diorite
523 114 766 diorite
523 114 767 diorite
524 114 640 stone
524 114 641 stone
524 114 642 stone
524 114 643 stone
524 114 644 stone
524 114 645 stone
524 114 646 stone
524 114 647 stone
524 114 648 stone
524 114 649 stone
524 114 650 stone
524 114 651 stone
524 114 652 stone
524 114 653 stone
524 114 654 stone
524 114 655 stone
524 114 656 stone
524 114 657 stone
524 114 658 stone
524 114 659 stone
524 114 660 andesite
524 114 661 andesite
524 114 662 andesite
524 114 663 andesite
524 114 664 andesite
524 114 665 andesite
524 114 666 andesite
524 114 667 andesite
524 114 668 andesite
524 114 669 andesite
524 114 670 andesite
524 114 671 stone
524 114 672 stone
524 114 673 stone
524 114 674 stone
524 114 675 stone
524 114 676 stone
524 114 677 stone
524 114 678 stone
524 114 679 gravel
524 114 680 gravel
524 114 681 gravel
524 114 682 gravel
524 114 683 gravel
524 114 684 stone
524 114 685 stone
524 114 686 stone
524 114 687 stone
524 114 688 stone
524 114 689 stone
524 114 690 stone
524 114 691 stone
524 114 692 stone
524 114 693 stone
524 114 694 stone
524 114 695 stone
524 114 696 stone
524 114 697 stone
524 114 698 stone
524 114 699 stone
524 114 700 granite
524 114 701 granite
524 114 702 granite
524 114 703 granite
524 114 704 granite
524 114 705 stone
524 114 706 stone
524 114 710 stone
524 114 711 stone
524 114 712 stone
524 114 713 stone
524 114 714 stone
524 114 715 stone
524 114 716 stone
524 114 717 stone
524 114 718 stone
524 114 719 stone
524 114 720 stone
524 114 721 stone
524 114 722 stone
524 114 723 stone
524 114 724 stone
524 114 725 stone
524 114 726 stone
524 114 727 stone
524 114 728 stone
524 114 729 stone
524 114 730 stone
524 114 731 stone
524 114 732 stone
524 114 733 gravel
524 114 734 gravel
524 114 735 gravel
524 114 736 gravel
524 114 737 gravel
524 114 738 gravel
524 114 739 gravel
524 114 740 gravel
524 114 741 gravel
524 114 742 stone
524 114 743 stone
524 114 744 stone
524 114 745 stone
524 114 746 stone
524 114 747 stone
524 114 748 stone
524 114 749 stone
524 114 750 stone
524 114 751 stone
524 114 752 stone
524 114 753 stone
524 114 754 stone
524 114 755 stone
524 114 756 stone
524 114 757 stone
524 114 758 stone
524 114 759 stone
524 114 760 diorite
524 114 761 diorite
524 114 762 diorite
524 114 763 diorite
524 114 764 diorite
524 114 765 diorite
524 114 766 diorite
524 114 767 diorite
525 114 640 stone
525 114 641 stone
525 114 642 stone
525 114 643 stone
525 114 644 stone
525 114 645 stone
525 114 646 stone
525 114 647 stone
525 114 648 stone
525 114 649 stone
525 114 650 stone
525 114 651 stone
525 114 652 stone
525 114 653 stone
525 114 654 stone
525 114 655 stone
525 114 656 stone
525 114 657 stone
525 114 658 stone
525 114 659 stone
525 114 660 andesite
525 114 661 andesite
525 114 662 andesite
525 114 663 andesite
525 114 664 andesite
525 114 665 andesite
525 114 666 andesite
525 114 667 andesite
525 114 668 andesite
525 114 669 andesite
525 114 670 andesite
525 114 671 stone
525 114 672 stone
525 114 673 stone
525 114 674 stone
525 114 675 stone
525 114 676 stone
525 114 677 stone
525 114 678 gravel
525 114 679 gravel
525 114 680 gravel
525 114 681 gravel
525 114 682 gravel
525 114 683 stone
525 114 684 stone
525 114 685 stone
525 114 686 stone
525 114 687 stone
525 114 688 stone
525 114 689 stone
525 114 690 stone
525 114 691 stone
525 114 692 stone
525 114 693 stone
525 114 694 stone
525 114 695 stone
525 114 696 stone
525 114 697 stone
525 114 698 stone
525 114 699 stone
525 114 700 stone
525 114 701 stone
525 114 702 stone
525 114 703 stone
525 114 704 stone
525 114 705 stone
525 114 711 stone
525 114 712 stone
525 114 713 stone
525 114 714 stone
525 114 715 stone
525 114 716 stone
525 114 717 stone
525 114 718 stone
525 114 719 stone
525 114 720 stone
525 114 721 stone
525 114 722 stone
525 114 723 stone
525 114 724 stone
525 114 725 stone
525 114 726 stone
525 114 727 stone
525 114 728 stone
525 114 729 stone
525 114 730 stone
525 114 731 stone
525 114 732 stone
525 114 733 stone
525 114 734 gravel
525 114 735 gravel
525 114 736 gravel
525 114 737 gravel
525 114 738 gravel
525 114 739 gravel
525 114 740 gravel
525 114 741 gravel
525 114 742 gravel
525 114 743 stone
525 114 744 stone
525 114 745 stone
525 114 746 stone
525 114 747 stone
525 114 748 stone
525 114 749 stone
525 114 750 stone
525 114 751 stone
525 114 752 stone
525 114 753 stone
525 114 754 stone
525 114 755 stone
525 114 756 stone
525 114 757 stone
525 114 758 stone
525 114 759 diorite
525 114 760 diorite
525 114 761 diorite
525 114 762 diorite
525 114 763 diorite
525 114 764 diorite
525 114 765 diorite
525 114 766 diorite
525 114 767 diorite
526 114 640 stone
526 114 641 stone
526 114 642 stone
526 114 643 stone
526 114 644 stone
526 114 645 stone
526 114 646 stone
526 114 647 stone
526 114 648 stone
526 114 649 stone
526 114 650 stone
526 114 651 stone
526 114 652 stone
526 114 653 stone
526 114 654 stone
526 114 655 stone
526 114 656 stone
526 114 657 stone
526 114 658 stone
526 114 659 andesite
526 114 660 andesite
526 114 661 andesite
526 114 662 andesite
526 114 663 andesite
526 114 664 andesite
526 114 665 andesite
526 114 666 andesite
526 114 667 andesite
526 114 668 andesite
526 114 669 andesite
526 114 670 andesite
526 114 671 stone
526 114 672 stone
526 114 673 stone
526 114 674 stone
526 114 675 stone
526 114 676 stone
526 114 677 stone
526 114 678 gravel
526 114 679 gravel
526 114 680 gravel
526 114 681 gravel
526 114 682 gravel
526 114 683 stone
526 114 684 stone
526 114 685 stone
526 114 686 stone
526 114 687 stone
526 114 688 stone
526 114 689 stone
526 114 690 stone
526 114 691 stone
526 114 692 stone
526 114 693 stone
526 114 694 stone
526 114 695 stone
526 114 696 stone
526 114 697 stone
526 114 698 stone
526 114 699 stone
526 114 700 stone
526 114 701 stone
526 114 702 stone
526 114 703 stone
526 114 704 stone
526 114 705 stone
526 114 706 stone
526 114 711 stone
526 114 712 stone
526 114 713 stone
526 114 714 stone
526 114 715 stone
526 114 716 stone
526 114 717 stone
526 114 718 stone
526 114 719 stone
526 114 720 stone
526 114 721 stone
526 114 722 stone
526 114 723 stone
526 114 724 stone
526 114 725 stone
526 114 726 stone
526 114 727 stone
526 114 728 stone
526 114 729 stone
526 114 730 stone
526 114 731 stone
526 114 732 stone
526 114 733 stone
526 114 734 stone
526 114 735 stone
526 114 736 gravel
526 114 737 gravel
526 114 738 gravel
526 114 739 gravel
526 114 740 gravel
526 114 741 gravel
526 114 742 gravel
526 114 743 stone
526 114 744 stone
526 114 745 stone
526 114 746 stone
526 114 747 stone
526 114 748 stone
526 114 749 stone
526 114 750 stone
526 114 751 stone
526 114 752 stone
526 114 753 stone
526 114 754 stone
526 114 755 stone
526 114 756 stone
526 114 757 stone
526 114 758 stone
526 114 759 diorite
526 114 760 diorite
526 114 761 diorite
526 114 762 diorite
526 114 763 diorite
526 114 764 diorite
526 114 765 diorite
526 114 766 diorite
526 114 767 diorite
527 114 640 stone
527 114 641 stone
527 114 642 stone
527 114 643 stone
527 114 644 stone
527 114 645 stone
527 114 646 stone
527 114 647 stone
527 114 648 stone
527 114 649 stone
527 114 650 copper_ore
527 114 651 stone
527 114 652 stone
527 114 653 stone
527 114 654 stone
527 114 655 stone
527 114 656 stone
527 114 657 stone
527 114 658 stone
527 114 659 andesite
527 114 660 andesite
527 114 661 andesite
527 114 662 andesite
527 114 663 andesite
527 114 664 andesite
527 114 665 andesite
527 114 666 andesite
527 114 667 andesite
527 114 668 andesite
527 114 669 andesite
527 114 670 andesite
527 114 671 stone
527 114 672 stone
527 114 673 stone
527 114 674 stone
527 114 675 stone
527 114 676 stone
527 114 677 gravel
527 114 678 gravel
527 114 679 gravel
527 114 680 gravel
527 114 681 gravel
527 114 682 gravel
527 114 683 stone
527 114 684 stone
527 114 685 stone
527 114 686 stone
527 114 687 stone
527 114 688 stone
527 114 689 stone
527 114 690 stone
527 114 691 stone
527 114 692 stone
527 114 693 stone
527 114 694 stone
527 114 695 stone
527 114 696 stone
527 114 697 stone
527 114 698 stone
527 114 699 stone
527 114 700 stone
527 114 701 stone
527 114 702 stone
527 114 703 stone
527 114 704 stone
527 114 705 stone
527 114 706 stone
527 114 707 stone
527 114 709 stone
527 114 710 stone
527 114 711 stone
527 114 712 stone
527 114 713 stone
527 114 714 stone
527 114 715 stone
527 114 716 stone
527 114 717 stone
527 114 718 stone
527 114 719 stone
527 114 720 stone
527 114 721 stone
527 114 722 stone
527 114 723 stone
527 114 724 stone
527 114 725 stone
527 114 726 stone
527 114 727 stone
527 114 728 stone
527 114 729 stone
527 114 730 stone
527 114 731 stone
527 114 732 stone
527 114 733 stone
527 114 734 stone
527 114 735 stone
527 114 736 stone
527 114 737 stone
527 114 738 stone
527 114 739 gravel
527 114 740 stone
527 114 741 stone
527 114 742 stone
527 114 743 stone
527 114 744 stone
527 114 745 stone
527 114 746 stone
527 114 747 stone
527 114 748 stone
527 114 749 stone
527 114 750 stone
527 114 751 copper_ore
527 114 752 stone
527 114 753 stone
527 114 754 stone
527 114 755 stone
527 114 756 stone
527 114 757 stone
527 114 758 stone
527 114 759 diorite
527 114 760 diorite
527 114 761 diorite
527 114 762 diorite
527 114 763 diorite
527 114 764 diorite
527 114 765 diorite
527 114 766 stone
527 114 767 diorite
528 114 640 stone
528 114 641 stone
528 114 642 stone
528 114 643 stone
528 114 644 stone
528 114 645 stone
528 114 646 stone
528 114 647 stone
528 114 648 stone
528 114 649 stone
528 114 650 copper_ore
528 114 651 stone
528 114 652 stone
528 114 653 stone
528 114 654 stone
528 114 655 stone
528 114 656 stone
528 114 657 stone
528 114 658 stone
528 114 659 andesite
528 114 660 andesite
528 114 661 andesite
528 114 662 andesite
528 114 663 andesite
528 114 664 andesite
528 114 665 andesite
528 114 666 andesite
528 114 667 andesite
528 114 668 andesite
528 114 669 andesite
528 114 670 andesite
528 114 671 stone
528 114 672 stone
528 114 673 stone
528 114 674 stone
528 114 675 stone
528 114 676 stone
528 114 677 gravel
528 114 678 gravel
528 114 679 gravel
528 114 680 gravel
528 114 681 gravel
528 114 682 stone
528 114 683 stone
528 114 684 stone
528 114 685 stone
528 114 686 stone
528 114 687 stone
528 114 688 stone
528 114 689 stone
528 114 690 stone
528 114 691 stone
528 114 692 stone
528 114 693 stone
528 114 694 stone
528 114 695 stone
528 114 696 stone
528 114 697 stone
528 114 698 stone
528 114 699 stone
528 114 700 stone
528 114 701 stone
528 114 702 stone
528 114 703 stone
528 114 704 stone
528 114 705 stone
528 114 706 stone
528 114 707 coal_ore
528 114 708 coal_ore
528 114 709 stone
528 114 710 stone
528 114 711 stone
528 114 712 stone
528 114 713 stone
528 114 714 stone
528 114 715 stone
528 114 716 stone
528 114 717 stone
528 114 718 stone
528 114 719 stone
528 114 720 stone
528 114 721 stone
528 114 722 stone
528 114 723 stone
528 114 724 stone
528 114 725 stone
528 114 726 stone
528 114 727 stone
528 114 728 stone
528 114 729 stone
528 114 730 stone
528 114 731 stone
528 114 732 stone
528 114 733 stone
528 114 734 stone
528 114 735 stone
528 114 736 stone
528 114 737 stone
528 114 738 stone
528 114 739 stone
528 114 740 stone
528 114 741 stone
528 114 742 stone
528 114 743 stone
528 114 744 stone
528 114 745 stone
528 114 746 stone
528 114 747 stone
528 114 748 stone
528 114 749 stone
528 114 750 stone
528 114 751 stone
528 114 752 stone
528 114 753 stone
528 114 754 stone
528 114 755 stone
528 114 756 stone
528 114 757 stone
528 114 758 stone
528 114 759 diorite
528 114 760 diorite
528 114 761 diorite
528 114 762 diorite
528 114 763 diorite
528 114 764 diorite
528 114 765 stone
528 114 766 diorite
528 114 767 diorite
529 114 640 stone
529 114 641 stone
529 114 642 stone
529 114 643 stone
529 114 644 stone
529 114 645 stone
529 114 646 stone
529 114 647 stone
529 114 648 stone
529 114 649 stone
529 114 650 stone
529 114 651 stone
529 114 652 stone
529 114 653 stone
529 114 654 stone
529 114 655 stone
529 114 656 stone
529 114 657 stone
529 114 658 stone
529 114 659 copper_ore
529 114 660 copper_ore
529 114 661 andesite
529 114 662 andesite
529 114 663 andesite
529 114 664 andesite
529 114 665 andesite
529 114 666 andesite
529 114 667 andesite
529 114 668 andesite
529 114 669 andesite
529 114 670 andesite
529 114 671 stone
529 114 672 stone
529 114 673 stone
529 114 674 stone
529 114 675 stone
529 114 676 stone
529 114 677 gravel
529 114 678 gravel
529 114 679 gravel
529 114 680 gravel
529 114 681 stone
529 114 682 stone
529 114 683 stone
529 114 684 stone
529 114 685 stone
529 114 686 stone
529 114 687 stone
529 114 688 stone
529 114 689 stone
529 114 690 stone
529 114 691 stone
529 114 692 stone
529 114 693 stone
529 114 694 stone
529 114 695 stone
529 114 696 stone
529 114 697 stone
529 114 698 stone
529 114 699 stone
529 114 700 stone
529 114 701 stone
529 114 702 stone
529 114 703 stone
529 114 704 stone
529 114 705 stone
529 114 706 stone
529 114 707 stone
529 114 708 stone
529 114 709 stone
529 114 710 stone
529 114 711 stone
529 114 712 stone
529 114 713 stone
529 114 714 stone
529 114 715 stone
529 114 716 stone
529 114 717 stone
529 114 718 stone
529 114 719 stone
529 114 720 stone
529 114 721 stone
529 114 722 stone
529 114 723 stone
529 114 724 stone
529 114 725 stone
529 114 726 stone
529 114 727 stone
529 114 728 stone
529 114 729 stone
529 114 730 stone
529 114 731 stone
529 114 732 stone
529 114 733 stone
529 114 734 stone
529 114 735 stone
529 114 736 stone
529 114 737 stone
529 114 738 stone
529 114 739 stone
529 114 740 stone
529 114 741 stone
529 114 742 stone
529 114 743 stone
529 114 744 stone
529 114 745 stone
529 114 746 stone
529 114 747 stone
529 114 748 stone
529 114 749 stone
529 114 750 stone
529 114 751 stone
529 114 752 copper_ore
529 114 753 stone
529 114 754 stone
529 114 755 stone
529 114 756 stone
529 114 757 stone
529 114 758 stone
529 114 759 diorite
529 114 760 diorite
529 114 761 diorite
529 114 762 diorite
529 114 763 diorite
529 114 764 stone
529 114 765 stone
529 114 766 diorite
529 114 767 diorite
530 114 640 stone
530 114 641 stone
530 114 642 stone
530 114 643 stone
530 114 644 stone
530 114 645 stone
530 114 646 stone
530 114 647 stone
530 114 648 stone
530 114 649 stone
530 114 650 stone
530 114 651 stone
530 114 652 stone
530 114 653 stone
530 114 654 stone
530 114 655 stone
530 114 656 stone
530 114 657 stone
530 114 658 stone
530 114 659 andesite
530 114 660 andesite
530 114 661 andesite
530 114 662 andesite
530 114 663 andesite
530 114 664 andesite
530 114 665 andesite
530 114 666 andesite
530 114 667 andesite
530 114 668 andesite
530 114 669 andesite
530 114 670 andesite
530 114 671 stone
530 114 672 stone
530 114 673 stone
530 114 674 stone
530 114 675 stone
530 114 676 gravel
530 114 677 gravel
530 114 678 gravel
530 114 679 stone
530 114 680 stone
530 114 681 stone
530 114 682 diorite
530 114 683 diorite
530 114 684 diorite
530 114 685 stone
530 114 686 stone
530 114 687 stone
530 114 688 stone
530 114 689 stone
530 114 690 stone
530 114 691 stone
530 114 692 stone
530 114 693 stone
530 114 694 stone
530 114 695 stone
530 114 696 stone
530 114 697 stone
530 114 698 stone
530 114 699 stone
530 114 700 stone
530 114 701 stone
530 114 702 stone
530 114 703 stone
530 114 704 stone
530 114 705 stone
530 114 706 stone
530 114 707 stone
530 114 708 stone
530 114 709 stone
530 114 710 stone
530 114 711 stone
530 114 712 stone
530 114 713 stone
530 114 714 stone
530 114 715 stone
530 114 716 stone
530 114 717 stone
530 114 718 stone
530 114 719 stone
530 114 720 stone
530 114 721 stone
530 114 722 stone
530 114 723 stone
530 114 724 stone
530 114 725 stone
530 114 726 stone
530 114 727 stone
530 114 728 stone
530 114 729 stone
530 114 730 stone
530 114 731 stone
530 114 732 stone
530 114 733 stone
530 114 734 stone
530 114 735 stone
530 114 736 stone
530 114 737 stone
530 114 738 stone
530 114 739 stone
530 114 740 stone
530 114 741 stone
530 114 742 stone
530 114 743 stone
530 114 744 stone
530 114 745 stone
530 114 746 stone
530 114 747 stone
530 114 748 stone
530 114 749 stone
530 114 750 stone
530 114 751 stone
530 114 752 stone
530 114 753 stone
530 114 754 stone
530 114 755 stone
530 114 756 stone
530 114 757 stone
530 114 758 stone
530 114 759 stone
530 114 760 diorite
530 114 761 diorite
530 114 762 diorite
530 114 763 stone
530 114 764 stone
530 114 765 stone
530 114 766 diorite
530 114 767 diorite
531 114 640 gravel
531 114 641 stone
531 114 642 stone
531 114 643 stone
531 114 644 stone
531 114 645 stone
531 114 646 stone
531 114 647 stone
531 114 648 stone
531 114 649 stone
531 114 650 stone
531 114 651 stone
531 114 652 stone
531 114 653 stone
531 114 654 stone
531 114 655 stone
531 114 656 stone
531 114 657 stone
531 114 658 stone
531 114 659 stone
531 114 660 andesite
531 114 661 andesite
531 114 662 andesite
531 114 663 andesite
531 114 664 andesite
531 114 665 andesite
531 114 666 andesite
531 114 667 stone
531 114 668 andesite
531 114 669 andesite
531 114 670 andesite
531 114 671 stone
531 114 672 stone
531 114 673 stone
531 114 674 stone
531 114 675 stone
531 114 676 stone
531 114 677 stone
531 114 678 stone
531 114 679 stone
531 114 680 stone
531 114 681 diorite
531 114 682 diorite
531 114 683 diorite
531 114 684 diorite
531 114 685 diorite
531 114 686 diorite
531 114 687 stone
531 114 688 stone
531 114 689 stone
531 114 690 stone
531 114 691 stone
531 114 692 stone
531 114 693 stone
531 114 694 stone
531 114 695 stone
531 114 696 stone
531 114 697 stone
531 114 698 stone
531 114 699 stone
531 114 700 stone
531 114 701 stone
531 114 702 stone
531 114 703 stone
531 114 704 stone
531 114 705 stone
531 114 706 stone
531 114 707 stone
531 114 708 stone
531 114 709 stone
531 114 710 stone
531 114 711 stone
531 114 712 stone
531 114 713 stone
531 114 714 stone
531 114 715 stone
531 114 716 andesite
531 114 717 andesite
531 114 718 stone
531 114 719 stone
531 114 720 stone
531 114 721 stone
531 114 722 stone
531 114 723 stone
531 114 724 stone
531 114 725 stone
531 114 726 stone
531 114 727 stone
531 114 728 stone
531 114 729 stone
531 114 730 stone
531 114 731 stone
531 114 732 stone
531 114 733 stone
531 114 734 stone
531 114 735 stone
531 114 736 stone
531 114 737 stone
531 114 738 stone
531 114 739 stone
531 114 740 stone
531 114 741 stone
531 114 742 stone
531 114 743 stone
531 114 744 stone
531 114 745 stone
531 114 746 stone
531 114 747 stone
531 114 748 stone
531 114 749 stone
531 114 750 stone
531 114 751 stone
531 114 752 stone
531 114 753 stone
531 114 754 stone
531 114 755 stone
531 114 756 stone
531 114 757 stone
531 114 758 stone
531 114 759 stone
531 114 760 stone
531 114 761 stone
531 114 762 stone
531 114 763 stone
531 114 764 stone
531 114 765 stone
531 114 766 diorite
531 114 767 diorite
532 114 640 gravel
532 114 641 gravel
532 114 642 stone
532 114 643 stone
532 114 644 stone
532 114 645 stone
532 114 646 stone
532 114 647 stone
532 114 648 stone
532 114 649 stone
532 114 650 stone
532 114 651 stone
532 114 652 stone
532 114 653 stone
532 114 654 stone
532 114 655 stone
532 114 656 stone
532 114 657 stone
532 114 658 stone
532 114 659 andesite
532 114 660 andesite
532 114 661 andesite
532 114 662 andesite
532 114 663 andesite
532 114 664 andesite
532 114 665 andesite
532 114 666 stone
532 114 667 stone
532 114 668 stone
532 114 669 stone
532 114 670 stone
532 114 671 stone
532 114 672 stone
532 114 673 stone
532 114 674 stone
532 114 675 stone
532 114 676 stone
532 114 677 stone
532 114 678 stone
532 114 679 stone
532 114 680 stone
532 114 681 diorite
532 114 682 diorite
532 114 683 diorite
532 114 684 diorite
532 114 685 diorite
532 114 686 diorite
532 114 687 diorite
532 114 688 stone
532 114 689 stone
532 114 690 stone
532 114 691 stone
532 114 692 stone
532 114 693 stone
532 114 694 stone
532 114 695 stone
532 114 696 stone
532 114 697 stone
532 114 698 stone
532 114 699 stone
532 114 700 stone
532 114 701 stone
532 114 702 stone
532 114 703 stone
532 114 704 stone
532 114 705 stone
532 114 706 stone
532 114 707 stone
532 114 708 stone
532 114 709 stone
532 114 710 stone
532 114 711 stone
532 114 712 stone
532 114 713 stone
532 114 714 stone
532 114 715 andesite
532 114 716 andesite
532 114 717 andesite
532 114 718 andesite
532 114 719 stone
532 114 720 stone
532 114 721 stone
532 114 722 stone
532 114 723 stone
532 114 724 stone
532 114 725 stone
532 114 726 stone
