612 127 692 stone
612 127 693 stone
612 127 694 stone
612 127 695 stone
612 127 696 stone
612 127 697 stone
612 127 698 stone
612 127 699 stone
612 127 700 stone
612 127 701 stone
612 127 702 stone
612 127 703 stone
612 127 704 stone
612 127 705 stone
612 127 706 stone
612 127 707 stone
612 127 708 stone
612 127 709 stone
612 127 710 stone
612 127 711 stone
612 127 712 stone
612 127 713 stone
612 127 714 stone
612 127 715 stone
612 127 716 stone
612 127 717 stone
612 127 718 stone
612 127 719 stone
612 127 720 andesite
612 127 721 stone
612 127 722 stone
612 127 723 stone
612 127 724 stone
612 127 725 stone
612 127 726 stone
612 127 727 stone
612 127 728 stone
612 127 729 stone
612 127 730 stone
612 127 731 stone
612 127 732 stone
612 127 733 stone
612 127 734 stone
612 127 735 stone
612 127 736 stone
612 127 737 stone
612 127 738 stone
612 127 739 stone
612 127 740 stone
612 127 741 stone
612 127 742 stone
612 127 743 stone
612 127 744 stone
612 127 745 stone
612 127 746 stone
612 127 747 stone
612 127 748 stone
612 127 749 stone
612 127 750 stone
612 127 751 stone
612 127 752 stone
612 127 753 stone
612 127 754 stone
612 127 755 stone
612 127 756 stone
612 127 757 stone
612 127 758 stone
612 127 759 stone
612 127 760 stone
612 127 761 stone
612 127 762 stone
612 127 763 stone
612 127 764 stone
612 127 765 stone
612 127 766 stone
612 127 767 stone
613 127 640 stone
613 127 641 stone
613 127 642 stone
613 127 643 stone
613 127 644 stone
613 127 645 stone
613 127 646 stone
613 127 647 stone
613 127 648 stone
613 127 649 stone
613 127 650 stone
613 127 651 stone
613 127 652 stone
613 127 653 stone
613 127 654 stone
613 127 655 stone
613 127 656 stone
613 127 657 stone
613 127 658 stone
613 127 659 stone
613 127 660 stone
613 127 661 stone
613 127 662 stone
613 127 663 stone
613 127 664 stone
613 127 665 stone
613 127 666 stone
613 127 667 stone
613 127 668 stone
613 127 669 stone
613 127 670 stone
613 127 671 stone
613 127 672 stone
613 127 673 stone
613 127 674 stone
613 127 675 stone
613 127 676 stone
613 127 677 stone
613 127 678 stone
613 127 679 stone
613 127 680 stone
613 127 681 stone
613 127 682 stone
613 127 683 stone
613 127 684 stone
613 127 685 stone
613 127 686 stone
613 127 687 stone
613 127 688 stone
613 127 689 stone
613 127 690 stone
613 127 691 stone
613 127 692 stone
613 127 693 stone
613 127 694 stone
613 127 695 stone
613 127 696 stone
613 127 697 stone
613 127 698 stone
613 127 699 stone
613 127 700 stone
613 127 701 stone
613 127 702 stone
613 127 703 stone
613 127 704 stone
613 127 705 stone
613 127 706 stone
613 127 707 stone
613 127 708 stone
613 127 709 stone
613 127 710 stone
613 127 711 stone
613 127 712 stone
613 127 713 stone
613 127 714 stone
613 127 715 stone
613 127 716 stone
613 127 717 stone
613 127 718 stone
613 127 719 stone
613 127 720 stone
613 127 721 stone
613 127 722 stone
613 127 723 stone
613 127 724 stone
613 127 725 stone
613 127 726 stone
613 127 727 stone
613 127 728 stone
613 127 729 stone
613 127 730 stone
613 127 731 stone
613 127 732 stone
613 127 733 stone
613 127 734 stone
613 127 735 stone
613 127 736 stone
613 127 737 stone
613 127 738 stone
613 127 739 stone
613 127 740 stone
613 127 741 stone
613 127 742 stone
613 127 743 stone
613 127 744 stone
613 127 745 stone
613 127 746 stone
613 127 747 stone
613 127 748 stone
613 127 749 stone
613 127 750 stone
613 127 751 stone
613 127 752 stone
613 127 753 stone
613 127 754 stone
613 127 755 stone
613 127 756 stone
613 127 757 stone
613 127 758 stone
613 127 759 stone
613 127 760 stone
613 127 761 stone
613 127 762 stone
613 127 763 stone
613 127 764 stone
613 127 765 stone
613 127 766 stone
613 127 767 stone
614 127 640 stone
614 127 641 stone
614 127 642 stone
614 127 643 stone
614 127 644 stone
614 127 645 stone
614 127 646 stone
614 127 647 stone
614 127 648 stone
614 127 649 stone
614 127 650 stone
614 127 651 stone
614 127 652 stone
614 127 653 stone
614 127 654 stone
614 127 655 stone
614 127 656 stone
614 127 657 stone
614 127 658 stone
614 127 659 stone
614 127 660 stone
614 127 661 stone
614 127 662 stone
614 127 663 stone
614 127 664 stone
614 127 665 stone
614 127 666 stone
614 127 667 stone
614 127 668 stone
614 127 669 stone
614 127 670 stone
614 127 671 stone
614 127 672 stone
614 127 673 stone
614 127 674 stone
614 127 675 stone
614 127 676 stone
614 127 677 stone
614 127 678 stone
614 127 679 stone
614 127 680 stone
614 127 681 stone
614 127 682 stone
614 127 683 stone
614 127 684 stone
614 127 685 stone
614 127 686 stone
614 127 687 stone
614 127 688 stone
614 127 689 stone
614 127 690 stone
614 127 691 stone
614 127 692 stone
614 127 693 stone
614 127 694 stone
614 127 695 stone
614 127 696 stone
614 127 697 stone
614 127 698 stone
614 127 699 stone
614 127 700 stone
614 127 701 stone
614 127 702 stone
614 127 703 stone
614 127 704 stone
614 127 705 stone
614 127 706 stone
614 127 707 stone
614 127 708 stone
614 127 709 stone
614 127 710 stone
614 127 711 stone
614 127 712 stone
614 127 713 stone
614 127 714 stone
614 127 715 stone
614 127 716 stone
614 127 717 stone
614 127 718 stone
614 127 719 stone
614 127 720 stone
614 127 721 stone
614 127 722 stone
614 127 723 stone
614 127 724 stone
614 127 725 stone
614 127 726 stone
614 127 727 stone
614 127 728 stone
614 127 729 stone
614 127 730 stone
614 127 731 stone
614 127 732 stone
614 127 733 stone
614 127 734 stone
614 127 735 stone
614 127 736 stone
614 127 737 stone
614 127 738 stone
614 127 739 stone
614 127 740 stone
614 127 741 stone
614 127 742 stone
614 127 743 stone
614 127 744 stone
614 127 745 stone
614 127 746 stone
614 127 747 stone
614 127 748 stone
614 127 749 stone
614 127 750 stone
614 127 751 stone
614 127 752 stone
614 127 753 stone
614 127 754 stone
614 127 755 stone
614 127 756 stone
614 127 757 stone
614 127 758 stone
614 127 759 stone
614 127 760 stone
614 127 761 stone
614 127 762 stone
614 127 763 stone
614 127 764 stone
614 127 765 stone
614 127 766 stone
614 127 767 stone
615 127 640 stone
615 127 641 stone
615 127 642 stone
615 127 643 stone
615 127 644 stone
615 127 645 stone
615 127 646 stone
615 127 647 stone
615 127 648 stone
615 127 649 stone
615 127 650 stone
615 127 651 stone
615 127 652 stone
615 127 653 stone
615 127 654 stone
615 127 655 stone
615 127 656 stone
615 127 657 stone
615 127 658 stone
615 127 659 stone
615 127 660 stone
615 127 661 stone
615 127 662 stone
615 127 663 stone
615 127 664 stone
615 127 665 stone
615 127 666 stone
615 127 667 stone
615 127 668 stone
615 127 669 stone
615 127 670 stone
615 127 671 stone
615 127 672 stone
615 127 673 stone
615 127 674 stone
615 127 675 stone
615 127 676 stone
615 127 677 stone
615 127 678 stone
615 127 679 stone
615 127 680 stone
615 127 681 stone
615 127 682 stone
615 127 683 stone
615 127 684 stone
615 127 685 stone
615 127 686 stone
615 127 687 stone
615 127 688 stone
615 127 689 stone
615 127 690 stone
615 127 691 stone
615 127 692 stone
615 127 693 stone
615 127 694 stone
615 127 695 stone
615 127 696 stone
615 127 697 stone
615 127 698 stone
615 127 699 stone
615 127 700 stone
615 127 701 stone
615 127 702 stone
615 127 703 stone
615 127 704 stone
615 127 705 stone
615 127 706 stone
615 127 707 stone
615 127 708 stone
615 127 709 stone
615 127 710 stone
615 127 711 stone
615 127 712 stone
615 127 713 stone
615 127 714 stone
615 127 715 stone
615 127 716 stone
615 127 717 stone
615 127 718 stone
615 127 719 stone
615 127 720 stone
615 127 721 stone
615 127 722 stone
615 127 723 stone
615 127 724 stone
615 127 725 stone
615 127 726 stone
615 127 727 stone
615 127 728 stone
615 127 729 stone
615 127 730 stone
615 127 731 stone
615 127 732 stone
615 127 733 stone
615 127 734 stone
615 127 735 stone
615 127 736 stone
615 127 737 stone
615 127 738 stone
615 127 739 stone
615 127 740 stone
615 127 741 stone
615 127 742 stone
615 127 743 stone
615 127 744 stone
615 127 745 stone
615 127 746 stone
615 127 747 stone
615 127 748 stone
615 127 749 stone
615 127 750 stone
615 127 751 stone
615 127 752 stone
615 127 753 stone
615 127 754 stone
615 127 755 stone
615 127 756 stone
615 127 757 stone
615 127 758 stone
615 127 759 stone
615 127 760 stone
615 127 761 stone
615 127 762 stone
615 127 763 stone
615 127 764 stone
615 127 765 stone
615 127 766 stone
615 127 767 stone
616 127 640 stone
616 127 641 stone
616 127 642 stone
616 127 643 stone
616 127 644 stone
616 127 645 stone
616 127 646 stone
616 127 647 stone
616 127 648 stone
616 127 649 stone
616 127 650 stone
616 127 651 stone
616 127 652 stone
616 127 653 stone
616 127 654 stone
616 127 655 stone
616 127 656 stone
616 127 657 stone
616 127 658 stone
616 127 659 stone
616 127 660 stone
616 127 661 stone
616 127 662 stone
616 127 663 stone
616 127 664 stone
616 127 665 stone
616 127 666 stone
616 127 667 stone
616 127 668 stone
616 127 669 stone
616 127 670 stone
616 127 671 stone
616 127 672 stone
616 127 673 coal_ore
616 127 674 coal_ore
616 127 675 stone
616 127 676 stone
616 127 677 stone
616 127 678 stone
616 127 679 stone
616 127 680 stone
616 127 681 stone
616 127 682 stone
616 127 683 stone
616 127 684 stone
616 127 685 stone
616 127 686 stone
616 127 687 stone
616 127 688 stone
616 127 689 stone
616 127 690 stone
616 127 691 stone
616 127 692 stone
616 127 693 stone
616 127 694 stone
616 127 695 stone
616 127 696 stone
616 127 697 stone
616 127 698 stone
616 127 699 stone
616 127 700 stone
616 127 701 stone
616 127 702 stone
616 127 703 stone
616 127 704 stone
616 127 705 stone
616 127 706 stone
616 127 707 stone
616 127 708 stone
616 127 709 stone
616 127 710 stone
616 127 711 stone
616 127 712 stone
616 127 713 stone
616 127 714 stone
616 127 715 stone
616 127 716 stone
616 127 717 stone
616 127 718 stone
616 127 719 stone
616 127 720 stone
616 127 721 stone
616 127 722 stone
616 127 723 stone
616 127 724 stone
616 127 725 stone
616 127 726 stone
616 127 727 stone
616 127 728 stone
616 127 729 stone
616 127 730 stone
616 127 731 stone
616 127 732 stone
616 127 733 stone
616 127 734 stone
616 127 735 stone
616 127 736 stone
616 127 737 stone
616 127 738 stone
616 127 739 stone
616 127 740 stone
616 127 741 stone
616 127 742 stone
616 127 743 stone
616 127 744 stone
616 127 745 stone
616 127 746 stone
616 127 747 stone
616 127 748 stone
616 127 749 stone
616 127 750 stone
616 127 751 stone
616 127 752 stone
616 127 753 stone
616 127 754 stone
616 127 755 stone
616 127 756 stone
616 127 757 stone
616 127 758 stone
616 127 759 stone
616 127 760 stone
616 127 761 stone
616 127 762 stone
616 127 763 stone
616 127 764 stone
616 127 765 stone
616 127 766 stone
616 127 767 stone
617 127 640 stone
617 127 641 stone
617 127 642 stone
617 127 643 stone
617 127 644 stone
617 127 645 stone
617 127 646 stone
617 127 647 stone
617 127 648 stone
617 127 649 stone
617 127 650 stone
617 127 651 stone
617 127 652 stone
617 127 653 stone
617 127 654 stone
617 127 655 stone
617 127 656 stone
617 127 657 stone
617 127 658 stone
617 127 659 stone
617 127 660 stone
617 127 661 stone
617 127 662 stone
617 127 663 stone
617 127 664 stone
617 127 665 stone
617 127 666 stone
617 127 667 stone
617 127 668 stone
617 127 669 stone
617 127 670 stone
617 127 671 stone
617 127 672 stone
617 127 673 coal_ore
617 127 674 coal_ore
617 127 675 stone
617 127 676 stone
617 127 677 stone
617 127 678 stone
617 127 679 stone
617 127 680 stone
617 127 681 stone
617 127 682 stone
617 127 683 stone
617 127 684 stone
617 127 685 stone
617 127 686 stone
617 127 687 stone
617 127 688 stone
617 127 689 stone
617 127 690 stone
617 127 691 stone
617 127 692 stone
617 127 693 stone
617 127 694 stone
617 127 695 stone
617 127 696 stone
617 127 697 stone
617 127 698 stone
617 127 699 stone
617 127 700 stone
617 127 701 stone
617 127 702 stone
617 127 703 stone
617 127 704 stone
617 127 705 stone
617 127 706 stone
617 127 707 stone
617 127 708 stone
617 127 709 stone
617 127 710 stone
617 127 711 stone
617 127 712 stone
617 127 713 stone
617 127 714 stone
617 127 715 stone
617 127 716 stone
617 127 717 stone
617 127 718 stone
617 127 719 stone
617 127 720 stone
617 127 721 stone
617 127 722 stone
617 127 723 stone
617 127 724 stone
617 127 725 stone
617 127 726 stone
617 127 727 stone
617 127 728 stone
617 127 729 stone
617 127 730 stone
617 127 731 stone
617 127 732 stone
617 127 733 stone
617 127 734 stone
617 127 735 stone
617 127 736 stone
617 127 737 stone
617 127 739 stone
617 127 740 stone
617 127 741 stone
617 127 742 stone
617 127 743 stone
617 127 744 stone
617 127 745 stone
617 127 746 stone
617 127 747 stone
617 127 748 stone
617 127 749 stone
617 127 750 stone
617 127 751 diorite
617 127 752 diorite
617 127 753 diorite
617 127 754 diorite
617 127 755 stone
617 127 756 stone
617 127 757 stone
617 127 758 stone
617 127 759 stone
617 127 760 stone
617 127 761 stone
617 127 762 stone
617 127 763 stone
617 127 764 stone
617 127 765 stone
617 127 766 stone
617 127 767 stone
618 127 640 stone
618 127 641 stone
618 127 642 stone
618 127 643 stone
618 127 644 stone
618 127 645 stone
618 127 646 stone
618 127 647 stone
618 127 648 stone
618 127 649 stone
618 127 650 stone
618 127 651 stone
618 127 652 stone
618 127 653 stone
618 127 654 stone
618 127 655 stone
618 127 656 stone
618 127 657 stone
618 127 658 stone
618 127 659 stone
618 127 660 stone
618 127 661 stone
618 127 662 stone
618 127 663 stone
618 127 664 stone
618 127 665 stone
618 127 666 stone
618 127 667 stone
618 127 668 stone
618 127 669 stone
618 127 670 stone
618 127 671 stone
618 127 672 stone
618 127 673 coal_ore
618 127 674 coal_ore
618 127 675 stone
618 127 676 stone
618 127 677 stone
618 127 678 stone
618 127 679 stone
618 127 680 stone
618 127 681 stone
618 127 682 stone
618 127 683 stone
618 127 684 stone
618 127 685 stone
618 127 686 stone
618 127 687 stone
618 127 688 stone
618 127 689 stone
618 127 690 stone
618 127 691 stone
618 127 692 stone
618 127 693 stone
618 127 694 stone
618 127 695 stone
618 127 696 stone
618 127 697 stone
618 127 698 stone
618 127 699 stone
618 127 700 stone
618 127 701 stone
618 127 702 stone
618 127 703 stone
618 127 704 stone
618 127 705 stone
618 127 706 stone
618 127 707 stone
618 127 708 stone
618 127 709 stone
618 127 710 stone
618 127 711 stone
618 127 712 stone
618 127 713 stone
618 127 714 stone
618 127 715 stone
618 127 716 stone
618 127 717 stone
618 127 718 stone
618 127 719 stone
618 127 720 stone
618 127 721 stone
618 127 722 stone
618 127 723 stone
618 127 724 stone
618 127 725 stone
618 127 726 stone
618 127 727 stone
618 127 728 stone
618 127 729 stone
618 127 730 stone
618 127 731 stone
618 127 732 stone
618 127 733 stone
618 127 734 stone
618 127 735 stone
618 127 736 stone
618 127 742 stone
618 127 743 stone
618 127 744 stone
618 127 745 stone
618 127 746 stone
618 127 747 stone
618 127 748 stone
618 127 749 stone
618 127 750 stone
618 127 751 diorite
618 127 752 diorite
618 127 753 diorite
618 127 754 diorite
618 127 755 diorite
618 127 756 stone
618 127 757 stone
618 127 758 stone
618 127 759 stone
618 127 760 stone
618 127 761 stone
618 127 762 stone
618 127 763 stone
618 127 764 stone
618 127 765 stone
618 127 766 stone
618 127 767 stone
619 127 640 stone
619 127 641 stone
619 127 642 stone
619 127 643 stone
619 127 644 stone
619 127 645 stone
619 127 646 stone
619 127 647 stone
619 127 648 stone
619 127 649 stone
619 127 650 stone
619 127 651 stone
619 127 652 stone
619 127 653 stone
619 127 654 stone
619 127 655 stone
619 127 656 stone
619 127 657 stone
619 127 658 stone
619 127 659 stone
619 127 660 stone
619 127 661 stone
619 127 662 stone
619 127 663 stone
619 127 664 stone
619 127 665 stone
619 127 666 stone
619 127 667 stone
619 127 668 stone
619 127 669 stone
619 127 670 stone
619 127 671 stone
619 127 672 stone
619 127 673 coal_ore
619 127 674 stone
619 127 675 stone
619 127 676 stone
619 127 677 stone
619 127 678 stone
619 127 679 stone
619 127 680 stone
619 127 681 stone
619 127 682 stone
619 127 683 stone
619 127 684 stone
619 127 685 stone
619 127 686 stone
619 127 687 stone
619 127 688 stone
619 127 689 stone
619 127 690 stone
619 127 691 stone
619 127 692 stone
619 127 693 stone
619 127 694 stone
619 127 695 stone
619 127 696 stone
619 127 697 stone
619 127 698 stone
619 127 699 stone
619 127 700 stone
619 127 701 stone
619 127 702 stone
619 127 703 stone
619 127 704 stone
619 127 705 stone
619 127 706 stone
619 127 707 stone
619 127 708 stone
619 127 709 stone
619 127 710 stone
619 127 711 stone
619 127 712 stone
619 127 713 stone
619 127 714 stone
619 127 715 stone
619 127 716 stone
619 127 717 stone
619 127 718 stone
619 127 719 stone
619 127 720 stone
619 127 721 stone
619 127 722 stone
619 127 723 stone
619 127 724 stone
619 127 725 stone
619 127 726 stone
619 127 727 stone
619 127 728 stone
619 127 729 stone
619 127 730 stone
619 127 731 stone
619 127 732 stone
619 127 733 stone
619 127 734 stone
619 127 735 stone
619 127 736 stone
619 127 737 stone
619 127 743 stone
619 127 744 stone
619 127 745 stone
619 127 746 stone
619 127 747 stone
619 127 748 stone
619 127 749 stone
619 127 750 diorite
619 127 751 diorite
619 127 752 diorite
619 127 753 diorite
619 127 754 diorite
619 127 755 diorite
619 127 756 stone
619 127 757 stone
619 127 758 stone
619 127 759 stone
619 127 760 stone
619 127 761 stone
619 127 762 stone
619 127 763 stone
619 127 764 stone
619 127 765 stone
619 127 766 stone
619 127 767 stone
620 127 640 stone
620 127 641 stone
620 127 642 stone
620 127 643 stone
620 127 644 stone
620 127 645 stone
620 127 646 stone
620 127 647 stone
620 127 648 stone
620 127 649 stone
620 127 650 stone
620 127 651 stone
620 127 652 stone
620 127 653 stone
620 127 654 stone
620 127 655 stone
620 127 656 stone
620 127 657 stone
620 127 658 stone
620 127 659 stone
620 127 660 stone
620 127 661 stone
620 127 662 stone
620 127 663 stone
620 127 664 stone
620 127 665 stone
620 127 666 stone
620 127 667 stone
620 127 668 stone
620 127 669 stone
620 127 670 stone
620 127 671 stone
620 127 672 stone
620 127 673 stone
620 127 674 stone
620 127 675 stone
620 127 676 stone
620 127 677 stone
620 127 678 stone
620 127 679 stone
620 127 680 stone
620 127 681 stone
620 127 682 stone
620 127 683 stone
620 127 684 stone
620 127 685 stone
620 127 686 stone
620 127 687 stone
620 127 688 stone
620 127 689 stone
620 127 690 stone
620 127 691 stone
620 127 692 stone
620 127 693 stone
620 127 694 stone
620 127 695 stone
620 127 696 stone
620 127 697 stone
620 127 698 stone
620 127 699 stone
620 127 700 stone
620 127 701 stone
620 127 702 stone
620 127 703 stone
620 127 704 stone
620 127 705 stone
620 127 706 stone
620 127 707 stone
620 127 708 stone
620 127 709 stone
620 127 710 stone
620 127 711 stone
620 127 712 stone
620 127 713 stone
620 127 714 stone
620 127 715 stone
620 127 716 stone
620 127 717 stone
620 127 718 stone
620 127 719 stone
620 127 720 stone
620 127 721 stone
620 127 722 stone
620 127 723 stone
620 127 724 stone
620 127 725 stone
620 127 726 stone
620 127 727 stone
620 127 728 stone
620 127 729 stone
620 127 730 stone
620 127 731 stone
620 127 732 stone
620 127 733 stone
620 127 734 stone
620 127 735 stone
620 127 736 stone
620 127 737 stone
620 127 738 stone
620 127 742 stone
620 127 743 stone
620 127 744 stone
620 127 745 stone
620 127 746 stone
620 127 747 stone
620 127 748 stone
620 127 749 diorite
620 127 750 diorite
620 127 751 diorite
620 127 752 diorite
620 127 753 diorite
620 127 754 diorite
620 127 755 diorite
620 127 756 stone
620 127 757 stone
620 127 758 stone
620 127 759 stone
620 127 760 stone
620 127 761 stone
620 127 762 stone
620 127 763 stone
620 127 764 stone
620 127 765 stone
620 127 766 stone
620 127 767 stone
621 127 640 stone
621 127 641 stone
621 127 642 stone
621 127 643 stone
621 127 644 stone
621 127 645 stone
621 127 646 stone
621 127 647 stone
621 127 648 stone
621 127 649 stone
621 127 650 stone
621 127 651 stone
621 127 652 stone
621 127 653 stone
621 127 654 stone
621 127 655 stone
621 127 656 stone
621 127 657 stone
621 127 658 stone
621 127 659 stone
621 127 660 stone
621 127 661 stone
621 127 662 stone
621 127 663 stone
621 127 664 stone
621 127 665 stone
621 127 666 stone
621 127 667 stone
621 127 668 stone
621 127 669 stone
621 127 670 stone
621 127 671 stone
621 127 672 stone
621 127 673 stone
621 127 674 stone
621 127 675 stone
621 127 676 stone
621 127 677 stone
621 127 678 stone
621 127 679 stone
621 127 680 stone
621 127 681 stone
621 127 682 stone
621 127 683 stone
621 127 684 stone
621 127 685 stone
621 127 686 stone
