558 115 644 granite
558 115 645 granite
558 115 646 granite
558 115 647 granite
558 115 648 granite
558 115 649 granite
558 115 650 granite
558 115 651 granite
558 115 652 stone
558 115 653 stone
558 115 654 stone
558 115 655 stone
558 115 656 stone
558 115 657 stone
558 115 658 stone
558 115 659 stone
558 115 660 stone
558 115 661 stone
558 115 662 stone
558 115 663 stone
558 115 664 stone
558 115 665 stone
558 115 666 stone
558 115 667 stone
558 115 668 stone
558 115 669 stone
558 115 670 stone
558 115 671 stone
558 115 672 stone
558 115 673 stone
558 115 674 stone
558 115 675 stone
558 115 676 stone
558 115 677 stone
558 115 678 stone
558 115 679 stone
558 115 680 stone
558 115 681 stone
558 115 682 stone
558 115 683 stone
558 115 684 stone
558 115 685 stone
558 115 686 stone
558 115 687 stone
558 115 688 stone
558 115 689 granite
558 115 690 granite
558 115 691 granite
558 115 692 granite
558 115 693 granite
558 115 694 coal_ore
558 115 695 granite
558 115 696 granite
558 115 697 granite
558 115 698 stone
558 115 699 stone
558 115 700 stone
558 115 701 stone
558 115 702 stone
558 115 703 stone
558 115 704 stone
558 115 705 stone
558 115 706 granite
558 115 707 granite
558 115 708 granite
558 115 709 granite
558 115 710 granite
558 115 711 stone
558 115 712 stone
558 115 713 stone
558 115 714 stone
558 115 715 stone
558 115 716 stone
558 115 717 stone
558 115 718 stone
558 115 719 stone
558 115 720 stone
558 115 721 stone
558 115 722 stone
558 115 723 stone
558 115 724 stone
558 115 725 stone
558 115 726 stone
558 115 727 stone
558 115 728 stone
558 115 729 stone
558 115 730 stone
558 115 731 stone
558 115 732 stone
558 115 733 stone
558 115 734 stone
558 115 735 stone
558 115 736 stone
558 115 737 stone
558 115 738 stone
558 115 739 stone
558 115 740 stone
558 115 750 andesite
558 115 751 andesite
558 115 752 andesite
558 115 753 andesite
558 115 754 andesite
558 115 755 andesite
558 115 756 andesite
558 115 757 andesite
558 115 758 andesite
558 115 766 stone
558 115 767 stone
559 115 640 granite
559 115 641 granite
559 115 642 granite
559 115 643 granite
559 115 644 granite
559 115 645 granite
559 115 646 granite
559 115 647 granite
559 115 648 granite
559 115 649 granite
559 115 650 granite
559 115 651 stone
559 115 652 stone
559 115 653 stone
559 115 654 stone
559 115 655 stone
559 115 656 stone
559 115 657 stone
559 115 658 stone
559 115 659 stone
559 115 660 stone
559 115 661 stone
559 115 662 stone
559 115 663 stone
559 115 664 stone
559 115 665 stone
559 115 666 stone
559 115 667 stone
559 115 668 stone
559 115 669 stone
559 115 670 stone
559 115 671 stone
559 115 672 stone
559 115 673 stone
559 115 674 stone
559 115 675 stone
559 115 676 stone
559 115 677 stone
559 115 678 stone
559 115 679 stone
559 115 680 stone
559 115 681 copper_ore
559 115 682 copper_ore
559 115 683 copper_ore
559 115 689 granite
559 115 690 granite
559 115 691 granite
559 115 692 granite
559 115 693 granite
559 115 694 granite
559 115 695 granite
559 115 696 granite
559 115 697 granite
559 115 698 stone
559 115 699 stone
559 115 700 stone
559 115 701 stone
559 115 702 andesite
559 115 703 andesite
559 115 704 stone
559 115 705 stone
559 115 706 stone
559 115 707 diorite
559 115 708 diorite
559 115 709 diorite
559 115 710 diorite
559 115 711 diorite
559 115 712 stone
559 115 713 stone
559 115 714 stone
559 115 715 stone
559 115 716 stone
559 115 717 stone
559 115 718 stone
559 115 719 stone
559 115 720 stone
559 115 721 stone
559 115 722 stone
559 115 723 stone
559 115 724 stone
559 115 725 stone
559 115 726 stone
559 115 727 stone
559 115 728 stone
559 115 729 stone
559 115 730 stone
559 115 731 stone
559 115 732 stone
559 115 733 stone
559 115 734 stone
559 115 735 stone
559 115 736 stone
559 115 737 stone
559 115 738 stone
559 115 754 andesite
559 115 755 andesite
559 115 756 andesite
559 115 757 andesite
559 115 765 stone
559 115 766 stone
559 115 767 stone
560 115 640 granite
560 115 641 granite
560 115 642 iron_ore
560 115 643 granite
560 115 644 granite
560 115 645 granite
560 115 646 granite
560 115 647 granite
560 115 648 granite
560 115 649 granite
560 115 650 stone
560 115 651 stone
560 115 652 stone
560 115 653 stone
560 115 654 stone
560 115 655 stone
560 115 656 stone
560 115 657 stone
560 115 658 stone
560 115 659 stone
560 115 660 stone
560 115 661 stone
560 115 662 stone
560 115 663 stone
560 115 664 stone
560 115 665 stone
560 115 666 stone
560 115 667 stone
560 115 668 stone
560 115 669 stone
560 115 670 stone
560 115 671 stone
560 115 672 stone
560 115 673 stone
560 115 674 stone
560 115 675 stone
560 115 676 stone
560 115 677 stone
560 115 678 stone
560 115 679 stone
560 115 680 stone
560 115 681 copper_ore
560 115 689 granite
560 115 690 granite
560 115 691 granite
560 115 692 granite
560 115 693 granite
560 115 694 granite
560 115 695 granite
560 115 696 granite
560 115 697 granite
560 115 698 stone
560 115 699 andesite
560 115 700 andesite
560 115 701 andesite
560 115 702 andesite
560 115 703 andesite
560 115 704 andesite
560 115 705 diorite
560 115 706 diorite
560 115 707 diorite
560 115 708 diorite
560 115 709 diorite
560 115 710 diorite
560 115 711 diorite
560 115 712 stone
560 115 713 stone
560 115 714 stone
560 115 715 stone
560 115 716 stone
560 115 717 stone
560 115 718 stone
560 115 719 stone
560 115 720 stone
560 115 721 stone
560 115 722 stone
560 115 723 stone
560 115 724 stone
560 115 725 stone
560 115 726 stone
560 115 727 stone
560 115 728 stone
560 115 729 stone
560 115 730 stone
560 115 731 stone
560 115 732 stone
560 115 733 stone
560 115 734 stone
560 115 735 stone
560 115 736 stone
560 115 737 stone
560 115 756 andesite
560 115 757 andesite
560 115 758 andesite
560 115 759 andesite
560 115 760 granite
560 115 761 granite
560 115 762 granite
560 115 763 granite
560 115 764 stone
560 115 765 stone
560 115 766 stone
560 115 767 stone
561 115 640 granite
561 115 641 granite
561 115 642 granite
561 115 643 granite
561 115 644 granite
561 115 645 granite
561 115 646 stone
561 115 647 stone
561 115 648 stone
561 115 649 stone
561 115 650 stone
561 115 651 stone
561 115 652 stone
561 115 653 stone
561 115 654 stone
561 115 655 stone
561 115 656 iron_ore
561 115 657 iron_ore
561 115 658 stone
561 115 659 stone
561 115 660 stone
561 115 661 stone
561 115 662 stone
561 115 663 stone
561 115 664 stone
561 115 665 stone
561 115 666 stone
561 115 667 stone
561 115 668 stone
561 115 669 stone
561 115 670 stone
561 115 671 stone
561 115 672 stone
561 115 673 stone
561 115 674 stone
561 115 675 stone
561 115 676 stone
561 115 677 stone
561 115 678 stone
561 115 679 stone
561 115 691 granite
561 115 692 granite
561 115 693 granite
561 115 694 granite
561 115 695 granite
561 115 696 granite
561 115 697 andesite
561 115 698 andesite
561 115 699 andesite
561 115 700 andesite
561 115 701 andesite
561 115 702 andesite
561 115 703 andesite
561 115 704 diorite
561 115 705 diorite
561 115 706 diorite
561 115 707 diorite
561 115 708 diorite
561 115 709 diorite
561 115 710 diorite
561 115 711 diorite
561 115 712 stone
561 115 713 stone
561 115 714 stone
561 115 715 stone
561 115 716 stone
561 115 717 stone
561 115 718 stone
561 115 719 stone
561 115 720 stone
561 115 725 stone
561 115 726 stone
561 115 727 stone
561 115 728 stone
561 115 729 stone
561 115 730 stone
561 115 731 stone
561 115 732 stone
561 115 733 stone
561 115 734 stone
561 115 735 stone
561 115 736 stone
561 115 737 stone
561 115 755 andesite
561 115 756 andesite
561 115 757 andesite
561 115 758 andesite
561 115 759 andesite
561 115 760 granite
561 115 761 granite
561 115 762 granite
561 115 763 granite
561 115 764 stone
561 115 765 stone
561 115 766 stone
561 115 767 stone
562 115 640 granite
562 115 641 granite
562 115 642 granite
562 115 643 granite
562 115 644 granite
562 115 645 stone
562 115 646 stone
562 115 647 stone
562 115 648 stone
562 115 649 stone
562 115 650 stone
562 115 651 stone
562 115 652 stone
562 115 653 stone
562 115 654 stone
562 115 655 stone
562 115 656 iron_ore
562 115 657 iron_ore
562 115 658 stone
562 115 659 stone
562 115 660 stone
562 115 661 stone
562 115 662 stone
562 115 663 stone
562 115 664 stone
562 115 665 stone
562 115 666 stone
562 115 667 stone
562 115 668 stone
562 115 669 stone
562 115 670 stone
562 115 671 stone
562 115 672 stone
562 115 673 stone
562 115 674 stone
562 115 675 stone
562 115 676 stone
562 115 677 stone
562 115 678 stone
562 115 694 granite
562 115 695 granite
562 115 696 andesite
562 115 697 andesite
562 115 698 andesite
562 115 699 andesite
562 115 700 andesite
562 115 701 andesite
562 115 702 andesite
562 115 703 diorite
562 115 704 diorite
562 115 705 diorite
562 115 706 diorite
562 115 707 diorite
562 115 708 diorite
562 115 709 diorite
562 115 710 diorite
562 115 711 stone
562 115 712 stone
562 115 713 stone
562 115 714 stone
562 115 715 stone
562 115 716 stone
562 115 717 stone
562 115 718 stone
562 115 719 stone
562 115 720 stone
562 115 726 stone
562 115 727 stone
562 115 728 stone
562 115 729 stone
562 115 730 stone
562 115 731 stone
562 115 732 stone
562 115 733 stone
562 115 734 stone
562 115 735 stone
562 115 736 stone
562 115 737 stone
562 115 741 stone
562 115 742 stone
562 115 743 stone
562 115 744 stone
562 115 747 stone
562 115 748 stone
562 115 750 andesite
562 115 753 andesite
562 115 754 andesite
562 115 755 andesite
562 115 756 andesite
562 115 757 andesite
562 115 758 andesite
562 115 759 granite
562 115 760 granite
562 115 761 granite
562 115 762 granite
562 115 763 stone
562 115 764 stone
562 115 765 stone
562 115 766 stone
562 115 767 stone
563 115 640 granite
563 115 641 granite
563 115 642 granite
563 115 643 granite
563 115 644 stone
563 115 645 stone
563 115 646 stone
563 115 647 stone
563 115 648 stone
563 115 649 stone
563 115 650 stone
563 115 651 stone
563 115 652 stone
563 115 653 stone
563 115 654 stone
563 115 655 stone
563 115 656 stone
563 115 657 stone
563 115 658 stone
563 115 659 stone
563 115 660 stone
563 115 661 stone
563 115 662 stone
563 115 663 stone
563 115 664 stone
563 115 665 stone
563 115 666 stone
563 115 667 stone
563 115 668 stone
563 115 669 stone
563 115 670 stone
563 115 671 stone
563 115 672 stone
563 115 673 stone
563 115 674 stone
563 115 675 stone
563 115 676 stone
563 115 677 stone
563 115 678 stone
563 115 679 stone
563 115 680 stone
563 115 681 stone
563 115 682 stone
563 115 683 stone
563 115 684 stone
563 115 685 granite
563 115 686 granite
563 115 694 granite
563 115 695 stone
563 115 696 andesite
563 115 697 copper_ore
563 115 698 copper_ore
563 115 699 copper_ore
563 115 700 andesite
563 115 701 andesite
563 115 702 diorite
563 115 703 diorite
563 115 704 diorite
563 115 705 diorite
563 115 706 diorite
563 115 707 diorite
563 115 708 diorite
563 115 709 diorite
563 115 710 stone
563 115 711 stone
563 115 712 stone
563 115 713 stone
563 115 714 stone
563 115 715 stone
563 115 716 stone
563 115 717 stone
563 115 718 stone
563 115 719 stone
563 115 720 stone
563 115 721 stone
563 115 722 stone
563 115 723 stone
563 115 727 stone
563 115 728 stone
563 115 729 stone
563 115 730 stone
563 115 731 stone
563 115 732 stone
563 115 733 stone
563 115 734 stone
563 115 735 stone
563 115 736 stone
563 115 741 stone
563 115 742 stone
563 115 743 stone
563 115 744 stone
563 115 745 stone
563 115 746 stone
563 115 747 stone
563 115 748 stone
563 115 749 andesite
563 115 750 andesite
563 115 751 andesite
563 115 752 andesite
563 115 753 andesite
563 115 754 andesite
563 115 755 andesite
563 115 756 andesite
563 115 757 andesite
563 115 758 granite
563 115 759 granite
563 115 760 granite
563 115 761 granite
563 115 762 stone
563 115 763 stone
563 115 764 stone
563 115 765 stone
563 115 766 stone
563 115 767 stone
564 115 640 granite
564 115 641 granite
564 115 642 granite
564 115 643 stone
564 115 644 stone
564 115 645 stone
564 115 646 stone
564 115 647 stone
564 115 648 stone
564 115 649 stone
564 115 650 stone
564 115 651 stone
564 115 652 stone
564 115 653 stone
564 115 654 stone
564 115 655 stone
564 115 656 stone
564 115 657 stone
564 115 658 stone
564 115 659 stone
564 115 660 stone
564 115 661 stone
564 115 662 stone
564 115 663 copper_ore
564 115 664 copper_ore
564 115 665 copper_ore
564 115 666 stone
564 115 667 stone
564 115 668 stone
564 115 669 stone
564 115 670 stone
564 115 671 stone
564 115 672 stone
564 115 673 stone
564 115 674 stone
564 115 675 stone
564 115 676 stone
564 115 677 stone
564 115 678 stone
564 115 679 stone
564 115 680 stone
564 115 681 stone
564 115 682 stone
564 115 683 stone
564 115 684 stone
564 115 685 granite
564 115 686 granite
564 115 687 granite
564 115 695 copper_ore
564 115 696 andesite
564 115 697 andesite
564 115 698 copper_ore
564 115 699 copper_ore
564 115 700 andesite
564 115 701 diorite
564 115 702 diorite
564 115 703 diorite
564 115 704 diorite
564 115 705 diorite
564 115 706 diorite
564 115 707 diorite
564 115 708 diorite
564 115 709 diorite
564 115 710 stone
564 115 711 stone
564 115 712 stone
564 115 713 stone
564 115 714 stone
564 115 715 stone
564 115 716 stone
564 115 717 stone
564 115 718 stone
564 115 719 stone
564 115 720 stone
564 115 721 stone
564 115 722 stone
564 115 723 stone
564 115 724 stone
564 115 725 stone
564 115 726 stone
564 115 727 stone
564 115 728 stone
564 115 729 stone
564 115 730 stone
564 115 731 stone
564 115 732 stone
564 115 733 stone
564 115 734 stone
564 115 735 stone
564 115 736 stone
564 115 737 stone
564 115 741 stone
564 115 742 stone
564 115 743 stone
564 115 744 stone
564 115 745 stone
564 115 746 stone
564 115 747 stone
564 115 748 stone
564 115 749 andesite
564 115 750 andesite
564 115 751 andesite
564 115 752 andesite
564 115 753 andesite
564 115 754 andesite
564 115 755 andesite
564 115 756 andesite
564 115 757 andesite
564 115 758 granite
564 115 759 granite
564 115 760 granite
564 115 761 stone
564 115 762 stone
564 115 763 stone
564 115 764 stone
564 115 765 stone
564 115 766 stone
564 115 767 stone
565 115 640 granite
565 115 641 granite
565 115 642 stone
565 115 643 stone
565 115 644 stone
565 115 645 stone
565 115 646 stone
565 115 647 stone
565 115 648 stone
565 115 649 stone
565 115 650 stone
565 115 651 stone
565 115 652 stone
565 115 653 stone
565 115 654 stone
565 115 655 stone
565 115 656 stone
565 115 657 stone
565 115 658 stone
565 115 659 stone
565 115 660 stone
565 115 661 stone
565 115 662 dirt
565 115 663 copper_ore
565 115 664 copper_ore
565 115 665 stone
565 115 666 stone
565 115 667 stone
565 115 668 stone
565 115 669 stone
565 115 670 stone
565 115 671 stone
565 115 672 stone
565 115 673 stone
565 115 674 stone
565 115 675 stone
565 115 676 stone
565 115 677 stone
565 115 678 stone
565 115 679 stone
565 115 680 stone
565 115 681 stone
565 115 682 stone
565 115 683 stone
565 115 684 granite
565 115 685 granite
565 115 686 granite
565 115 687 granite
565 115 695 andesite
565 115 696 andesite
565 115 697 andesite
565 115 698 andesite
565 115 699 andesite
565 115 700 andesite
565 115 701 diorite
565 115 702 diorite
565 115 703 diorite
565 115 704 diorite
565 115 705 diorite
565 115 706 diorite
565 115 707 diorite
565 115 708 diorite
565 115 709 diorite
565 115 710 copper_ore
565 115 711 stone
565 115 712 stone
565 115 713 stone
565 115 714 stone
565 115 715 stone
565 115 716 stone
565 115 717 stone
565 115 718 stone
565 115 719 stone
565 115 720 stone
565 115 721 stone
565 115 722 stone
565 115 723 stone
565 115 724 stone
565 115 725 stone
565 115 726 stone
565 115 727 stone
565 115 728 stone
565 115 729 stone
565 115 730 stone
565 115 731 stone
565 115 732 stone
565 115 733 stone
565 115 734 stone
565 115 735 stone
565 115 736 stone
565 115 737 stone
565 115 738 stone
565 115 739 stone
565 115 740 stone
565 115 741 stone
565 115 742 stone
565 115 743 stone
565 115 744 stone
565 115 745 stone
565 115 746 stone
565 115 747 stone
565 115 748 andesite
565 115 749 andesite
565 115 750 andesite
565 115 751 andesite
565 115 752 andesite
565 115 753 andesite
565 115 754 andesite
565 115 755 andesite
565 115 756 andesite
565 115 757 granite
565 115 758 granite
565 115 759 granite
565 115 760 stone
565 115 761 stone
565 115 762 stone
565 115 763 stone
565 115 764 stone
565 115 765 stone
565 115 766 stone
565 115 767 stone
566 115 640 granite
566 115 641 stone
566 115 642 stone
566 115 643 stone
566 115 644 stone
566 115 645 stone
566 115 646 stone
566 115 647 stone
566 115 648 stone
566 115 649 stone
566 115 650 stone
566 115 651 stone
566 115 652 stone
566 115 653 stone
566 115 654 stone
566 115 655 stone
566 115 656 stone
566 115 657 stone
566 115 658 stone
566 115 659 dirt
566 115 660 dirt
566 115 661 dirt
566 115 662 dirt
566 115 663 dirt
566 115 664 dirt
566 115 665 dirt
566 115 666 dirt
566 115 667 stone
566 115 668 stone
566 115 669 stone
566 115 670 stone
566 115 671 stone
566 115 672 stone
566 115 673 stone
566 115 674 stone
566 115 675 stone
566 115 676 stone
566 115 677 stone
566 115 678 stone
566 115 679 stone
566 115 680 stone
566 115 681 stone
566 115 682 stone
566 115 683 stone
566 115 684 granite
566 115 685 granite
566 115 686 granite
566 115 687 granite
566 115 696 andesite
566 115 697 andesite
566 115 698 andesite
566 115 699 andesite
566 115 700 diorite
566 115 701 diorite
566 115 702 diorite
566 115 703 diorite
566 115 704 diorite
566 115 705 diorite
566 115 706 diorite
566 115 707 diorite
566 115 708 diorite
566 115 709 copper_ore
566 115 710 stone
566 115 711 stone
566 115 712 stone
566 115 713 stone
566 115 714 stone
566 115 715 stone
566 115 716 stone
566 115 717 stone
566 115 718 stone
566 115 719 stone
566 115 720 stone
566 115 721 stone
566 115 722 stone
566 115 723 stone
566 115 724 stone
566 115 725 stone
566 115 726 stone
566 115 727 stone
566 115 728 stone
566 115 729 stone
566 115 730 stone
566 115 731 stone
566 115 732 stone
566 115 733 stone
566 115 734 stone
566 115 735 stone
566 115 736 stone
566 115 737 stone
566 115 738 stone
566 115 739 stone
566 115 740 stone
566 115 741 stone
566 115 742 stone
566 115 743 stone
566 115 744 stone
566 115 745 stone
566 115 746 stone
566 115 747 stone
566 115 748 andesite
566 115 749 andesite
566 115 750 andesite
566 115 751 andesite
566 115 752 andesite
566 115 753 andesite
566 115 754 andesite
566 115 755 andesite
566 115 756 granite
566 115 757 granite
566 115 758 granite
566 115 759 stone
566 115 760 stone
566 115 761 stone
566 115 762 stone
566 115 763 stone
566 115 764 stone
566 115 765 stone
566 115 766 stone
566 115 767 stone
567 115 640 stone
567 115 641 stone
567 115 642 stone
567 115 643 stone
567 115 644 stone
567 115 645 stone
567 115 646 stone
567 115 647 stone
567 115 648 stone
567 115 649 stone
567 115 650 stone
567 115 651 stone
567 115 652 stone
567 115 653 stone
567 115 654 stone
567 115 655 stone
567 115 656 stone
567 115 657 stone
567 115 658 stone
567 115 659 dirt
567 115 660 dirt
567 115 661 dirt
567 115 662 dirt
567 115 663 dirt
567 115 664 dirt
567 115 665 dirt
567 115 666 dirt
567 115 667 stone
567 115 668 stone
567 115 669 stone
567 115 670 stone
567 115 671 stone
567 115 672 stone
567 115 673 stone
567 115 674 stone
567 115 675 stone
567 115 676 stone
567 115 677 stone
567 115 678 stone
567 115 679 stone
567 115 680 stone
567 115 681 stone
567 115 682 stone
567 115 683 stone
567 115 684 stone
567 115 685 granite
567 115 686 granite
567 115 687 granite
567 115 690 stone
567 115 691 stone
567 115 692 andesite
567 115 693 gravel
567 115 694 gravel
567 115 695 gravel
567 115 696 gravel
567 115 697 andesite
567 115 698 andesite
567 115 699 andesite
567 115 700 diorite
567 115 701 diorite
567 115 702 diorite
567 115 703 diorite
567 115 704 diorite
567 115 705 diorite
567 115 706 diorite
567 115 707 diorite
567 115 708 diorite
567 115 709 stone
567 115 710 stone
567 115 711 stone
567 115 712 stone
567 115 713 stone
567 115 714 stone
567 115 715 stone
567 115 716 stone
567 115 717 stone
567 115 718 stone
567 115 719 stone
567 115 720 stone
567 115 721 stone
567 115 722 stone
567 115 723 stone
567 115 724 stone
567 115 725 stone
567 115 726 stone
567 115 727 stone
567 115 728 stone
567 115 729 stone
567 115 730 stone
567 115 731 stone
567 115 732 stone
567 115 733 stone
567 115 734 stone
567 115 735 stone
567 115 736 stone
567 115 737 stone
567 115 738 stone
567 115 739 stone
567 115 740 stone
567 115 741 stone
567 115 742 stone
567 115 743 stone
567 115 744 stone
567 115 745 stone
567 115 746 stone
567 115 747 stone
567 115 748 andesite
567 115 749 andesite
567 115 750 andesite
567 115 751 andesite
