591 117 717 stone
591 117 718 stone
591 117 719 stone
591 117 720 stone
591 117 721 stone
591 117 722 diorite
591 117 723 diorite
591 117 724 diorite
591 117 725 diorite
591 117 726 stone
591 117 727 stone
591 117 728 stone
591 117 729 granite
591 117 738 granite
591 117 739 stone
591 117 740 stone
591 117 741 stone
591 117 742 stone
591 117 743 stone
591 117 744 stone
591 117 745 stone
591 117 746 stone
591 117 747 stone
591 117 748 stone
591 117 749 stone
591 117 750 stone
591 117 751 stone
591 117 752 stone
591 117 753 copper_ore
591 117 754 copper_ore
591 117 755 stone
591 117 756 stone
591 117 757 stone
591 117 758 stone
591 117 759 stone
591 117 760 stone
591 117 761 stone
591 117 762 stone
591 117 763 stone
591 117 764 stone
591 117 765 stone
591 117 766 stone
591 117 767 stone
592 117 640 stone
592 117 641 stone
592 117 642 stone
592 117 643 stone
592 117 644 stone
592 117 645 stone
592 117 646 stone
592 117 647 stone
592 117 648 stone
592 117 649 stone
592 117 650 stone
592 117 651 stone
592 117 652 granite
592 117 653 granite
592 117 654 granite
592 117 655 granite
592 117 656 granite
592 117 657 granite
592 117 658 diorite
592 117 659 diorite
592 117 660 diorite
592 117 661 diorite
592 117 662 diorite
592 117 663 diorite
592 117 664 diorite
592 117 665 diorite
592 117 666 diorite
592 117 667 diorite
592 117 668 diorite
592 117 669 diorite
592 117 670 diorite
592 117 671 diorite
592 117 672 stone
592 117 673 stone
592 117 674 stone
592 117 675 stone
592 117 676 andesite
592 117 677 andesite
592 117 678 andesite
592 117 679 andesite
592 117 680 andesite
592 117 681 andesite
592 117 682 andesite
592 117 683 andesite
592 117 684 andesite
592 117 685 andesite
592 117 686 stone
592 117 687 stone
592 117 688 stone
592 117 689 stone
592 117 690 stone
592 117 691 stone
592 117 692 stone
592 117 693 stone
592 117 694 stone
592 117 695 stone
592 117 696 stone
592 117 697 stone
592 117 698 stone
592 117 699 stone
592 117 700 stone
592 117 701 stone
592 117 702 stone
592 117 703 dirt
592 117 704 dirt
592 117 705 dirt
592 117 706 dirt
592 117 707 granite
592 117 708 granite
592 117 709 granite
592 117 710 granite
592 117 711 stone
592 117 712 stone
592 117 713 stone
592 117 714 stone
592 117 715 stone
592 117 716 stone
592 117 717 stone
592 117 718 stone
592 117 719 stone
592 117 720 stone
592 117 721 stone
592 117 722 stone
592 117 723 diorite
592 117 724 diorite
592 117 725 stone
592 117 726 stone
592 117 727 stone
592 117 728 stone
592 117 738 stone
592 117 739 stone
592 117 740 stone
592 117 741 stone
592 117 742 stone
592 117 743 stone
592 117 744 stone
592 117 745 stone
592 117 746 stone
592 117 747 stone
592 117 748 stone
592 117 749 stone
592 117 750 stone
592 117 751 stone
592 117 752 stone
592 117 753 copper_ore
592 117 754 copper_ore
592 117 755 stone
592 117 756 stone
592 117 757 stone
592 117 758 stone
592 117 759 stone
592 117 760 stone
592 117 761 stone
592 117 762 stone
592 117 763 stone
592 117 764 stone
592 117 765 stone
592 117 766 stone
592 117 767 stone
593 117 640 stone
593 117 641 stone
593 117 642 stone
593 117 643 stone
593 117 644 stone
593 117 645 stone
593 117 646 stone
593 117 647 stone
593 117 648 stone
593 117 649 stone
593 117 650 stone
593 117 651 stone
593 117 652 granite
593 117 653 granite
593 117 654 granite
593 117 655 granite
593 117 656 granite
593 117 657 granite
593 117 658 stone
593 117 659 stone
593 117 660 stone
593 117 661 diorite
593 117 662 diorite
593 117 663 diorite
593 117 664 diorite
593 117 665 diorite
593 117 666 diorite
593 117 667 diorite
593 117 668 diorite
593 117 669 diorite
593 117 670 stone
593 117 671 stone
593 117 672 stone
593 117 673 stone
593 117 674 stone
593 117 675 andesite
593 117 676 andesite
593 117 677 andesite
593 117 678 iron_ore
593 117 679 andesite
593 117 680 andesite
593 117 681 andesite
593 117 682 andesite
593 117 683 andesite
593 117 684 andesite
593 117 685 stone
593 117 686 stone
593 117 687 stone
593 117 688 stone
593 117 689 stone
593 117 690 stone
593 117 691 stone
593 117 692 stone
593 117 693 stone
593 117 694 stone
593 117 695 stone
593 117 696 stone
593 117 697 stone
593 117 698 stone
593 117 699 stone
593 117 700 stone
593 117 701 stone
593 117 702 stone
593 117 703 dirt
593 117 704 dirt
593 117 705 dirt
593 117 706 dirt
593 117 707 granite
593 117 708 granite
593 117 709 granite
593 117 710 granite
593 117 711 stone
593 117 712 stone
593 117 713 stone
593 117 714 stone
593 117 715 stone
593 117 716 stone
593 117 717 stone
593 117 718 stone
593 117 719 stone
593 117 720 stone
593 117 721 stone
593 117 722 stone
593 117 723 stone
593 117 724 stone
593 117 725 stone
593 117 726 stone
593 117 727 stone
593 117 728 stone
593 117 738 stone
593 117 739 stone
593 117 740 stone
593 117 741 stone
593 117 742 stone
593 117 743 stone
593 117 744 stone
593 117 745 stone
593 117 746 stone
593 117 747 stone
593 117 748 stone
593 117 749 stone
593 117 750 stone
593 117 751 stone
593 117 752 stone
593 117 753 stone
593 117 754 stone
593 117 755 stone
593 117 756 stone
593 117 757 stone
593 117 758 stone
593 117 759 stone
593 117 760 stone
593 117 761 stone
593 117 762 stone
593 117 763 dirt
593 117 764 dirt
593 117 765 stone
593 117 766 stone
593 117 767 stone
594 117 640 stone
594 117 641 stone
594 117 642 stone
594 117 643 stone
594 117 644 stone
594 117 645 stone
594 117 646 stone
594 117 647 stone
594 117 648 stone
594 117 649 stone
594 117 650 stone
594 117 651 stone
594 117 652 granite
594 117 653 granite
594 117 654 granite
594 117 655 granite
594 117 656 granite
594 117 657 gravel
594 117 658 gravel
594 117 659 stone
594 117 660 stone
594 117 661 stone
594 117 662 diorite
594 117 663 diorite
594 117 664 diorite
594 117 665 diorite
594 117 666 diorite
594 117 667 stone
594 117 668 stone
594 117 669 stone
594 117 670 stone
594 117 671 stone
594 117 672 stone
594 117 673 stone
594 117 674 stone
594 117 675 andesite
594 117 676 andesite
594 117 677 andesite
594 117 678 andesite
594 117 679 andesite
594 117 680 andesite
594 117 681 andesite
594 117 682 andesite
594 117 683 andesite
594 117 684 stone
594 117 685 stone
594 117 686 stone
594 117 687 stone
594 117 688 stone
594 117 689 stone
594 117 690 stone
594 117 691 stone
594 117 692 stone
594 117 693 stone
594 117 694 stone
594 117 695 stone
594 117 696 stone
594 117 697 stone
594 117 698 stone
594 117 699 stone
594 117 700 gravel
594 117 701 gravel
594 117 702 gravel
594 117 703 gravel
594 117 704 dirt
594 117 705 dirt
594 117 706 gravel
594 117 707 gravel
594 117 708 gravel
594 117 709 granite
594 117 710 granite
594 117 711 stone
594 117 712 stone
594 117 713 stone
594 117 714 stone
594 117 715 stone
594 117 716 stone
594 117 717 stone
594 117 718 stone
594 117 719 diorite
594 117 720 diorite
594 117 721 diorite
594 117 722 stone
594 117 723 stone
594 117 724 stone
594 117 725 stone
594 117 726 stone
594 117 727 stone
594 117 728 stone
594 117 738 stone
594 117 739 stone
594 117 740 stone
594 117 741 stone
594 117 742 stone
594 117 743 stone
594 117 744 stone
594 117 745 stone
594 117 746 stone
594 117 747 stone
594 117 748 stone
594 117 749 stone
594 117 750 stone
594 117 751 stone
594 117 752 stone
594 117 753 stone
594 117 754 stone
594 117 755 stone
594 117 756 stone
594 117 757 stone
594 117 758 stone
594 117 759 stone
594 117 760 stone
594 117 761 stone
594 117 762 dirt
594 117 763 dirt
594 117 764 dirt
594 117 765 dirt
594 117 766 stone
594 117 767 stone
595 117 640 stone
595 117 641 stone
595 117 642 stone
595 117 643 stone
595 117 644 stone
595 117 645 stone
595 117 646 stone
595 117 647 stone
595 117 648 stone
595 117 649 stone
595 117 650 stone
595 117 651 stone
595 117 652 granite
595 117 653 granite
595 117 654 granite
595 117 655 granite
595 117 656 granite
595 117 657 gravel
595 117 658 gravel
595 117 659 stone
595 117 660 stone
595 117 661 stone
595 117 662 stone
595 117 663 stone
595 117 664 stone
595 117 665 stone
595 117 666 stone
595 117 667 stone
595 117 668 stone
595 117 669 stone
595 117 670 stone
595 117 671 stone
595 117 672 stone
595 117 673 stone
595 117 674 stone
595 117 675 andesite
595 117 676 andesite
595 117 677 andesite
595 117 678 andesite
595 117 679 andesite
595 117 680 andesite
595 117 681 andesite
595 117 682 andesite
595 117 683 stone
595 117 684 stone
595 117 685 stone
595 117 686 stone
595 117 687 stone
595 117 688 stone
595 117 689 stone
595 117 690 stone
595 117 691 stone
595 117 692 stone
595 117 693 stone
595 117 694 stone
595 117 695 stone
595 117 696 stone
595 117 697 stone
595 117 698 stone
595 117 699 stone
595 117 700 stone
595 117 701 gravel
595 117 702 gravel
595 117 703 gravel
595 117 704 dirt
595 117 705 dirt
595 117 706 gravel
595 117 707 gravel
595 117 708 gravel
595 117 709 stone
595 117 710 stone
595 117 711 stone
595 117 712 stone
595 117 713 stone
595 117 714 stone
595 117 715 stone
595 117 716 stone
595 117 717 stone
595 117 718 diorite
595 117 719 diorite
595 117 720 diorite
595 117 721 diorite
595 117 722 stone
595 117 723 stone
595 117 724 stone
595 117 725 stone
595 117 726 stone
595 117 727 stone
595 117 738 stone
595 117 739 stone
595 117 740 stone
595 117 741 stone
595 117 742 stone
595 117 743 stone
595 117 744 stone
595 117 745 stone
595 117 746 stone
595 117 747 stone
595 117 748 stone
595 117 749 stone
595 117 750 stone
595 117 751 stone
595 117 752 stone
595 117 753 stone
595 117 754 stone
595 117 755 stone
595 117 756 stone
595 117 757 stone
595 117 758 stone
595 117 759 stone
595 117 760 stone
595 117 761 stone
595 117 762 dirt
595 117 763 dirt
595 117 764 dirt
595 117 765 dirt
595 117 766 stone
595 117 767 stone
596 117 640 stone
596 117 641 stone
596 117 642 stone
596 117 643 stone
596 117 644 stone
596 117 645 stone
596 117 646 stone
596 117 647 stone
596 117 648 stone
596 117 649 stone
596 117 650 stone
596 117 651 stone
596 117 652 stone
596 117 653 granite
596 117 654 granite
596 117 655 granite
596 117 656 granite
596 117 657 granite
596 117 658 stone
596 117 659 stone
596 117 660 stone
596 117 661 stone
596 117 662 stone
596 117 663 stone
596 117 664 stone
596 117 665 stone
596 117 666 stone
596 117 667 stone
596 117 668 stone
596 117 669 stone
596 117 670 stone
596 117 671 stone
596 117 672 stone
596 117 673 stone
596 117 674 stone
596 117 675 stone
596 117 676 andesite
596 117 677 andesite
596 117 678 andesite
596 117 679 andesite
596 117 680 stone
596 117 681 stone
596 117 682 stone
596 117 683 stone
596 117 684 stone
596 117 685 stone
596 117 686 stone
596 117 687 stone
596 117 688 stone
596 117 689 stone
596 117 690 stone
596 117 691 stone
596 117 692 stone
596 117 693 stone
596 117 694 stone
596 117 695 stone
596 117 696 stone
596 117 697 stone
596 117 698 stone
596 117 699 stone
596 117 700 stone
596 117 701 stone
596 117 702 stone
596 117 703 stone
596 117 704 gravel
596 117 705 gravel
596 117 706 gravel
596 117 707 stone
596 117 708 stone
596 117 709 stone
596 117 710 stone
596 117 711 stone
596 117 712 stone
596 117 713 stone
596 117 714 stone
596 117 715 stone
596 117 716 stone
596 117 717 stone
596 117 718 diorite
596 117 719 diorite
596 117 720 diorite
596 117 721 diorite
596 117 722 diorite
596 117 723 stone
596 117 724 stone
596 117 725 stone
596 117 726 stone
596 117 727 stone
596 117 739 stone
596 117 740 stone
596 117 741 stone
596 117 742 stone
596 117 743 stone
596 117 744 stone
596 117 745 stone
596 117 746 stone
596 117 747 stone
596 117 748 stone
596 117 749 stone
596 117 750 stone
596 117 751 stone
596 117 752 stone
596 117 753 stone
596 117 754 stone
596 117 755 stone
596 117 756 stone
596 117 757 stone
596 117 758 stone
596 117 759 stone
596 117 760 stone
596 117 761 stone
596 117 762 stone
596 117 763 dirt
596 117 764 dirt
596 117 765 dirt
596 117 766 dirt
596 117 767 stone
597 117 640 stone
597 117 641 stone
597 117 642 stone
597 117 643 stone
597 117 644 stone
597 117 645 stone
597 117 646 stone
597 117 647 stone
597 117 648 stone
597 117 649 stone
597 117 650 stone
597 117 651 stone
597 117 652 stone
597 117 653 granite
597 117 654 granite
597 117 655 granite
597 117 656 granite
597 117 657 stone
597 117 658 stone
597 117 659 stone
597 117 660 stone
597 117 661 stone
597 117 662 stone
597 117 663 stone
597 117 664 stone
597 117 665 stone
597 117 666 stone
597 117 667 diorite
597 117 668 diorite
597 117 669 stone
597 117 670 stone
597 117 671 stone
597 117 672 stone
597 117 673 stone
597 117 674 stone
597 117 675 stone
597 117 676 stone
597 117 677 stone
597 117 678 stone
597 117 679 stone
597 117 680 stone
597 117 681 stone
597 117 682 stone
597 117 683 stone
597 117 684 stone
597 117 685 stone
597 117 686 stone
597 117 687 stone
597 117 688 stone
597 117 689 stone
597 117 690 stone
597 117 691 stone
597 117 692 stone
597 117 693 stone
597 117 694 stone
597 117 695 stone
597 117 696 stone
597 117 697 stone
597 117 698 stone
597 117 699 stone
597 117 700 stone
597 117 701 stone
597 117 702 stone
597 117 703 stone
597 117 704 stone
597 117 705 stone
597 117 706 stone
597 117 707 stone
597 117 708 stone
597 117 709 stone
597 117 710 stone
597 117 711 stone
597 117 712 stone
597 117 713 stone
597 117 714 stone
597 117 715 stone
597 117 716 stone
597 117 717 stone
597 117 718 diorite
597 117 719 diorite
597 117 720 diorite
597 117 721 diorite
597 117 722 diorite
597 117 723 diorite
597 117 724 stone
597 117 725 stone
597 117 726 stone
597 117 727 stone
597 117 740 stone
597 117 741 stone
597 117 742 stone
597 117 743 stone
597 117 744 stone
597 117 745 stone
597 117 746 stone
597 117 747 stone
597 117 748 stone
597 117 749 stone
597 117 750 stone
597 117 751 stone
597 117 752 stone
597 117 753 stone
597 117 754 stone
597 117 755 stone
597 117 756 stone
597 117 757 stone
597 117 758 stone
597 117 759 stone
597 117 760 stone
597 117 761 stone
597 117 762 stone
597 117 763 dirt
597 117 764 dirt
597 117 765 dirt
597 117 766 dirt
597 117 767 dirt
598 117 640 stone
598 117 641 stone
598 117 642 stone
598 117 643 stone
598 117 644 stone
598 117 645 stone
598 117 646 stone
598 117 647 stone
598 117 648 stone
598 117 649 stone
598 117 650 stone
598 117 651 stone
598 117 652 stone
598 117 653 stone
598 117 654 granite
598 117 655 granite
598 117 656 stone
598 117 657 stone
598 117 658 stone
598 117 659 stone
598 117 660 stone
598 117 661 stone
598 117 662 stone
598 117 663 stone
598 117 664 stone
598 117 665 stone
598 117 666 diorite
598 117 667 diorite
598 117 668 diorite
598 117 669 diorite
598 117 670 diorite
598 117 671 diorite
598 117 672 stone
598 117 673 stone
598 117 674 stone
598 117 675 stone
598 117 676 stone
598 117 677 stone
598 117 678 stone
598 117 679 stone
598 117 680 stone
598 117 681 stone
598 117 682 stone
598 117 683 stone
598 117 684 stone
598 117 685 stone
598 117 686 stone
598 117 687 stone
598 117 688 stone
598 117 689 stone
598 117 690 stone
598 117 691 stone
598 117 692 stone
598 117 693 stone
598 117 694 stone
598 117 695 stone
598 117 696 stone
598 117 697 stone
598 117 698 stone
598 117 699 stone
598 117 700 stone
598 117 701 stone
598 117 702 stone
598 117 703 stone
598 117 704 stone
598 117 705 stone
598 117 706 stone
598 117 707 stone
598 117 708 stone
598 117 709 stone
598 117 710 stone
598 117 711 stone
598 117 712 stone
598 117 713 stone
598 117 714 stone
598 117 715 stone
598 117 716 stone
598 117 717 stone
598 117 718 diorite
598 117 719 diorite
598 117 720 diorite
598 117 721 diorite
598 117 722 diorite
598 117 723 diorite
598 117 724 stone
598 117 725 stone
598 117 726 stone
598 117 727 stone
598 117 741 stone
598 117 742 stone
598 117 743 stone
598 117 744 stone
598 117 745 stone
598 117 746 stone
598 117 747 stone
598 117 748 stone
598 117 749 granite
598 117 750 granite
598 117 751 granite
598 117 752 iron_ore
598 117 753 stone
598 117 754 stone
598 117 755 stone
598 117 756 stone
598 117 757 stone
598 117 758 stone
598 117 759 stone
598 117 760 stone
598 117 761 stone
598 117 762 stone
598 117 763 dirt
598 117 764 dirt
598 117 765 dirt
598 117 766 dirt
598 117 767 dirt
599 117 640 stone
599 117 641 stone
599 117 642 stone
599 117 643 stone
599 117 644 stone
599 117 645 stone
599 117 646 stone
599 117 647 stone
599 117 648 stone
599 117 649 stone
599 117 650 stone
599 117 651 stone
599 117 652 stone
599 117 653 stone
599 117 654 stone
599 117 655 stone
599 117 656 stone
599 117 657 stone
599 117 658 stone
599 117 659 stone
599 117 660 stone
599 117 661 stone
599 117 662 stone
599 117 663 stone
599 117 664 stone
599 117 665 stone
599 117 666 diorite
599 117 667 diorite
599 117 668 diorite
599 117 669 diorite
599 117 670 diorite
599 117 671 diorite
599 117 672 diorite
599 117 673 stone
599 117 674 stone
599 117 675 stone
599 117 676 stone
599 117 677 stone
599 117 678 stone
599 117 679 stone
599 117 680 stone
599 117 681 stone
599 117 682 stone
599 117 683 stone
599 117 684 stone
599 117 685 stone
599 117 686 stone
599 117 687 stone
599 117 688 stone
599 117 689 stone
599 117 690 stone
599 117 691 stone
599 117 692 stone
599 117 693 stone
599 117 694 stone
599 117 695 stone
599 117 696 stone
599 117 697 stone
599 117 698 stone
599 117 699 stone
599 117 700 stone
599 117 701 stone
599 117 702 stone
599 117 703 stone
599 117 704 stone
599 117 705 stone
599 117 706 stone
599 117 707 stone
599 117 708 stone
599 117 709 stone
599 117 710 stone
599 117 711 stone
599 117 712 stone
599 117 713 stone
599 117 714 stone
599 117 715 stone
599 117 717 stone
599 117 718 diorite
599 117 719 diorite
599 117 720 diorite
599 117 721 diorite
599 117 722 diorite
599 117 723 diorite
599 117 724 diorite
599 117 725 stone
599 117 726 stone
599 117 727 stone
599 117 736 stone
599 117 737 stone
599 117 738 stone
599 117 739 stone
599 117 740 stone
599 117 742 stone
599 117 743 stone
599 117 744 stone
599 117 745 stone
599 117 746 stone
599 117 747 stone
599 117 748 granite
599 117 749 granite
599 117 750 granite
599 117 751 granite
599 117 752 granite
599 117 753 stone
599 117 754 dirt
599 117 755 dirt
599 117 756 stone
599 117 757 stone
599 117 758 stone
599 117 759 stone
599 117 760 stone
599 117 761 stone
599 117 762 stone
599 117 763 stone
599 117 764 dirt
599 117 765 dirt
599 117 766 dirt
599 117 767 dirt
600 117 640 dirt
600 117 641 stone
600 117 642 stone
600 117 643 stone
600 117 644 stone
600 117 645 stone
600 117 646 stone
600 117 647 stone
600 117 648 stone
600 117 649 stone
600 117 650 stone
600 117 651 stone
600 117 652 stone
600 117 653 stone
600 117 654 stone
600 117 655 stone
600 117 656 stone
600 117 657 stone
600 117 658 stone
600 117 659 stone
600 117 660 stone
600 117 661 stone
600 117 662 stone
600 117 663 stone
600 117 664 stone
600 117 665 stone
600 117 666 diorite
600 117 667 diorite
600 117 668 diorite
600 117 669 diorite
600 117 670 diorite
600 117 671 diorite
600 117 672 diorite
600 117 673 stone
600 117 674 stone
600 117 675 stone
600 117 676 stone
600 117 677 stone
600 117 678 stone
600 117 679 stone
600 117 680 stone
600 117 681 stone
600 117 682 stone
600 117 683 stone
600 117 684 stone
600 117 685 stone
600 117 686 stone
600 117 687 stone
600 117 688 stone
600 117 689 stone
600 117 690 stone
600 117 691 stone
600 117 692 stone
600 117 693 stone
600 117 694 stone
600 117 695 stone
600 117 696 stone
600 117 697 stone
600 117 698 stone
600 117 699 granite
600 117 700 granite
600 117 701 stone
600 117 702 andesite
600 117 703 stone
600 117 704 stone
600 117 705 stone
600 117 706 stone
600 117 707 stone
600 117 708 stone
600 117 709 stone
600 117 710 stone
600 117 711 stone
600 117 712 stone
600 117 713 stone
600 117 714 stone
600 117 715 stone
600 117 717 stone
600 117 718 stone
600 117 719 diorite
600 117 720 diorite
600 117 721 diorite
600 117 722 diorite
600 117 723 diorite
600 117 724 diorite
600 117 725 stone
600 117 726 stone
600 117 727 stone
600 117 736 stone
600 117 737 stone
600 117 738 stone
600 117 739 stone
600 117 740 stone
600 117 741 stone
600 117 742 stone
600 117 743 stone
600 117 744 stone
600 117 745 stone
600 117 746 stone
600 117 747 stone
600 117 748 granite
600 117 749 granite
600 117 750 granite
600 117 751 granite
600 117 752 granite
600 117 753 dirt
600 117 754 dirt
600 117 755 dirt
600 117 756 dirt
600 117 757 stone
600 117 758 stone
600 117 759 stone
600 117 760 stone
600 117 761 stone
600 117 762 stone
600 117 763 stone
600 117 764 stone
600 117 765 dirt
600 117 766 dirt
600 117 767 dirt
601 117 640 dirt
601 117 641 stone
601 117 642 stone
601 117 643 stone
601 117 644 stone
601 117 645 stone
601 117 646 stone
601 117 647 stone
601 117 648 stone
601 117 649 stone
601 117 650 stone
