581 138 708 stone
581 138 709 stone
581 138 710 coal_ore
581 138 711 coal_ore
581 138 712 coal_ore
581 138 713 stone
581 138 714 stone
581 138 715 stone
581 138 716 stone
581 138 717 stone
581 138 718 stone
581 138 719 stone
581 138 720 stone
581 138 721 stone
581 138 722 stone
581 138 723 stone
581 138 724 stone
581 138 725 stone
581 138 726 stone
581 138 727 stone
581 138 728 stone
581 138 729 stone
581 138 730 stone
581 138 731 stone
581 138 732 stone
581 138 733 stone
581 138 734 stone
581 138 735 stone
581 138 736 stone
581 138 737 stone
581 138 738 stone
581 138 739 stone
581 138 740 stone
581 138 741 stone
581 138 742 stone
581 138 743 stone
581 138 744 stone
581 138 745 stone
581 138 746 stone
581 138 747 stone
581 138 748 stone
581 138 749 stone
581 138 750 stone
581 138 751 stone
581 138 752 stone
581 138 753 stone
581 138 754 stone
581 138 755 stone
581 138 756 stone
581 138 757 stone
581 138 758 stone
581 138 759 stone
581 138 760 stone
581 138 761 stone
582 138 666 short_grass
582 138 667 dirt
582 138 668 dirt
582 138 669 dirt
582 138 670 dirt
582 138 671 dirt
582 138 672 dirt
582 138 673 stone
582 138 674 stone
582 138 675 stone
582 138 676 stone
582 138 677 stone
582 138 678 stone
582 138 679 stone
582 138 680 stone
582 138 681 stone
582 138 682 stone
582 138 683 stone
582 138 684 stone
582 138 685 stone
582 138 686 stone
582 138 687 stone
582 138 688 stone
582 138 689 stone
582 138 690 stone
582 138 691 stone
582 138 692 stone
582 138 693 stone
582 138 694 stone
582 138 695 stone
582 138 696 stone
582 138 697 stone
582 138 698 stone
582 138 699 stone
582 138 700 stone
582 138 701 stone
582 138 702 stone
582 138 703 stone
582 138 704 stone
582 138 705 stone
582 138 706 stone
582 138 707 stone
582 138 708 stone
582 138 709 stone
582 138 710 coal_ore
582 138 711 coal_ore
582 138 712 coal_ore
582 138 713 stone
582 138 714 stone
582 138 715 stone
582 138 716 stone
582 138 717 stone
582 138 718 stone
582 138 719 stone
582 138 720 stone
582 138 721 stone
582 138 722 stone
582 138 723 stone
582 138 724 stone
582 138 725 stone
582 138 726 stone
582 138 727 stone
582 138 728 stone
582 138 729 stone
582 138 730 stone
582 138 731 stone
582 138 732 stone
582 138 733 stone
582 138 734 stone
582 138 735 stone
582 138 736 stone
582 138 737 stone
582 138 738 stone
582 138 739 stone
582 138 740 stone
582 138 741 stone
582 138 742 stone
582 138 743 stone
582 138 744 stone
582 138 745 stone
582 138 746 stone
582 138 747 stone
582 138 748 stone
582 138 749 stone
582 138 750 stone
582 138 751 stone
582 138 752 stone
582 138 753 stone
582 138 754 stone
582 138 755 stone
582 138 756 stone
582 138 757 stone
582 138 758 stone
582 138 759 stone
582 138 760 stone
582 138 761 stone
583 138 666 grass_block[snowy=false]
583 138 667 dirt
583 138 668 dirt
583 138 669 dirt
583 138 670 dirt
583 138 671 dirt
583 138 672 dirt
583 138 673 stone
583 138 674 stone
583 138 675 stone
583 138 676 stone
583 138 677 stone
583 138 678 stone
583 138 679 stone
583 138 680 stone
583 138 681 stone
583 138 682 stone
583 138 683 stone
583 138 684 stone
583 138 685 stone
583 138 686 stone
583 138 687 stone
583 138 688 stone
583 138 689 stone
583 138 690 stone
583 138 691 stone
583 138 692 stone
583 138 693 stone
583 138 694 stone
583 138 695 stone
583 138 696 stone
583 138 697 stone
583 138 698 stone
583 138 699 stone
583 138 700 stone
583 138 701 stone
583 138 702 stone
583 138 703 stone
583 138 704 stone
583 138 705 stone
583 138 706 stone
583 138 707 stone
583 138 708 stone
583 138 709 stone
583 138 710 stone
583 138 711 stone
583 138 712 stone
583 138 713 stone
583 138 714 stone
583 138 715 stone
583 138 716 stone
583 138 717 stone
583 138 718 stone
583 138 719 stone
583 138 720 stone
583 138 721 stone
583 138 722 stone
583 138 723 stone
583 138 724 stone
583 138 725 stone
583 138 726 stone
583 138 727 stone
583 138 728 stone
583 138 729 stone
583 138 730 stone
583 138 731 stone
583 138 732 stone
583 138 733 stone
583 138 734 stone
583 138 735 stone
583 138 736 stone
583 138 737 stone
583 138 738 stone
583 138 739 stone
583 138 740 stone
583 138 741 stone
583 138 742 stone
583 138 743 stone
583 138 744 stone
583 138 745 stone
583 138 746 stone
583 138 747 stone
583 138 748 stone
583 138 749 stone
583 138 750 stone
583 138 751 stone
583 138 752 stone
583 138 753 stone
583 138 754 stone
583 138 755 stone
583 138 756 stone
583 138 757 stone
583 138 758 stone
583 138 759 stone
583 138 760 stone
583 138 761 stone
584 138 666 dirt
584 138 667 dirt
584 138 668 dirt
584 138 669 dirt
584 138 670 dirt
584 138 671 dirt
584 138 672 stone
584 138 673 stone
584 138 674 stone
584 138 675 stone
584 138 676 stone
584 138 677 stone
584 138 678 stone
584 138 679 stone
584 138 680 stone
584 138 681 stone
584 138 682 stone
584 138 683 stone
584 138 684 stone
584 138 685 stone
584 138 686 stone
584 138 687 stone
584 138 688 stone
584 138 689 stone
584 138 690 stone
584 138 691 stone
584 138 692 stone
584 138 693 stone
584 138 694 stone
584 138 695 stone
584 138 696 stone
584 138 697 stone
584 138 698 stone
584 138 699 stone
584 138 700 stone
584 138 701 stone
584 138 702 stone
584 138 703 stone
584 138 704 stone
584 138 705 stone
584 138 706 stone
584 138 707 stone
584 138 708 stone
584 138 709 stone
584 138 710 stone
584 138 711 stone
584 138 712 stone
584 138 713 stone
584 138 714 stone
584 138 715 stone
584 138 716 stone
584 138 717 stone
584 138 718 stone
584 138 719 stone
584 138 720 stone
584 138 721 stone
584 138 722 stone
584 138 723 stone
584 138 724 stone
584 138 725 stone
584 138 726 stone
584 138 727 stone
584 138 728 stone
584 138 729 stone
584 138 730 stone
584 138 731 stone
584 138 732 stone
584 138 733 stone
584 138 734 stone
584 138 735 stone
584 138 736 stone
584 138 737 stone
584 138 738 stone
584 138 739 stone
584 138 740 stone
584 138 741 stone
584 138 742 stone
584 138 743 stone
584 138 744 stone
584 138 745 stone
584 138 746 stone
584 138 747 stone
584 138 748 stone
584 138 749 stone
584 138 750 stone
584 138 751 stone
584 138 752 stone
584 138 753 stone
584 138 754 stone
584 138 755 stone
584 138 756 stone
584 138 757 stone
584 138 758 stone
584 138 759 stone
584 138 760 stone
584 138 761 stone
585 138 665 grass_block[snowy=false]
585 138 666 dirt
585 138 667 dirt
585 138 668 dirt
585 138 669 dirt
585 138 670 dirt
585 138 671 stone
585 138 672 stone
585 138 673 stone
585 138 674 stone
585 138 675 stone
585 138 676 stone
585 138 677 stone
585 138 678 stone
585 138 679 stone
585 138 680 stone
585 138 681 stone
585 138 682 stone
585 138 683 stone
585 138 684 stone
585 138 685 stone
585 138 686 stone
585 138 687 stone
585 138 688 stone
585 138 689 stone
585 138 690 stone
585 138 691 stone
585 138 692 stone
585 138 693 stone
585 138 694 stone
585 138 695 stone
585 138 696 stone
585 138 697 stone
585 138 698 stone
585 138 699 stone
585 138 700 stone
585 138 701 stone
585 138 702 stone
585 138 703 stone
585 138 704 stone
585 138 705 stone
585 138 706 stone
585 138 707 stone
585 138 708 stone
585 138 709 stone
585 138 710 stone
585 138 711 stone
585 138 712 stone
585 138 713 stone
585 138 714 stone
585 138 715 stone
585 138 716 stone
585 138 717 stone
585 138 718 stone
585 138 719 stone
585 138 720 stone
585 138 721 stone
585 138 722 stone
585 138 723 stone
585 138 724 stone
585 138 725 stone
585 138 726 stone
585 138 727 stone
585 138 728 stone
585 138 729 stone
585 138 730 stone
585 138 731 stone
585 138 734 stone
585 138 735 stone
585 138 736 stone
585 138 737 stone
585 138 738 stone
585 138 739 stone
585 138 740 stone
585 138 741 stone
585 138 742 stone
585 138 743 stone
585 138 744 stone
585 138 745 stone
585 138 746 stone
585 138 747 stone
585 138 748 stone
585 138 749 stone
585 138 750 stone
585 138 751 stone
585 138 752 stone
585 138 753 stone
585 138 754 stone
585 138 755 stone
585 138 756 stone
585 138 757 stone
585 138 758 stone
585 138 759 stone
585 138 760 stone
585 138 761 stone
586 138 665 dirt
586 138 666 dirt
586 138 667 dirt
586 138 668 dirt
586 138 669 dirt
586 138 670 stone
586 138 671 stone
586 138 672 stone
586 138 673 stone
586 138 674 stone
586 138 675 stone
586 138 676 stone
586 138 677 stone
586 138 678 stone
586 138 679 stone
586 138 680 stone
586 138 681 stone
586 138 682 stone
586 138 683 stone
586 138 684 stone
586 138 685 stone
586 138 686 stone
586 138 687 stone
586 138 688 stone
586 138 689 stone
586 138 690 stone
586 138 691 stone
586 138 692 stone
586 138 693 stone
586 138 694 stone
586 138 695 stone
586 138 696 stone
586 138 697 stone
586 138 698 stone
586 138 699 stone
586 138 700 stone
586 138 701 stone
586 138 702 stone
586 138 703 stone
586 138 704 stone
586 138 705 stone
586 138 706 stone
586 138 707 stone
586 138 708 stone
586 138 709 stone
586 138 710 stone
586 138 711 stone
586 138 712 stone
586 138 713 stone
586 138 714 stone
586 138 715 stone
586 138 716 stone
586 138 717 stone
586 138 718 stone
586 138 719 stone
586 138 720 stone
586 138 721 stone
586 138 722 stone
586 138 723 stone
586 138 724 stone
586 138 725 stone
586 138 726 stone
586 138 727 stone
586 138 728 stone
586 138 729 stone
586 138 730 stone
586 138 735 stone
586 138 736 stone
586 138 737 stone
586 138 738 stone
586 138 739 stone
586 138 740 stone
586 138 741 stone
586 138 742 stone
586 138 743 stone
586 138 744 stone
586 138 745 stone
586 138 746 stone
586 138 747 stone
586 138 748 stone
586 138 749 stone
586 138 750 stone
586 138 751 stone
586 138 752 stone
586 138 753 stone
586 138 754 stone
586 138 755 stone
586 138 756 stone
586 138 757 stone
586 138 758 stone
586 138 759 stone
586 138 760 stone
586 138 761 stone
587 138 663 grass_block[snowy=false]
587 138 664 dirt
587 138 665 dirt
587 138 666 dirt
587 138 667 stone
587 138 668 stone
587 138 669 stone
587 138 670 stone
587 138 671 stone
587 138 672 stone
587 138 673 stone
587 138 674 stone
587 138 675 stone
587 138 676 stone
587 138 677 stone
587 138 678 stone
587 138 679 stone
587 138 680 stone
587 138 681 stone
587 138 682 stone
587 138 683 stone
587 138 684 stone
587 138 685 stone
587 138 686 stone
587 138 687 stone
587 138 688 stone
587 138 689 stone
587 138 690 stone
587 138 691 stone
587 138 692 stone
587 138 693 stone
587 138 694 stone
587 138 695 stone
587 138 696 stone
587 138 697 stone
587 138 698 stone
587 138 699 stone
587 138 700 stone
587 138 701 stone
587 138 702 stone
587 138 703 stone
587 138 704 stone
587 138 705 stone
587 138 706 stone
587 138 707 stone
587 138 708 stone
587 138 709 stone
587 138 710 stone
587 138 711 stone
587 138 712 stone
587 138 713 stone
587 138 714 stone
587 138 715 stone
587 138 716 stone
587 138 717 stone
587 138 718 stone
587 138 719 stone
587 138 720 stone
587 138 721 stone
587 138 722 stone
587 138 723 stone
587 138 724 stone
587 138 725 stone
587 138 726 stone
587 138 727 stone
587 138 728 stone
587 138 729 stone
587 138 730 stone
587 138 736 stone
587 138 737 stone
587 138 738 stone
587 138 739 stone
587 138 740 stone
587 138 741 stone
587 138 742 stone
587 138 743 stone
587 138 744 stone
587 138 745 stone
587 138 746 stone
587 138 747 copper_ore
587 138 748 copper_ore
587 138 749 stone
587 138 750 stone
587 138 751 stone
587 138 752 stone
587 138 753 stone
587 138 754 stone
587 138 755 stone
587 138 756 stone
587 138 757 stone
587 138 758 stone
587 138 759 stone
587 138 760 stone
587 138 761 stone
588 138 662 grass_block[snowy=false]
588 138 663 dirt
588 138 664 dirt
588 138 665 dirt
588 138 666 stone
588 138 667 stone
588 138 668 stone
588 138 669 stone
588 138 670 stone
588 138 671 stone
588 138 672 stone
588 138 673 stone
588 138 674 stone
588 138 675 stone
588 138 676 stone
588 138 677 stone
588 138 678 stone
588 138 679 stone
588 138 680 stone
588 138 681 stone
588 138 682 stone
588 138 683 stone
588 138 684 stone
588 138 685 stone
588 138 686 stone
588 138 687 stone
588 138 688 stone
588 138 689 stone
588 138 690 stone
588 138 691 stone
588 138 692 stone
588 138 693 stone
588 138 694 stone
588 138 695 stone
588 138 696 stone
588 138 697 stone
588 138 698 stone
588 138 699 stone
588 138 700 stone
588 138 701 stone
588 138 702 stone
588 138 703 stone
588 138 704 stone
588 138 705 stone
588 138 706 stone
588 138 707 stone
588 138 708 stone
588 138 709 stone
588 138 710 stone
588 138 711 stone
588 138 712 stone
588 138 713 stone
588 138 714 stone
588 138 715 stone
588 138 716 stone
588 138 717 stone
588 138 718 stone
588 138 719 stone
588 138 720 stone
588 138 721 stone
588 138 722 stone
588 138 723 stone
588 138 724 stone
588 138 725 stone
588 138 726 stone
588 138 727 stone
588 138 728 stone
588 138 729 stone
588 138 738 stone
588 138 739 stone
588 138 740 stone
588 138 741 stone
588 138 742 stone
588 138 743 stone
588 138 744 stone
588 138 745 stone
588 138 746 stone
588 138 747 copper_ore
588 138 748 copper_ore
588 138 749 stone
588 138 750 stone
588 138 751 stone
588 138 752 stone
588 138 753 stone
588 138 754 stone
588 138 755 stone
588 138 756 stone
588 138 757 stone
588 138 758 stone
588 138 759 stone
588 138 760 stone
588 138 761 stone
589 138 662 dirt
589 138 663 dirt
589 138 664 dirt
589 138 665 stone
589 138 666 stone
589 138 667 stone
589 138 668 stone
589 138 669 stone
589 138 670 stone
589 138 671 stone
589 138 672 stone
589 138 673 stone
589 138 674 stone
589 138 675 stone
589 138 676 stone
589 138 677 stone
589 138 678 stone
589 138 679 stone
589 138 680 stone
589 138 681 stone
589 138 682 stone
589 138 683 stone
589 138 684 stone
589 138 685 stone
589 138 686 stone
589 138 687 stone
589 138 688 stone
589 138 689 stone
589 138 690 stone
589 138 691 stone
589 138 692 stone
589 138 693 stone
589 138 694 stone
589 138 695 stone
589 138 696 stone
589 138 697 stone
589 138 698 stone
589 138 699 stone
589 138 700 stone
589 138 701 stone
589 138 702 stone
589 138 703 stone
589 138 704 stone
589 138 705 stone
589 138 706 stone
589 138 707 stone
589 138 708 stone
589 138 709 stone
589 138 710 stone
589 138 711 stone
589 138 712 stone
589 138 713 stone
589 138 714 stone
589 138 715 stone
589 138 716 stone
589 138 717 stone
589 138 718 stone
589 138 719 stone
589 138 720 stone
589 138 721 stone
589 138 722 stone
589 138 723 stone
589 138 724 stone
589 138 725 stone
589 138 726 stone
589 138 727 stone
589 138 728 stone
589 138 729 stone
589 138 730 stone
589 138 738 stone
589 138 739 stone
589 138 740 stone
589 138 741 stone
589 138 742 stone
589 138 743 stone
589 138 744 stone
589 138 745 stone
589 138 746 stone
589 138 747 stone
589 138 748 stone
589 138 749 stone
589 138 750 stone
589 138 751 stone
589 138 752 stone
589 138 753 stone
589 138 754 stone
589 138 755 stone
589 138 756 stone
589 138 757 stone
589 138 758 stone
589 138 759 stone
589 138 760 stone
589 138 761 stone
589 138 762 stone
589 138 764 stone
590 138 661 grass_block[snowy=false]
590 138 662 dirt
590 138 663 dirt
590 138 664 coal_ore
590 138 665 stone
590 138 666 stone
590 138 667 stone
590 138 668 stone
590 138 669 stone
590 138 670 stone
590 138 671 stone
590 138 672 stone
590 138 673 stone
590 138 674 stone
590 138 675 stone
590 138 676 stone
590 138 677 stone
590 138 678 stone
590 138 679 stone
590 138 680 stone
590 138 681 stone
590 138 682 stone
590 138 683 stone
590 138 684 stone
590 138 685 stone
590 138 686 stone
590 138 687 stone
590 138 688 stone
590 138 689 stone
590 138 690 stone
590 138 691 stone
590 138 692 stone
590 138 693 stone
590 138 694 stone
590 138 695 stone
590 138 696 stone
590 138 697 stone
590 138 698 stone
590 138 699 stone
590 138 700 stone
590 138 701 stone
590 138 702 stone
590 138 703 stone
590 138 704 stone
590 138 705 stone
590 138 706 stone
590 138 707 stone
590 138 708 stone
590 138 709 stone
590 138 710 stone
590 138 711 stone
590 138 712 stone
590 138 713 stone
590 138 714 stone
590 138 715 stone
590 138 716 stone
590 138 717 stone
590 138 718 stone
590 138 719 stone
590 138 720 stone
590 138 721 stone
590 138 722 stone
590 138 723 stone
590 138 724 stone
590 138 725 stone
590 138 726 stone
590 138 727 stone
590 138 728 stone
590 138 729 stone
590 138 730 stone
590 138 731 stone
590 138 732 stone
590 138 736 stone
590 138 737 stone
590 138 738 stone
590 138 739 stone
590 138 740 stone
590 138 741 stone
590 138 742 stone
590 138 743 stone
590 138 744 stone
590 138 745 stone
590 138 746 stone
590 138 747 stone
590 138 748 stone
590 138 749 stone
590 138 750 stone
590 138 751 stone
590 138 752 stone
590 138 753 stone
590 138 754 stone
590 138 755 stone
590 138 756 stone
590 138 757 stone
590 138 758 stone
590 138 759 stone
590 138 760 stone
590 138 761 stone
590 138 764 stone
590 138 765 stone
591 138 661 dirt
591 138 662 dirt
591 138 663 dirt
591 138 664 stone
591 138 665 stone
591 138 666 stone
591 138 667 stone
591 138 668 stone
591 138 669 stone
591 138 670 stone
591 138 671 stone
591 138 672 stone
591 138 673 stone
591 138 674 stone
591 138 675 stone
591 138 676 stone
591 138 677 stone
591 138 678 stone
591 138 679 dirt
591 138 680 dirt
591 138 681 dirt
591 138 682 stone
591 138 683 stone
591 138 684 stone
591 138 685 stone
591 138 686 stone
591 138 687 stone
591 138 688 stone
591 138 689 stone
591 138 690 stone
591 138 691 stone
591 138 692 stone
591 138 693 stone
591 138 694 copper_ore
591 138 695 stone
591 138 696 stone
591 138 697 stone
591 138 698 stone
591 138 699 stone
591 138 700 stone
591 138 701 stone
591 138 702 stone
591 138 703 stone
591 138 704 stone
591 138 705 stone
591 138 706 stone
591 138 707 stone
591 138 708 stone
591 138 709 stone
591 138 710 copper_ore
591 138 711 copper_ore
591 138 712 stone
591 138 713 stone
591 138 714 stone
591 138 715 stone
591 138 716 stone
591 138 717 stone
591 138 718 stone
591 138 719 stone
591 138 720 stone
591 138 721 stone
591 138 722 stone
591 138 723 stone
591 138 724 stone
591 138 725 stone
591 138 726 stone
591 138 727 stone
591 138 728 stone
591 138 729 stone
591 138 730 stone
591 138 731 stone
591 138 732 stone
591 138 733 stone
591 138 735 stone
591 138 736 stone
591 138 737 stone
591 138 738 stone
591 138 739 stone
591 138 740 stone
591 138 741 stone
591 138 742 stone
591 138 743 stone
591 138 744 stone
591 138 745 stone
591 138 746 stone
591 138 747 stone
591 138 748 stone
591 138 749 stone
591 138 750 stone
591 138 751 stone
591 138 752 stone
591 138 753 stone
591 138 754 stone
591 138 755 stone
591 138 756 stone
591 138 757 stone
591 138 758 stone
591 138 759 stone
591 138 760 stone
591 138 761 stone
591 138 764 stone
591 138 765 stone
591 138 766 stone
591 138 767 stone
592 138 657 short_grass
592 138 658 bush
592 138 659 grass_block[snowy=false]
592 138 660 grass_block[snowy=false]
592 138 661 dirt
592 138 662 dirt
592 138 663 coal_ore
592 138 664 stone
592 138 665 stone
592 138 666 stone
592 138 667 stone
592 138 668 stone
592 138 669 stone
592 138 670 stone
592 138 671 stone
592 138 672 stone
592 138 673 stone
592 138 674 stone
592 138 675 stone
592 138 676 stone
592 138 677 stone
592 138 678 stone
592 138 679 dirt
592 138 680 dirt
592 138 681 dirt
592 138 682 dirt
592 138 683 dirt
592 138 684 stone
592 138 685 stone
592 138 686 stone
592 138 687 stone
592 138 688 stone
592 138 689 stone
592 138 690 stone
592 138 691 stone
592 138 692 stone
592 138 693 stone
592 138 694 stone
592 138 695 stone
592 138 696 stone
592 138 697 stone
592 138 698 stone
592 138 699 stone
592 138 700 stone
592 138 701 stone
592 138 702 stone
592 138 703 stone
592 138 704 stone
592 138 705 stone
592 138 706 stone
592 138 707 stone
592 138 708 stone
592 138 709 stone
592 138 710 copper_ore
592 138 711 copper_ore
592 138 712 stone
592 138 713 stone
592 138 714 stone
592 138 715 stone
592 138 716 stone
592 138 717 stone
592 138 718 stone
592 138 719 stone
592 138 720 stone
592 138 721 stone
592 138 722 stone
592 138 723 stone
592 138 724 stone
592 138 725 stone
592 138 726 stone
592 138 727 stone
592 138 728 stone
592 138 729 stone
592 138 730 stone
592 138 731 stone
592 138 732 stone
592 138 733 stone
592 138 734 stone
592 138 735 stone
592 138 736 stone
592 138 737 stone
592 138 738 stone
592 138 739 stone
592 138 740 stone
592 138 741 stone
592 138 742 stone
592 138 743 stone
592 138 744 stone
592 138 745 stone
592 138 746 stone
592 138 747 stone
592 138 748 stone
592 138 749 stone
592 138 750 stone
592 138 751 stone
592 138 752 stone
592 138 753 stone
592 138 754 stone
592 138 755 stone
592 138 756 stone
592 138 757 stone
592 138 758 stone
592 138 759 stone
592 138 760 stone
592 138 761 stone
592 138 764 stone
592 138 765 stone
592 138 766 stone
592 138 767 stone
593 138 656 grass_block[snowy=false]
593 138 657 dirt
593 138 658 dirt
