619 119 791 stone
619 119 792 stone
619 119 793 diorite
619 119 794 diorite
619 119 795 diorite
619 119 796 diorite
619 119 797 diorite
619 119 798 diorite
619 119 799 iron_ore
619 119 800 diorite
619 119 801 diorite
619 119 802 diorite
619 119 803 diorite
619 119 804 stone
619 119 805 stone
619 119 806 stone
619 119 807 stone
619 119 808 stone
619 119 809 stone
619 119 810 stone
619 119 811 stone
619 119 812 stone
619 119 813 stone
619 119 814 stone
619 119 815 dirt
619 119 816 dirt
619 119 817 dirt
619 119 818 dirt
619 119 819 stone
619 119 820 stone
619 119 821 stone
619 119 822 stone
619 119 823 stone
619 119 824 stone
619 119 825 stone
619 119 826 stone
619 119 827 dirt
619 119 828 dirt
619 119 829 water[level=0]
619 119 830 water[level=0]
619 119 831 water[level=0]
619 119 832 water[level=0]
619 119 833 water[level=0]
619 119 834 water[level=0]
619 119 835 water[level=0]
619 119 836 water[level=0]
619 119 837 water[level=0]
619 119 838 water[level=0]
619 119 839 dirt
619 119 840 dirt
619 119 841 dirt
619 119 842 stone
619 119 843 stone
619 119 844 stone
619 119 845 stone
619 119 846 stone
619 119 847 stone
619 119 848 stone
619 119 849 diorite
619 119 850 andesite
619 119 851 andesite
619 119 852 andesite
619 119 853 andesite
619 119 854 andesite
619 119 855 andesite
619 119 856 andesite
619 119 857 andesite
619 119 858 andesite
619 119 859 andesite
619 119 860 stone
619 119 861 stone
619 119 862 stone
619 119 863 stone
619 119 864 stone
619 119 865 stone
619 119 866 stone
619 119 867 stone
619 119 868 stone
619 119 869 stone
619 119 870 stone
619 119 871 stone
619 119 872 stone
619 119 873 stone
619 119 874 stone
619 119 875 stone
619 119 876 stone
619 119 877 stone
619 119 878 stone
619 119 879 stone
619 119 880 stone
619 119 881 stone
619 119 882 stone
619 119 883 stone
619 119 884 stone
619 119 885 stone
619 119 886 stone
619 119 887 stone
619 119 888 stone
619 119 889 stone
619 119 890 stone
619 119 891 stone
619 119 892 stone
619 119 893 stone
619 119 894 stone
619 119 895 stone
620 119 768 granite
620 119 769 stone
620 119 770 stone
620 119 771 stone
620 119 772 stone
620 119 773 stone
620 119 774 stone
620 119 775 stone
620 119 776 stone
620 119 777 stone
620 119 778 stone
620 119 779 stone
620 119 780 stone
620 119 781 stone
620 119 782 stone
620 119 783 stone
620 119 784 stone
620 119 785 stone
620 119 786 stone
620 119 787 stone
620 119 788 stone
620 119 789 stone
620 119 790 stone
620 119 791 stone
620 119 792 diorite
620 119 793 diorite
620 119 794 diorite
620 119 795 diorite
620 119 796 diorite
620 119 797 diorite
620 119 798 diorite
620 119 802 diorite
620 119 803 stone
620 119 804 stone
620 119 805 stone
620 119 806 stone
620 119 807 stone
620 119 808 stone
620 119 809 stone
620 119 810 stone
620 119 811 stone
620 119 812 stone
620 119 813 stone
620 119 814 stone
620 119 815 dirt
620 119 816 dirt
620 119 817 dirt
620 119 818 stone
620 119 819 stone
620 119 820 stone
620 119 821 stone
620 119 822 stone
620 119 823 stone
620 119 824 stone
620 119 825 stone
620 119 826 stone
620 119 827 stone
620 119 828 dirt
620 119 829 dirt
620 119 830 dirt
620 119 831 water[level=0]
620 119 832 water[level=0]
620 119 833 water[level=0]
620 119 834 water[level=0]
620 119 835 water[level=0]
620 119 836 water[level=0]
620 119 837 water[level=0]
620 119 838 water[level=0]
620 119 839 water[level=0]
620 119 840 water[level=0]
620 119 841 dirt
620 119 842 stone
620 119 843 stone
620 119 844 stone
620 119 845 stone
620 119 846 stone
620 119 847 stone
620 119 848 stone
620 119 849 diorite
620 119 850 diorite
620 119 851 diorite
620 119 852 andesite
620 119 853 andesite
620 119 854 andesite
620 119 855 andesite
620 119 856 andesite
620 119 857 andesite
620 119 858 stone
620 119 859 stone
620 119 860 stone
620 119 861 stone
620 119 862 stone
620 119 863 stone
620 119 864 stone
620 119 865 stone
620 119 866 stone
620 119 867 stone
620 119 868 stone
620 119 869 stone
620 119 870 stone
620 119 871 stone
620 119 872 stone
620 119 873 stone
620 119 874 stone
620 119 875 stone
620 119 876 stone
620 119 877 stone
620 119 878 stone
620 119 879 stone
620 119 880 stone
620 119 881 stone
620 119 882 stone
620 119 883 stone
620 119 884 stone
620 119 885 stone
620 119 886 stone
620 119 887 stone
620 119 888 stone
620 119 889 stone
620 119 890 stone
620 119 891 stone
620 119 892 stone
620 119 893 stone
620 119 894 stone
620 119 895 stone
621 119 768 stone
621 119 769 stone
621 119 770 stone
621 119 771 stone
621 119 772 stone
621 119 773 stone
621 119 774 stone
621 119 775 stone
621 119 776 stone
621 119 777 stone
621 119 778 stone
621 119 779 stone
621 119 780 stone
621 119 781 stone
621 119 782 stone
621 119 783 stone
621 119 784 stone
621 119 785 stone
621 119 786 stone
621 119 787 stone
621 119 788 stone
621 119 789 stone
621 119 790 stone
621 119 791 diorite
621 119 792 diorite
621 119 793 diorite
621 119 794 diorite
621 119 795 diorite
621 119 805 grass_block[snowy=false]
621 119 806 stone
621 119 807 stone
621 119 808 stone
621 119 809 stone
621 119 810 stone
621 119 811 stone
621 119 812 stone
621 119 813 stone
621 119 814 stone
621 119 815 stone
621 119 816 stone
621 119 817 stone
621 119 818 stone
621 119 819 stone
621 119 820 stone
621 119 821 stone
621 119 822 stone
621 119 823 stone
621 119 824 stone
621 119 825 stone
621 119 826 stone
621 119 827 stone
621 119 828 dirt
621 119 829 dirt
621 119 830 dirt
621 119 831 dirt
621 119 832 water[level=0]
621 119 833 water[level=0]
621 119 834 water[level=0]
621 119 835 water[level=0]
621 119 836 water[level=0]
621 119 837 water[level=0]
621 119 838 water[level=0]
621 119 839 water[level=0]
621 119 840 water[level=0]
621 119 841 dirt
621 119 842 stone
621 119 843 stone
621 119 844 stone
621 119 845 stone
621 119 846 stone
621 119 847 stone
621 119 848 diorite
621 119 849 diorite
621 119 850 diorite
621 119 851 diorite
621 119 852 diorite
621 119 853 diorite
621 119 854 diorite
621 119 855 stone
621 119 856 stone
621 119 857 stone
621 119 858 stone
621 119 859 stone
621 119 860 stone
621 119 861 stone
621 119 862 stone
621 119 863 stone
621 119 864 stone
621 119 865 stone
621 119 866 copper_ore
621 119 867 copper_ore
621 119 868 stone
621 119 869 stone
621 119 870 stone
621 119 871 stone
621 119 872 stone
621 119 873 stone
621 119 874 stone
621 119 875 stone
621 119 876 stone
621 119 877 stone
621 119 878 stone
621 119 879 stone
621 119 880 stone
621 119 881 stone
621 119 882 stone
621 119 883 stone
621 119 884 stone
621 119 885 stone
621 119 886 stone
621 119 887 stone
621 119 888 stone
621 119 889 stone
621 119 890 stone
621 119 891 stone
621 119 892 stone
621 119 893 stone
621 119 894 stone
621 119 895 stone
622 119 768 stone
622 119 769 stone
622 119 770 stone
622 119 771 stone
622 119 772 stone
622 119 773 stone
622 119 774 stone
622 119 775 stone
622 119 776 stone
622 119 777 stone
622 119 778 stone
622 119 779 stone
622 119 780 stone
622 119 781 stone
622 119 782 stone
622 119 783 stone
622 119 784 stone
622 119 785 stone
622 119 786 stone
622 119 787 stone
622 119 788 stone
622 119 789 stone
622 119 790 stone
622 119 791 diorite
622 119 792 diorite
622 119 793 diorite
622 119 794 diorite
622 119 805 grass_block[snowy=false]
622 119 806 stone
622 119 807 stone
622 119 808 stone
622 119 809 stone
622 119 810 stone
622 119 811 stone
622 119 812 dirt
622 119 813 dirt
622 119 814 stone
622 119 815 stone
622 119 816 stone
622 119 817 stone
622 119 818 stone
622 119 819 stone
622 119 820 stone
622 119 821 stone
622 119 822 stone
622 119 823 stone
622 119 824 stone
622 119 825 stone
622 119 826 stone
622 119 827 stone
622 119 828 stone
622 119 829 stone
622 119 830 dirt
622 119 831 dirt
622 119 832 dirt
622 119 833 dirt
622 119 834 water[level=0]
622 119 835 water[level=0]
622 119 836 water[level=0]
622 119 837 water[level=0]
622 119 838 water[level=0]
622 119 839 water[level=0]
622 119 840 water[level=0]
622 119 841 dirt
622 119 842 stone
622 119 843 stone
622 119 844 stone
622 119 845 stone
622 119 846 stone
622 119 847 stone
622 119 848 diorite
622 119 849 diorite
622 119 850 diorite
622 119 851 diorite
622 119 852 diorite
622 119 853 diorite
622 119 854 diorite
622 119 855 diorite
622 119 856 stone
622 119 857 stone
622 119 858 stone
622 119 859 stone
622 119 860 stone
622 119 861 stone
622 119 862 stone
622 119 863 stone
622 119 864 stone
622 119 865 stone
622 119 866 copper_ore
622 119 867 copper_ore
622 119 868 stone
622 119 869 stone
622 119 870 stone
622 119 871 stone
622 119 872 stone
622 119 873 stone
622 119 874 stone
622 119 875 stone
622 119 876 stone
622 119 877 stone
622 119 878 stone
622 119 879 stone
622 119 880 stone
622 119 881 stone
622 119 882 stone
622 119 883 stone
622 119 884 stone
622 119 885 stone
622 119 886 stone
622 119 887 stone
622 119 888 stone
622 119 889 stone
622 119 890 stone
622 119 891 stone
622 119 892 stone
622 119 893 stone
622 119 894 stone
622 119 895 stone
623 119 768 stone
623 119 769 stone
623 119 770 stone
623 119 771 stone
623 119 772 stone
623 119 773 stone
623 119 774 stone
623 119 775 stone
623 119 776 stone
623 119 777 stone
623 119 778 stone
623 119 779 stone
623 119 780 stone
623 119 781 stone
623 119 782 stone
623 119 783 stone
623 119 784 stone
623 119 785 stone
623 119 786 stone
623 119 787 stone
623 119 788 stone
623 119 789 stone
623 119 790 stone
623 119 791 diorite
623 119 792 diorite
623 119 793 diorite
623 119 794 diorite
623 119 795 diorite
623 119 806 grass_block[snowy=false]
623 119 807 stone
623 119 808 stone
623 119 809 stone
623 119 810 stone
623 119 811 stone
623 119 812 dirt
623 119 813 stone
623 119 814 stone
623 119 815 stone
623 119 816 stone
623 119 817 stone
623 119 818 stone
623 119 819 stone
623 119 820 stone
623 119 821 stone
623 119 822 stone
623 119 823 stone
623 119 824 stone
623 119 825 stone
623 119 826 stone
623 119 827 stone
623 119 828 stone
623 119 829 stone
623 119 830 dirt
623 119 831 dirt
623 119 832 dirt
623 119 833 dirt
623 119 834 water[level=0]
623 119 835 water[level=0]
623 119 836 water[level=0]
623 119 837 water[level=0]
623 119 838 water[level=0]
623 119 839 water[level=0]
623 119 840 water[level=0]
623 119 841 dirt
623 119 842 stone
623 119 843 stone
623 119 844 stone
623 119 845 stone
623 119 846 stone
623 119 847 stone
623 119 848 stone
623 119 849 diorite
623 119 850 diorite
623 119 851 diorite
623 119 852 diorite
623 119 853 diorite
623 119 854 diorite
623 119 855 stone
623 119 856 stone
623 119 857 stone
623 119 858 stone
623 119 859 stone
623 119 860 stone
623 119 861 stone
623 119 862 stone
623 119 863 stone
623 119 864 stone
623 119 865 stone
623 119 866 copper_ore
623 119 867 copper_ore
623 119 868 stone
623 119 869 stone
623 119 870 stone
623 119 871 stone
623 119 872 stone
623 119 873 stone
623 119 874 stone
623 119 875 stone
623 119 876 stone
623 119 877 stone
623 119 878 stone
623 119 879 stone
623 119 880 stone
623 119 881 stone
623 119 882 stone
623 119 883 stone
623 119 884 stone
623 119 885 stone
623 119 886 stone
623 119 887 stone
623 119 888 stone
623 119 889 stone
623 119 890 stone
623 119 891 stone
623 119 892 stone
623 119 893 stone
623 119 894 stone
623 119 895 stone
624 119 768 stone
624 119 769 stone
624 119 770 stone
624 119 771 stone
624 119 772 stone
624 119 773 stone
624 119 774 stone
624 119 775 stone
624 119 776 copper_ore
624 119 777 copper_ore
624 119 778 copper_ore
624 119 779 stone
624 119 780 stone
624 119 781 stone
624 119 782 stone
624 119 783 stone
624 119 784 stone
624 119 785 stone
624 119 786 stone
624 119 787 stone
624 119 788 stone
624 119 789 stone
624 119 790 stone
624 119 791 diorite
624 119 792 diorite
624 119 793 diorite
624 119 794 diorite
624 119 795 diorite
624 119 796 diorite
624 119 806 stone
624 119 807 stone
624 119 808 stone
624 119 809 dirt
624 119 810 dirt
624 119 811 stone
624 119 812 dirt
624 119 813 stone
624 119 814 stone
624 119 815 stone
624 119 816 stone
624 119 817 stone
624 119 818 stone
624 119 819 stone
624 119 820 stone
624 119 821 stone
624 119 822 stone
624 119 823 stone
624 119 824 stone
624 119 825 stone
624 119 826 stone
624 119 827 stone
624 119 828 stone
624 119 829 stone
624 119 830 stone
624 119 831 dirt
624 119 832 dirt
624 119 833 water[level=0]
624 119 834 water[level=0]
624 119 835 water[level=0]
624 119 836 water[level=0]
624 119 837 water[level=0]
624 119 838 water[level=0]
624 119 839 water[level=0]
624 119 840 water[level=0]
624 119 841 dirt
624 119 842 dirt
624 119 843 stone
624 119 844 stone
624 119 845 stone
624 119 846 stone
624 119 847 stone
624 119 848 stone
624 119 849 diorite
624 119 850 diorite
624 119 851 diorite
624 119 852 diorite
624 119 853 diorite
624 119 854 diorite
624 119 855 stone
624 119 856 stone
624 119 857 stone
624 119 858 stone
624 119 859 stone
624 119 860 stone
624 119 861 stone
624 119 862 stone
624 119 863 stone
624 119 864 stone
624 119 865 stone
624 119 866 stone
624 119 867 stone
624 119 868 stone
624 119 869 stone
624 119 870 stone
624 119 871 stone
624 119 872 stone
624 119 873 stone
624 119 874 stone
624 119 875 stone
624 119 876 stone
624 119 877 stone
624 119 878 stone
624 119 879 stone
624 119 880 stone
624 119 881 stone
624 119 882 stone
624 119 883 stone
624 119 884 stone
624 119 885 stone
624 119 886 stone
624 119 887 stone
624 119 888 stone
624 119 889 stone
624 119 890 stone
624 119 891 andesite
624 119 892 andesite
624 119 893 stone
624 119 894 stone
624 119 895 stone
625 119 768 stone
625 119 769 stone
625 119 770 stone
625 119 771 stone
625 119 772 stone
625 119 773 stone
625 119 774 stone
625 119 775 stone
625 119 776 copper_ore
625 119 777 copper_ore
625 119 778 copper_ore
625 119 779 stone
625 119 780 stone
625 119 781 stone
625 119 782 stone
625 119 783 stone
625 119 784 stone
625 119 785 stone
625 119 786 stone
625 119 787 stone
625 119 788 stone
625 119 789 stone
625 119 790 stone
625 119 791 stone
625 119 792 diorite
625 119 793 diorite
625 119 794 stone
625 119 795 stone
625 119 796 stone
625 119 797 stone
625 119 807 stone
625 119 808 dirt
625 119 809 dirt
625 119 810 dirt
625 119 811 dirt
625 119 812 dirt
625 119 813 stone
625 119 814 stone
625 119 815 stone
625 119 816 stone
625 119 817 stone
625 119 818 stone
625 119 819 stone
625 119 820 stone
625 119 821 stone
625 119 822 stone
625 119 823 stone
625 119 824 stone
625 119 825 stone
625 119 826 stone
625 119 827 stone
625 119 828 copper_ore
625 119 829 copper_ore
625 119 830 stone
625 119 831 dirt
625 119 832 dirt
625 119 833 water[level=0]
625 119 834 water[level=0]
625 119 835 water[level=0]
625 119 836 water[level=0]
625 119 837 water[level=0]
625 119 838 water[level=0]
625 119 839 water[level=0]
625 119 840 water[level=0]
625 119 841 tall_seagrass[half=lower]
625 119 842 dirt
625 119 843 stone
625 119 844 stone
625 119 845 stone
625 119 846 stone
625 119 847 stone
625 119 848 stone
625 119 849 diorite
625 119 850 diorite
625 119 851 diorite
625 119 852 diorite
625 119 853 diorite
625 119 854 diorite
625 119 855 stone
625 119 856 stone
625 119 857 stone
625 119 858 stone
625 119 859 stone
625 119 860 stone
625 119 861 stone
625 119 862 stone
625 119 863 stone
625 119 864 stone
625 119 865 stone
625 119 866 stone
625 119 867 stone
625 119 868 stone
625 119 869 stone
625 119 870 stone
625 119 871 stone
625 119 872 stone
625 119 873 stone
625 119 874 stone
625 119 875 stone
625 119 876 stone
625 119 877 stone
625 119 878 stone
625 119 879 stone
625 119 880 stone
625 119 881 stone
625 119 882 stone
625 119 883 stone
625 119 884 stone
625 119 885 stone
625 119 886 stone
625 119 887 stone
625 119 888 stone
625 119 889 andesite
625 119 890 andesite
625 119 891 andesite
625 119 892 andesite
625 119 893 andesite
625 119 894 stone
625 119 895 stone
626 119 768 stone
626 119 769 stone
626 119 770 stone
626 119 771 stone
626 119 772 stone
626 119 773 stone
626 119 774 stone
626 119 775 stone
626 119 776 stone
626 119 777 stone
626 119 778 stone
626 119 779 stone
626 119 780 stone
626 119 781 stone
626 119 782 stone
626 119 783 stone
626 119 784 stone
626 119 785 stone
626 119 786 stone
626 119 787 stone
626 119 788 stone
626 119 789 stone
626 119 790 granite
626 119 791 granite
626 119 792 granite
626 119 793 stone
626 119 794 stone
626 119 795 stone
626 119 796 stone
626 119 797 stone
626 119 807 dirt
626 119 808 dirt
626 119 809 dirt
626 119 810 dirt
626 119 811 dirt
626 119 812 dirt
626 119 813 stone
626 119 814 stone
626 119 815 stone
626 119 816 stone
626 119 817 stone
626 119 818 stone
626 119 819 stone
626 119 820 stone
626 119 821 stone
626 119 822 stone
626 119 823 stone
626 119 824 stone
626 119 825 stone
626 119 826 stone
626 119 827 stone
626 119 828 copper_ore
626 119 829 copper_ore
626 119 830 stone
626 119 831 dirt
626 119 832 dirt
626 119 833 water[level=0]
626 119 834 water[level=0]
626 119 835 water[level=0]
626 119 836 water[level=0]
626 119 837 water[level=0]
626 119 838 water[level=0]
626 119 839 water[level=0]
626 119 840 water[level=0]
626 119 841 water[level=0]
626 119 842 dirt
626 119 843 dirt
626 119 844 stone
626 119 845 stone
626 119 846 stone
626 119 847 stone
626 119 848 stone
626 119 849 stone
626 119 850 diorite
626 119 851 diorite
626 119 852 diorite
626 119 853 diorite
626 119 854 stone
626 119 855 stone
626 119 856 stone
626 119 857 stone
626 119 858 stone
626 119 859 stone
626 119 860 stone
626 119 861 stone
626 119 862 stone
626 119 863 stone
626 119 864 stone
626 119 865 stone
626 119 866 stone
626 119 867 stone
626 119 868 stone
626 119 869 stone
626 119 870 stone
626 119 871 stone
626 119 872 stone
626 119 873 stone
626 119 874 stone
626 119 875 stone
626 119 876 stone
626 119 877 stone
626 119 878 stone
626 119 879 stone
626 119 880 stone
626 119 881 stone
626 119 882 stone
626 119 883 stone
626 119 884 stone
626 119 885 stone
626 119 886 stone
626 119 887 stone
626 119 888 andesite
626 119 889 andesite
626 119 890 andesite
626 119 891 andesite
626 119 892 andesite
626 119 893 andesite
626 119 894 stone
626 119 895 stone
627 119 768 stone
627 119 769 stone
627 119 770 stone
627 119 771 stone
627 119 772 stone
627 119 773 stone
627 119 774 stone
627 119 775 stone
627 119 776 stone
627 119 777 stone
627 119 778 stone
627 119 779 stone
627 119 780 stone
627 119 781 stone
627 119 782 stone
627 119 783 stone
627 119 784 stone
627 119 785 stone
627 119 786 stone
627 119 787 stone
627 119 788 stone
627 119 789 granite
627 119 790 granite
627 119 791 granite
627 119 792 granite
627 119 793 granite
627 119 794 granite
627 119 795 stone
627 119 796 stone
627 119 797 stone
627 119 798 stone
627 119 806 stone
627 119 807 stone
627 119 808 stone
627 119 809 stone
627 119 810 dirt
627 119 811 dirt
627 119 812 dirt
627 119 813 stone
627 119 814 stone
627 119 815 stone
627 119 816 stone
627 119 817 stone
627 119 818 stone
627 119 819 stone
627 119 820 stone
627 119 821 stone
627 119 822 copper_ore
627 119 823 stone
627 119 824 stone
627 119 825 stone
627 119 826 stone
627 119 827 stone
627 119 828 copper_ore
627 119 829 stone
627 119 830 stone
627 119 831 dirt
627 119 832 water[level=0]
627 119 833 water[level=0]
627 119 834 water[level=0]
627 119 835 water[level=0]
627 119 836 water[level=0]
627 119 837 water[level=0]
627 119 838 water[level=0]
627 119 839 tall_seagrass[half=upper]
627 119 840 water[level=0]
627 119 841 water[level=0]
627 119 842 dirt
627 119 843 dirt
627 119 844 stone
627 119 845 stone
627 119 846 stone
627 119 847 stone
627 119 848 stone
627 119 849 stone
627 119 850 diorite
627 119 851 diorite
627 119 852 diorite
627 119 853 diorite
627 119 854 diorite
627 119 855 stone
627 119 856 stone
627 119 857 stone
627 119 858 stone
627 119 859 stone
627 119 860 stone
627 119 861 stone
627 119 862 stone
627 119 863 stone
627 119 864 stone
627 119 865 stone
627 119 866 stone
627 119 867 stone
627 119 868 stone
627 119 869 stone
627 119 870 stone
627 119 871 stone
627 119 872 stone
627 119 873 stone
627 119 874 stone
627 119 875 stone
627 119 876 stone
627 119 877 stone
627 119 878 stone
627 119 879 stone
627 119 880 stone
627 119 881 stone
627 119 882 stone
627 119 883 stone
627 119 884 stone
627 119 885 stone
627 119 886 stone
627 119 887 andesite
627 119 888 andesite
627 119 889 andesite
627 119 890 andesite
627 119 891 andesite
627 119 892 andesite
627 119 893 andesite
627 119 894 stone
627 119 895 stone
628 119 768 stone
628 119 769 stone
628 119 770 stone
628 119 771 stone
628 119 772 stone
628 119 773 stone
628 119 774 stone
628 119 775 stone
628 119 776 stone
628 119 777 stone
628 119 778 stone
628 119 779 stone
