750 103 914 stone
750 103 915 stone
750 103 916 stone
750 103 917 dripstone_block
750 103 932 stone
750 103 933 stone
750 103 934 stone
750 103 935 stone
750 103 936 stone
750 103 937 stone
750 103 938 stone
750 103 939 stone
750 103 940 stone
750 103 941 stone
750 103 942 stone
750 103 943 stone
750 103 944 copper_ore
750 103 945 copper_ore
750 103 946 copper_ore
750 103 947 stone
750 103 948 stone
750 103 949 stone
750 103 950 stone
750 103 951 stone
750 103 952 stone
750 103 953 stone
750 103 954 stone
750 103 955 stone
750 103 956 stone
750 103 957 stone
750 103 958 stone
750 103 959 stone
750 103 960 stone
750 103 961 stone
750 103 962 stone
750 103 963 stone
750 103 964 stone
750 103 965 stone
750 103 966 stone
750 103 967 stone
750 103 968 stone
750 103 969 stone
750 103 970 stone
750 103 971 stone
750 103 972 stone
750 103 973 stone
750 103 974 stone
750 103 975 stone
750 103 976 granite
750 103 977 granite
750 103 978 granite
750 103 979 granite
750 103 980 granite
750 103 981 granite
750 103 982 andesite
750 103 983 andesite
750 103 984 andesite
750 103 985 andesite
750 103 986 andesite
750 103 987 andesite
750 103 988 andesite
750 103 989 andesite
750 103 990 andesite
750 103 991 stone
750 103 992 stone
750 103 993 stone
750 103 994 stone
750 103 995 stone
750 103 996 granite
750 103 997 granite
750 103 998 granite
750 103 999 stone
750 103 1000 stone
750 103 1001 stone
750 103 1002 stone
750 103 1003 andesite
750 103 1004 diorite
750 103 1005 diorite
750 103 1006 diorite
750 103 1007 diorite
750 103 1008 diorite
750 103 1009 coal_ore
750 103 1010 coal_ore
750 103 1011 diorite
750 103 1012 diorite
750 103 1013 diorite
750 103 1014 diorite
750 103 1015 diorite
750 103 1016 diorite
750 103 1017 diorite
750 103 1018 diorite
750 103 1019 diorite
750 103 1020 diorite
750 103 1021 diorite
750 103 1022 diorite
750 103 1023 stone
750 104 0 granite
750 104 1 stone
750 104 2 stone
750 104 3 stone
750 104 4 stone
750 104 5 stone
750 104 6 stone
750 104 7 stone
750 104 8 stone
750 104 9 granite
750 104 10 granite
750 104 11 granite
750 104 12 granite
750 104 13 granite
750 104 14 granite
750 104 15 granite
750 104 16 stone
750 104 17 stone
750 104 18 stone
750 104 19 stone
750 104 20 stone
750 104 21 stone
750 104 22 stone
750 104 23 stone
750 104 24 stone
750 104 25 stone
750 104 26 stone
750 104 27 stone
750 104 28 stone
750 104 29 dirt
750 104 30 dirt
750 104 31 dirt
750 104 32 dirt
750 104 33 dirt
750 104 34 dirt
750 104 35 stone
750 104 36 stone
750 104 37 stone
750 104 38 andesite
750 104 39 andesite
750 104 40 andesite
750 104 41 andesite
750 104 42 andesite
750 104 43 andesite
750 104 44 andesite
750 104 45 andesite
750 104 46 andesite
750 104 47 andesite
750 104 48 andesite
750 104 49 andesite
750 104 50 dirt
750 104 51 dirt
750 104 52 dirt
750 104 53 dirt
750 104 54 dirt
750 104 55 stone
750 104 56 stone
750 104 57 stone
750 104 58 stone
750 104 59 stone
750 104 60 stone
750 104 61 stone
750 104 62 stone
750 104 63 stone
750 104 64 stone
750 104 65 stone
750 104 66 stone
750 104 67 stone
750 104 68 stone
750 104 69 stone
750 104 70 stone
750 104 71 stone
750 104 72 stone
750 104 73 stone
750 104 74 stone
750 104 75 stone
750 104 76 stone
750 104 77 stone
750 104 78 stone
750 104 79 stone
750 104 80 stone
750 104 81 stone
750 104 82 stone
750 104 83 stone
750 104 84 stone
750 104 85 stone
750 104 86 stone
750 104 87 stone
750 104 88 stone
750 104 89 stone
750 104 90 stone
750 104 91 stone
750 104 92 stone
750 104 93 stone
750 104 94 stone
750 104 95 diorite
750 104 96 diorite
750 104 97 diorite
750 104 98 diorite
750 104 99 diorite
750 104 100 diorite
750 104 101 diorite
750 104 102 stone
750 104 103 stone
750 104 104 stone
750 104 105 stone
750 104 106 stone
750 104 107 stone
750 104 108 iron_ore
750 104 109 iron_ore
750 104 110 stone
750 104 111 stone
750 104 112 stone
750 104 113 stone
750 104 114 stone
750 104 115 stone
750 104 116 stone
750 104 117 granite
750 104 118 granite
750 104 119 granite
750 104 120 granite
750 104 121 stone
750 104 122 diorite
750 104 123 stone
750 104 124 stone
750 104 125 stone
750 104 126 stone
750 104 127 stone
750 104 128 stone
750 104 129 stone
750 104 130 stone
750 104 131 stone
750 104 132 stone
750 104 133 stone
750 104 134 stone
750 104 135 stone
750 104 136 stone
750 104 137 stone
750 104 138 stone
750 104 139 stone
750 104 140 stone
750 104 141 stone
750 104 142 stone
750 104 143 stone
750 104 144 stone
750 104 145 stone
750 104 146 stone
750 104 147 stone
750 104 148 stone
750 104 149 stone
750 104 150 stone
750 104 151 stone
750 104 152 stone
750 104 153 stone
750 104 154 stone
750 104 155 stone
750 104 156 stone
750 104 157 stone
750 104 158 stone
750 104 159 stone
750 104 160 stone
750 104 161 stone
750 104 162 stone
750 104 163 stone
750 104 164 stone
750 104 165 granite
750 104 166 granite
750 104 167 stone
750 104 168 stone
750 104 169 granite
750 104 170 granite
750 104 171 stone
750 104 172 granite
750 104 173 stone
750 104 174 granite
750 104 175 copper_ore
750 104 176 stone
750 104 177 stone
750 104 178 stone
750 104 179 stone
750 104 180 stone
750 104 181 stone
750 104 182 stone
750 104 183 granite
750 104 184 granite
750 104 185 granite
750 104 186 granite
750 104 187 granite
750 104 188 granite
750 104 189 granite
750 104 190 granite
750 104 191 stone
750 104 192 stone
750 104 193 stone
750 104 194 stone
750 104 195 stone
750 104 196 stone
750 104 197 stone
750 104 198 stone
750 104 199 dirt
750 104 200 dirt
750 104 201 dirt
750 104 202 dirt
750 104 203 dirt
750 104 204 dirt
750 104 205 dirt
750 104 206 stone
750 104 207 stone
750 104 208 stone
750 104 209 stone
750 104 210 stone
750 104 211 stone
750 104 212 granite
750 104 213 granite
750 104 214 granite
750 104 215 granite
750 104 216 granite
750 104 217 stone
750 104 218 stone
750 104 219 stone
750 104 220 stone
750 104 221 stone
750 104 222 stone
750 104 223 stone
750 104 224 stone
750 104 225 stone
750 104 226 stone
750 104 227 stone
750 104 228 stone
750 104 229 stone
750 104 230 stone
750 104 231 stone
750 104 232 stone
750 104 233 stone
750 104 234 stone
750 104 235 stone
750 104 236 stone
750 104 237 stone
750 104 238 stone
750 104 239 stone
750 104 240 stone
750 104 241 stone
750 104 242 stone
750 104 243 stone
750 104 244 stone
750 104 245 stone
750 104 246 stone
750 104 247 stone
750 104 248 stone
750 104 249 stone
750 104 250 stone
750 104 251 stone
750 104 252 stone
750 104 253 stone
750 104 254 stone
750 104 255 stone
750 104 256 stone
750 104 257 andesite
750 104 258 andesite
750 104 259 granite
750 104 260 stone
750 104 261 diorite
750 104 262 diorite
750 104 263 diorite
750 104 264 diorite
750 104 265 diorite
750 104 266 diorite
750 104 267 diorite
750 104 268 diorite
750 104 269 diorite
750 104 270 stone
750 104 271 stone
750 104 272 stone
750 104 273 stone
750 104 274 stone
750 104 275 stone
750 104 276 stone
750 104 277 stone
750 104 278 stone
750 104 279 stone
750 104 280 stone
750 104 281 stone
750 104 282 stone
750 104 283 stone
750 104 284 stone
750 104 285 stone
750 104 286 stone
750 104 287 stone
750 104 288 stone
750 104 289 stone
750 104 290 stone
750 104 291 stone
750 104 292 stone
750 104 293 stone
750 104 294 stone
750 104 295 stone
750 104 296 stone
750 104 297 stone
750 104 298 stone
750 104 299 stone
750 104 300 stone
750 104 301 stone
750 104 302 stone
750 104 303 stone
750 104 304 stone
750 104 305 stone
750 104 306 stone
750 104 307 stone
750 104 308 stone
750 104 309 stone
750 104 310 stone
750 104 311 stone
750 104 312 stone
750 104 313 stone
750 104 314 stone
750 104 315 stone
750 104 316 stone
750 104 317 stone
750 104 318 stone
750 104 319 stone
750 104 320 stone
750 104 321 stone
750 104 322 stone
750 104 323 stone
750 104 324 stone
750 104 325 stone
750 104 326 copper_ore
750 104 327 copper_ore
750 104 328 stone
750 104 329 stone
750 104 330 stone
750 104 331 stone
750 104 332 stone
750 104 333 stone
750 104 334 stone
750 104 335 stone
750 104 336 stone
750 104 337 stone
750 104 338 stone
750 104 339 stone
750 104 340 stone
750 104 341 stone
750 104 342 stone
750 104 343 stone
750 104 344 stone
750 104 345 stone
750 104 346 stone
750 104 347 stone
750 104 348 stone
750 104 349 stone
750 104 350 stone
750 104 351 stone
750 104 352 stone
750 104 353 stone
750 104 354 stone
750 104 355 stone
750 104 356 stone
750 104 357 stone
750 104 358 stone
750 104 359 stone
750 104 360 stone
750 104 361 stone
750 104 362 stone
750 104 363 stone
750 104 364 stone
750 104 365 stone
750 104 366 stone
750 104 367 stone
750 104 368 stone
750 104 369 stone
750 104 370 stone
750 104 371 stone
750 104 372 stone
750 104 373 granite
750 104 374 granite
750 104 389 stone
750 104 390 stone
750 104 391 stone
750 104 392 stone
750 104 393 stone
750 104 394 stone
750 104 395 stone
750 104 396 stone
750 104 397 stone
750 104 398 stone
750 104 399 stone
750 104 400 stone
750 104 401 stone
750 104 402 diorite
750 104 403 diorite
750 104 404 diorite
750 104 405 diorite
750 104 406 diorite
750 104 407 diorite
750 104 408 diorite
750 104 409 diorite
750 104 410 diorite
750 104 411 diorite
750 104 412 stone
750 104 413 stone
750 104 414 stone
750 104 415 stone
750 104 416 stone
750 104 417 stone
750 104 418 stone
750 104 419 stone
750 104 420 stone
750 104 421 stone
750 104 422 stone
750 104 423 stone
750 104 424 stone
750 104 425 stone
750 104 426 stone
750 104 427 stone
750 104 428 stone
750 104 429 stone
750 104 430 stone
750 104 431 andesite
750 104 432 andesite
750 104 433 andesite
750 104 434 andesite
750 104 435 stone
750 104 436 stone
750 104 437 stone
750 104 438 stone
750 104 439 stone
750 104 440 stone
750 104 441 stone
750 104 442 stone
750 104 443 stone
750 104 444 stone
750 104 445 stone
750 104 446 stone
750 104 447 stone
750 104 448 stone
750 104 449 stone
750 104 450 stone
750 104 451 stone
750 104 452 stone
750 104 453 stone
750 104 454 stone
750 104 455 stone
750 104 456 stone
750 104 457 stone
750 104 458 stone
750 104 459 stone
750 104 460 stone
750 104 461 stone
750 104 462 stone
750 104 463 stone
750 104 464 stone
750 104 465 stone
750 104 466 stone
750 104 467 stone
750 104 468 stone
750 104 469 stone
750 104 470 stone
750 104 471 stone
750 104 472 stone
750 104 473 stone
750 104 474 stone
750 104 475 stone
750 104 476 stone
750 104 477 stone
750 104 478 stone
750 104 479 stone
750 104 480 stone
750 104 481 stone
750 104 482 stone
750 104 483 stone
750 104 484 stone
750 104 485 stone
750 104 486 stone
750 104 487 stone
750 104 488 coal_ore
750 104 489 stone
750 104 490 stone
750 104 491 stone
750 104 492 stone
750 104 493 stone
750 104 494 stone
750 104 495 stone
750 104 496 stone
750 104 497 stone
750 104 498 stone
750 104 499 stone
750 104 500 stone
750 104 501 stone
750 104 502 stone
750 104 503 stone
750 104 504 stone
750 104 505 stone
750 104 506 stone
750 104 507 stone
750 104 508 stone
750 104 509 stone
750 104 510 granite
750 104 511 granite
750 104 512 granite
750 104 513 granite
750 104 514 granite
750 104 515 granite
750 104 516 granite
750 104 517 granite
750 104 518 diorite
750 104 519 diorite
750 104 520 diorite
750 104 521 diorite
750 104 522 diorite
750 104 523 diorite
750 104 524 stone
750 104 525 stone
750 104 526 coal_ore
750 104 527 coal_ore
750 104 528 coal_ore
750 104 529 stone
750 104 530 stone
750 104 531 stone
750 104 532 stone
750 104 533 stone
750 104 534 stone
750 104 535 stone
750 104 536 stone
750 104 537 stone
750 104 538 stone
750 104 539 stone
750 104 540 stone
750 104 541 gravel
750 104 542 gravel
750 104 543 gravel
750 104 544 gravel
750 104 545 stone
750 104 546 stone
750 104 547 stone
750 104 548 stone
750 104 549 stone
750 104 550 stone
750 104 551 stone
750 104 552 stone
750 104 553 stone
750 104 554 stone
750 104 555 coal_ore
750 104 556 coal_ore
750 104 557 coal_ore
750 104 558 coal_ore
750 104 559 coal_ore
750 104 560 stone
750 104 561 stone
750 104 562 stone
750 104 563 stone
750 104 564 stone
750 104 565 stone
750 104 566 stone
750 104 567 stone
750 104 568 stone
750 104 569 stone
750 104 570 stone
750 104 571 stone
750 104 572 stone
750 104 573 stone
750 104 574 stone
750 104 575 diorite
750 104 576 diorite
750 104 577 diorite
750 104 578 diorite
750 104 579 diorite
750 104 580 diorite
750 104 581 diorite
750 104 582 diorite
750 104 583 diorite
750 104 584 stone
750 104 585 stone
750 104 586 stone
750 104 587 stone
750 104 588 stone
750 104 589 stone
750 104 590 stone
750 104 591 stone
750 104 592 diorite
750 104 593 diorite
750 104 594 diorite
750 104 595 diorite
750 104 596 diorite
750 104 597 diorite
750 104 598 diorite
750 104 599 diorite
750 104 600 diorite
750 104 601 copper_ore
750 104 602 stone
750 104 603 granite
750 104 604 coal_ore
750 104 605 coal_ore
750 104 606 coal_ore
750 104 607 stone
750 104 608 iron_ore
750 104 609 diorite
750 104 610 diorite
750 104 611 diorite
750 104 612 diorite
750 104 613 andesite
750 104 614 andesite
750 104 615 diorite
750 104 616 diorite
750 104 617 stone
750 104 618 stone
750 104 619 stone
750 104 620 stone
750 104 621 stone
750 104 622 stone
750 104 623 diorite
750 104 624 diorite
750 104 625 diorite
750 104 626 diorite
750 104 627 diorite
750 104 628 diorite
750 104 629 stone
750 104 630 stone
750 104 631 stone
750 104 632 stone
750 104 633 stone
750 104 634 stone
750 104 635 stone
750 104 636 stone
750 104 637 stone
750 104 638 stone
750 104 639 stone
750 104 640 stone
750 104 641 stone
750 104 642 stone
750 104 643 stone
750 104 644 stone
750 104 645 stone
750 104 646 stone
750 104 647 stone
750 104 648 stone
750 104 649 stone
750 104 650 stone
750 104 651 stone
750 104 652 stone
750 104 653 stone
750 104 654 stone
750 104 655 coal_ore
750 104 656 coal_ore
750 104 657 diorite
750 104 658 diorite
750 104 659 diorite
750 104 660 diorite
750 104 661 diorite
750 104 662 diorite
750 104 663 diorite
750 104 664 stone
750 104 665 stone
750 104 666 stone
750 104 667 stone
750 104 668 stone
750 104 669 stone
750 104 670 stone
750 104 671 stone
750 104 672 stone
750 104 673 stone
750 104 674 stone
750 104 675 stone
750 104 676 stone
750 104 677 stone
750 104 678 stone
750 104 679 stone
750 104 680 stone
750 104 681 stone
750 104 682 stone
750 104 683 gravel
750 104 684 gravel
750 104 685 gravel
750 104 686 water[level=0]
750 104 687 water[level=0]
750 104 688 water[level=0]
750 104 689 water[level=0]
750 104 690 water[level=0]
750 104 691 water[level=0]
750 104 692 water[level=0]
750 104 693 water[level=0]
750 104 694 water[level=0]
750 104 695 water[level=0]
750 104 696 gravel
750 104 697 gravel
750 104 698 stone
750 104 699 stone
750 104 700 stone
750 104 701 stone
750 104 702 stone
750 104 703 stone
750 104 704 gravel
750 104 705 gravel
750 104 706 gravel
750 104 707 gravel
750 104 708 gravel
750 104 709 diorite
750 104 710 diorite
750 104 711 diorite
750 104 712 diorite
750 104 713 diorite
750 104 714 diorite
750 104 715 diorite
750 104 716 diorite
750 104 717 diorite
750 104 718 diorite
750 104 719 cave_air
750 104 720 cave_air
750 104 721 cave_air
750 104 722 stone
750 104 723 stone
750 104 724 stone
750 104 725 stone
750 104 726 stone
750 104 727 stone
750 104 728 stone
750 104 729 gravel
750 104 730 gravel
750 104 731 gravel
750 104 732 gravel
750 104 733 gravel
750 104 734 gravel
750 104 735 stone
750 104 736 stone
750 104 737 stone
750 104 738 stone
750 104 739 stone
750 104 740 stone
750 104 741 stone
750 104 742 stone
750 104 743 stone
750 104 744 stone
750 104 745 stone
750 104 746 stone
750 104 747 stone
750 104 748 water[level=0]
750 104 749 water[level=0]
750 104 750 water[level=0]
750 104 751 water[level=0]
750 104 752 stone
750 104 753 stone
750 104 754 stone
750 104 755 stone
750 104 756 stone
750 104 757 stone
750 104 758 stone
750 104 759 stone
750 104 760 stone
750 104 761 dirt
750 104 762 dirt
750 104 763 dirt
750 104 764 dirt
750 104 765 dirt
750 104 766 dirt
750 104 767 stone
750 104 768 stone
750 104 769 stone
750 104 770 stone
750 104 771 stone
750 104 772 stone
750 104 773 diorite
750 104 774 diorite
750 104 775 diorite
750 104 776 diorite
750 104 777 water[level=0]
750 104 778 water[level=0]
750 104 779 diorite
750 104 780 diorite
750 104 781 diorite
750 104 782 granite
750 104 783 granite
750 104 784 granite
750 104 785 granite
750 104 786 water[level=0]
750 104 787 water[level=0]
750 104 788 water[level=0]
750 104 789 coal_ore
750 104 790 stone
750 104 791 stone
750 104 792 stone
750 104 793 stone
750 104 794 stone
750 104 795 stone
750 104 796 stone
750 104 797 stone
750 104 798 stone
750 104 799 stone
750 104 800 stone
750 104 801 stone
750 104 802 stone
750 104 803 stone
750 104 804 stone
750 104 805 water[level=0]
750 104 806 water[level=0]
750 104 807 water[level=0]
750 104 808 water[level=0]
750 104 809 water[level=0]
750 104 810 water[level=0]
750 104 811 water[level=0]
750 104 812 water[level=0]
750 104 813 water[level=0]
750 104 814 water[level=0]
750 104 815 stone
750 104 816 stone
750 104 817 water[level=0]
750 104 818 water[level=0]
750 104 819 stone
750 104 820 stone
750 104 821 stone
750 104 822 stone
750 104 823 stone
750 104 824 stone
750 104 825 diorite
750 104 826 diorite
750 104 827 diorite
750 104 828 diorite
750 104 829 diorite
750 104 830 diorite
750 104 831 diorite
750 104 832 diorite
750 104 833 diorite
750 104 834 diorite
750 104 835 granite
750 104 836 granite
750 104 837 granite
750 104 838 granite
750 104 839 granite
750 104 840 stone
750 104 841 stone
750 104 842 stone
750 104 843 stone
750 104 844 stone
750 104 845 stone
750 104 846 stone
750 104 847 stone
750 104 848 stone
750 104 849 stone
750 104 850 stone
750 104 851 stone
750 104 852 stone
750 104 853 stone
750 104 854 stone
750 104 855 andesite
750 104 856 andesite
750 104 857 andesite
750 104 858 andesite
750 104 859 stone
750 104 860 stone
750 104 861 stone
750 104 862 stone
750 104 863 stone
750 104 864 stone
750 104 865 stone
750 104 866 stone
750 104 867 stone
750 104 868 stone
750 104 869 stone
750 104 870 stone
750 104 871 stone
750 104 872 granite
750 104 873 granite
750 104 882 stone
750 104 883 stone
750 104 884 stone
750 104 885 stone
750 104 886 stone
750 104 887 stone
750 104 888 stone
750 104 889 stone
750 104 890 stone
750 104 891 stone
750 104 892 stone
750 104 893 stone
750 104 894 stone
750 104 895 stone
750 104 896 stone
750 104 897 stone
750 104 898 andesite
750 104 899 andesite
750 104 900 andesite
750 104 901 andesite
750 104 902 andesite
750 104 903 andesite
750 104 904 andesite
750 104 905 stone
750 104 906 stone
750 104 907 andesite
750 104 908 andesite
750 104 909 stone
750 104 910 stone
750 104 911 stone
750 104 912 stone
750 104 913 stone
750 104 914 stone
750 104 915 stone
750 104 916 stone
750 104 932 stone
750 104 933 stone
750 104 934 stone
750 104 935 stone
750 104 936 stone
750 104 937 stone
750 104 938 stone
750 104 939 stone
750 104 940 stone
750 104 941 stone
750 104 942 stone
750 104 943 stone
750 104 944 copper_ore
750 104 945 copper_ore
750 104 946 copper_ore
750 104 947 copper_ore
750 104 948 copper_ore
750 104 949 stone
750 104 950 stone
750 104 951 stone
750 104 952 stone
750 104 953 stone
750 104 954 stone
750 104 955 stone
750 104 956 stone
750 104 957 stone
750 104 958 stone
750 104 959 stone
750 104 960 stone
750 104 961 stone
750 104 962 stone
750 104 963 stone
750 104 964 stone
750 104 965 stone
750 104 966 stone
750 104 967 stone
750 104 968 stone
750 104 969 stone
750 104 970 stone
750 104 971 stone
750 104 972 stone
750 104 973 stone
750 104 974 stone
750 104 975 stone
750 104 976 stone
750 104 977 stone
750 104 978 stone
750 104 979 stone
750 104 980 stone
750 104 981 stone
750 104 982 stone
750 104 983 andesite
750 104 984 andesite
750 104 985 andesite
750 104 986 andesite
750 104 987 andesite
750 104 988 andesite
750 104 989 andesite
750 104 990 stone
750 104 991 stone
750 104 992 stone
750 104 993 stone
750 104 994 stone
750 104 995 stone
750 104 996 stone
750 104 997 stone
750 104 998 stone
750 104 999 stone
750 104 1000 stone
750 104 1001 stone
750 104 1002 andesite
750 104 1003 andesite
750 104 1004 andesite
750 104 1005 andesite
750 104 1006 diorite
750 104 1007 diorite
750 104 1008 diorite
750 104 1009 coal_ore
750 104 1010 diorite
750 104 1011 diorite
750 104 1012 diorite
750 104 1013 diorite
750 104 1014 diorite
750 104 1015 diorite
750 104 1016 stone
750 104 1017 stone
750 104 1018 stone
750 104 1019 stone
750 104 1020 stone
750 104 1021 stone
750 104 1022 stone
750 104 1023 stone
750 105 0 stone
750 105 1 stone
750 105 2 stone
750 105 3 stone
750 105 4 stone
750 105 5 stone
