623 136 788 stone
623 136 789 stone
623 136 790 stone
623 136 791 stone
623 136 792 stone
623 136 793 stone
623 136 794 stone
623 136 795 stone
623 136 796 gravel
623 136 797 gravel
623 136 798 stone
623 136 799 stone
623 136 800 stone
623 136 801 stone
623 136 802 stone
623 136 803 stone
623 136 804 stone
623 136 805 stone
623 136 806 stone
623 136 807 stone
623 136 808 stone
623 136 809 dirt
623 136 810 dirt
623 136 853 grass_block[snowy=false]
623 136 854 stone
623 136 855 stone
623 136 856 stone
623 136 857 stone
623 136 858 stone
623 136 859 stone
623 136 860 stone
623 136 861 stone
623 136 862 stone
623 136 863 stone
623 136 864 stone
623 136 865 stone
623 136 866 stone
623 136 867 stone
623 136 868 stone
623 136 869 stone
623 136 870 stone
623 136 871 stone
623 136 872 stone
623 136 873 stone
623 136 874 stone
623 136 875 stone
623 136 876 stone
623 136 877 stone
623 136 878 stone
623 136 879 stone
623 136 880 stone
623 136 881 stone
623 136 882 stone
623 136 883 stone
623 136 884 stone
623 136 885 stone
623 136 886 stone
623 136 887 stone
623 136 888 stone
623 136 889 stone
623 136 890 stone
623 136 891 stone
623 136 892 stone
623 136 893 stone
623 136 894 stone
623 136 895 stone
624 136 768 stone
624 136 769 stone
624 136 770 gravel
624 136 771 gravel
624 136 772 gravel
624 136 773 dirt
624 136 774 stone
624 136 775 stone
624 136 776 stone
624 136 777 stone
624 136 778 stone
624 136 779 stone
624 136 780 stone
624 136 781 stone
624 136 782 stone
624 136 783 stone
624 136 784 stone
624 136 785 stone
624 136 786 stone
624 136 787 stone
624 136 788 stone
624 136 789 stone
624 136 790 stone
624 136 791 stone
624 136 792 stone
624 136 793 stone
624 136 794 stone
624 136 795 stone
624 136 796 gravel
624 136 797 gravel
624 136 798 stone
624 136 799 stone
624 136 800 stone
624 136 801 stone
624 136 802 stone
624 136 803 stone
624 136 804 stone
624 136 805 stone
624 136 806 stone
624 136 807 stone
624 136 808 stone
624 136 809 dirt
624 136 852 short_grass
624 136 853 grass_block[snowy=false]
624 136 854 dirt
624 136 855 stone
624 136 856 stone
624 136 857 stone
624 136 858 stone
624 136 859 stone
624 136 860 stone
624 136 861 stone
624 136 862 stone
624 136 863 stone
624 136 864 stone
624 136 865 stone
624 136 866 stone
624 136 867 stone
624 136 868 stone
624 136 869 stone
624 136 870 stone
624 136 871 stone
624 136 872 stone
624 136 873 stone
624 136 874 stone
624 136 875 stone
624 136 876 stone
624 136 877 stone
624 136 878 stone
624 136 879 stone
624 136 880 stone
624 136 881 stone
624 136 882 stone
624 136 883 stone
624 136 884 stone
624 136 885 stone
624 136 886 stone
624 136 887 stone
624 136 888 stone
624 136 889 stone
624 136 890 stone
624 136 891 stone
624 136 892 stone
624 136 893 stone
624 136 894 stone
624 136 895 stone
625 136 768 diorite
625 136 769 stone
625 136 770 stone
625 136 771 gravel
625 136 772 dirt
625 136 773 dirt
625 136 774 stone
625 136 775 stone
625 136 776 stone
625 136 777 stone
625 136 778 stone
625 136 779 stone
625 136 780 stone
625 136 781 stone
625 136 782 stone
625 136 783 stone
625 136 784 stone
625 136 785 stone
625 136 786 stone
625 136 787 stone
625 136 788 stone
625 136 789 stone
625 136 790 stone
625 136 791 stone
625 136 792 stone
625 136 793 stone
625 136 794 stone
625 136 795 stone
625 136 796 stone
625 136 797 stone
625 136 798 stone
625 136 799 stone
625 136 800 stone
625 136 801 stone
625 136 802 stone
625 136 803 stone
625 136 804 stone
625 136 805 stone
625 136 806 stone
625 136 807 stone
625 136 808 dirt
625 136 854 dirt
625 136 855 stone
625 136 856 stone
625 136 857 stone
625 136 858 stone
625 136 859 stone
625 136 860 stone
625 136 861 stone
625 136 862 stone
625 136 863 stone
625 136 864 stone
625 136 865 stone
625 136 866 stone
625 136 867 stone
625 136 868 stone
625 136 869 stone
625 136 870 stone
625 136 871 stone
625 136 872 stone
625 136 873 stone
625 136 874 stone
625 136 875 stone
625 136 876 stone
625 136 877 stone
625 136 878 stone
625 136 879 stone
625 136 880 stone
625 136 881 stone
625 136 882 stone
625 136 883 stone
625 136 884 stone
625 136 885 stone
625 136 886 stone
625 136 887 stone
625 136 888 stone
625 136 889 stone
625 136 890 stone
625 136 891 stone
625 136 892 stone
625 136 893 stone
625 136 894 stone
625 136 895 stone
626 136 768 diorite
626 136 769 diorite
626 136 770 diorite
626 136 771 stone
626 136 772 stone
626 136 773 stone
626 136 774 stone
626 136 775 stone
626 136 776 stone
626 136 777 stone
626 136 778 stone
626 136 779 stone
626 136 780 stone
626 136 781 stone
626 136 782 stone
626 136 783 stone
626 136 784 stone
626 136 785 stone
626 136 786 stone
626 136 787 stone
626 136 788 stone
626 136 789 stone
626 136 790 stone
626 136 791 stone
626 136 792 stone
626 136 793 stone
626 136 794 stone
626 136 795 stone
626 136 796 stone
626 136 797 stone
626 136 798 stone
626 136 799 stone
626 136 800 stone
626 136 801 stone
626 136 802 stone
626 136 803 stone
626 136 804 stone
626 136 805 stone
626 136 806 stone
626 136 807 dirt
626 136 854 dirt
626 136 855 stone
626 136 856 stone
626 136 857 stone
626 136 858 stone
626 136 859 stone
626 136 860 stone
626 136 861 stone
626 136 862 stone
626 136 863 stone
626 136 864 stone
626 136 865 stone
626 136 866 stone
626 136 867 stone
626 136 868 stone
626 136 869 stone
626 136 870 stone
626 136 871 stone
626 136 872 stone
626 136 873 stone
626 136 874 stone
626 136 875 stone
626 136 876 stone
626 136 877 stone
626 136 878 stone
626 136 879 stone
626 136 880 stone
626 136 881 stone
626 136 882 stone
626 136 883 stone
626 136 884 stone
626 136 885 stone
626 136 886 stone
626 136 887 stone
626 136 888 stone
626 136 889 stone
626 136 890 stone
626 136 891 stone
626 136 892 stone
626 136 893 stone
626 136 894 stone
626 136 895 stone
627 136 768 diorite
627 136 769 diorite
627 136 770 diorite
627 136 771 stone
627 136 772 stone
627 136 773 stone
627 136 774 stone
627 136 775 stone
627 136 776 stone
627 136 777 stone
627 136 778 stone
627 136 779 stone
627 136 780 stone
627 136 781 stone
627 136 782 stone
627 136 783 stone
627 136 784 stone
627 136 785 stone
627 136 786 stone
627 136 787 stone
627 136 788 stone
627 136 789 stone
627 136 790 stone
627 136 791 stone
627 136 792 stone
627 136 793 stone
627 136 794 stone
627 136 795 stone
627 136 796 stone
627 136 797 stone
627 136 798 stone
627 136 799 stone
627 136 800 stone
627 136 801 stone
627 136 802 stone
627 136 803 stone
627 136 804 stone
627 136 805 stone
627 136 806 dirt
627 136 807 dirt
627 136 854 dirt
627 136 855 stone
627 136 856 stone
627 136 857 stone
627 136 858 stone
627 136 859 stone
627 136 860 stone
627 136 861 stone
627 136 862 stone
627 136 863 stone
627 136 864 stone
627 136 865 stone
627 136 866 stone
627 136 867 stone
627 136 868 stone
627 136 869 stone
627 136 870 stone
627 136 871 stone
627 136 872 stone
627 136 873 stone
627 136 874 stone
627 136 875 stone
627 136 876 stone
627 136 877 stone
627 136 878 stone
627 136 879 stone
627 136 880 stone
627 136 881 stone
627 136 882 stone
627 136 883 stone
627 136 884 stone
627 136 885 stone
627 136 886 stone
627 136 887 stone
627 136 888 stone
627 136 889 stone
627 136 890 stone
627 136 891 stone
627 136 892 stone
627 136 893 stone
627 136 894 stone
627 136 895 stone
628 136 768 diorite
628 136 769 diorite
628 136 770 diorite
628 136 771 stone
628 136 772 stone
628 136 773 stone
628 136 774 stone
628 136 775 stone
628 136 776 stone
628 136 777 stone
628 136 778 stone
628 136 779 stone
628 136 780 stone
628 136 781 stone
628 136 782 stone
628 136 783 stone
628 136 784 stone
628 136 785 stone
628 136 786 stone
628 136 787 stone
628 136 788 stone
628 136 789 stone
628 136 790 stone
628 136 791 stone
628 136 792 stone
628 136 793 stone
628 136 794 stone
628 136 795 stone
628 136 796 stone
628 136 797 stone
628 136 798 stone
628 136 799 stone
628 136 800 stone
628 136 801 stone
628 136 802 stone
628 136 803 stone
628 136 804 stone
628 136 805 stone
628 136 806 dirt
628 136 807 grass_block[snowy=false]
628 136 854 dirt
628 136 855 stone
628 136 856 stone
628 136 857 stone
628 136 858 stone
628 136 859 stone
628 136 860 stone
628 136 861 stone
628 136 862 stone
628 136 863 stone
628 136 864 stone
628 136 865 stone
628 136 866 stone
628 136 867 stone
628 136 868 stone
628 136 869 stone
628 136 870 stone
628 136 871 stone
628 136 872 stone
628 136 873 stone
628 136 874 stone
628 136 875 stone
628 136 876 stone
628 136 877 stone
628 136 878 stone
628 136 879 stone
628 136 880 stone
628 136 881 stone
628 136 882 stone
628 136 883 stone
628 136 884 stone
628 136 885 stone
628 136 886 stone
628 136 887 stone
628 136 888 stone
628 136 889 stone
628 136 890 stone
628 136 891 stone
628 136 892 stone
628 136 893 stone
628 136 894 stone
628 136 895 stone
629 136 768 diorite
629 136 769 diorite
629 136 770 diorite
629 136 771 stone
629 136 772 stone
629 136 773 stone
629 136 774 stone
629 136 775 stone
629 136 776 stone
629 136 777 stone
629 136 778 stone
629 136 779 stone
629 136 780 stone
629 136 781 stone
629 136 782 stone
629 136 783 stone
629 136 784 stone
629 136 785 stone
629 136 786 stone
629 136 787 stone
629 136 788 stone
629 136 789 stone
629 136 790 stone
629 136 791 stone
629 136 792 stone
629 136 793 stone
629 136 794 stone
629 136 795 stone
629 136 796 stone
629 136 797 stone
629 136 798 stone
629 136 799 stone
629 136 800 stone
629 136 801 stone
629 136 802 stone
629 136 803 stone
629 136 804 stone
629 136 805 dirt
629 136 806 dirt
629 136 853 grass_block[snowy=false]
629 136 854 stone
629 136 855 stone
629 136 856 stone
629 136 857 stone
629 136 858 stone
629 136 859 stone
629 136 860 stone
629 136 861 stone
629 136 862 stone
629 136 863 stone
629 136 864 stone
629 136 865 stone
629 136 866 stone
629 136 867 stone
629 136 868 stone
629 136 869 stone
629 136 870 stone
629 136 871 stone
629 136 872 stone
629 136 873 stone
629 136 874 stone
629 136 875 stone
629 136 876 stone
629 136 877 stone
629 136 878 stone
629 136 879 stone
629 136 880 stone
629 136 881 stone
629 136 882 stone
629 136 883 stone
629 136 884 stone
629 136 885 stone
629 136 886 stone
629 136 887 stone
629 136 888 stone
629 136 889 stone
629 136 890 stone
629 136 891 stone
629 136 892 stone
629 136 893 stone
629 136 894 stone
629 136 895 stone
630 136 768 diorite
630 136 769 diorite
630 136 770 stone
630 136 771 stone
630 136 772 stone
630 136 773 stone
630 136 774 stone
630 136 775 stone
630 136 776 stone
630 136 777 stone
630 136 778 stone
630 136 779 stone
630 136 780 stone
630 136 781 stone
630 136 782 stone
630 136 783 stone
630 136 784 stone
630 136 785 stone
630 136 786 stone
630 136 787 stone
630 136 788 stone
630 136 789 stone
630 136 790 stone
630 136 791 stone
630 136 792 stone
630 136 793 stone
630 136 794 stone
630 136 795 stone
630 136 796 stone
630 136 797 stone
630 136 798 stone
630 136 799 stone
630 136 800 stone
630 136 801 stone
630 136 802 stone
630 136 803 stone
630 136 804 dirt
630 136 805 dirt
630 136 806 grass_block[snowy=false]
630 136 853 grass_block[snowy=false]
630 136 854 stone
630 136 855 stone
630 136 856 stone
630 136 857 stone
630 136 858 stone
630 136 859 stone
630 136 860 stone
630 136 861 stone
630 136 862 stone
630 136 863 stone
630 136 864 stone
630 136 865 stone
630 136 866 stone
630 136 867 stone
630 136 868 stone
630 136 869 stone
630 136 870 stone
630 136 871 stone
630 136 872 stone
630 136 873 stone
630 136 874 stone
630 136 875 stone
630 136 876 stone
630 136 877 stone
630 136 878 stone
630 136 879 stone
630 136 880 stone
630 136 881 stone
630 136 882 stone
630 136 883 stone
630 136 884 stone
630 136 885 stone
630 136 886 stone
630 136 887 stone
630 136 888 stone
630 136 889 stone
630 136 890 stone
630 136 891 stone
630 136 892 stone
630 136 893 stone
630 136 894 stone
630 136 895 stone
631 136 768 stone
631 136 769 stone
631 136 770 stone
631 136 771 stone
631 136 772 stone
631 136 773 stone
631 136 774 stone
631 136 775 stone
631 136 776 stone
631 136 777 stone
631 136 778 stone
631 136 779 stone
631 136 780 stone
631 136 781 stone
631 136 782 stone
631 136 783 stone
631 136 784 stone
631 136 785 stone
631 136 786 stone
631 136 787 stone
631 136 788 stone
631 136 789 stone
631 136 790 stone
631 136 791 stone
631 136 792 stone
631 136 793 stone
631 136 794 stone
631 136 795 stone
631 136 796 stone
631 136 797 stone
631 136 798 stone
631 136 799 stone
631 136 800 stone
631 136 801 stone
631 136 802 stone
631 136 803 stone
631 136 804 dirt
631 136 805 dirt
631 136 852 short_grass
631 136 853 grass_block[snowy=false]
631 136 854 stone
631 136 855 stone
631 136 856 stone
631 136 857 stone
631 136 858 stone
631 136 859 stone
631 136 860 stone
631 136 861 stone
631 136 862 stone
631 136 863 stone
631 136 864 stone
631 136 865 stone
631 136 866 stone
631 136 867 stone
631 136 868 stone
631 136 869 stone
631 136 870 stone
631 136 871 stone
631 136 872 stone
631 136 873 stone
631 136 874 stone
631 136 875 stone
631 136 876 stone
631 136 877 stone
631 136 878 stone
631 136 879 stone
631 136 880 stone
631 136 881 stone
631 136 882 stone
631 136 883 stone
631 136 884 stone
631 136 885 stone
631 136 886 stone
631 136 887 stone
631 136 888 stone
631 136 889 stone
631 136 890 stone
631 136 891 stone
631 136 892 stone
631 136 893 stone
631 136 894 stone
631 136 895 stone
632 136 768 stone
632 136 769 stone
632 136 770 stone
632 136 771 stone
632 136 772 stone
632 136 773 stone
632 136 774 stone
632 136 775 stone
632 136 776 stone
632 136 777 stone
632 136 778 stone
632 136 779 stone
632 136 780 stone
632 136 781 stone
632 136 782 stone
632 136 783 stone
632 136 784 stone
632 136 785 stone
632 136 786 stone
632 136 787 stone
632 136 788 stone
632 136 789 stone
632 136 790 stone
632 136 791 stone
632 136 792 stone
632 136 793 stone
632 136 794 stone
632 136 795 stone
632 136 796 stone
632 136 797 stone
632 136 798 stone
632 136 799 stone
632 136 800 stone
632 136 801 stone
632 136 802 stone
632 136 803 dirt
632 136 804 dirt
632 136 805 grass_block[snowy=false]
632 136 853 grass_block[snowy=false]
632 136 854 stone
632 136 855 stone
632 136 856 stone
632 136 857 stone
632 136 858 stone
632 136 859 stone
632 136 860 stone
632 136 861 stone
632 136 862 stone
632 136 863 stone
632 136 864 stone
632 136 865 stone
632 136 866 stone
632 136 867 stone
632 136 868 stone
632 136 869 stone
632 136 870 stone
632 136 871 stone
632 136 872 stone
632 136 873 stone
632 136 874 stone
632 136 875 stone
632 136 876 stone
632 136 877 stone
632 136 878 stone
632 136 879 stone
632 136 880 stone
632 136 881 stone
632 136 882 stone
632 136 883 stone
632 136 884 stone
632 136 885 stone
632 136 886 stone
632 136 887 stone
632 136 888 stone
632 136 889 stone
632 136 890 stone
632 136 891 stone
632 136 892 stone
632 136 893 stone
632 136 894 stone
632 136 895 stone
633 136 768 stone
633 136 769 stone
633 136 770 stone
633 136 771 stone
633 136 772 stone
633 136 773 stone
633 136 774 stone
633 136 775 stone
633 136 776 stone
633 136 777 stone
633 136 778 stone
633 136 779 stone
633 136 780 stone
633 136 781 stone
633 136 782 stone
633 136 783 stone
633 136 784 stone
633 136 785 stone
633 136 786 stone
633 136 787 stone
633 136 788 stone
633 136 789 stone
633 136 790 stone
633 136 791 stone
633 136 792 stone
633 136 793 stone
633 136 794 stone
633 136 795 stone
633 136 796 stone
633 136 797 stone
633 136 798 stone
633 136 799 stone
633 136 800 stone
633 136 801 stone
633 136 802 stone
633 136 803 dirt
633 136 804 grass_block[snowy=false]
633 136 852 short_grass
633 136 853 dirt
633 136 854 stone
633 136 855 stone
633 136 856 stone
633 136 857 stone
633 136 858 stone
633 136 859 stone
633 136 860 stone
633 136 861 stone
633 136 862 stone
633 136 863 stone
633 136 864 stone
633 136 865 stone
633 136 866 stone
633 136 867 stone
633 136 868 stone
633 136 869 stone
633 136 870 stone
633 136 871 stone
633 136 872 stone
633 136 873 stone
633 136 874 stone
633 136 875 stone
633 136 876 stone
633 136 877 stone
633 136 878 stone
633 136 879 stone
633 136 880 stone
633 136 881 stone
633 136 882 stone
633 136 883 stone
633 136 884 stone
633 136 885 stone
633 136 886 stone
633 136 887 stone
633 136 888 stone
633 136 889 stone
633 136 890 stone
633 136 891 stone
633 136 892 stone
633 136 893 stone
633 136 894 stone
633 136 895 stone
634 136 768 stone
634 136 769 stone
634 136 770 stone
634 136 771 stone
634 136 772 stone
634 136 773 stone
634 136 774 stone
634 136 775 stone
634 136 776 stone
634 136 777 stone
634 136 778 stone
634 136 779 stone
634 136 780 stone
634 136 781 stone
634 136 782 stone
634 136 783 stone
634 136 784 stone
634 136 785 stone
634 136 786 stone
634 136 787 stone
634 136 788 stone
634 136 789 stone
634 136 790 stone
634 136 791 stone
634 136 792 stone
634 136 793 stone
634 136 794 stone
634 136 795 stone
634 136 796 stone
634 136 797 stone
634 136 798 stone
634 136 799 stone
634 136 800 stone
634 136 801 stone
634 136 802 stone
634 136 803 dirt
634 136 853 dirt
634 136 854 stone
634 136 855 stone
634 136 856 stone
634 136 857 stone
634 136 858 stone
634 136 859 stone
634 136 860 stone
634 136 861 stone
634 136 862 stone
634 136 863 stone
634 136 864 stone
634 136 865 stone
634 136 866 stone
634 136 867 stone
634 136 868 stone
634 136 869 stone
634 136 870 stone
634 136 871 stone
634 136 872 stone
634 136 873 stone
634 136 874 stone
634 136 875 stone
634 136 876 stone
634 136 877 stone
634 136 878 stone
634 136 879 stone
634 136 880 stone
634 136 881 stone
634 136 882 stone
634 136 883 stone
634 136 884 stone
634 136 885 stone
634 136 886 stone
634 136 887 stone
634 136 888 stone
634 136 889 stone
634 136 890 stone
634 136 891 stone
634 136 892 stone
634 136 893 stone
634 136 894 stone
634 136 895 stone
635 136 768 stone
635 136 769 stone
635 136 770 stone
635 136 771 stone
635 136 772 copper_ore
635 136 773 copper_ore
635 136 774 stone
635 136 775 stone
635 136 776 stone
635 136 777 stone
635 136 778 stone
635 136 779 stone
635 136 780 stone
635 136 781 stone
635 136 782 stone
635 136 783 stone
635 136 784 stone
635 136 785 stone
635 136 786 stone
635 136 787 stone
635 136 788 stone
635 136 789 stone
635 136 790 stone
635 136 791 stone
635 136 792 stone
635 136 793 stone
635 136 794 stone
635 136 795 stone
635 136 796 stone
635 136 797 stone
635 136 798 stone
635 136 799 stone
635 136 800 stone
635 136 801 stone
635 136 802 stone
635 136 803 dirt
635 136 804 dirt
635 136 805 grass_block[snowy=false]
635 136 852 grass_block[snowy=false]
635 136 853 stone
635 136 854 stone
635 136 855 stone
635 136 856 stone
635 136 857 stone
635 136 858 stone
635 136 859 stone
635 136 860 stone
635 136 861 stone
635 136 862 stone
635 136 863 stone
635 136 864 stone
635 136 865 stone
635 136 866 stone
635 136 867 stone
635 136 868 stone
635 136 869 stone
635 136 870 stone
635 136 871 stone
635 136 872 stone
635 136 873 stone
635 136 874 stone
635 136 875 stone
635 136 876 stone
635 136 877 stone
635 136 878 stone
635 136 879 stone
635 136 880 stone
635 136 881 stone
635 136 882 stone
635 136 883 stone
635 136 884 stone
635 136 885 stone
635 136 886 stone
635 136 887 stone
635 136 888 stone
635 136 889 stone
635 136 890 stone
635 136 891 stone
635 136 892 stone
635 136 893 stone
635 136 894 stone
635 136 895 stone
636 136 768 stone
636 136 769 stone
636 136 770 stone
636 136 771 copper_ore
636 136 772 copper_ore
636 136 773 copper_ore
636 136 774 stone
636 136 775 stone
636 136 776 stone
636 136 777 stone
636 136 778 stone
636 136 779 stone
636 136 780 stone
636 136 781 stone
636 136 782 stone
636 136 783 stone
636 136 784 stone
636 136 785 stone
636 136 786 stone
636 136 787 stone
636 136 788 stone
636 136 789 stone
636 136 790 stone
636 136 791 stone
636 136 792 stone
636 136 793 stone
636 136 794 stone
636 136 795 stone
636 136 796 stone
636 136 797 stone
636 136 798 stone
636 136 799 stone
636 136 800 stone
636 136 801 stone
636 136 802 stone
636 136 803 dirt
636 136 804 dirt
636 136 805 dirt
636 136 806 grass_block[snowy=false]
636 136 852 dirt
636 136 853 stone
636 136 854 stone
636 136 855 stone
636 136 856 stone
636 136 857 stone
636 136 858 stone
636 136 859 stone
636 136 862 stone
636 136 863 stone
636 136 864 stone
636 136 865 stone
636 136 866 stone
636 136 867 stone
636 136 868 stone
636 136 869 stone
636 136 870 stone
636 136 871 stone
636 136 872 stone
636 136 873 stone
636 136 874 stone
636 136 875 stone
636 136 876 stone
636 136 877 stone
636 136 878 stone
636 136 879 stone
636 136 880 stone
636 136 881 stone
636 136 882 stone
636 136 883 stone
636 136 884 stone
636 136 885 stone
