fill 293 106 442 293 106 452 stone
fill 293 106 453 293 106 456 andesite
fill 293 106 457 293 106 472 stone
fill 293 106 473 293 106 479 diorite
fill 293 106 480 293 106 487 stone
fill 293 106 488 293 106 495 diorite
fill 293 106 496 293 106 511 stone
fill 294 106 384 294 106 390 stone
fill 294 106 391 294 106 393 granite
fill 294 106 394 294 106 402 stone
fill 294 106 403 294 106 409 andesite
fill 294 106 410 294 106 419 stone
fill 294 106 420 294 106 422 gravel
fill 294 106 423 294 106 428 stone
fill 294 106 429 294 106 432 dirt
fill 294 106 433 294 106 435 granite
fill 294 106 436 294 106 441 diorite
fill 294 106 442 294 106 452 stone
fill 294 106 453 294 106 456 andesite
fill 294 106 457 294 106 471 stone
fill 294 106 472 294 106 479 diorite
fill 294 106 480 294 106 488 stone
fill 294 106 489 294 106 494 diorite
fill 294 106 495 294 106 511 stone
fill 295 106 384 295 106 401 stone
fill 295 106 402 295 106 408 andesite
fill 295 106 409 295 106 418 stone
295 106 419 gravel
295 106 420 stone
295 106 421 gravel
fill 295 106 422 295 106 429 stone
295 106 430 dirt
fill 295 106 431 295 106 434 granite
fill 295 106 435 295 106 441 diorite
fill 295 106 442 295 106 452 stone
fill 295 106 453 295 106 456 andesite
fill 295 106 457 295 106 471 stone
fill 295 106 472 295 106 479 diorite
fill 295 106 480 295 106 488 stone
fill 295 106 489 295 106 494 diorite
fill 295 106 495 295 106 508 stone
fill 295 106 509 295 106 511 granite
fill 296 106 384 296 106 401 stone
fill 296 106 402 296 106 405 andesite
296 106 406 dirt
296 106 407 dirt
fill 296 106 408 296 106 429 stone
fill 296 106 430 296 106 434 granite
fill 296 106 435 296 106 438 diorite
296 106 439 copper_ore
296 106 440 copper_ore
296 106 441 diorite
fill 296 106 442 296 106 452 stone
fill 296 106 453 296 106 457 andesite
fill 296 106 458 296 106 460 stone
296 106 461 copper_ore
296 106 462 copper_ore
fill 296 106 463 296 106 471 stone
fill 296 106 472 296 106 479 diorite
fill 296 106 480 296 106 488 stone
fill 296 106 489 296 106 494 diorite
fill 296 106 495 296 106 502 stone
fill 296 106 503 296 106 511 granite
fill 297 106 384 297 106 394 stone
297 106 395 water[level=0]
297 106 396 stone
297 106 397 water[level=0]
fill 297 106 398 297 106 401 stone
fill 297 106 402 297 106 405 andesite
297 106 406 dirt
297 106 407 dirt
fill 297 106 408 297 106 425 stone
fill 297 106 426 297 106 429 diorite
fill 297 106 430 297 106 434 granite
fill 297 106 435 297 106 439 diorite
297 106 440 copper_ore
297 106 441 diorite
fill 297 106 442 297 106 452 stone
fill 297 106 453 297 106 457 andesite
fill 297 106 458 297 106 460 stone
297 106 461 copper_ore
297 106 462 copper_ore
fill 297 106 463 297 106 472 stone
fill 297 106 473 297 106 478 diorite
fill 297 106 479 297 106 489 stone
fill 297 106 490 297 106 493 diorite
fill 297 106 494 297 106 501 stone
fill 297 106 502 297 106 511 granite
298 106 384 stone
298 106 385 iron_ore
fill 298 106 386 298 106 392 stone
298 106 394 stone
298 106 395 stone
fill 298 106 396 298 106 398 water[level=0]
fill 298 106 399 298 106 405 stone
298 106 406 dirt
298 106 407 dirt
fill 298 106 408 298 106 420 stone
fill 298 106 421 298 106 427 diorite
fill 298 106 428 298 106 435 dirt
fill 298 106 436 298 106 440 diorite
fill 298 106 441 298 106 452 stone
fill 298 106 453 298 106 457 andesite
fill 298 106 458 298 106 460 stone
298 106 461 water[level=0]
298 106 462 copper_ore
fill 298 106 463 298 106 472 stone
fill 298 106 473 298 106 478 diorite
fill 298 106 479 298 106 490 stone
298 106 491 diorite
298 106 492 diorite
fill 298 106 493 298 106 500 stone
fill 298 106 501 298 106 504 granite
298 106 505 iron_ore
fill 298 106 506 298 106 511 granite
fill 299 106 384 299 106 392 stone
299 106 394 stone
299 106 395 stone
fill 299 106 396 299 106 398 water[level=0]
fill 299 106 399 299 106 409 stone
299 106 410 copper_ore
fill 299 106 411 299 106 419 stone
fill 299 106 420 299 106 426 diorite
fill 299 106 427 299 106 436 dirt
fill 299 106 437 299 106 440 diorite
fill 299 106 441 299 106 452 stone
fill 299 106 453 299 106 457 andesite
fill 299 106 458 299 106 472 stone
fill 299 106 473 299 106 478 diorite
fill 299 106 479 299 106 493 stone
fill 299 106 494 299 106 499 stone
fill 299 106 500 299 106 503 granite
299 106 504 iron_ore
fill 299 106 505 299 106 511 granite
300 106 384 stone
300 106 385 stone
fill 300 106 386 300 106 389 dirt
300 106 390 stone
300 106 391 stone
fill 300 106 395 300 106 418 stone
fill 300 106 419 300 106 426 diorite
fill 300 106 427 300 106 436 dirt
fill 300 106 437 300 106 439 diorite
fill 300 106 440 300 106 453 stone
fill 300 106 454 300 106 458 andesite
fill 300 106 459 300 106 472 stone
fill 300 106 473 300 106 478 diorite
fill 300 106 479 300 106 499 stone
fill 300 106 500 300 106 511 granite
301 106 384 stone
fill 301 106 385 301 106 389 dirt
301 106 390 lapis_ore
301 106 391 stone
fill 301 106 396 301 106 418 stone
fill 301 106 419 301 106 427 diorite
fill 301 106 428 301 106 434 dirt
fill 301 106 435 301 106 439 diorite
fill 301 106 440 301 106 453 stone
fill 301 106 454 301 106 457 andesite
301 106 458 stone
301 106 459 stone
fill 301 106 462 301 106 473 stone
fill 301 106 474 301 106 477 diorite
fill 301 106 478 301 106 499 stone
fill 301 106 500 301 106 507 granite
fill 301 106 508 301 106 511 stone
fill 302 106 384 302 106 388 dirt
fill 302 106 389 302 106 391 stone
fill 302 106 396 302 106 419 stone
fill 302 106 420 302 106 429 diorite
fill 302 106 430 302 106 434 granite
fill 302 106 435 302 106 438 diorite
fill 302 106 439 302 106 454 stone
fill 302 106 455 302 106 457 andesite
fill 302 106 458 302 106 460 stone
fill 302 106 462 302 106 500 stone
fill 302 106 501 302 106 506 granite
fill 302 106 507 302 106 511 stone
fill 303 106 384 303 106 387 dirt
fill 303 106 388 303 106 391 stone
fill 303 106 396 303 106 415 stone
303 106 416 iron_ore
fill 303 106 417 303 106 420 stone
fill 303 106 421 303 106 430 diorite
fill 303 106 431 303 106 433 granite
303 106 434 diorite
fill 303 106 435 303 106 454 stone
fill 303 106 455 303 106 458 andesite
fill 303 106 459 303 106 511 stone
304 106 384 dirt
304 106 385 dirt
fill 304 106 386 304 106 391 stone
fill 304 106 396 304 106 414 stone
304 106 415 iron_ore
fill 304 106 416 304 106 425 stone
fill 304 106 426 304 106 430 diorite
304 106 431 stone
304 106 432 diorite
fill 304 106 433 304 106 454 stone
fill 304 106 455 304 106 458 andesite
fill 304 106 459 304 106 511 stone
305 106 384 stone
fill 305 106 385 305 106 387 granite
fill 305 106 388 305 106 391 stone
fill 305 106 396 305 106 455 stone
305 106 456 andesite
305 106 457 andesite
fill 305 106 458 305 106 507 stone
305 106 508 granite
305 106 509 granite
305 106 510 stone
305 106 511 stone
fill 306 106 384 306 106 388 granite
fill 306 106 389 306 106 391 stone
fill 306 106 400 306 106 502 stone
306 106 503 copper_ore
306 106 504 copper_ore
306 106 505 stone
306 106 506 stone
fill 306 106 507 306 106 510 granite
306 106 511 stone
fill 307 106 384 307 106 389 granite
307 106 390 stone
307 106 391 stone
307 106 401 diorite
307 106 402 stone
307 106 403 stone
fill 307 106 404 307 106 406 diorite
fill 307 106 407 307 106 413 stone
fill 307 106 414 307 106 416 coal_ore
fill 307 106 417 307 106 502 stone
307 106 503 copper_ore
307 106 504 copper_ore
307 106 505 stone
307 106 506 stone
fill 307 106 507 307 106 511 granite
fill 308 106 384 308 106 390 granite
308 106 391 stone
308 106 392 stone
fill 308 106 401 308 106 408 diorite
fill 308 106 409 308 106 413 stone
fill 308 106 414 308 106 416 coal_ore
fill 308 106 417 308 106 497 stone
308 106 498 andesite
fill 308 106 499 308 106 502 stone
308 106 503 copper_ore
fill 308 106 504 308 106 506 stone
308 106 507 granite
fill 308 106 508 308 106 511 granite
309 106 384 stone
fill 309 106 385 309 106 391 granite
309 106 392 stone
fill 309 106 401 309 106 409 diorite
fill 309 106 410 309 106 414 stone
fill 309 106 415 309 106 417 coal_ore
fill 309 106 418 309 106 494 stone
309 106 495 andesite
309 106 496 andesite
309 106 497 coal_ore
309 106 498 coal_ore
309 106 499 andesite
fill 309 106 500 309 106 506 stone
fill 309 106 507 309 106 511 granite
fill 310 106 384 310 106 386 andesite
fill 310 106 387 310 106 391 granite
310 106 392 stone
fill 310 106 400 310 106 412 diorite
fill 310 106 413 310 106 415 stone
310 106 416 coal_ore
310 106 417 coal_ore
fill 310 106 418 310 106 493 stone
310 106 494 andesite
310 106 495 andesite
fill 310 106 496 310 106 500 coal_ore
fill 310 106 501 310 106 507 stone
fill 310 106 508 310 106 511 granite
fill 311 106 384 311 106 391 andesite
311 106 392 stone
fill 311 106 399 311 106 413 diorite
fill 311 106 414 311 106 481 stone
fill 311 106 482 311 106 484 water[level=0]
fill 311 106 485 311 106 493 stone
fill 311 106 494 311 106 496 andesite
fill 311 106 497 311 106 501 coal_ore
fill 311 106 502 311 106 507 stone
fill 311 106 508 311 106 511 diorite
fill 312 106 384 312 106 393 andesite
fill 312 106 395 312 106 399 stone
fill 312 106 400 312 106 415 diorite
fill 312 106 416 312 106 424 stone
312 106 425 dirt
312 106 426 dirt
fill 312 106 427 312 106 436 stone
fill 312 106 437 312 106 439 copper_ore
fill 312 106 440 312 106 481 stone
fill 312 106 482 312 106 484 water[level=0]
fill 312 106 485 312 106 493 stone
fill 312 106 494 312 106 496 andesite
312 106 497 stone
312 106 498 stone
312 106 499 coal_ore
312 106 500 coal_ore
312 106 501 stone
312 106 502 stone
312 106 503 copper_ore
312 106 504 copper_ore
312 106 505 stone
312 106 506 stone
fill 312 106 507 312 106 511 diorite
fill 313 106 384 313 106 393 andesite
313 106 394 stone
313 106 395 stone
313 106 396 water[level=0]
313 106 397 water[level=0]
fill 313 106 398 313 106 401 stone
fill 313 106 402 313 106 416 diorite
fill 313 106 417 313 106 421 stone
fill 313 106 422 313 106 428 dirt
fill 313 106 429 313 106 435 stone
fill 313 106 436 313 106 438 copper_ore
fill 313 106 439 313 106 451 stone
313 106 452 andesite
313 106 453 andesite
fill 313 106 454 313 106 482 stone
313 106 483 water[level=0]
fill 313 106 484 313 106 502 stone
313 106 503 copper_ore
fill 313 106 504 313 106 506 stone
fill 313 106 507 313 106 509 diorite
313 106 510 iron_ore
313 106 511 diorite
fill 314 106 384 314 106 392 andesite
fill 314 106 393 314 106 397 water[level=0]
fill 314 106 398 314 106 401 stone
fill 314 106 402 314 106 416 diorite
fill 314 106 417 314 106 420 stone
fill 314 106 421 314 106 428 dirt
fill 314 106 429 314 106 454 stone
314 106 455 andesite
314 106 456 stone
314 106 457 stone
314 106 458 copper_ore
fill 314 106 459 314 106 506 stone
fill 314 106 507 314 106 511 diorite
fill 315 106 384 315 106 391 andesite
fill 315 106 392 315 106 397 water[level=0]
fill 315 106 398 315 106 403 stone
fill 315 106 404 315 106 415 diorite
fill 315 106 416 315 106 419 stone
fill 315 106 420 315 106 427 dirt
fill 315 106 428 315 106 454 stone
315 106 455 andesite
fill 315 106 456 315 106 506 stone
fill 315 106 507 315 106 511 diorite
316 106 384 stone
fill 316 106 385 316 106 391 andesite
fill 316 106 392 316 106 397 water[level=0]
fill 316 106 398 316 106 410 stone
fill 316 106 411 316 106 414 diorite
fill 316 106 415 316 106 419 stone
fill 316 106 420 316 106 426 dirt
fill 316 106 427 316 106 507 stone
fill 316 106 508 316 106 511 diorite
fill 317 106 384 317 106 386 stone
fill 317 106 387 317 106 391 andesite
fill 317 106 392 317 106 398 water[level=0]
317 106 399 stone
317 106 400 stone
317 106 401 copper_ore
317 106 402 copper_ore
fill 317 106 403 317 106 464 stone
fill 317 106 465 317 106 507 stone
317 106 508 andesite
317 106 509 andesite
317 106 510 diorite
317 106 511 diorite
fill 318 106 384 318 106 386 stone
fill 318 106 387 318 106 390 andesite
fill 318 106 391 318 106 399 water[level=0]
318 106 400 stone
318 106 401 copper_ore
318 106 402 copper_ore
fill 318 106 403 318 106 507 stone
fill 318 106 508 318 106 510 andesite
318 106 511 diorite
fill 319 106 384 319 106 387 stone
fill 319 106 388 319 106 390 andesite
fill 319 106 391 319 106 393 water[level=0]
319 106 394 andesite
fill 319 106 395 319 106 400 water[level=0]
319 106 401 stone
319 106 402 copper_ore
319 106 403 copper_ore
fill 319 106 404 319 106 436 stone
319 106 437 dirt
319 106 438 dirt
fill 319 106 439 319 106 506 stone
fill 319 106 507 319 106 511 andesite
fill 320 106 384 320 106 389 stone
fill 320 106 390 320 106 392 water[level=0]
fill 320 106 393 320 106 395 andesite
fill 320 106 396 320 106 401 water[level=0]
fill 320 106 402 320 106 404 copper_ore
fill 320 106 405 320 106 436 stone
fill 320 106 437 320 106 439 dirt
fill 320 106 440 320 106 442 stone
320 106 443 iron_ore
320 106 444 stone
320 106 445 copper_ore
320 106 446 copper_ore
fill 320 106 447 320 106 506 stone
fill 320 106 507 320 106 511 andesite
fill 321 106 384 321 106 389 stone
321 106 390 water[level=0]
321 106 391 water[level=0]
fill 321 106 392 321 106 394 granite
321 106 395 stone
321 106 396 andesite
fill 321 106 397 321 106 402 water[level=0]
fill 321 106 403 321 106 413 stone
fill 321 106 414 321 106 416 copper_ore
fill 321 106 417 321 106 436 stone
fill 321 106 437 321 106 440 dirt
fill 321 106 441 321 106 445 stone
321 106 446 copper_ore
fill 321 106 447 321 106 504 stone
321 106 505 iron_ore
fill 321 106 506 321 106 511 andesite
fill 322 106 384 322 106 388 stone
fill 322 106 389 322 106 391 water[level=0]
322 106 392 stone
322 106 393 granite
fill 322 106 394 322 106 397 stone
fill 322 106 398 322 106 403 water[level=0]
fill 322 106 404 322 106 414 stone
322 106 415 copper_ore
322 106 416 copper_ore
fill 322 106 417 322 106 436 stone
fill 322 106 437 322 106 440 dirt
fill 322 106 441 322 106 504 stone
322 106 505 iron_ore
fill 322 106 506 322 106 511 andesite
fill 323 106 384 323 106 388 stone
323 106 389 water[level=0]
323 106 390 water[level=0]
fill 323 106 391 323 106 398 stone
fill 323 106 399 323 106 403 water[level=0]
fill 323 106 404 323 106 437 stone
fill 323 106 438 323 106 441 dirt
fill 323 106 442 323 106 460 stone
323 106 461 coal_ore
323 106 462 coal_ore
fill 323 106 463 323 106 505 stone
fill 323 106 506 323 106 511 andesite
fill 324 106 384 324 106 386 stone
fill 324 106 387 324 106 389 water[level=0]
fill 324 106 390 324 106 399 stone
fill 324 106 400 324 106 403 water[level=0]
324 106 404 dirt
fill 324 106 405 324 106 417 stone
324 106 418 diorite
324 106 419 diorite
fill 324 106 420 324 106 437 stone
fill 324 106 438 324 106 442 dirt
fill 324 106 443 324 106 460 stone
324 106 461 coal_ore
324 106 462 coal_ore
fill 324 106 463 324 106 490 stone
324 106 491 andesite
324 106 492 andesite
fill 324 106 493 324 106 504 stone
fill 324 106 505 324 106 511 andesite
fill 325 106 384 325 106 389 water[level=0]
fill 325 106 390 325 106 399 stone
fill 325 106 400 325 106 404 water[level=0]
325 106 405 dirt
fill 325 106 406 325 106 416 stone
fill 325 106 417 325 106 420 diorite
fill 325 106 421 325 106 437 stone
fill 325 106 438 325 106 442 dirt
fill 325 106 443 325 106 460 stone
325 106 461 gravel
325 106 462 gravel
fill 325 106 463 325 106 489 stone
fill 325 106 490 325 106 493 andesite
fill 325 106 494 325 106 504 stone
fill 325 106 505 325 106 511 andesite
fill 326 106 384 326 106 388 water[level=0]
fill 326 106 389 326 106 396 stone
fill 326 106 397 326 106 399 stone
fill 326 106 400 326 106 404 water[level=0]
326 106 405 dirt
fill 326 106 406 326 106 416 stone
fill 326 106 417 326 106 420 diorite
fill 326 106 421 326 106 435 stone
fill 326 106 436 326 106 442 dirt
fill 326 106 443 326 106 460 stone
fill 326 106 461 326 106 463 gravel
fill 326 106 464 326 106 488 stone
fill 326 106 489 326 106 494 andesite
fill 326 106 495 326 106 505 stone
fill 326 106 506 326 106 511 andesite
fill 327 106 384 327 106 387 water[level=0]
fill 327 106 388 327 106 400 stone
fill 327 106 401 327 106 404 water[level=0]
327 106 405 dirt
fill 327 106 406 327 106 416 stone
fill 327 106 417 327 106 420 diorite
fill 327 106 421 327 106 435 stone
fill 327 106 436 327 106 438 dirt
327 106 439 stone
fill 327 106 440 327 106 442 dirt
fill 327 106 443 327 106 460 stone
fill 327 106 461 327 106 464 gravel
fill 327 106 465 327 106 488 stone
fill 327 106 489 327 106 494 andesite
fill 327 106 495 327 106 504 stone
fill 327 106 505 327 106 511 andesite
328 106 384 water[level=0]
328 106 385 water[level=0]
fill 328 106 386 328 106 400 stone
fill 328 106 401 328 106 404 water[level=0]
328 106 405 dirt
fill 328 106 406 328 106 416 stone
fill 328 106 417 328 106 420 diorite
fill 328 106 421 328 106 435 stone
fill 328 106 436 328 106 438 dirt
328 106 439 stone
328 106 440 stone
328 106 441 dirt
328 106 442 dirt
fill 328 106 443 328 106 460 stone
fill 328 106 461 328 106 465 gravel
fill 328 106 466 328 106 487 stone
fill 328 106 488 328 106 495 andesite
328 106 496 stone
328 106 497 stone
328 106 498 dirt
328 106 499 dirt
fill 328 106 500 328 106 504 stone
fill 328 106 505 328 106 509 andesite
328 106 510 stone
328 106 511 stone
329 106 384 water[level=0]
329 106 385 stone
329 106 386 granite
329 106 387 granite
fill 329 106 388 329 106 400 stone
fill 329 106 401 329 106 404 water[level=0]
329 106 405 dirt
fill 329 106 406 329 106 417 stone
329 106 418 diorite
329 106 419 diorite
fill 329 106 420 329 106 433 stone
fill 329 106 434 329 106 437 dirt
fill 329 106 438 329 106 460 stone
fill 329 106 461 329 106 465 gravel
fill 329 106 466 329 106 487 stone
fill 329 106 488 329 106 495 andesite
329 106 496 stone
fill 329 106 497 329 106 499 dirt
fill 329 106 500 329 106 503 stone
329 106 504 copper_ore
329 106 505 stone
fill 329 106 506 329 106 508 andesite
fill 329 106 509 329 106 511 stone
330 106 384 water[level=0]
330 106 385 water[level=0]
fill 330 106 386 330 106 390 granite
fill 330 106 391 330 106 400 stone
fill 330 106 401 330 106 405 water[level=0]
fill 330 106 406 330 106 409 stone
fill 330 106 410 330 106 413 sand
fill 330 106 414 330 106 433 stone
fill 330 106 434 330 106 436 dirt
fill 330 106 437 330 106 461 stone
fill 330 106 462 330 106 466 gravel
fill 330 106 467 330 106 488 stone
fill 330 106 489 330 106 494 andesite
330 106 495 stone
330 106 496 stone
fill 330 106 497 330 106 499 dirt
fill 330 106 500 330 106 503 stone
330 106 504 copper_ore
fill 330 106 505 330 106 511 stone
fill 331 106 384 331 106 386 water[level=0]
fill 331 106 387 331 106 392 granite
fill 331 106 393 331 106 397 stone
331 106 398 lapis_ore
331 106 399 lapis_ore
331 106 400 stone
fill 331 106 401 331 106 406 water[level=0]
fill 331 106 407 331 106 409 stone
fill 331 106 410 331 106 415 sand
fill 331 106 416 331 106 434 stone
331 106 435 dirt
331 106 436 dirt
fill 331 106 437 331 106 462 stone
fill 331 106 463 331 106 466 gravel
fill 331 106 467 331 106 487 stone
fill 331 106 488 331 106 495 andesite
fill 331 106 496 331 106 499 dirt
fill 331 106 500 331 106 502 stone
331 106 503 copper_ore
fill 331 106 504 331 106 511 stone
fill 332 106 384 332 106 387 water[level=0]
fill 332 106 388 332 106 394 granite
fill 332 106 395 332 106 397 stone
332 106 398 lapis_ore
332 106 399 lapis_ore
332 106 400 stone
332 106 401 stone
fill 332 106 402 332 106 406 water[level=0]
fill 332 106 407 332 106 409 stone
fill 332 106 410 332 106 416 sand
fill 332 106 417 332 106 454 stone
332 106 455 iron_ore
fill 332 106 456 332 106 462 stone
fill 332 106 463 332 106 466 gravel
fill 332 106 467 332 106 487 stone
fill 332 106 488 332 106 495 andesite
fill 332 106 496 332 106 499 dirt
fill 332 106 500 332 106 509 stone
332 106 510 water[level=0]
332 106 511 water[level=0]
fill 333 106 384 333 106 386 stone
fill 333 106 387 333 106 394 granite
fill 333 106 395 333 106 402 stone
fill 333 106 403 333 106 408 water[level=0]
333 106 409 stone
333 106 410 stone
333 106 411 sand
333 106 412 sand
333 106 413 stone
333 106 414 sand
333 106 415 sand
fill 333 106 416 333 106 455 stone
333 106 456 iron_ore
fill 333 106 457 333 106 463 stone
fill 333 106 464 333 106 466 gravel
fill 333 106 467 333 106 487 stone
fill 333 106 488 333 106 495 andesite
fill 333 106 496 333 106 498 dirt
fill 333 106 499 333 106 508 stone
fill 333 106 509 333 106 511 water[level=0]
fill 334 106 384 334 106 386 stone
334 106 387 lapis_ore
fill 334 106 388 334 106 395 granite
fill 334 106 396 334 106 402 stone
fill 334 106 403 334 106 408 water[level=0]
fill 334 106 409 334 106 430 stone
fill 334 106 431 334 106 435 granite
fill 334 106 436 334 106 457 stone
fill 334 106 458 334 106 464 stone
334 106 465 gravel
334 106 466 gravel
fill 334 106 467 334 106 487 stone
fill 334 106 488 334 106 495 andesite
334 106 496 stone
334 106 497 dirt