702 151 913 stone
702 151 914 stone
702 151 915 stone
702 151 916 stone
702 151 917 stone
702 151 918 stone
702 151 919 stone
702 151 920 stone
702 151 921 stone
702 151 922 coal_ore
702 151 923 coal_ore
702 151 924 stone
702 151 925 stone
702 151 926 stone
702 151 927 stone
702 151 928 stone
702 151 929 stone
702 151 930 stone
702 151 931 stone
702 151 932 stone
702 151 933 stone
702 151 934 stone
702 151 935 stone
702 151 936 stone
702 151 937 stone
702 151 938 stone
702 151 939 stone
702 151 940 stone
702 151 941 stone
702 151 942 stone
702 151 943 stone
702 151 944 stone
702 151 945 stone
702 151 946 stone
702 151 947 stone
702 151 948 stone
702 151 949 stone
702 151 950 stone
702 151 951 dirt
702 151 952 grass_block[snowy=false]
702 151 953 grass_block[snowy=false]
702 151 954 grass_block[snowy=false]
702 151 962 stone
702 151 963 stone
702 151 964 stone
702 151 965 stone
702 151 966 stone
702 151 967 stone
702 151 968 stone
702 151 969 stone
702 151 970 stone
702 151 971 stone
702 151 972 stone
702 151 973 stone
702 151 974 stone
702 151 975 stone
702 151 976 stone
702 151 977 stone
702 151 978 stone
702 151 979 stone
702 151 980 gravel
702 151 981 gravel
702 151 982 gravel
702 151 983 gravel
702 151 984 dirt
702 151 985 short_grass
703 151 896 stone
703 151 897 stone
703 151 898 stone
703 151 899 stone
703 151 900 stone
703 151 901 stone
703 151 902 stone
703 151 903 stone
703 151 904 stone
703 151 905 stone
703 151 906 stone
703 151 907 stone
703 151 908 stone
703 151 909 stone
703 151 910 stone
703 151 911 stone
703 151 912 stone
703 151 913 stone
703 151 914 stone
703 151 915 stone
703 151 916 stone
703 151 917 stone
703 151 918 stone
703 151 919 stone
703 151 920 stone
703 151 921 stone
703 151 922 coal_ore
703 151 923 coal_ore
703 151 924 stone
703 151 925 stone
703 151 926 stone
703 151 927 stone
703 151 928 stone
703 151 929 stone
703 151 930 stone
703 151 931 stone
703 151 932 stone
703 151 933 stone
703 151 934 stone
703 151 935 stone
703 151 936 stone
703 151 937 stone
703 151 938 stone
703 151 939 stone
703 151 940 stone
703 151 941 stone
703 151 942 stone
703 151 943 stone
703 151 944 stone
703 151 945 stone
703 151 946 stone
703 151 947 stone
703 151 948 stone
703 151 949 stone
703 151 950 stone
703 151 951 dirt
703 151 961 stone
703 151 962 stone
703 151 963 stone
703 151 964 stone
703 151 965 stone
703 151 966 stone
703 151 967 stone
703 151 968 stone
703 151 969 stone
703 151 970 stone
703 151 971 stone
703 151 972 stone
703 151 973 stone
703 151 974 stone
703 151 975 stone
703 151 976 stone
703 151 977 stone
703 151 978 stone
703 151 979 stone
703 151 980 stone
703 151 981 gravel
703 151 982 stone
703 151 983 stone
703 151 984 grass_block[snowy=false]
704 151 896 stone
704 151 897 stone
704 151 898 stone
704 151 899 stone
704 151 900 stone
704 151 901 stone
704 151 902 stone
704 151 903 stone
704 151 904 stone
704 151 905 stone
704 151 906 stone
704 151 907 stone
704 151 908 stone
704 151 909 stone
704 151 910 stone
704 151 911 stone
704 151 912 stone
704 151 913 stone
704 151 914 stone
704 151 915 stone
704 151 916 stone
704 151 917 stone
704 151 918 stone
704 151 919 stone
704 151 920 stone
704 151 921 stone
704 151 922 coal_ore
704 151 923 coal_ore
704 151 924 stone
704 151 925 stone
704 151 926 stone
704 151 927 stone
704 151 928 stone
704 151 929 stone
704 151 930 stone
704 151 931 stone
704 151 932 stone
704 151 933 stone
704 151 934 stone
704 151 935 stone
704 151 936 stone
704 151 937 stone
704 151 938 stone
704 151 939 stone
704 151 940 stone
704 151 941 stone
704 151 942 stone
704 151 943 stone
704 151 944 stone
704 151 945 stone
704 151 946 stone
704 151 947 stone
704 151 948 stone
704 151 949 stone
704 151 950 stone
704 151 951 stone
704 151 952 grass_block[snowy=false]
704 151 959 stone
704 151 960 stone
704 151 961 stone
704 151 962 stone
704 151 963 stone
704 151 964 stone
704 151 965 stone
704 151 966 stone
704 151 967 stone
704 151 968 stone
704 151 969 stone
704 151 970 stone
704 151 971 stone
704 151 972 stone
704 151 973 stone
704 151 974 stone
704 151 975 stone
704 151 976 stone
704 151 977 stone
704 151 978 coal_ore
704 151 979 coal_ore
704 151 980 coal_ore
704 151 981 stone
704 151 982 stone
704 151 983 dirt
704 151 984 grass_block[snowy=false]
704 151 985 short_grass
705 151 896 stone
705 151 897 stone
705 151 898 stone
705 151 899 stone
705 151 900 stone
705 151 901 stone
705 151 902 stone
705 151 903 stone
705 151 904 stone
705 151 905 stone
705 151 906 stone
705 151 907 stone
705 151 908 stone
705 151 909 stone
705 151 910 stone
705 151 911 stone
705 151 912 stone
705 151 913 stone
705 151 914 stone
705 151 915 stone
705 151 916 stone
705 151 917 stone
705 151 918 stone
705 151 919 stone
705 151 920 stone
705 151 921 stone
705 151 922 coal_ore
705 151 923 coal_ore
705 151 924 stone
705 151 925 stone
705 151 926 stone
705 151 927 stone
705 151 928 stone
705 151 929 stone
705 151 930 stone
705 151 931 stone
705 151 932 stone
705 151 933 stone
705 151 934 stone
705 151 935 stone
705 151 936 stone
705 151 937 stone
705 151 938 stone
705 151 939 stone
705 151 940 stone
705 151 941 stone
705 151 942 stone
705 151 943 stone
705 151 944 stone
705 151 945 stone
705 151 946 stone
705 151 947 stone
705 151 948 stone
705 151 949 stone
705 151 950 stone
705 151 951 stone
705 151 952 stone
705 151 955 dirt
705 151 956 dirt
705 151 957 dirt
705 151 958 dirt
705 151 959 stone
705 151 960 stone
705 151 961 stone
705 151 962 stone
705 151 963 stone
705 151 964 stone
705 151 965 stone
705 151 966 stone
705 151 967 stone
705 151 968 stone
705 151 969 stone
705 151 970 stone
705 151 971 stone
705 151 972 stone
705 151 973 stone
705 151 974 stone
705 151 975 stone
705 151 976 stone
705 151 977 stone
705 151 978 coal_ore
705 151 979 coal_ore
705 151 980 coal_ore
705 151 981 stone
705 151 982 stone
705 151 983 dirt
705 151 984 grass_block[snowy=false]
706 151 896 stone
706 151 897 stone
706 151 898 stone
706 151 899 stone
706 151 900 stone
706 151 901 stone
706 151 902 stone
706 151 903 stone
706 151 904 stone
706 151 905 stone
706 151 906 stone
706 151 907 stone
706 151 908 stone
706 151 909 stone
706 151 910 stone
706 151 911 stone
706 151 912 stone
706 151 913 stone
706 151 914 stone
706 151 915 stone
706 151 916 stone
706 151 917 stone
706 151 918 stone
706 151 919 stone
706 151 920 stone
706 151 921 stone
706 151 922 coal_ore
706 151 923 coal_ore
706 151 924 stone
706 151 925 stone
706 151 926 stone
706 151 927 stone
706 151 928 stone
706 151 929 stone
706 151 930 stone
706 151 931 stone
706 151 932 stone
706 151 933 stone
706 151 934 stone
706 151 935 stone
706 151 936 stone
706 151 937 stone
706 151 938 stone
706 151 939 stone
706 151 940 stone
706 151 941 stone
706 151 942 stone
706 151 943 stone
706 151 944 stone
706 151 945 stone
706 151 946 stone
706 151 947 stone
706 151 948 stone
706 151 949 stone
706 151 950 stone
706 151 951 stone
706 151 952 stone
706 151 953 stone
706 151 954 stone
706 151 955 stone
706 151 956 dirt
706 151 957 dirt
706 151 958 stone
706 151 959 stone
706 151 960 stone
706 151 961 stone
706 151 962 stone
706 151 963 stone
706 151 964 stone
706 151 965 stone
706 151 966 stone
706 151 967 stone
706 151 968 stone
706 151 969 stone
706 151 970 stone
706 151 971 stone
706 151 972 stone
706 151 973 stone
706 151 974 stone
706 151 975 stone
706 151 976 stone
706 151 977 stone
706 151 978 stone
706 151 979 stone
706 151 980 stone
706 151 981 stone
706 151 982 dirt
706 151 983 dirt
706 151 984 grass_block[snowy=false]
706 151 985 short_grass
707 151 896 stone
707 151 897 stone
707 151 898 stone
707 151 899 stone
707 151 900 stone
707 151 901 stone
707 151 902 stone
707 151 903 stone
707 151 904 stone
707 151 905 stone
707 151 906 stone
707 151 907 stone
707 151 908 stone
707 151 909 stone
707 151 910 stone
707 151 911 stone
707 151 912 stone
707 151 913 stone
707 151 914 stone
707 151 915 stone
707 151 916 stone
707 151 917 stone
707 151 918 stone
707 151 919 stone
707 151 920 stone
707 151 921 stone
707 151 922 stone
707 151 923 stone
707 151 924 stone
707 151 925 stone
707 151 926 stone
707 151 927 stone
707 151 928 stone
707 151 929 stone
707 151 930 stone
707 151 931 stone
707 151 932 stone
707 151 933 stone
707 151 934 stone
707 151 935 stone
707 151 936 stone
707 151 937 stone
707 151 938 stone
707 151 939 stone
707 151 940 stone
707 151 941 stone
707 151 942 stone
707 151 943 stone
707 151 944 stone
707 151 945 stone
707 151 946 stone
707 151 947 stone
707 151 948 stone
707 151 949 stone
707 151 950 stone
707 151 951 stone
707 151 952 stone
707 151 953 stone
707 151 954 stone
707 151 955 stone
707 151 956 stone
707 151 957 stone
707 151 958 stone
707 151 959 stone
707 151 960 stone
707 151 961 stone
707 151 962 stone
707 151 963 stone
707 151 964 stone
707 151 965 stone
707 151 966 stone
707 151 967 stone
707 151 968 stone
707 151 969 stone
707 151 970 stone
707 151 971 stone
707 151 972 stone
707 151 973 stone
707 151 974 stone
707 151 975 stone
707 151 976 stone
707 151 977 stone
707 151 978 stone
707 151 979 stone
707 151 980 stone
707 151 981 dirt
707 151 982 dirt
707 151 983 dirt
707 151 984 grass_block[snowy=false]
708 151 896 stone
708 151 897 stone
708 151 898 stone
708 151 899 stone
708 151 900 stone
708 151 901 stone
708 151 902 stone
708 151 903 stone
708 151 904 stone
708 151 905 stone
708 151 906 stone
708 151 907 stone
708 151 908 stone
708 151 909 stone
708 151 910 stone
708 151 911 stone
708 151 912 stone
708 151 913 stone
708 151 914 stone
708 151 915 stone
708 151 916 stone
708 151 917 stone
708 151 918 stone
708 151 919 stone
708 151 920 stone
708 151 921 stone
708 151 922 stone
708 151 923 stone
708 151 924 stone
708 151 925 stone
708 151 926 stone
708 151 927 stone
708 151 928 stone
708 151 929 stone
708 151 930 stone
708 151 931 stone
708 151 932 stone
708 151 933 stone
708 151 934 stone
708 151 935 stone
708 151 936 stone
708 151 937 stone
708 151 938 stone
708 151 939 stone
708 151 940 stone
708 151 941 stone
708 151 942 stone
708 151 943 stone
708 151 944 stone
708 151 945 stone
708 151 946 stone
708 151 947 stone
708 151 948 stone
708 151 949 stone
708 151 950 stone
708 151 951 stone
708 151 952 stone
708 151 953 stone
708 151 954 stone
708 151 955 stone
708 151 956 stone
708 151 957 stone
708 151 958 stone
708 151 959 stone
708 151 960 stone
708 151 961 stone
708 151 962 stone
708 151 963 stone
708 151 964 stone
708 151 965 stone
708 151 966 stone
708 151 967 stone
708 151 968 stone
708 151 969 stone
708 151 970 stone
708 151 971 stone
708 151 972 stone
708 151 973 stone
708 151 974 stone
708 151 975 stone
708 151 976 stone
708 151 977 stone
708 151 978 stone
708 151 979 stone
708 151 980 dirt
708 151 981 dirt
708 151 982 dirt
708 151 983 grass_block[snowy=false]
708 151 984 grass_block[snowy=false]
709 151 896 stone
709 151 897 stone
709 151 898 stone
709 151 899 stone
709 151 900 stone
709 151 901 stone
709 151 902 stone
709 151 903 stone
709 151 904 stone
709 151 905 stone
709 151 906 stone
709 151 907 stone
709 151 908 stone
709 151 909 stone
709 151 910 stone
709 151 911 stone
709 151 912 stone
709 151 913 stone
709 151 914 stone
709 151 915 stone
709 151 916 stone
709 151 917 stone
709 151 918 stone
709 151 919 stone
709 151 920 stone
709 151 921 stone
709 151 922 stone
709 151 923 stone
709 151 924 stone
709 151 925 stone
709 151 926 stone
709 151 927 stone
709 151 928 stone
709 151 929 stone
709 151 930 stone
709 151 931 stone
709 151 932 stone
709 151 933 stone
709 151 934 stone
709 151 935 stone
709 151 936 stone
709 151 937 stone
709 151 938 stone
709 151 939 stone
709 151 940 stone
709 151 941 stone
709 151 942 stone
709 151 943 stone
709 151 944 stone
709 151 945 stone
709 151 946 stone
709 151 947 stone
709 151 948 stone
709 151 949 stone
709 151 950 stone
709 151 951 stone
709 151 952 stone
709 151 953 stone
709 151 954 stone
709 151 955 stone
709 151 956 stone
709 151 957 stone
709 151 958 stone
709 151 959 stone
709 151 960 stone
709 151 961 stone
709 151 962 stone
709 151 963 stone
709 151 964 stone
709 151 965 stone
709 151 966 stone
709 151 967 stone
709 151 968 stone
709 151 969 stone
709 151 970 stone
709 151 971 stone
709 151 972 stone
709 151 973 stone
709 151 974 stone
709 151 975 stone
709 151 976 stone
709 151 977 stone
709 151 978 stone
709 151 979 dirt
709 151 980 dirt
709 151 981 dirt
709 151 982 grass_block[snowy=false]
709 151 983 grass_block[snowy=false]
709 151 984 grass_block[snowy=false]
709 151 985 short_grass
710 151 896 stone
710 151 897 stone
710 151 898 stone
710 151 899 stone
710 151 900 stone
710 151 901 stone
710 151 902 stone
710 151 903 stone
710 151 904 stone
710 151 905 stone
710 151 906 stone
710 151 907 stone
710 151 908 stone
710 151 909 stone
710 151 910 stone
710 151 911 stone
710 151 912 stone
710 151 913 stone
710 151 914 stone
710 151 915 stone
710 151 916 stone
710 151 917 stone
710 151 918 stone
710 151 919 stone
710 151 920 stone
710 151 921 stone
710 151 922 stone
710 151 923 stone
710 151 924 stone
710 151 925 stone
710 151 926 stone
710 151 927 stone
710 151 928 stone
710 151 929 stone
710 151 930 stone
710 151 931 stone
710 151 932 stone
710 151 933 stone
710 151 934 stone
710 151 935 stone
710 151 936 stone
710 151 937 stone
710 151 938 stone
710 151 939 stone
710 151 940 stone
710 151 941 stone
710 151 942 stone
710 151 943 stone
710 151 944 stone
710 151 945 stone
710 151 946 stone
710 151 947 stone
710 151 948 stone
710 151 949 stone
710 151 950 stone
710 151 951 stone
710 151 952 stone
710 151 953 stone
710 151 954 stone
710 151 955 stone
710 151 956 stone
710 151 957 stone
710 151 958 stone
710 151 959 stone
710 151 960 stone
710 151 961 stone
710 151 962 stone
710 151 963 stone
710 151 964 stone
710 151 965 stone
710 151 966 stone
710 151 967 stone
710 151 968 stone
710 151 969 stone
710 151 970 stone
710 151 971 stone
710 151 972 stone
710 151 973 stone
710 151 974 stone
710 151 975 stone
710 151 976 stone
710 151 977 stone
710 151 978 dirt
710 151 979 dirt
710 151 980 grass_block[snowy=false]
710 151 981 grass_block[snowy=false]
710 151 982 grass_block[snowy=false]
710 151 983 grass_block[snowy=false]
710 151 984 grass_block[snowy=false]
711 151 896 stone
711 151 897 stone
711 151 898 stone
711 151 899 stone
711 151 900 stone
711 151 901 stone
711 151 902 stone
711 151 903 stone
711 151 904 stone
711 151 905 stone
711 151 906 stone
711 151 907 stone
711 151 908 stone
711 151 909 stone
711 151 910 stone
711 151 911 stone
711 151 912 stone
711 151 913 stone
711 151 914 stone
711 151 915 stone
711 151 916 stone
711 151 917 stone
711 151 918 stone
711 151 919 stone
711 151 920 stone
711 151 921 stone
711 151 922 stone
711 151 923 stone
711 151 924 stone
711 151 925 stone
711 151 926 stone
711 151 927 stone
711 151 928 stone
711 151 929 stone
711 151 930 stone
711 151 931 stone
711 151 932 stone
711 151 933 stone
711 151 934 stone
711 151 935 stone
711 151 936 stone
711 151 937 stone
711 151 938 stone
711 151 939 stone
711 151 940 stone
711 151 941 stone
711 151 942 stone
711 151 943 coal_ore
711 151 944 stone
711 151 945 stone
711 151 946 stone
711 151 947 stone
711 151 948 stone
711 151 949 stone
711 151 950 stone
711 151 951 stone
711 151 952 stone
711 151 953 stone
711 151 954 stone
711 151 955 stone
711 151 956 stone
711 151 957 stone
711 151 958 stone
711 151 959 stone
711 151 960 stone
711 151 961 stone
711 151 962 stone
711 151 963 stone
711 151 964 stone
711 151 965 stone
711 151 966 stone
711 151 967 stone
711 151 968 stone
711 151 969 stone
711 151 970 stone
711 151 971 stone
711 151 972 stone
711 151 973 stone
711 151 974 stone
711 151 975 stone
711 151 976 stone
711 151 977 dirt
711 151 978 dirt
711 151 979 dirt
711 151 980 grass_block[snowy=false]
711 151 981 grass_block[snowy=false]
711 151 982 grass_block[snowy=false]
712 151 896 stone
712 151 897 stone
712 151 898 stone
712 151 899 stone
712 151 900 stone
712 151 901 stone
712 151 902 stone
712 151 903 stone
712 151 904 stone
712 151 905 stone
712 151 906 stone
712 151 907 stone
712 151 908 stone
712 151 909 stone
712 151 910 stone
712 151 911 stone
712 151 912 stone
712 151 913 stone
712 151 914 stone
712 151 915 stone
712 151 916 stone
712 151 917 stone
712 151 918 stone
712 151 919 stone
712 151 920 stone
712 151 921 stone
712 151 922 stone
712 151 923 stone
712 151 924 stone
712 151 925 stone
712 151 926 stone
712 151 927 stone
712 151 928 stone
712 151 929 stone
712 151 930 stone
712 151 931 stone
712 151 932 stone
712 151 933 stone
712 151 934 stone
712 151 935 stone
712 151 936 stone
712 151 937 stone
712 151 938 stone
712 151 939 stone
712 151 940 stone
712 151 941 stone
712 151 942 coal_ore
712 151 943 coal_ore
712 151 944 coal_ore
712 151 945 stone
712 151 946 stone
712 151 947 stone
712 151 948 stone
712 151 949 stone
712 151 950 stone
712 151 951 stone
712 151 952 stone
712 151 953 stone
712 151 954 stone
712 151 955 stone
712 151 956 stone
712 151 957 stone
712 151 958 stone
712 151 959 stone
712 151 960 stone
712 151 961 stone
712 151 962 stone
712 151 963 stone
712 151 964 stone
712 151 965 stone
712 151 966 stone
712 151 967 stone
712 151 968 stone
712 151 969 stone
712 151 970 stone
712 151 971 stone
712 151 972 stone
712 151 973 stone
712 151 974 stone
712 151 975 stone
712 151 976 dirt
712 151 977 dirt
712 151 978 dirt
712 151 979 grass_block[snowy=false]
712 151 980 grass_block[snowy=false]
713 151 896 stone
713 151 897 stone
713 151 898 stone
713 151 899 stone
713 151 900 stone
713 151 901 stone
713 151 902 stone
713 151 903 stone
713 151 904 stone
713 151 905 stone
713 151 906 stone
713 151 907 stone
713 151 908 stone
713 151 909 stone
713 151 910 stone
713 151 911 stone
713 151 912 stone
713 151 913 stone
713 151 914 stone
713 151 915 stone
713 151 916 stone
713 151 917 stone
713 151 918 stone
713 151 919 stone
713 151 920 stone
713 151 921 stone
713 151 922 stone
713 151 923 stone
713 151 924 stone
713 151 925 stone
713 151 926 stone
713 151 927 stone
713 151 928 stone
713 151 929 stone
713 151 930 stone
713 151 931 stone
713 151 932 stone
713 151 933 stone
713 151 934 stone
713 151 935 stone
713 151 936 stone
713 151 937 stone
713 151 938 stone
713 151 939 stone
713 151 940 stone
713 151 941 stone
713 151 942 coal_ore
713 151 943 coal_ore
713 151 944 stone
713 151 945 stone
713 151 946 stone
713 151 947 stone
713 151 948 stone
713 151 949 stone
713 151 950 stone
713 151 951 stone
713 151 952 stone
713 151 953 stone
713 151 954 stone
713 151 955 stone
713 151 956 stone
713 151 957 stone
713 151 958 stone
713 151 959 stone
713 151 960 stone
713 151 961 stone
713 151 962 stone
713 151 963 stone
713 151 964 stone
713 151 965 stone
713 151 966 stone
713 151 967 stone
713 151 968 stone
713 151 969 stone
713 151 970 stone
713 151 971 stone
713 151 972 stone
713 151 973 stone
713 151 974 stone
713 151 975 stone
713 151 976 grass_block[snowy=false]
713 151 977 grass_block[snowy=false]
713 151 978 grass_block[snowy=false]
714 151 896 stone
714 151 897 stone
714 151 898 stone
714 151 899 stone
714 151 900 stone
714 151 901 stone
714 151 902 stone
714 151 903 stone
714 151 904 stone
714 151 905 stone
714 151 906 stone
714 151 907 stone
714 151 908 stone
714 151 909 stone
714 151 910 stone
714 151 911 stone
714 151 912 stone
714 151 913 stone
714 151 914 stone
714 151 915 stone
714 151 916 stone
714 151 917 stone
714 151 918 stone
714 151 919 stone
714 151 920 stone
714 151 921 stone
714 151 922 stone
714 151 923 stone
714 151 924 stone
714 151 925 stone
714 151 926 stone
714 151 927 stone
714 151 928 stone
714 151 929 stone
714 151 930 stone
714 151 931 stone
714 151 932 stone
714 151 933 stone
714 151 934 stone
714 151 935 stone
714 151 936 stone
714 151 937 stone
714 151 938 stone
714 151 939 stone
714 151 940 stone
714 151 941 stone
714 151 942 coal_ore
714 151 943 coal_ore
714 151 944 stone
714 151 945 stone
714 151 946 stone
714 151 947 stone
714 151 948 stone
714 151 949 stone
714 151 950 stone
714 151 951 stone
714 151 952 stone
714 151 953 stone
714 151 954 stone
714 151 955 stone
714 151 956 stone
714 151 957 stone
714 151 958 stone
714 151 959 stone
714 151 960 stone
714 151 961 stone
714 151 962 stone
714 151 963 stone
714 151 964 stone
714 151 965 stone
714 151 966 stone
714 151 967 stone
714 151 968 stone
714 151 969 stone
714 151 970 stone
714 151 971 stone
714 151 972 stone
714 151 973 stone
714 151 974 stone
714 151 975 dirt
715 151 896 stone
715 151 897 stone
715 151 898 stone
715 151 899 stone
715 151 900 stone
715 151 901 stone
