715 151 902 stone
715 151 903 stone
715 151 904 stone
715 151 905 stone
715 151 906 stone
715 151 907 stone
715 151 908 stone
715 151 909 stone
715 151 910 stone
715 151 911 stone
715 151 912 stone
715 151 913 stone
715 151 914 stone
715 151 915 stone
715 151 916 stone
715 151 917 stone
715 151 918 stone
715 151 919 stone
715 151 920 stone
715 151 921 stone
715 151 922 stone
715 151 923 stone
715 151 924 stone
715 151 925 stone
715 151 926 stone
715 151 927 stone
715 151 928 stone
715 151 929 stone
715 151 930 stone
715 151 931 stone
715 151 932 stone
715 151 933 stone
715 151 934 stone
715 151 935 stone
715 151 936 stone
715 151 937 stone
715 151 938 stone
715 151 939 stone
715 151 940 stone
715 151 941 stone
715 151 942 coal_ore
715 151 943 coal_ore
715 151 944 stone
715 151 945 stone
715 151 946 stone
715 151 947 stone
715 151 948 stone
715 151 949 stone
715 151 950 stone
715 151 951 stone
715 151 952 stone
715 151 953 stone
715 151 954 stone
715 151 955 stone
715 151 956 stone
715 151 957 stone
715 151 958 stone
715 151 959 stone
715 151 960 stone
715 151 961 stone
715 151 962 stone
715 151 963 stone
715 151 964 stone
715 151 965 stone
715 151 966 stone
715 151 967 stone
715 151 968 stone
715 151 969 stone
715 151 970 stone
715 151 971 stone
715 151 972 stone
715 151 973 stone
715 151 974 stone
715 151 975 dirt
715 151 1023 grass_block[snowy=false]
716 151 896 stone
716 151 897 stone
716 151 898 stone
716 151 899 stone
716 151 900 stone
716 151 901 stone
716 151 902 stone
716 151 903 stone
716 151 904 stone
716 151 905 stone
716 151 906 stone
716 151 907 stone
716 151 908 stone
716 151 909 stone
716 151 910 stone
716 151 911 stone
716 151 912 stone
716 151 913 stone
716 151 914 stone
716 151 915 stone
716 151 916 stone
716 151 917 stone
716 151 918 stone
716 151 919 stone
716 151 920 stone
716 151 921 stone
716 151 922 stone
716 151 923 stone
716 151 924 stone
716 151 925 stone
716 151 926 stone
716 151 927 stone
716 151 928 stone
716 151 929 stone
716 151 930 stone
716 151 931 stone
716 151 932 stone
716 151 933 stone
716 151 934 stone
716 151 935 stone
716 151 936 stone
716 151 937 stone
716 151 938 stone
716 151 939 stone
716 151 940 stone
716 151 941 stone
716 151 942 stone
716 151 943 stone
716 151 944 stone
716 151 945 stone
716 151 946 stone
716 151 947 stone
716 151 948 stone
716 151 949 stone
716 151 950 stone
716 151 951 stone
716 151 952 stone
716 151 953 stone
716 151 954 stone
716 151 955 stone
716 151 956 stone
716 151 957 stone
716 151 958 stone
716 151 959 stone
716 151 960 stone
716 151 961 stone
716 151 962 gravel
716 151 963 gravel
716 151 964 stone
716 151 965 stone
716 151 966 stone
716 151 967 stone
716 151 968 stone
716 151 969 stone
716 151 970 stone
716 151 971 stone
716 151 972 stone
716 151 973 stone
716 151 974 dirt
716 151 1023 grass_block[snowy=false]
717 151 896 stone
717 151 897 stone
717 151 898 stone
717 151 899 stone
717 151 900 stone
717 151 901 stone
717 151 902 stone
717 151 903 stone
717 151 904 stone
717 151 905 stone
717 151 906 stone
717 151 907 coal_ore
717 151 908 stone
717 151 909 stone
717 151 910 stone
717 151 911 stone
717 151 912 stone
717 151 913 stone
717 151 914 stone
717 151 915 stone
717 151 916 stone
717 151 917 stone
717 151 918 stone
717 151 919 stone
717 151 920 stone
717 151 921 stone
717 151 922 stone
717 151 923 stone
717 151 924 stone
717 151 925 stone
717 151 926 stone
717 151 927 stone
717 151 928 stone
717 151 929 stone
717 151 930 stone
717 151 931 stone
717 151 932 stone
717 151 933 stone
717 151 934 stone
717 151 935 stone
717 151 936 stone
717 151 937 stone
717 151 938 stone
717 151 939 stone
717 151 940 stone
717 151 941 stone
717 151 942 stone
717 151 943 stone
717 151 944 stone
717 151 945 stone
717 151 946 stone
717 151 947 stone
717 151 948 stone
717 151 949 stone
717 151 950 stone
717 151 951 stone
717 151 952 stone
717 151 953 stone
717 151 954 stone
717 151 955 stone
717 151 956 stone
717 151 957 coal_ore
717 151 958 coal_ore
717 151 959 stone
717 151 960 stone
717 151 961 gravel
717 151 962 gravel
717 151 963 gravel
717 151 964 gravel
717 151 965 stone
717 151 966 stone
717 151 967 stone
717 151 968 stone
717 151 969 stone
717 151 970 stone
717 151 971 stone
717 151 972 stone
717 151 973 dirt
717 151 1023 dirt
718 151 896 stone
718 151 897 stone
718 151 898 stone
718 151 899 stone
718 151 900 stone
718 151 901 stone
718 151 902 stone
718 151 903 stone
718 151 904 stone
718 151 905 stone
718 151 906 coal_ore
718 151 907 stone
718 151 908 stone
718 151 909 stone
718 151 910 stone
718 151 911 stone
718 151 912 stone
718 151 913 stone
718 151 914 stone
718 151 915 stone
718 151 916 stone
718 151 917 stone
718 151 918 stone
718 151 919 stone
718 151 920 stone
718 151 921 stone
718 151 922 stone
718 151 923 stone
718 151 924 stone
718 151 925 stone
718 151 926 stone
718 151 927 stone
718 151 928 stone
718 151 929 stone
718 151 930 stone
718 151 931 stone
718 151 932 stone
718 151 933 stone
718 151 934 stone
718 151 935 stone
718 151 936 stone
718 151 937 stone
718 151 938 stone
718 151 939 stone
718 151 940 stone
718 151 941 stone
718 151 942 stone
718 151 943 stone
718 151 944 stone
718 151 945 stone
718 151 946 stone
718 151 947 stone
718 151 948 stone
718 151 949 stone
718 151 950 stone
718 151 951 stone
718 151 952 stone
718 151 953 stone
718 151 954 stone
718 151 955 stone
718 151 956 stone
718 151 957 coal_ore
718 151 958 coal_ore
718 151 959 stone
718 151 960 gravel
718 151 961 gravel
718 151 962 gravel
718 151 963 gravel
718 151 964 gravel
718 151 965 stone
718 151 966 stone
718 151 967 stone
718 151 968 stone
718 151 969 stone
718 151 970 dirt
718 151 971 dirt
718 151 972 grass_block[snowy=false]
718 151 1023 dirt
719 151 896 stone
719 151 897 stone
719 151 898 stone
719 151 899 stone
719 151 900 stone
719 151 901 stone
719 151 902 stone
719 151 903 stone
719 151 904 stone
719 151 905 stone
719 151 906 stone
719 151 907 stone
719 151 908 stone
719 151 909 stone
719 151 910 stone
719 151 911 stone
719 151 912 stone
719 151 913 stone
719 151 914 stone
719 151 915 stone
719 151 916 stone
719 151 917 stone
719 151 918 stone
719 151 919 stone
719 151 920 stone
719 151 921 stone
719 151 922 stone
719 151 923 stone
719 151 924 stone
719 151 925 stone
719 151 926 stone
719 151 927 stone
719 151 928 stone
719 151 929 stone
719 151 930 stone
719 151 931 stone
719 151 932 stone
719 151 933 stone
719 151 934 stone
719 151 935 stone
719 151 936 stone
719 151 937 stone
719 151 938 stone
719 151 939 stone
719 151 940 stone
719 151 941 stone
719 151 942 stone
719 151 943 stone
719 151 944 stone
719 151 945 stone
719 151 946 stone
719 151 947 stone
719 151 948 stone
719 151 949 stone
719 151 950 stone
719 151 951 stone
719 151 952 stone
719 151 953 stone
719 151 954 stone
719 151 955 stone
719 151 956 stone
719 151 957 coal_ore
719 151 958 coal_ore
719 151 959 stone
719 151 960 gravel
719 151 961 gravel
719 151 962 gravel
719 151 963 gravel
719 151 964 stone
719 151 965 stone
719 151 966 stone
719 151 967 stone
719 151 968 stone
719 151 969 dirt
719 151 970 grass_block[snowy=false]
719 151 1022 grass_block[snowy=false]
719 151 1023 stone
720 151 896 stone
720 151 897 stone
720 151 898 stone
720 151 899 stone
720 151 900 stone
720 151 901 stone
720 151 902 stone
720 151 903 stone
720 151 904 stone
720 151 905 stone
720 151 906 stone
720 151 907 stone
720 151 908 stone
720 151 909 stone
720 151 910 stone
720 151 911 stone
720 151 912 stone
720 151 913 stone
720 151 914 stone
720 151 915 stone
720 151 916 stone
720 151 917 stone
720 151 918 stone
720 151 919 stone
720 151 920 stone
720 151 921 stone
720 151 922 stone
720 151 923 stone
720 151 924 stone
720 151 925 stone
720 151 926 stone
720 151 927 stone
720 151 928 stone
720 151 929 stone
720 151 930 stone
720 151 931 stone
720 151 932 stone
720 151 933 stone
720 151 934 stone
720 151 935 stone
720 151 936 stone
720 151 937 stone
720 151 938 stone
720 151 939 stone
720 151 940 stone
720 151 941 stone
720 151 942 stone
720 151 943 stone
720 151 944 stone
720 151 945 stone
720 151 946 stone
720 151 947 stone
720 151 948 stone
720 151 949 stone
720 151 950 stone
720 151 951 stone
720 151 952 stone
720 151 953 stone
720 151 954 stone
720 151 955 stone
720 151 956 stone
720 151 957 coal_ore
720 151 958 coal_ore
720 151 959 gravel
720 151 960 gravel
720 151 961 gravel
720 151 962 gravel
720 151 963 stone
720 151 964 stone
720 151 965 stone
720 151 966 stone
720 151 967 stone
720 151 968 dirt
720 151 969 grass_block[snowy=false]
720 151 1022 dirt
720 151 1023 stone
721 151 896 stone
721 151 897 stone
721 151 898 stone
721 151 899 stone
721 151 900 stone
721 151 901 stone
721 151 902 stone
721 151 903 stone
721 151 904 stone
721 151 905 stone
721 151 906 stone
721 151 907 stone
721 151 908 stone
721 151 909 stone
721 151 910 stone
721 151 911 stone
721 151 912 stone
721 151 913 stone
721 151 914 stone
721 151 915 stone
721 151 916 stone
721 151 917 stone
721 151 918 stone
721 151 919 stone
721 151 920 stone
721 151 921 stone
721 151 922 stone
721 151 923 stone
721 151 924 stone
721 151 925 stone
721 151 926 stone
721 151 927 stone
721 151 928 stone
721 151 929 stone
721 151 930 stone
721 151 931 stone
721 151 932 stone
721 151 933 stone
721 151 934 stone
721 151 935 stone
721 151 936 stone
721 151 937 stone
721 151 938 stone
721 151 939 stone
721 151 940 stone
721 151 941 stone
721 151 942 stone
721 151 943 stone
721 151 944 stone
721 151 945 stone
721 151 946 stone
721 151 947 stone
721 151 948 stone
721 151 949 stone
721 151 950 stone
721 151 951 stone
721 151 952 stone
721 151 953 stone
721 151 954 stone
721 151 955 stone
721 151 956 stone
721 151 957 stone
721 151 958 stone
721 151 959 stone
721 151 960 stone
721 151 961 stone
721 151 962 stone
721 151 963 stone
721 151 964 stone
721 151 965 stone
721 151 966 stone
721 151 967 stone
721 151 968 dirt
721 151 1021 grass_block[snowy=false]
721 151 1022 stone
721 151 1023 stone
722 151 896 stone
722 151 897 stone
722 151 898 stone
722 151 899 stone
722 151 900 stone
722 151 901 stone
722 151 902 stone
722 151 903 stone
722 151 904 stone
722 151 905 stone
722 151 906 stone
722 151 907 stone
722 151 908 stone
722 151 909 stone
722 151 910 stone
722 151 911 stone
722 151 912 stone
722 151 913 stone
722 151 914 stone
722 151 915 stone
722 151 916 stone
722 151 917 stone
722 151 918 stone
722 151 919 stone
722 151 920 stone
722 151 921 stone
722 151 922 stone
722 151 923 stone
722 151 924 stone
722 151 925 stone
722 151 926 stone
722 151 927 stone
722 151 928 stone
722 151 929 stone
722 151 930 stone
722 151 931 stone
722 151 932 stone
722 151 933 stone
722 151 934 stone
722 151 935 stone
722 151 936 stone
722 151 937 stone
722 151 938 stone
722 151 939 stone
722 151 940 stone
722 151 941 stone
722 151 942 stone
722 151 943 stone
722 151 944 stone
722 151 945 stone
722 151 946 stone
722 151 947 stone
722 151 948 stone
722 151 949 stone
722 151 950 stone
722 151 951 stone
722 151 952 stone
722 151 953 stone
722 151 954 stone
722 151 955 stone
722 151 956 stone
722 151 957 stone
722 151 958 stone
722 151 959 stone
722 151 960 stone
722 151 961 stone
722 151 962 stone
722 151 963 stone
722 151 964 stone
722 151 965 copper_ore
722 151 966 stone
722 151 967 grass_block[snowy=false]
722 151 968 grass_block[snowy=false]
722 151 1021 dirt
722 151 1022 stone
722 151 1023 stone
723 151 896 stone
723 151 897 stone
723 151 898 stone
723 151 899 stone
723 151 900 stone
723 151 901 stone
723 151 902 stone
723 151 903 stone
723 151 904 stone
723 151 905 stone
723 151 906 stone
723 151 907 stone
723 151 908 stone
723 151 909 stone
723 151 910 stone
723 151 911 stone
723 151 912 stone
723 151 913 stone
723 151 914 stone
723 151 915 stone
723 151 916 stone
723 151 917 stone
723 151 918 stone
723 151 919 stone
723 151 920 stone
723 151 921 stone
723 151 922 stone
723 151 923 stone
723 151 924 stone
723 151 925 stone
723 151 926 stone
723 151 927 stone
723 151 928 stone
723 151 929 stone
723 151 930 stone
723 151 931 stone
723 151 932 stone
723 151 933 stone
723 151 934 stone
723 151 935 stone
723 151 936 stone
723 151 937 stone
723 151 938 stone
723 151 939 stone
723 151 940 stone
723 151 941 stone
723 151 942 stone
723 151 943 stone
723 151 944 stone
723 151 945 stone
723 151 946 stone
723 151 947 stone
723 151 948 stone
723 151 949 stone
723 151 950 stone
723 151 951 stone
723 151 952 stone
723 151 953 stone
723 151 954 stone
723 151 955 stone
723 151 956 stone
723 151 957 stone
723 151 958 stone
723 151 959 stone
723 151 960 stone
723 151 961 stone
723 151 962 stone
723 151 963 stone
723 151 964 copper_ore
723 151 965 copper_ore
723 151 966 stone
723 151 967 dirt
723 151 968 grass_block[snowy=false]
723 151 1020 grass_block[snowy=false]
723 151 1021 stone
723 151 1022 stone
723 151 1023 stone
724 151 896 stone
724 151 897 stone
724 151 898 stone
724 151 899 stone
724 151 900 stone
724 151 901 stone
724 151 902 stone
724 151 903 stone
724 151 904 stone
724 151 905 stone
724 151 906 stone
724 151 907 stone
724 151 908 stone
724 151 909 stone
724 151 910 stone
724 151 911 stone
724 151 912 stone
724 151 913 stone
724 151 914 stone
724 151 915 stone
724 151 916 stone
724 151 917 stone
724 151 918 stone
724 151 919 stone
724 151 920 stone
724 151 921 stone
724 151 922 stone
724 151 923 stone
724 151 924 stone
724 151 925 stone
724 151 926 stone
724 151 927 stone
724 151 928 stone
724 151 929 stone
724 151 930 stone
724 151 931 stone
724 151 932 stone
724 151 933 stone
724 151 934 stone
724 151 935 stone
724 151 936 stone
724 151 937 stone
724 151 938 stone
724 151 939 stone
724 151 940 stone
724 151 941 stone
724 151 942 stone
724 151 943 stone
724 151 944 stone
724 151 945 stone
724 151 946 stone
724 151 947 stone
724 151 948 stone
724 151 949 stone
724 151 950 stone
724 151 951 stone
724 151 952 stone
724 151 953 stone
724 151 954 stone
724 151 955 stone
724 151 956 stone
724 151 957 stone
724 151 958 stone
724 151 959 stone
724 151 960 stone
724 151 961 stone
724 151 962 stone
724 151 963 stone
724 151 964 copper_ore
724 151 965 copper_ore
724 151 966 stone
724 151 967 dirt
724 151 968 grass_block[snowy=false]
724 151 1020 dirt
724 151 1021 stone
724 151 1022 stone
724 151 1023 stone
725 151 896 stone
725 151 897 stone
725 151 898 stone
725 151 899 stone
725 151 900 stone
725 151 901 stone
725 151 902 stone
725 151 903 stone
725 151 904 stone
725 151 905 stone
725 151 906 stone
725 151 907 stone
725 151 908 stone
725 151 909 stone
725 151 910 stone
725 151 911 stone
725 151 912 stone
725 151 913 stone
725 151 914 stone
725 151 915 stone
725 151 916 stone
725 151 917 stone
725 151 918 dirt
725 151 919 stone
725 151 920 stone
725 151 921 stone
725 151 922 stone
725 151 923 stone
725 151 924 stone
725 151 925 stone
725 151 926 stone
725 151 927 stone
725 151 928 stone
725 151 929 stone
725 151 930 stone
725 151 931 stone
725 151 932 stone
725 151 933 stone
725 151 934 stone
725 151 935 stone
725 151 936 stone
725 151 937 stone
725 151 938 stone
725 151 939 stone
725 151 940 stone
725 151 941 stone
725 151 942 stone
725 151 943 stone
725 151 944 stone
725 151 945 stone
725 151 946 stone
725 151 947 stone
725 151 948 stone
725 151 949 stone
725 151 950 stone
725 151 951 stone
725 151 952 stone
725 151 953 stone
725 151 954 stone
725 151 955 stone
725 151 956 stone
725 151 957 stone
725 151 958 copper_ore
725 151 959 stone
725 151 960 stone
725 151 961 stone
725 151 962 stone
725 151 963 stone
725 151 964 stone
725 151 965 stone
725 151 966 stone
725 151 967 dirt
725 151 968 grass_block[snowy=false]
725 151 1020 stone
725 151 1021 stone
725 151 1022 stone
725 151 1023 stone
726 151 896 stone
726 151 897 stone
726 151 898 stone
726 151 899 stone
726 151 900 stone
726 151 901 stone
726 151 902 stone
726 151 903 stone
726 151 904 stone
726 151 905 stone
726 151 906 stone
726 151 907 stone
726 151 908 stone
726 151 909 stone
726 151 910 stone
726 151 911 stone
726 151 912 stone
726 151 913 stone
726 151 914 stone
726 151 915 stone
726 151 916 stone
726 151 917 dirt
726 151 918 dirt
726 151 919 dirt
726 151 920 stone
726 151 921 stone
726 151 922 stone
726 151 923 stone
726 151 924 stone
726 151 925 stone
726 151 926 stone
726 151 927 stone
726 151 928 stone
726 151 929 stone
726 151 930 stone
726 151 931 stone
726 151 932 stone
726 151 933 stone
726 151 934 stone
726 151 935 stone
726 151 936 stone
726 151 937 stone
726 151 938 stone
726 151 939 stone
726 151 940 stone
726 151 941 stone
726 151 942 stone
726 151 943 stone
726 151 944 stone
726 151 945 stone
726 151 946 stone
726 151 947 stone
726 151 948 stone
726 151 949 stone
726 151 950 stone
726 151 951 stone
726 151 952 stone
726 151 953 stone
726 151 954 stone
726 151 955 stone
726 151 956 stone
726 151 957 stone
726 151 958 stone
726 151 959 stone
726 151 960 stone
726 151 961 stone
726 151 962 stone
726 151 963 stone
726 151 964 stone
726 151 965 stone
726 151 966 stone
726 151 967 dirt
726 151 968 grass_block[snowy=false]
726 151 1019 grass_block[snowy=false]
726 151 1020 stone
726 151 1021 stone
726 151 1022 stone
726 151 1023 stone
727 151 896 stone
727 151 897 stone
727 151 898 stone
727 151 899 stone
727 151 900 stone
727 151 901 stone
727 151 902 stone
727 151 903 stone
727 151 904 stone
727 151 905 stone
727 151 906 stone
727 151 907 stone
727 151 908 stone
727 151 909 stone
727 151 910 stone
727 151 911 stone
727 151 912 stone
727 151 913 stone
727 151 914 stone
727 151 915 stone
727 151 916 stone
727 151 917 dirt
727 151 918 dirt
727 151 919 dirt
727 151 920 dirt
727 151 921 stone
727 151 922 stone
727 151 923 stone
727 151 924 stone
727 151 925 stone
727 151 926 stone
727 151 927 stone
727 151 928 stone
727 151 929 stone
727 151 930 stone
727 151 931 stone
727 151 932 stone
727 151 933 stone
727 151 934 stone
727 151 935 stone
727 151 936 stone
727 151 937 stone
727 151 938 stone
727 151 939 stone
727 151 940 stone
727 151 941 stone
727 151 942 stone
727 151 943 stone
727 151 944 stone
727 151 945 stone
727 151 946 stone
727 151 947 stone
727 151 948 stone
727 151 949 stone
727 151 950 stone
727 151 951 stone
727 151 952 stone
727 151 953 stone
727 151 954 stone
727 151 955 stone
727 151 956 stone
727 151 957 stone
727 151 958 stone
727 151 959 stone
727 151 960 stone
727 151 961 stone
727 151 962 stone
727 151 963 stone
727 151 964 stone
727 151 965 stone
727 151 966 stone
727 151 967 stone
727 151 968 dirt
727 151 1019 dirt
727 151 1020 dirt
727 151 1021 stone
727 151 1022 stone
727 151 1023 stone
728 151 896 stone
728 151 897 stone
728 151 898 stone
728 151 899 stone
728 151 900 stone
728 151 901 stone
728 151 902 stone
728 151 903 stone
728 151 904 stone
728 151 905 stone
728 151 906 stone
728 151 907 stone
728 151 908 stone
728 151 909 stone
728 151 910 stone
728 151 911 stone
728 151 912 stone
728 151 913 stone
728 151 914 stone
728 151 915 stone
728 151 916 stone
728 151 917 dirt
728 151 918 dirt
728 151 919 dirt
728 151 920 dirt
728 151 921 dirt
728 151 922 stone
728 151 923 stone
728 151 924 stone
728 151 925 stone
728 151 926 stone
728 151 927 stone
728 151 928 stone
728 151 929 stone
728 151 930 stone
728 151 931 stone
728 151 932 stone
728 151 933 stone
728 151 934 stone
728 151 935 stone
728 151 936 stone
728 151 937 stone
728 151 938 stone
728 151 939 stone
728 151 940 stone
728 151 941 stone
728 151 942 stone
728 151 943 stone
728 151 944 stone
728 151 945 stone
728 151 946 stone
728 151 947 stone
728 151 948 stone
728 151 949 stone
728 151 950 stone
728 151 951 stone
728 151 952 stone
728 151 953 stone
728 151 954 stone
728 151 955 stone
728 151 956 stone
728 151 957 stone
728 151 958 stone
728 151 959 stone
728 151 960 stone
728 151 961 stone
728 151 962 stone
728 151 963 stone
728 151 964 stone
728 151 965 stone
728 151 966 stone
728 151 967 stone
728 151 968 stone
728 151 969 grass_block[snowy=false]
728 151 1018 grass_block[snowy=false]
728 151 1019 dirt
728 151 1020 dirt
728 151 1021 dirt
728 151 1022 dirt
728 151 1023 stone
729 151 896 stone
729 151 897 stone
729 151 898 stone
729 151 899 stone
729 151 900 stone
729 151 901 stone
729 151 902 stone
729 151 903 stone
729 151 904 stone
729 151 905 stone
729 151 906 stone
729 151 907 stone
729 151 908 stone
729 151 909 stone
729 151 910 stone
729 151 911 stone
729 151 912 stone
729 151 913 stone
729 151 914 stone
729 151 915 stone
729 151 916 stone
729 151 917 dirt
729 151 918 dirt
729 151 919 dirt
729 151 920 dirt
729 151 921 dirt
729 151 922 stone
729 151 923 stone
729 151 924 stone
729 151 925 stone
729 151 926 stone
