713 156 936 stone
713 156 937 stone
713 156 938 stone
713 156 939 stone
713 156 940 stone
713 156 941 stone
713 156 942 stone
713 156 943 stone
713 156 944 gravel
713 156 945 gravel
713 156 946 gravel
713 156 947 gravel
713 156 948 stone
713 156 949 stone
713 156 950 stone
713 156 951 stone
713 156 952 stone
713 156 953 stone
713 156 954 stone
713 156 955 stone
713 156 956 gravel
713 156 957 gravel
713 156 958 gravel
713 156 959 gravel
713 156 960 gravel
713 156 961 stone
713 156 962 stone
713 156 963 stone
713 156 964 stone
713 156 965 stone
713 156 966 stone
713 156 967 stone
713 156 968 stone
713 156 969 stone
713 156 970 stone
713 156 971 stone
713 156 972 stone
713 156 973 dirt
713 156 974 dirt
714 156 896 stone
714 156 897 stone
714 156 898 stone
714 156 899 copper_ore
714 156 900 copper_ore
714 156 901 stone
714 156 902 stone
714 156 903 stone
714 156 904 stone
714 156 905 diorite
714 156 906 diorite
714 156 907 diorite
714 156 908 diorite
714 156 909 diorite
714 156 910 diorite
714 156 911 diorite
714 156 912 stone
714 156 913 stone
714 156 914 stone
714 156 915 stone
714 156 916 stone
714 156 917 stone
714 156 918 stone
714 156 919 stone
714 156 920 stone
714 156 921 stone
714 156 922 stone
714 156 923 stone
714 156 924 stone
714 156 925 stone
714 156 926 stone
714 156 927 stone
714 156 928 stone
714 156 929 stone
714 156 930 stone
714 156 931 stone
714 156 932 stone
714 156 933 stone
714 156 934 stone
714 156 935 stone
714 156 936 stone
714 156 937 stone
714 156 938 stone
714 156 939 stone
714 156 940 stone
714 156 941 stone
714 156 942 stone
714 156 943 stone
714 156 944 stone
714 156 945 stone
714 156 946 stone
714 156 947 stone
714 156 948 stone
714 156 949 stone
714 156 950 stone
714 156 951 stone
714 156 952 stone
714 156 953 stone
714 156 954 stone
714 156 955 stone
714 156 956 gravel
714 156 957 gravel
714 156 958 gravel
714 156 959 gravel
714 156 960 gravel
714 156 961 stone
714 156 962 stone
714 156 963 stone
714 156 964 stone
714 156 965 stone
714 156 966 stone
714 156 967 stone
714 156 968 stone
714 156 969 stone
714 156 970 stone
714 156 971 dirt
714 156 972 stone
714 156 973 dirt
714 156 974 grass_block[snowy=false]
715 156 896 stone
715 156 897 stone
715 156 898 stone
715 156 899 stone
715 156 900 stone
715 156 901 copper_ore
715 156 902 stone
715 156 903 diorite
715 156 904 diorite
715 156 905 diorite
715 156 906 diorite
715 156 907 diorite
715 156 908 diorite
715 156 909 diorite
715 156 910 diorite
715 156 911 diorite
715 156 912 diorite
715 156 913 diorite
715 156 914 diorite
715 156 915 diorite
715 156 916 diorite
715 156 917 stone
715 156 918 stone
715 156 919 stone
715 156 920 stone
715 156 921 stone
715 156 922 stone
715 156 923 stone
715 156 924 stone
715 156 925 iron_ore
715 156 926 iron_ore
715 156 927 stone
715 156 928 stone
715 156 929 stone
715 156 930 stone
715 156 931 stone
715 156 932 stone
715 156 933 stone
715 156 934 stone
715 156 935 stone
715 156 936 stone
715 156 937 stone
715 156 938 stone
715 156 939 stone
715 156 940 stone
715 156 941 stone
715 156 942 stone
715 156 943 stone
715 156 944 stone
715 156 945 stone
715 156 946 stone
715 156 947 stone
715 156 948 stone
715 156 949 stone
715 156 950 stone
715 156 951 stone
715 156 952 stone
715 156 953 stone
715 156 954 stone
715 156 955 stone
715 156 956 stone
715 156 957 gravel
715 156 958 gravel
715 156 959 gravel
715 156 960 gravel
715 156 961 stone
715 156 962 stone
715 156 963 stone
715 156 964 stone
715 156 965 stone
715 156 966 stone
715 156 967 stone
715 156 968 stone
715 156 969 stone
715 156 970 dirt
715 156 971 dirt
715 156 972 dirt
715 156 973 dirt
716 156 896 stone
716 156 897 stone
716 156 898 stone
716 156 899 stone
716 156 900 diorite
716 156 901 diorite
716 156 902 diorite
716 156 903 diorite
716 156 904 diorite
716 156 905 diorite
716 156 906 diorite
716 156 907 diorite
716 156 908 diorite
716 156 909 diorite
716 156 910 diorite
716 156 911 diorite
716 156 912 diorite
716 156 913 diorite
716 156 914 diorite
716 156 915 diorite
716 156 916 diorite
716 156 917 stone
716 156 918 stone
716 156 919 stone
716 156 920 stone
716 156 921 stone
716 156 922 stone
716 156 923 stone
716 156 924 stone
716 156 925 iron_ore
716 156 926 iron_ore
716 156 927 stone
716 156 928 stone
716 156 929 stone
716 156 930 stone
716 156 931 stone
716 156 932 stone
716 156 933 stone
716 156 934 stone
716 156 935 stone
716 156 936 stone
716 156 937 stone
716 156 938 stone
716 156 939 stone
716 156 940 stone
716 156 941 stone
716 156 942 stone
716 156 943 stone
716 156 944 stone
716 156 945 stone
716 156 946 stone
716 156 947 stone
716 156 948 stone
716 156 949 stone
716 156 950 stone
716 156 951 stone
716 156 952 stone
716 156 953 stone
716 156 954 stone
716 156 955 stone
716 156 956 stone
716 156 957 stone
716 156 958 stone
716 156 959 stone
716 156 960 stone
716 156 961 stone
716 156 962 stone
716 156 963 stone
716 156 964 stone
716 156 965 stone
716 156 966 stone
716 156 967 stone
716 156 968 stone
716 156 969 stone
716 156 970 dirt
716 156 971 dirt
716 156 972 dirt
717 156 896 stone
717 156 897 stone
717 156 898 stone
717 156 899 diorite
717 156 900 diorite
717 156 901 diorite
717 156 902 diorite
717 156 903 diorite
717 156 904 diorite
717 156 905 diorite
717 156 906 diorite
717 156 907 diorite
717 156 908 diorite
717 156 909 diorite
717 156 910 diorite
717 156 911 diorite
717 156 912 diorite
717 156 913 diorite
717 156 914 diorite
717 156 915 diorite
717 156 916 diorite
717 156 917 stone
717 156 918 stone
717 156 919 stone
717 156 920 stone
717 156 921 stone
717 156 922 stone
717 156 923 stone
717 156 924 stone
717 156 925 stone
717 156 926 iron_ore
717 156 927 stone
717 156 928 stone
717 156 929 stone
717 156 930 stone
717 156 931 stone
717 156 932 stone
717 156 933 stone
717 156 934 stone
717 156 935 stone
717 156 936 stone
717 156 937 stone
717 156 938 stone
717 156 939 stone
717 156 940 stone
717 156 941 stone
717 156 942 stone
717 156 943 stone
717 156 944 stone
717 156 945 stone
717 156 946 stone
717 156 947 stone
717 156 948 stone
717 156 949 stone
717 156 950 stone
717 156 951 stone
717 156 952 stone
717 156 953 stone
717 156 954 stone
717 156 955 stone
717 156 956 stone
717 156 957 stone
717 156 958 stone
717 156 959 stone
717 156 960 stone
717 156 961 stone
717 156 962 stone
717 156 963 stone
717 156 964 stone
717 156 965 stone
717 156 966 stone
717 156 967 stone
717 156 968 stone
717 156 969 dirt
717 156 970 dirt
717 156 971 grass_block[snowy=false]
718 156 896 stone
718 156 897 stone
718 156 898 diorite
718 156 899 diorite
718 156 900 diorite
718 156 901 diorite
718 156 902 diorite
718 156 903 diorite
718 156 904 diorite
718 156 905 diorite
718 156 906 diorite
718 156 907 diorite
718 156 908 diorite
718 156 909 diorite
718 156 910 diorite
718 156 911 diorite
718 156 912 diorite
718 156 913 diorite
718 156 914 diorite
718 156 915 diorite
718 156 916 diorite
718 156 917 stone
718 156 918 stone
718 156 919 stone
718 156 920 stone
718 156 921 stone
718 156 922 stone
718 156 923 stone
718 156 924 stone
718 156 925 stone
718 156 926 stone
718 156 927 stone
718 156 928 stone
718 156 929 stone
718 156 930 stone
718 156 931 stone
718 156 932 stone
718 156 933 stone
718 156 934 stone
718 156 935 stone
718 156 936 stone
718 156 937 stone
718 156 938 stone
718 156 939 stone
718 156 940 stone
718 156 941 stone
718 156 942 stone
718 156 943 stone
718 156 944 stone
718 156 945 stone
718 156 946 stone
718 156 947 stone
718 156 948 stone
718 156 949 stone
718 156 950 stone
718 156 951 stone
718 156 952 stone
718 156 953 stone
718 156 954 stone
718 156 955 stone
718 156 956 stone
718 156 957 stone
718 156 958 stone
718 156 959 stone
718 156 960 stone
718 156 961 stone
718 156 962 stone
718 156 963 stone
718 156 964 stone
718 156 965 stone
718 156 966 stone
718 156 967 stone
718 156 968 stone
718 156 969 dirt
719 156 896 stone
719 156 897 stone
719 156 898 diorite
719 156 899 diorite
719 156 900 diorite
719 156 901 diorite
719 156 902 diorite
719 156 903 diorite
719 156 904 diorite
719 156 905 diorite
719 156 906 diorite
719 156 907 diorite
719 156 908 diorite
719 156 909 diorite
719 156 910 diorite
719 156 911 diorite
719 156 912 diorite
719 156 913 diorite
719 156 914 diorite
719 156 915 stone
719 156 916 stone
719 156 917 stone
719 156 918 stone
719 156 919 stone
719 156 920 stone
719 156 921 stone
719 156 922 stone
719 156 923 stone
719 156 924 stone
719 156 925 stone
719 156 926 stone
719 156 927 stone
719 156 928 stone
719 156 929 stone
719 156 930 stone
719 156 931 stone
719 156 932 stone
719 156 933 stone
719 156 934 stone
719 156 935 stone
719 156 936 stone
719 156 937 stone
719 156 938 stone
719 156 939 stone
719 156 940 stone
719 156 941 stone
719 156 942 stone
719 156 943 stone
719 156 944 stone
719 156 945 stone
719 156 946 stone
719 156 947 stone
719 156 948 stone
719 156 949 stone
719 156 950 stone
719 156 951 stone
719 156 952 stone
719 156 953 stone
719 156 954 stone
719 156 955 stone
719 156 956 stone
719 156 957 stone
719 156 958 stone
719 156 959 stone
719 156 960 stone
719 156 961 stone
719 156 962 stone
719 156 963 stone
719 156 964 stone
719 156 965 stone
719 156 966 stone
719 156 967 stone
719 156 968 dirt
720 156 896 stone
720 156 897 stone
720 156 898 stone
720 156 899 diorite
720 156 900 diorite
720 156 901 diorite
720 156 902 diorite
720 156 903 diorite
720 156 904 diorite
720 156 905 diorite
720 156 906 diorite
720 156 907 diorite
720 156 908 diorite
720 156 909 diorite
720 156 910 diorite
720 156 911 diorite
720 156 912 stone
720 156 913 stone
720 156 914 stone
720 156 915 stone
720 156 916 stone
720 156 917 stone
720 156 918 stone
720 156 919 stone
720 156 920 stone
720 156 921 stone
720 156 922 stone
720 156 923 stone
720 156 924 stone
720 156 925 stone
720 156 926 stone
720 156 927 stone
720 156 928 stone
720 156 929 stone
720 156 930 stone
720 156 931 stone
720 156 932 stone
720 156 933 stone
720 156 934 stone
720 156 935 stone
720 156 936 stone
720 156 937 stone
720 156 938 stone
720 156 939 stone
720 156 940 stone
720 156 941 stone
720 156 942 stone
720 156 943 stone
720 156 944 stone
720 156 945 stone
720 156 946 stone
720 156 947 stone
720 156 948 stone
720 156 949 stone
720 156 950 stone
720 156 951 stone
720 156 952 stone
720 156 953 stone
720 156 954 stone
720 156 955 stone
720 156 956 stone
720 156 957 stone
720 156 958 stone
720 156 959 stone
720 156 960 stone
720 156 961 stone
720 156 962 stone
720 156 963 stone
720 156 964 stone
720 156 965 coal_ore
720 156 966 coal_ore
720 156 967 stone
721 156 896 stone
721 156 897 stone
721 156 898 stone
721 156 899 stone
721 156 900 diorite
721 156 901 diorite
721 156 902 stone
721 156 903 diorite
721 156 904 diorite
721 156 905 diorite
721 156 906 diorite
721 156 907 diorite
721 156 908 diorite
721 156 909 diorite
721 156 910 diorite
721 156 911 stone
721 156 912 stone
721 156 913 stone
721 156 914 stone
721 156 915 stone
721 156 916 stone
721 156 917 stone
721 156 918 stone
721 156 919 stone
721 156 920 stone
721 156 921 stone
721 156 922 stone
721 156 923 stone
721 156 924 stone
721 156 925 stone
721 156 926 stone
721 156 927 stone
721 156 928 stone
721 156 929 stone
721 156 930 stone
721 156 931 stone
721 156 932 stone
721 156 933 stone
721 156 934 stone
721 156 935 stone
721 156 936 stone
721 156 937 stone
721 156 938 stone
721 156 939 stone
721 156 940 stone
721 156 941 stone
721 156 942 stone
721 156 943 stone
721 156 944 stone
721 156 945 stone
721 156 946 stone
721 156 947 stone
721 156 948 stone
721 156 949 stone
721 156 950 stone
721 156 951 stone
721 156 952 stone
721 156 953 stone
721 156 954 stone
721 156 955 stone
721 156 956 stone
721 156 957 stone
721 156 958 stone
721 156 959 stone
721 156 960 stone
721 156 961 stone
721 156 962 stone
721 156 963 stone
721 156 964 stone
721 156 965 coal_ore
721 156 966 coal_ore
721 156 967 dirt
721 156 1023 grass_block[snowy=false]
722 156 896 stone
722 156 897 stone
722 156 898 stone
722 156 899 stone
722 156 900 stone
722 156 901 stone
722 156 902 stone
722 156 903 stone
722 156 904 stone
722 156 905 stone
722 156 906 stone
722 156 907 stone
722 156 908 stone
722 156 909 stone
722 156 910 stone
722 156 911 stone
722 156 912 stone
722 156 913 stone
722 156 914 stone
722 156 915 stone
722 156 916 stone
722 156 917 stone
722 156 918 stone
722 156 919 stone
722 156 920 stone
722 156 921 stone
722 156 922 stone
722 156 923 stone
722 156 924 stone
722 156 925 stone
722 156 926 stone
722 156 927 stone
722 156 928 stone
722 156 929 stone
722 156 930 stone
722 156 931 stone
722 156 932 stone
722 156 933 stone
722 156 934 stone
722 156 935 stone
722 156 936 stone
722 156 937 stone
722 156 938 stone
722 156 939 stone
722 156 940 stone
722 156 941 stone
722 156 942 stone
722 156 943 stone
722 156 944 stone
722 156 945 stone
722 156 946 stone
722 156 947 stone
722 156 948 stone
722 156 949 stone
722 156 950 stone
722 156 951 stone
722 156 952 stone
722 156 953 stone
722 156 954 stone
722 156 955 stone
722 156 956 stone
722 156 957 stone
722 156 958 stone
722 156 959 stone
722 156 960 stone
722 156 961 stone
722 156 962 stone
722 156 963 stone
722 156 964 stone
722 156 965 stone
722 156 966 coal_ore
722 156 1023 dirt
723 156 896 stone
723 156 897 stone
723 156 898 stone
723 156 899 stone
723 156 900 stone
723 156 901 stone
723 156 902 stone
723 156 903 stone
723 156 904 stone
723 156 905 stone
723 156 906 stone
723 156 907 stone
723 156 908 stone
723 156 909 stone
723 156 910 stone
723 156 911 stone
723 156 912 stone
723 156 913 stone
723 156 914 stone
723 156 915 stone
723 156 916 stone
723 156 917 stone
723 156 918 stone
723 156 919 stone
723 156 920 stone
723 156 921 stone
723 156 922 stone
723 156 923 stone
723 156 924 stone
723 156 925 stone
723 156 926 stone
723 156 927 stone
723 156 928 stone
723 156 929 stone
723 156 930 stone
723 156 931 stone
723 156 932 stone
723 156 933 stone
723 156 934 stone
723 156 935 stone
723 156 936 stone
723 156 937 stone
723 156 938 stone
723 156 939 stone
723 156 940 stone
723 156 941 stone
723 156 942 stone
723 156 943 stone
723 156 944 stone
723 156 945 stone
723 156 946 stone
723 156 947 stone
723 156 948 stone
723 156 949 stone
723 156 950 stone
723 156 951 stone
723 156 952 stone
723 156 953 stone
723 156 954 stone
723 156 955 stone
723 156 956 stone
723 156 957 stone
723 156 958 stone
723 156 959 stone
723 156 960 stone
723 156 961 stone
723 156 962 stone
723 156 963 stone
723 156 964 stone
723 156 965 stone
723 156 966 stone
723 156 1022 dirt
723 156 1023 stone
724 156 896 stone
724 156 897 stone
724 156 898 stone
724 156 899 stone
724 156 900 stone
724 156 901 stone
724 156 902 stone
724 156 903 stone
724 156 904 stone
724 156 905 stone
724 156 906 stone
724 156 907 stone
724 156 908 stone
724 156 909 stone
724 156 910 stone
724 156 911 stone
724 156 912 stone
724 156 913 stone
724 156 914 stone
724 156 915 stone
724 156 916 stone
724 156 917 stone
724 156 918 stone
724 156 919 stone
724 156 920 stone
724 156 921 stone
724 156 922 stone
724 156 923 stone
724 156 924 stone
724 156 925 stone
724 156 926 stone
724 156 927 stone
724 156 928 stone
724 156 929 stone
724 156 930 stone
724 156 931 stone
724 156 932 stone
724 156 933 stone
724 156 934 stone
724 156 935 stone
724 156 936 stone
724 156 937 stone
724 156 938 stone
724 156 939 stone
724 156 940 stone
724 156 941 stone
724 156 942 stone
724 156 943 stone
724 156 944 stone
724 156 945 stone
724 156 946 stone
724 156 947 stone
724 156 948 stone
724 156 949 stone
724 156 950 stone
724 156 951 stone
724 156 952 stone
724 156 953 stone
724 156 954 stone
724 156 955 stone
724 156 956 stone
724 156 957 stone
724 156 958 stone
724 156 959 stone
724 156 960 stone
724 156 961 stone
724 156 962 stone
724 156 963 stone
724 156 964 stone
724 156 965 stone
724 156 966 stone
724 156 1021 grass_block[snowy=false]
724 156 1022 stone
724 156 1023 stone
725 156 896 stone
725 156 897 stone
725 156 898 stone
725 156 899 stone
725 156 900 stone
725 156 901 stone
725 156 902 stone
725 156 903 stone
725 156 904 stone
725 156 905 stone
725 156 906 stone
725 156 907 stone
725 156 908 stone
725 156 909 stone
725 156 910 stone
725 156 911 stone
725 156 912 stone
725 156 913 stone
725 156 914 stone
725 156 915 stone
725 156 916 stone
725 156 917 stone
725 156 918 stone
725 156 919 stone
725 156 920 stone
725 156 921 stone
725 156 922 stone
725 156 923 stone
725 156 924 stone
725 156 925 stone
725 156 926 stone
725 156 927 stone
725 156 928 stone
725 156 929 stone
725 156 930 stone
725 156 931 stone
725 156 932 stone
725 156 933 stone
725 156 934 stone
725 156 935 stone
725 156 936 stone
725 156 937 stone
725 156 938 stone
725 156 939 stone
725 156 940 stone
725 156 941 stone
725 156 942 stone
725 156 943 stone
725 156 944 stone
725 156 945 stone
725 156 946 stone
725 156 947 stone
725 156 948 stone
725 156 949 stone
725 156 950 stone
725 156 951 stone
725 156 952 stone
725 156 953 stone
725 156 954 stone
725 156 955 stone
725 156 956 stone
725 156 957 stone
725 156 958 stone
725 156 959 stone
725 156 960 stone
725 156 961 stone
725 156 962 stone
725 156 963 stone
725 156 964 stone
725 156 965 stone
725 156 966 stone
725 156 1021 dirt
725 156 1022 stone
725 156 1023 stone
726 156 896 stone
726 156 897 stone
726 156 898 stone
726 156 899 stone
726 156 900 stone
726 156 901 stone
726 156 902 stone
726 156 903 stone
726 156 904 stone
726 156 905 stone
726 156 906 stone
726 156 907 stone
726 156 908 stone
726 156 909 stone
726 156 910 stone
726 156 911 stone
726 156 912 stone
726 156 913 stone
726 156 914 stone
726 156 915 stone
726 156 916 stone
726 156 917 stone
726 156 918 stone
726 156 919 stone
726 156 920 stone
726 156 921 stone
726 156 922 stone
726 156 923 stone
726 156 924 stone
726 156 925 stone
726 156 926 stone
726 156 927 stone
726 156 928 stone
726 156 929 stone
726 156 930 stone
726 156 931 stone
726 156 932 stone
726 156 933 stone
726 156 934 stone
726 156 935 stone
726 156 936 stone
726 156 937 stone
726 156 938 stone
726 156 939 stone
726 156 940 stone
726 156 941 stone
726 156 942 stone
726 156 943 stone
726 156 944 stone
726 156 945 stone
726 156 946 stone
726 156 947 stone
726 156 948 stone
726 156 949 stone
726 156 950 stone
726 156 951 stone
726 156 952 stone
726 156 953 stone
726 156 954 stone
726 156 955 stone
726 156 956 stone
726 156 957 stone
726 156 958 stone
726 156 959 stone
726 156 960 stone
726 156 961 stone
726 156 962 stone
726 156 963 stone
726 156 964 stone
726 156 965 stone
726 156 966 stone
726 156 1021 stone
726 156 1022 stone
726 156 1023 stone
727 156 896 stone
727 156 897 stone
727 156 898 stone
727 156 899 stone
727 156 900 stone
727 156 901 stone
727 156 902 stone
727 156 903 stone
727 156 904 stone
727 156 905 stone
727 156 906 stone
727 156 907 stone
727 156 908 stone
727 156 909 stone
727 156 910 stone
727 156 911 stone
727 156 912 stone
727 156 913 stone
727 156 914 stone
727 156 915 stone
727 156 916 stone
727 156 917 stone
727 156 918 stone
727 156 919 stone
727 156 920 stone
727 156 921 stone
727 156 922 stone
727 156 923 stone
727 156 924 stone
727 156 925 stone
727 156 926 stone
727 156 927 stone
727 156 928 stone
727 156 929 stone
727 156 930 stone
727 156 931 stone
727 156 932 stone
727 156 933 stone
727 156 934 stone
727 156 935 stone
727 156 936 stone
727 156 937 stone
727 156 938 stone
727 156 939 stone
727 156 940 stone
727 156 941 stone
727 156 942 stone
727 156 943 stone
727 156 944 stone
727 156 945 stone
727 156 946 stone
727 156 947 stone
727 156 948 stone
727 156 949 stone
727 156 950 stone
727 156 951 stone
727 156 952 stone
727 156 953 stone
727 156 954 stone
727 156 955 stone
727 156 956 stone
727 156 957 stone
727 156 958 stone
727 156 959 stone
727 156 960 stone
727 156 961 stone
727 156 962 stone
727 156 963 stone
727 156 964 stone
727 156 965 stone
727 156 966 stone
727 156 967 stone
727 156 1020 dirt
727 156 1021 stone
727 156 1022 stone
727 156 1023 stone
728 156 896 stone
728 156 897 stone
728 156 898 stone
728 156 899 stone
728 156 900 stone
728 156 901 stone
728 156 902 stone
728 156 903 stone
728 156 904 stone
728 156 905 stone
728 156 906 stone
728 156 907 stone
728 156 908 stone
728 156 909 stone
728 156 910 stone
728 156 911 stone
728 156 912 stone
728 156 913 stone
728 156 914 stone
728 156 915 stone
728 156 916 stone
728 156 917 stone
728 156 918 stone
728 156 919 stone
728 156 920 stone
728 156 921 stone
728 156 922 stone
728 156 923 stone
728 156 924 stone
728 156 925 stone
728 156 926 stone
728 156 927 stone
728 156 928 stone
