746 143 920 stone
746 143 921 stone
746 143 922 stone
746 143 923 stone
746 143 924 stone
746 143 926 stone
746 143 927 stone
746 143 928 stone
746 143 929 stone
746 143 930 stone
746 143 931 stone
746 143 932 stone
746 143 933 stone
746 143 934 stone
746 143 935 stone
746 143 936 stone
746 143 937 stone
746 143 938 stone
746 143 939 stone
746 143 940 stone
746 143 941 stone
746 143 942 coal_ore
746 143 943 stone
746 143 944 stone
746 143 945 stone
746 143 946 stone
746 143 947 stone
746 143 948 stone
746 143 949 stone
746 143 950 stone
746 143 951 stone
746 143 952 stone
746 143 953 stone
746 143 954 stone
746 143 955 stone
746 143 956 stone
746 143 957 stone
746 143 958 stone
746 143 959 stone
746 143 960 stone
746 143 961 stone
746 143 962 coal_ore
746 143 963 dirt
746 143 964 grass_block[snowy=false]
746 143 988 dirt
746 143 989 dirt
746 143 990 stone
746 143 991 stone
746 143 992 stone
746 143 993 stone
746 143 994 dirt
746 143 995 dirt
746 143 996 stone
746 143 997 stone
746 143 998 stone
746 143 999 stone
746 143 1000 stone
746 143 1001 stone
746 143 1002 stone
746 143 1003 stone
746 143 1004 stone
746 143 1005 gravel
746 143 1006 gravel
746 143 1007 gravel
746 143 1008 gravel
746 143 1009 stone
746 143 1010 stone
746 143 1011 stone
746 143 1012 stone
746 143 1013 stone
746 143 1014 stone
746 143 1015 stone
746 143 1016 stone
746 143 1017 stone
746 143 1018 stone
746 143 1019 stone
746 143 1020 stone
746 143 1021 stone
746 143 1022 stone
746 143 1023 stone
747 143 898 stone
747 143 899 stone
747 143 900 stone
747 143 901 stone
747 143 902 stone
747 143 903 stone
747 143 904 stone
747 143 905 stone
747 143 906 stone
747 143 907 stone
747 143 908 stone
747 143 909 stone
747 143 910 stone
747 143 911 stone
747 143 912 stone
747 143 913 stone
747 143 914 stone
747 143 915 stone
747 143 916 stone
747 143 917 stone
747 143 918 stone
747 143 919 stone
747 143 920 stone
747 143 921 stone
747 143 922 stone
747 143 923 stone
747 143 924 stone
747 143 925 stone
747 143 926 stone
747 143 927 stone
747 143 928 stone
747 143 929 stone
747 143 930 stone
747 143 931 stone
747 143 932 stone
747 143 933 stone
747 143 934 stone
747 143 935 stone
747 143 936 stone
747 143 937 stone
747 143 938 stone
747 143 939 stone
747 143 940 stone
747 143 941 coal_ore
747 143 942 coal_ore
747 143 943 coal_ore
747 143 944 stone
747 143 945 stone
747 143 946 stone
747 143 947 stone
747 143 948 stone
747 143 949 stone
747 143 950 stone
747 143 951 stone
747 143 952 stone
747 143 953 stone
747 143 954 stone
747 143 955 stone
747 143 956 stone
747 143 957 stone
747 143 958 stone
747 143 959 stone
747 143 960 stone
747 143 961 stone
747 143 962 dirt
747 143 986 grass_block[snowy=false]
747 143 987 dirt
747 143 988 stone
747 143 989 stone
747 143 990 stone
747 143 991 stone
747 143 992 stone
747 143 993 stone
747 143 994 stone
747 143 995 dirt
747 143 996 stone
747 143 997 stone
747 143 998 stone
747 143 999 stone
747 143 1000 stone
747 143 1001 stone
747 143 1002 stone
747 143 1003 stone
747 143 1004 stone
747 143 1005 gravel
747 143 1006 gravel
747 143 1007 gravel
747 143 1008 gravel
747 143 1009 stone
747 143 1010 stone
747 143 1011 stone
747 143 1012 stone
747 143 1013 stone
747 143 1014 stone
747 143 1015 coal_ore
747 143 1016 stone
747 143 1017 stone
747 143 1018 stone
747 143 1019 stone
747 143 1020 stone
747 143 1021 stone
747 143 1022 stone
747 143 1023 stone
748 143 898 stone
748 143 899 stone
748 143 900 stone
748 143 901 stone
748 143 902 stone
748 143 903 stone
748 143 904 stone
748 143 905 stone
748 143 906 stone
748 143 907 stone
748 143 908 stone
748 143 909 stone
748 143 910 stone
748 143 911 stone
748 143 912 stone
748 143 913 stone
748 143 914 stone
748 143 915 stone
748 143 916 stone
748 143 917 stone
748 143 918 stone
748 143 919 stone
748 143 920 stone
748 143 921 stone
748 143 922 stone
748 143 923 stone
748 143 924 stone
748 143 925 stone
748 143 926 stone
748 143 927 stone
748 143 928 stone
748 143 929 stone
748 143 930 stone
748 143 931 stone
748 143 932 stone
748 143 933 stone
748 143 934 stone
748 143 935 stone
748 143 936 stone
748 143 937 stone
748 143 938 stone
748 143 939 stone
748 143 940 stone
748 143 941 coal_ore
748 143 942 coal_ore
748 143 943 stone
748 143 944 stone
748 143 945 stone
748 143 946 stone
748 143 947 stone
748 143 948 stone
748 143 949 stone
748 143 950 stone
748 143 951 stone
748 143 952 stone
748 143 953 stone
748 143 954 stone
748 143 955 stone
748 143 956 stone
748 143 957 stone
748 143 958 stone
748 143 959 stone
748 143 960 stone
748 143 961 stone
748 143 962 grass_block[snowy=false]
748 143 986 dirt
748 143 987 stone
748 143 988 stone
748 143 989 stone
748 143 990 stone
748 143 991 stone
748 143 992 stone
748 143 993 stone
748 143 994 dirt
748 143 995 dirt
748 143 996 stone
748 143 997 stone
748 143 998 stone
748 143 999 stone
748 143 1000 stone
748 143 1001 stone
748 143 1002 stone
748 143 1003 stone
748 143 1004 stone
748 143 1005 gravel
748 143 1006 gravel
748 143 1007 gravel
748 143 1008 gravel
748 143 1009 stone
748 143 1010 stone
748 143 1011 stone
748 143 1012 stone
748 143 1013 stone
748 143 1014 coal_ore
748 143 1015 coal_ore
748 143 1016 coal_ore
748 143 1017 stone
748 143 1018 stone
748 143 1019 stone
748 143 1020 stone
748 143 1021 stone
748 143 1022 stone
748 143 1023 stone
749 143 898 stone
749 143 899 stone
749 143 900 stone
749 143 901 stone
749 143 902 stone
749 143 903 stone
749 143 904 stone
749 143 905 stone
749 143 906 stone
749 143 907 stone
749 143 908 stone
749 143 909 stone
749 143 910 stone
749 143 911 stone
749 143 912 stone
749 143 913 stone
749 143 914 stone
749 143 915 stone
749 143 916 stone
749 143 917 stone
749 143 918 stone
749 143 919 stone
749 143 920 stone
749 143 921 stone
749 143 922 stone
749 143 923 stone
749 143 924 stone
749 143 925 stone
749 143 926 stone
749 143 927 stone
749 143 928 stone
749 143 929 stone
749 143 930 stone
749 143 931 stone
749 143 932 stone
749 143 933 stone
749 143 934 stone
749 143 935 stone
749 143 936 stone
749 143 937 stone
749 143 938 stone
749 143 939 stone
749 143 940 stone
749 143 941 coal_ore
749 143 942 coal_ore
749 143 943 stone
749 143 944 stone
749 143 945 stone
749 143 946 stone
749 143 947 stone
749 143 948 stone
749 143 949 stone
749 143 950 stone
749 143 951 stone
749 143 952 stone
749 143 953 stone
749 143 954 stone
749 143 955 stone
749 143 956 stone
749 143 957 stone
749 143 958 stone
749 143 959 stone
749 143 960 stone
749 143 961 stone
749 143 985 dirt
749 143 986 stone
749 143 987 stone
749 143 988 stone
749 143 989 stone
749 143 990 stone
749 143 991 stone
749 143 992 stone
749 143 993 stone
749 143 994 stone
749 143 995 stone
749 143 996 stone
749 143 997 stone
749 143 998 stone
749 143 999 stone
749 143 1000 stone
749 143 1001 stone
749 143 1002 stone
749 143 1003 stone
749 143 1004 stone
749 143 1005 gravel
749 143 1006 gravel
749 143 1007 gravel
749 143 1008 gravel
749 143 1009 stone
749 143 1010 stone
749 143 1011 stone
749 143 1012 stone
749 143 1013 stone
749 143 1014 stone
749 143 1015 coal_ore
749 143 1016 coal_ore
749 143 1017 stone
749 143 1018 stone
749 143 1019 stone
749 143 1020 stone
749 143 1021 stone
749 143 1022 stone
749 143 1023 stone
750 143 898 stone
750 143 899 stone
750 143 900 stone
750 143 901 stone
750 143 902 stone
750 143 903 stone
750 143 904 stone
750 143 905 stone
750 143 906 stone
750 143 907 stone
750 143 908 stone
750 143 909 stone
750 143 910 stone
750 143 911 stone
750 143 912 gravel
750 143 913 gravel
750 143 914 gravel
750 143 915 stone
750 143 916 stone
750 143 917 stone
750 143 918 stone
750 143 919 stone
750 143 920 stone
750 143 921 stone
750 143 922 stone
750 143 923 stone
750 143 924 stone
750 143 925 stone
750 143 926 dirt
750 143 927 stone
750 143 928 stone
750 143 929 stone
750 143 930 stone
750 143 931 stone
750 143 932 stone
750 143 933 stone
750 143 934 stone
750 143 935 stone
750 143 936 stone
750 143 937 stone
750 143 938 stone
750 143 939 stone
750 143 940 coal_ore
750 143 941 coal_ore
750 143 942 stone
750 143 943 stone
750 143 944 stone
750 143 945 stone
750 143 946 stone
750 143 947 stone
750 143 948 stone
750 143 949 stone
750 143 950 stone
750 143 951 stone
750 143 952 stone
750 143 953 stone
750 143 954 stone
750 143 955 stone
750 143 956 stone
750 143 957 stone
750 143 958 stone
750 143 959 stone
750 143 960 stone
750 143 961 dirt
750 143 984 grass_block[snowy=false]
750 143 985 stone
750 143 986 stone
750 143 987 stone
750 143 988 stone
750 143 989 stone
750 143 990 stone
750 143 991 stone
750 143 992 stone
750 143 993 stone
750 143 994 stone
750 143 995 stone
750 143 996 stone
750 143 997 stone
750 143 998 stone
750 143 999 stone
750 143 1000 stone
750 143 1001 stone
750 143 1002 stone
750 143 1003 stone
750 143 1004 stone
750 143 1005 gravel
750 143 1006 gravel
750 143 1007 gravel
750 143 1008 gravel
750 143 1009 stone
750 143 1010 stone
750 143 1011 stone
750 143 1012 stone
750 143 1013 stone
750 143 1014 stone
750 143 1015 coal_ore
750 143 1016 coal_ore
750 143 1017 stone
750 143 1018 stone
750 143 1019 stone
750 143 1020 stone
750 143 1021 stone
750 143 1022 stone
750 143 1023 stone
751 143 896 stone
751 143 897 stone
751 143 898 stone
751 143 899 stone
751 143 900 stone
751 143 901 stone
751 143 902 stone
751 143 903 stone
751 143 904 stone
751 143 905 stone
751 143 906 stone
751 143 907 stone
751 143 908 stone
751 143 909 stone
751 143 910 stone
751 143 911 stone
751 143 912 gravel
751 143 913 gravel
751 143 914 gravel
751 143 915 gravel
751 143 916 gravel
751 143 917 stone
751 143 918 stone
751 143 919 stone
751 143 920 stone
751 143 921 stone
751 143 922 stone
751 143 923 stone
751 143 924 stone
751 143 925 dirt
751 143 926 dirt
751 143 927 stone
751 143 928 stone
751 143 929 stone
751 143 930 stone
751 143 931 stone
751 143 932 stone
751 143 933 stone
751 143 934 stone
751 143 935 stone
751 143 936 stone
751 143 937 stone
751 143 938 stone
751 143 939 stone
751 143 940 stone
751 143 941 coal_ore
751 143 942 stone
751 143 943 stone
751 143 944 stone
751 143 945 stone
751 143 946 stone
751 143 947 stone
751 143 948 stone
751 143 949 stone
751 143 950 stone
751 143 951 stone
751 143 952 stone
751 143 953 stone
751 143 954 stone
751 143 955 stone
751 143 956 stone
751 143 957 stone
751 143 958 stone
751 143 959 dirt
751 143 960 dirt
751 143 983 grass_block[snowy=false]
751 143 984 dirt
751 143 985 stone
751 143 986 stone
751 143 987 stone
751 143 988 stone
751 143 989 stone
751 143 990 stone
751 143 991 stone
751 143 992 stone
751 143 993 stone
751 143 994 stone
751 143 995 stone
751 143 996 stone
751 143 997 stone
751 143 998 stone
751 143 999 stone
751 143 1000 stone
751 143 1001 stone
751 143 1002 stone
751 143 1003 stone
751 143 1004 stone
751 143 1005 gravel
751 143 1006 gravel
751 143 1007 gravel
751 143 1008 stone
751 143 1009 stone
751 143 1010 stone
751 143 1011 stone
751 143 1012 stone
751 143 1013 stone
751 143 1014 stone
751 143 1015 coal_ore
751 143 1016 coal_ore
751 143 1017 stone
751 143 1018 stone
751 143 1019 stone
751 143 1020 stone
751 143 1021 stone
751 143 1022 stone
751 143 1023 stone
752 143 896 stone
752 143 897 stone
752 143 898 stone
752 143 899 stone
752 143 900 stone
752 143 901 stone
752 143 902 stone
752 143 903 stone
752 143 904 stone
752 143 905 stone
752 143 906 stone
752 143 907 stone
752 143 908 stone
752 143 909 stone
752 143 910 stone
752 143 911 stone
752 143 912 gravel
752 143 913 gravel
752 143 914 gravel
752 143 915 gravel
752 143 916 gravel
752 143 917 gravel
752 143 918 stone
752 143 919 stone
752 143 920 stone
752 143 921 stone
752 143 922 stone
752 143 923 stone
752 143 924 stone
752 143 925 stone
752 143 926 stone
752 143 927 stone
752 143 928 stone
752 143 929 stone
752 143 930 stone
752 143 931 stone
752 143 932 stone
752 143 933 stone
752 143 934 stone
752 143 935 stone
752 143 936 stone
752 143 937 stone
752 143 938 stone
752 143 939 stone
752 143 940 stone
752 143 941 stone
752 143 942 stone
752 143 943 stone
752 143 944 stone
752 143 945 stone
752 143 946 stone
752 143 947 stone
752 143 948 stone
752 143 949 stone
752 143 950 stone
752 143 951 stone
752 143 952 stone
752 143 953 stone
752 143 954 stone
752 143 955 stone
752 143 956 stone
752 143 957 stone
752 143 958 dirt
752 143 959 dirt
752 143 982 grass_block[snowy=false]
752 143 983 dirt
752 143 984 stone
752 143 985 stone
752 143 986 stone
752 143 987 stone
752 143 988 stone
752 143 989 stone
752 143 990 stone
752 143 991 stone
752 143 993 stone
752 143 994 stone
752 143 995 stone
752 143 996 stone
752 143 997 stone
752 143 998 stone
752 143 999 stone
752 143 1000 stone
752 143 1001 stone
752 143 1002 stone
752 143 1003 stone
752 143 1004 stone
752 143 1005 gravel
752 143 1006 gravel
752 143 1007 gravel
752 143 1008 stone
752 143 1009 stone
752 143 1010 stone
752 143 1011 stone
752 143 1012 stone
752 143 1013 stone
752 143 1014 stone
752 143 1015 stone
752 143 1016 stone
752 143 1017 stone
752 143 1018 stone
752 143 1019 stone
752 143 1020 stone
752 143 1021 stone
752 143 1022 stone
752 143 1023 stone
753 143 896 stone
753 143 897 stone
753 143 898 stone
753 143 899 stone
753 143 900 stone
753 143 901 stone
753 143 902 stone
753 143 903 stone
753 143 904 stone
753 143 905 stone
753 143 906 stone
753 143 907 stone
753 143 908 stone
753 143 909 stone
753 143 910 stone
753 143 911 stone
753 143 912 stone
753 143 913 gravel
753 143 914 gravel
753 143 915 gravel
753 143 916 gravel
753 143 917 gravel
753 143 918 stone
753 143 919 stone
753 143 920 stone
753 143 921 stone
753 143 922 stone
753 143 923 stone
753 143 924 stone
753 143 925 stone
753 143 926 stone
753 143 927 stone
753 143 928 stone
753 143 929 stone
753 143 930 stone
753 143 931 stone
753 143 932 stone
753 143 933 stone
753 143 934 stone
753 143 935 stone
753 143 936 stone
753 143 937 stone
753 143 938 stone
753 143 939 stone
753 143 940 stone
753 143 941 stone
753 143 942 stone
753 143 943 stone
753 143 944 stone
753 143 945 stone
753 143 946 stone
753 143 947 stone
753 143 948 stone
753 143 949 stone
753 143 950 stone
753 143 951 stone
753 143 952 stone
753 143 953 stone
753 143 954 stone
753 143 955 stone
753 143 956 stone
753 143 957 dirt
753 143 982 dirt
753 143 983 stone
753 143 984 stone
753 143 985 stone
753 143 986 stone
753 143 987 stone
753 143 988 stone
753 143 989 stone
753 143 990 stone
753 143 991 stone
753 143 995 stone
753 143 996 stone
753 143 997 stone
753 143 998 stone
753 143 999 stone
753 143 1000 stone
753 143 1001 stone
753 143 1002 stone
753 143 1003 stone
753 143 1004 stone
753 143 1005 stone
753 143 1006 stone
753 143 1007 stone
753 143 1008 stone
753 143 1009 stone
753 143 1010 stone
753 143 1011 stone
753 143 1012 stone
753 143 1013 stone
753 143 1014 stone
753 143 1015 stone
753 143 1016 stone
753 143 1017 stone
753 143 1018 stone
753 143 1019 stone
753 143 1020 stone
753 143 1021 stone
753 143 1022 stone
753 143 1023 stone
754 143 896 stone
754 143 897 stone
754 143 898 stone
754 143 899 stone
754 143 900 stone
754 143 901 stone
754 143 902 stone
754 143 903 stone
754 143 904 stone
754 143 905 stone
754 143 906 stone
754 143 907 stone
754 143 908 stone
754 143 909 stone
754 143 910 stone
754 143 911 stone
754 143 912 stone
754 143 913 gravel
754 143 914 gravel
754 143 915 gravel
754 143 916 gravel
754 143 917 gravel
754 143 918 stone
754 143 919 stone
754 143 920 stone
754 143 921 stone
754 143 922 stone
754 143 923 stone
754 143 924 stone
754 143 925 stone
754 143 926 stone
754 143 927 stone
754 143 928 stone
754 143 929 stone
754 143 930 stone
754 143 931 stone
754 143 932 stone
754 143 933 stone
754 143 934 stone
754 143 935 stone
754 143 936 stone
754 143 937 stone
754 143 938 stone
754 143 939 stone
754 143 940 stone
754 143 941 stone
754 143 942 stone
754 143 943 stone
754 143 944 stone
754 143 945 stone
754 143 946 stone
754 143 947 stone
754 143 948 stone
754 143 949 stone
754 143 950 stone
754 143 951 stone
754 143 952 stone
754 143 953 stone
754 143 954 stone
754 143 955 stone
754 143 956 stone
754 143 957 dirt
754 143 981 dirt
754 143 982 stone
754 143 983 stone
754 143 984 stone
754 143 985 stone
754 143 986 stone
754 143 987 stone
754 143 988 stone
754 143 989 stone
754 143 990 stone
754 143 991 stone
754 143 996 stone
754 143 997 stone
754 143 998 stone
754 143 999 stone
754 143 1000 stone
754 143 1001 stone
754 143 1002 stone
754 143 1003 stone
754 143 1004 stone
754 143 1005 stone
754 143 1006 stone
754 143 1007 stone
754 143 1008 stone
754 143 1009 stone
754 143 1010 stone
754 143 1011 stone
754 143 1012 stone
754 143 1013 stone
754 143 1014 stone
754 143 1015 stone
754 143 1016 stone
754 143 1017 stone
754 143 1018 stone
754 143 1019 stone
754 143 1020 stone
754 143 1021 stone
754 143 1022 stone
754 143 1023 stone
755 143 896 stone
755 143 897 stone
755 143 898 stone
755 143 899 stone
755 143 900 stone
755 143 901 stone
755 143 902 stone
755 143 903 stone
755 143 904 stone
755 143 905 stone
755 143 906 stone
755 143 907 stone
755 143 908 stone
755 143 909 stone
755 143 910 stone
755 143 911 stone
755 143 912 stone
755 143 913 stone
755 143 914 gravel
755 143 915 gravel
755 143 916 gravel
755 143 917 gravel
755 143 918 gravel
755 143 919 stone
755 143 920 stone
755 143 921 stone
755 143 922 stone
755 143 923 stone
755 143 924 stone
755 143 925 stone
755 143 926 stone
755 143 927 stone
755 143 928 stone
755 143 929 stone
755 143 930 stone
755 143 931 stone
755 143 932 stone
755 143 933 stone
755 143 934 stone
755 143 935 stone
755 143 936 stone
755 143 937 stone
755 143 938 stone
755 143 939 stone
755 143 940 stone
755 143 941 stone
755 143 942 stone
755 143 943 stone
755 143 944 stone
755 143 945 stone
755 143 946 stone
755 143 947 stone
755 143 948 stone
755 143 949 stone
755 143 950 stone
755 143 951 stone
755 143 952 stone
755 143 953 stone
755 143 954 stone
755 143 955 stone
755 143 956 stone
755 143 980 grass_block[snowy=false]
755 143 981 stone
755 143 982 stone
755 143 983 stone
755 143 984 stone
755 143 985 stone
755 143 986 stone
755 143 987 stone
755 143 988 stone
755 143 989 stone
755 143 990 stone
755 143 991 stone
755 143 997 stone
755 143 998 stone
755 143 999 stone
755 143 1000 stone
755 143 1001 stone
755 143 1002 stone
755 143 1003 stone
755 143 1004 stone
755 143 1005 stone
755 143 1006 stone
755 143 1007 stone
755 143 1008 stone
755 143 1009 stone
755 143 1010 stone
755 143 1011 stone
755 143 1012 stone
755 143 1013 stone
755 143 1014 stone
755 143 1015 stone
755 143 1016 stone
755 143 1017 stone
755 143 1018 stone
755 143 1019 stone
755 143 1020 stone
755 143 1021 stone
755 143 1022 stone
755 143 1023 stone
756 143 896 stone
756 143 897 stone
756 143 898 stone
756 143 899 stone
756 143 900 stone
756 143 901 stone
756 143 902 stone
756 143 903 stone
756 143 904 stone
756 143 905 stone
756 143 906 stone
756 143 907 stone
756 143 908 stone
756 143 909 stone
756 143 910 stone
756 143 911 stone
756 143 912 stone
756 143 913 stone
756 143 914 stone
756 143 915 stone
756 143 916 stone
756 143 917 gravel
756 143 918 gravel
756 143 919 stone
756 143 920 stone
756 143 921 stone
756 143 922 stone
756 143 923 stone
756 143 924 stone
756 143 925 stone
756 143 926 stone
756 143 927 stone
756 143 928 stone
756 143 929 stone
756 143 930 stone
756 143 931 stone
756 143 932 stone
756 143 933 stone
756 143 934 stone
756 143 935 stone
756 143 936 stone
756 143 937 stone
756 143 938 stone
756 143 939 stone
756 143 940 stone
756 143 941 stone
756 143 942 stone
756 143 943 stone
756 143 944 stone
756 143 945 stone
756 143 946 stone
756 143 947 stone
756 143 948 stone
756 143 949 stone
756 143 950 stone
756 143 951 stone
756 143 952 stone
756 143 953 stone
756 143 954 stone
756 143 955 dirt
756 143 956 dirt
756 143 980 stone
756 143 981 stone
756 143 982 stone
756 143 983 stone
756 143 984 stone
756 143 985 stone
756 143 986 stone
756 143 987 stone
756 143 988 stone
756 143 989 stone
756 143 990 stone
756 143 998 stone
756 143 999 stone
756 143 1000 stone
756 143 1001 stone
756 143 1002 stone
756 143 1003 stone
756 143 1004 stone
756 143 1005 stone
756 143 1006 stone
756 143 1007 stone
756 143 1008 stone
756 143 1009 stone
756 143 1010 stone
756 143 1011 stone
756 143 1012 stone
756 143 1013 stone
756 143 1014 stone
756 143 1015 stone
756 143 1016 stone
756 143 1017 stone
756 143 1018 stone
756 143 1019 stone
756 143 1020 stone
756 143 1021 stone
756 143 1022 stone
756 143 1023 stone
757 143 896 stone
757 143 897 stone
757 143 898 stone
757 143 899 stone
757 143 900 stone
757 143 901 stone
