727 148 901 stone
727 148 902 stone
727 148 903 stone
727 148 904 stone
727 148 905 stone
727 148 906 stone
727 148 907 stone
727 148 908 stone
727 148 909 stone
727 148 910 stone
727 148 911 stone
727 148 912 stone
727 148 913 stone
727 148 914 stone
727 148 915 stone
727 148 916 stone
727 148 917 stone
727 148 918 stone
727 148 919 stone
727 148 920 stone
727 148 921 stone
727 148 922 stone
727 148 923 stone
727 148 924 stone
727 148 925 stone
727 148 926 stone
727 148 927 stone
727 148 928 stone
727 148 929 stone
727 148 930 stone
727 148 931 stone
727 148 932 stone
727 148 933 stone
727 148 934 stone
727 148 935 stone
727 148 936 stone
727 148 937 stone
727 148 938 stone
727 148 939 stone
727 148 940 stone
727 148 941 stone
727 148 942 stone
727 148 943 stone
727 148 944 stone
727 148 945 stone
727 148 946 stone
727 148 947 stone
727 148 948 stone
727 148 949 stone
727 148 950 stone
727 148 951 stone
727 148 952 stone
727 148 953 stone
727 148 954 stone
727 148 955 stone
727 148 956 stone
727 148 957 stone
727 148 958 stone
727 148 959 stone
727 148 960 stone
727 148 961 stone
727 148 962 stone
727 148 963 stone
727 148 964 stone
727 148 965 stone
727 148 966 stone
727 148 967 stone
727 148 968 stone
727 148 969 dirt
727 148 970 grass_block[snowy=false]
727 148 1018 dirt
727 148 1019 stone
727 148 1020 stone
727 148 1021 stone
727 148 1022 stone
727 148 1023 stone
728 148 896 stone
728 148 897 stone
728 148 898 stone
728 148 899 stone
728 148 900 stone
728 148 901 stone
728 148 902 stone
728 148 903 stone
728 148 904 stone
728 148 905 stone
728 148 906 stone
728 148 907 stone
728 148 908 stone
728 148 909 stone
728 148 910 stone
728 148 911 stone
728 148 912 stone
728 148 913 stone
728 148 914 stone
728 148 915 stone
728 148 916 stone
728 148 917 stone
728 148 918 stone
728 148 919 stone
728 148 920 stone
728 148 921 stone
728 148 922 stone
728 148 923 stone
728 148 924 stone
728 148 925 stone
728 148 926 stone
728 148 927 stone
728 148 928 stone
728 148 929 stone
728 148 930 stone
728 148 931 stone
728 148 932 stone
728 148 933 stone
728 148 934 stone
728 148 935 stone
728 148 936 stone
728 148 937 stone
728 148 938 stone
728 148 939 stone
728 148 940 stone
728 148 941 stone
728 148 942 stone
728 148 943 stone
728 148 944 stone
728 148 945 stone
728 148 946 stone
728 148 947 stone
728 148 948 stone
728 148 949 stone
728 148 950 stone
728 148 951 stone
728 148 952 stone
728 148 953 stone
728 148 954 stone
728 148 955 stone
728 148 956 stone
728 148 957 stone
728 148 958 stone
728 148 959 stone
728 148 960 stone
728 148 961 stone
728 148 962 stone
728 148 963 stone
728 148 964 stone
728 148 965 stone
728 148 966 stone
728 148 967 stone
728 148 968 stone
728 148 969 dirt
728 148 970 dirt
728 148 1018 dirt
728 148 1019 stone
728 148 1020 stone
728 148 1021 stone
728 148 1022 stone
728 148 1023 stone
729 148 896 stone
729 148 897 stone
729 148 898 stone
729 148 899 stone
729 148 900 stone
729 148 901 stone
729 148 902 stone
729 148 903 stone
729 148 904 stone
729 148 905 stone
729 148 906 stone
729 148 907 stone
729 148 908 stone
729 148 909 stone
729 148 910 stone
729 148 911 stone
729 148 912 stone
729 148 913 stone
729 148 914 stone
729 148 915 stone
729 148 916 stone
729 148 917 stone
729 148 918 stone
729 148 919 stone
729 148 920 stone
729 148 921 stone
729 148 922 stone
729 148 923 stone
729 148 924 stone
729 148 925 stone
729 148 926 stone
729 148 927 stone
729 148 928 stone
729 148 929 stone
729 148 930 stone
729 148 931 stone
729 148 932 stone
729 148 933 stone
729 148 934 stone
729 148 935 stone
729 148 936 stone
729 148 937 stone
729 148 938 stone
729 148 939 stone
729 148 940 stone
729 148 941 stone
729 148 942 stone
729 148 943 stone
729 148 944 stone
729 148 945 stone
729 148 946 stone
729 148 947 stone
729 148 948 stone
729 148 949 stone
729 148 950 stone
729 148 951 stone
729 148 952 stone
729 148 953 stone
729 148 954 stone
729 148 955 stone
729 148 956 stone
729 148 957 stone
729 148 958 stone
729 148 959 stone
729 148 960 stone
729 148 961 stone
729 148 962 stone
729 148 963 stone
729 148 964 stone
729 148 965 stone
729 148 966 stone
729 148 967 stone
729 148 968 stone
729 148 969 stone
729 148 970 dirt
729 148 971 dirt
729 148 972 dirt
729 148 973 grass_block[snowy=false]
729 148 1017 grass_block[snowy=false]
729 148 1018 dirt
729 148 1019 dirt
729 148 1020 stone
729 148 1021 stone
729 148 1022 stone
729 148 1023 stone
730 148 896 stone
730 148 897 stone
730 148 898 stone
730 148 899 stone
730 148 900 stone
730 148 901 stone
730 148 902 stone
730 148 903 stone
730 148 904 stone
730 148 905 stone
730 148 906 stone
730 148 907 stone
730 148 908 stone
730 148 909 stone
730 148 910 stone
730 148 911 stone
730 148 912 stone
730 148 913 stone
730 148 914 stone
730 148 915 stone
730 148 916 stone
730 148 917 stone
730 148 918 stone
730 148 919 stone
730 148 920 stone
730 148 921 stone
730 148 922 stone
730 148 923 stone
730 148 924 stone
730 148 925 stone
730 148 926 stone
730 148 927 stone
730 148 928 stone
730 148 929 stone
730 148 930 stone
730 148 931 stone
730 148 932 stone
730 148 933 stone
730 148 934 stone
730 148 935 stone
730 148 936 stone
730 148 937 stone
730 148 938 stone
730 148 939 stone
730 148 940 stone
730 148 941 stone
730 148 942 stone
730 148 943 stone
730 148 944 stone
730 148 945 stone
730 148 946 stone
730 148 947 stone
730 148 948 stone
730 148 949 stone
730 148 950 stone
730 148 951 stone
730 148 952 stone
730 148 953 stone
730 148 954 stone
730 148 955 stone
730 148 956 stone
730 148 957 stone
730 148 958 stone
730 148 959 stone
730 148 960 stone
730 148 961 stone
730 148 962 stone
730 148 963 stone
730 148 964 stone
730 148 965 stone
730 148 966 stone
730 148 967 stone
730 148 968 stone
730 148 969 stone
730 148 970 stone
730 148 971 dirt
730 148 972 dirt
730 148 973 dirt
730 148 974 dirt
730 148 975 short_grass
730 148 1017 dirt
730 148 1018 dirt
730 148 1019 dirt
730 148 1020 stone
730 148 1021 stone
730 148 1022 stone
730 148 1023 stone
731 148 896 stone
731 148 897 stone
731 148 898 stone
731 148 899 copper_ore
731 148 900 copper_ore
731 148 901 stone
731 148 902 stone
731 148 903 stone
731 148 904 stone
731 148 905 stone
731 148 906 stone
731 148 907 stone
731 148 908 stone
731 148 909 stone
731 148 910 stone
731 148 911 stone
731 148 912 stone
731 148 913 stone
731 148 914 stone
731 148 915 stone
731 148 916 stone
731 148 917 stone
731 148 918 stone
731 148 919 stone
731 148 920 stone
731 148 921 stone
731 148 922 stone
731 148 923 stone
731 148 924 stone
731 148 925 stone
731 148 926 stone
731 148 927 stone
731 148 928 stone
731 148 929 stone
731 148 930 stone
731 148 931 stone
731 148 932 stone
731 148 933 stone
731 148 934 stone
731 148 935 stone
731 148 936 stone
731 148 937 stone
731 148 938 stone
731 148 939 stone
731 148 940 stone
731 148 941 stone
731 148 942 stone
731 148 943 stone
731 148 944 stone
731 148 945 stone
731 148 946 stone
731 148 947 stone
731 148 948 stone
731 148 949 stone
731 148 950 stone
731 148 951 stone
731 148 952 stone
731 148 953 stone
731 148 954 stone
731 148 955 stone
731 148 956 stone
731 148 957 stone
731 148 958 stone
731 148 959 stone
731 148 960 stone
731 148 961 stone
731 148 962 stone
731 148 963 stone
731 148 964 stone
731 148 965 stone
731 148 966 stone
731 148 967 stone
731 148 968 stone
731 148 969 stone
731 148 970 stone
731 148 971 stone
731 148 972 stone
731 148 973 dirt
731 148 974 dirt
731 148 975 grass_block[snowy=false]
731 148 1015 grass_block[snowy=false]
731 148 1016 dirt
731 148 1017 dirt
731 148 1018 dirt
731 148 1019 dirt
731 148 1020 dirt
731 148 1021 stone
731 148 1022 stone
731 148 1023 stone
732 148 896 stone
732 148 897 stone
732 148 898 stone
732 148 899 stone
732 148 900 stone
732 148 901 stone
732 148 902 stone
732 148 903 stone
732 148 904 stone
732 148 905 stone
732 148 906 stone
732 148 907 stone
732 148 908 stone
732 148 909 stone
732 148 910 stone
732 148 911 stone
732 148 912 stone
732 148 913 stone
732 148 914 stone
732 148 915 stone
732 148 916 stone
732 148 917 stone
732 148 918 stone
732 148 919 stone
732 148 920 stone
732 148 921 stone
732 148 922 stone
732 148 923 stone
732 148 924 stone
732 148 925 stone
732 148 926 stone
732 148 927 stone
732 148 928 stone
732 148 929 stone
732 148 930 stone
732 148 931 stone
732 148 932 stone
732 148 933 stone
732 148 934 stone
732 148 935 stone
732 148 936 stone
732 148 937 stone
732 148 938 stone
732 148 939 stone
732 148 940 stone
732 148 941 stone
732 148 942 stone
732 148 943 stone
732 148 944 stone
732 148 945 stone
732 148 946 stone
732 148 947 stone
732 148 948 stone
732 148 949 stone
732 148 950 stone
732 148 951 stone
732 148 952 stone
732 148 953 stone
732 148 954 stone
732 148 955 stone
732 148 956 stone
732 148 957 stone
732 148 958 stone
732 148 959 stone
732 148 960 stone
732 148 961 stone
732 148 962 stone
732 148 963 stone
732 148 964 stone
732 148 965 stone
732 148 966 stone
732 148 967 stone
732 148 968 stone
732 148 969 stone
732 148 970 stone
732 148 971 stone
732 148 972 stone
732 148 973 stone
732 148 974 dirt
732 148 975 dirt
732 148 976 dirt
732 148 1014 dirt
732 148 1015 stone
732 148 1016 stone
732 148 1017 dirt
732 148 1018 dirt
732 148 1019 dirt
732 148 1020 dirt
732 148 1021 stone
732 148 1022 stone
732 148 1023 stone
733 148 896 stone
733 148 897 stone
733 148 898 stone
733 148 899 coal_ore
733 148 900 stone
733 148 901 stone
733 148 902 stone
733 148 903 stone
733 148 904 stone
733 148 905 stone
733 148 906 stone
733 148 907 stone
733 148 908 stone
733 148 909 stone
733 148 910 stone
733 148 911 stone
733 148 912 stone
733 148 913 stone
733 148 914 stone
733 148 915 stone
733 148 916 stone
733 148 917 stone
733 148 918 stone
733 148 919 stone
733 148 920 stone
733 148 921 stone
733 148 922 stone
733 148 923 stone
733 148 924 stone
733 148 925 stone
733 148 926 stone
733 148 927 stone
733 148 928 stone
733 148 929 stone
733 148 930 stone
733 148 931 stone
733 148 932 stone
733 148 933 stone
733 148 934 stone
733 148 935 stone
733 148 936 stone
733 148 937 stone
733 148 938 stone
733 148 939 stone
733 148 940 stone
733 148 941 stone
733 148 942 stone
733 148 943 stone
733 148 944 stone
733 148 945 stone
733 148 946 stone
733 148 947 stone
733 148 948 stone
733 148 949 stone
733 148 950 stone
733 148 951 stone
733 148 952 stone
733 148 953 stone
733 148 954 stone
733 148 955 stone
733 148 956 stone
733 148 957 stone
733 148 958 stone
733 148 959 stone
733 148 960 stone
733 148 961 stone
733 148 962 stone
733 148 963 stone
733 148 964 stone
733 148 965 stone
733 148 966 stone
733 148 967 stone
733 148 968 stone
733 148 969 stone
733 148 970 stone
733 148 971 stone
733 148 972 stone
733 148 973 stone
733 148 974 stone
733 148 975 stone
733 148 976 dirt
733 148 977 grass_block[snowy=false]
733 148 1013 dirt
733 148 1014 stone
733 148 1015 stone
733 148 1016 stone
733 148 1017 stone
733 148 1018 dirt
733 148 1019 dirt
733 148 1020 stone
733 148 1021 stone
733 148 1022 stone
733 148 1023 stone
734 148 896 coal_ore
734 148 897 coal_ore
734 148 898 coal_ore
734 148 899 coal_ore
734 148 900 coal_ore
734 148 901 stone
734 148 902 stone
734 148 903 stone
734 148 904 stone
734 148 905 stone
734 148 906 stone
734 148 907 stone
734 148 908 stone
734 148 909 stone
734 148 910 stone
734 148 911 stone
734 148 912 stone
734 148 913 stone
734 148 914 stone
734 148 915 stone
734 148 916 stone
734 148 917 stone
734 148 918 stone
734 148 919 stone
734 148 920 stone
734 148 921 stone
734 148 922 stone
734 148 923 stone
734 148 924 stone
734 148 925 stone
734 148 926 stone
734 148 927 stone
734 148 928 stone
734 148 929 stone
734 148 930 stone
734 148 931 stone
734 148 932 stone
734 148 933 stone
734 148 934 stone
734 148 935 stone
734 148 936 stone
734 148 937 stone
734 148 938 stone
734 148 939 dirt
734 148 940 dirt
734 148 941 dirt
734 148 942 stone
734 148 943 stone
734 148 944 stone
734 148 945 stone
734 148 946 stone
734 148 947 stone
734 148 948 stone
734 148 949 stone
734 148 950 stone
734 148 951 stone
734 148 952 stone
734 148 953 stone
734 148 954 stone
734 148 955 stone
734 148 956 stone
734 148 957 stone
734 148 958 stone
734 148 959 stone
734 148 960 stone
734 148 961 stone
734 148 962 stone
734 148 963 stone
734 148 964 stone
734 148 965 stone
734 148 966 stone
734 148 967 stone
734 148 968 stone
734 148 969 stone
734 148 970 stone
734 148 971 stone
734 148 972 stone
734 148 973 stone
734 148 974 stone
734 148 975 stone
734 148 976 stone
734 148 977 dirt
734 148 1012 dirt
734 148 1013 stone
734 148 1014 stone
734 148 1015 stone
734 148 1016 stone
734 148 1017 stone
734 148 1018 stone
734 148 1019 stone
734 148 1020 stone
734 148 1021 stone
734 148 1022 stone
734 148 1023 stone
735 148 896 coal_ore
735 148 897 coal_ore
735 148 898 coal_ore
735 148 899 stone
735 148 900 stone
735 148 901 stone
735 148 902 stone
735 148 903 stone
735 148 904 stone
735 148 905 stone
735 148 906 stone
735 148 907 stone
735 148 908 stone
735 148 909 stone
735 148 910 stone
735 148 911 stone
735 148 912 stone
735 148 913 stone
735 148 914 stone
735 148 915 stone
735 148 916 stone
735 148 917 stone
735 148 918 stone
735 148 919 stone
735 148 920 stone
735 148 921 stone
735 148 922 stone
735 148 923 stone
735 148 924 stone
735 148 925 stone
735 148 926 stone
735 148 927 stone
735 148 928 stone
735 148 929 stone
735 148 930 stone
735 148 931 stone
735 148 932 stone
735 148 933 stone
735 148 934 stone
735 148 935 stone
735 148 936 dirt
735 148 937 dirt
735 148 938 dirt
735 148 939 dirt
735 148 940 dirt
735 148 941 dirt
735 148 942 stone
735 148 943 stone
735 148 944 stone
735 148 945 stone
735 148 946 stone
735 148 947 stone
735 148 948 stone
735 148 949 stone
735 148 950 stone
735 148 951 stone
735 148 952 stone
735 148 953 stone
735 148 954 stone
735 148 955 stone
735 148 956 copper_ore
735 148 957 stone
735 148 958 stone
735 148 959 stone
735 148 960 stone
735 148 961 stone
735 148 962 stone
735 148 963 stone
735 148 964 stone
735 148 965 stone
735 148 966 stone
735 148 967 stone
735 148 968 stone
735 148 969 stone
735 148 970 stone
735 148 971 stone
735 148 972 stone
735 148 973 stone
735 148 974 stone
735 148 975 stone
735 148 976 dirt
735 148 977 grass_block[snowy=false]
735 148 1011 dirt
735 148 1012 stone
735 148 1013 stone
735 148 1014 stone
735 148 1015 stone
735 148 1016 stone
735 148 1017 stone
735 148 1018 stone
735 148 1019 stone
735 148 1020 stone
735 148 1021 stone
735 148 1022 stone
735 148 1023 stone
736 148 896 stone
736 148 897 coal_ore
736 148 898 stone
736 148 899 stone
736 148 900 stone
736 148 901 stone
736 148 902 stone
736 148 903 stone
736 148 904 stone
736 148 905 stone
736 148 906 stone
736 148 907 stone
736 148 908 stone
736 148 909 stone
736 148 910 stone
736 148 911 stone
736 148 912 stone
736 148 913 stone
736 148 914 stone
736 148 915 stone
736 148 916 stone
736 148 917 stone
736 148 918 stone
736 148 919 stone
736 148 920 stone
736 148 921 stone
736 148 922 stone
736 148 923 stone
736 148 924 stone
736 148 925 stone
736 148 926 stone
736 148 927 stone
736 148 928 stone
736 148 929 stone
736 148 930 stone
736 148 931 stone
736 148 932 stone
736 148 933 stone
736 148 934 stone
736 148 935 dirt
736 148 936 dirt
736 148 937 dirt
736 148 938 dirt
736 148 939 dirt
736 148 940 dirt
736 148 941 dirt
736 148 942 stone
736 148 943 stone
736 148 944 stone
736 148 945 stone
736 148 946 stone
736 148 947 stone
736 148 948 stone
736 148 949 stone
736 148 950 stone
736 148 951 stone
736 148 952 stone
736 148 953 stone
736 148 954 stone
736 148 955 stone
736 148 956 stone
736 148 957 stone
736 148 958 stone
736 148 959 stone
736 148 960 stone
736 148 961 stone
736 148 962 stone
736 148 963 stone
736 148 964 stone
736 148 965 stone
736 148 966 stone
736 148 967 stone
736 148 968 stone
736 148 969 stone
736 148 970 stone
736 148 971 stone
736 148 972 stone
736 148 973 stone
736 148 974 stone
736 148 975 dirt
736 148 976 dirt
736 148 1010 dirt
736 148 1011 stone
736 148 1012 stone
736 148 1013 stone
736 148 1014 stone
736 148 1015 stone
736 148 1016 stone
736 148 1017 stone
736 148 1018 stone
736 148 1019 stone
736 148 1020 stone
736 148 1021 stone
736 148 1022 stone
736 148 1023 stone
737 148 896 stone
737 148 897 stone
737 148 898 stone
737 148 899 stone
737 148 900 stone
737 148 901 stone
737 148 902 stone
737 148 903 stone
737 148 904 stone
737 148 905 stone
737 148 906 stone
737 148 907 stone
737 148 908 stone
737 148 909 stone
737 148 910 stone
737 148 911 stone
737 148 912 stone
737 148 913 stone
737 148 914 stone
737 148 915 stone
737 148 916 stone
737 148 917 stone
737 148 918 stone
737 148 919 stone
737 148 920 stone
737 148 921 stone
737 148 922 stone
737 148 923 stone
737 148 924 stone
737 148 925 stone
737 148 926 stone
737 148 927 stone
737 148 928 stone
737 148 929 stone
737 148 930 stone
737 148 931 stone
737 148 932 stone
737 148 933 stone
737 148 934 dirt
737 148 935 dirt
737 148 936 dirt
737 148 937 dirt
737 148 938 dirt
737 148 939 dirt
737 148 940 dirt
737 148 941 dirt
737 148 942 stone
737 148 943 stone
737 148 946 stone
737 148 947 stone
737 148 948 stone
737 148 949 stone
737 148 950 stone
737 148 951 stone
737 148 952 stone
737 148 953 stone
737 148 954 stone
737 148 955 stone
737 148 956 stone
737 148 957 stone
737 148 958 stone
737 148 959 stone
737 148 960 stone
737 148 961 stone
737 148 962 stone
737 148 963 stone
737 148 964 stone
737 148 965 stone
737 148 966 stone
737 148 967 coal_ore
737 148 968 coal_ore
737 148 969 coal_ore
737 148 970 stone
737 148 971 stone
737 148 972 stone
737 148 973 stone
737 148 974 stone
737 148 975 dirt
737 148 976 dirt
737 148 1009 dirt
737 148 1010 stone
737 148 1011 stone
737 148 1012 stone
737 148 1013 stone
737 148 1014 stone
737 148 1015 stone
737 148 1016 stone
737 148 1017 stone
737 148 1018 stone
737 148 1019 stone
737 148 1020 stone
737 148 1021 stone
737 148 1022 stone
737 148 1023 stone
738 148 896 stone
738 148 897 stone
738 148 898 stone
738 148 899 stone
738 148 900 stone
738 148 901 stone
738 148 902 stone
738 148 903 stone
738 148 904 stone
738 148 905 stone
738 148 906 stone
738 148 907 stone
738 148 908 stone
738 148 909 stone
738 148 910 stone
738 148 911 stone
738 148 912 stone
738 148 913 stone
738 148 914 stone
738 148 915 stone
738 148 916 stone
738 148 917 stone
738 148 918 stone
738 148 919 stone
738 148 920 stone
738 148 921 stone
738 148 922 stone
738 148 923 stone
738 148 924 stone
738 148 925 stone
738 148 926 stone
738 148 927 stone
738 148 928 stone
738 148 929 stone
738 148 930 stone
738 148 931 stone
738 148 932 stone
738 148 933 stone
738 148 934 dirt
738 148 935 dirt
738 148 936 dirt
738 148 937 dirt
738 148 938 dirt
738 148 939 dirt
738 148 940 stone
738 148 946 stone
738 148 947 stone
738 148 948 stone
738 148 949 stone
738 148 950 stone
738 148 951 stone
738 148 952 stone
738 148 953 stone
738 148 954 stone
738 148 955 stone
738 148 956 stone
738 148 957 stone
738 148 958 stone
738 148 959 stone
738 148 960 stone
738 148 961 stone
738 148 962 stone
738 148 963 stone
738 148 964 stone
738 148 965 stone
738 148 966 stone
738 148 967 coal_ore
738 148 968 coal_ore
738 148 969 coal_ore
738 148 970 stone
738 148 971 stone
738 148 972 stone
738 148 973 stone
738 148 974 dirt
738 148 975 dirt
738 148 976 dirt
738 148 1009 stone
738 148 1010 stone
738 148 1011 stone
738 148 1012 stone
738 148 1013 stone
738 148 1014 stone
738 148 1015 stone
738 148 1016 stone
738 148 1017 stone
738 148 1018 stone
738 148 1019 stone
738 148 1020 stone
738 148 1021 stone
738 148 1022 stone
738 148 1023 stone
739 148 896 stone
739 148 897 stone
739 148 898 stone
739 148 899 stone
739 148 900 stone
739 148 901 stone
739 148 902 stone
739 148 903 stone
739 148 904 stone
739 148 905 stone
739 148 906 stone
739 148 907 stone
739 148 908 stone
739 148 909 stone
739 148 910 stone
739 148 911 stone
739 148 912 stone
739 148 913 stone
739 148 914 stone
739 148 915 stone
739 148 916 stone
739 148 917 stone
739 148 918 stone
739 148 919 stone
739 148 920 stone
739 148 921 stone
739 148 922 stone
739 148 923 stone
739 148 924 stone
739 148 925 stone
739 148 926 stone
739 148 927 stone
739 148 928 stone
739 148 929 stone
739 148 930 stone
739 148 931 stone
739 148 932 stone
739 148 933 stone
739 148 934 stone
739 148 935 stone
739 148 936 stone
739 148 937 stone
739 148 945 stone
739 148 946 stone
739 148 947 stone
739 148 948 stone
739 148 949 stone
739 148 950 coal_ore
739 148 951 coal_ore
739 148 952 stone
739 148 953 stone
739 148 954 stone
