719 127 932 stone
719 127 933 stone
719 127 934 stone
719 127 935 stone
719 127 936 stone
719 127 937 stone
719 127 938 stone
719 127 939 stone
719 127 940 stone
719 127 941 stone
719 127 942 stone
719 127 943 stone
719 127 944 stone
719 127 945 stone
719 127 946 stone
719 127 947 stone
719 127 948 stone
719 127 949 stone
719 127 950 stone
719 127 951 stone
719 127 952 stone
719 127 953 stone
719 127 954 stone
719 127 955 stone
719 127 956 stone
719 127 957 stone
719 127 958 stone
719 127 959 stone
719 127 960 stone
719 127 961 stone
719 127 962 stone
719 127 963 stone
719 127 964 stone
719 127 965 stone
719 127 966 stone
719 127 967 stone
719 127 968 stone
719 127 969 stone
719 127 970 copper_ore
719 127 971 stone
719 127 972 stone
719 127 973 stone
719 127 974 stone
719 127 975 diorite
719 127 976 diorite
719 127 977 diorite
719 127 978 diorite
719 127 979 stone
719 127 980 stone
719 127 981 stone
719 127 982 stone
719 127 983 stone
719 127 984 stone
719 127 985 stone
719 127 986 dirt
719 127 1015 dirt
719 127 1016 stone
719 127 1017 stone
719 127 1018 stone
719 127 1019 stone
719 127 1020 copper_ore
719 127 1021 stone
719 127 1022 stone
719 127 1023 stone
720 127 896 stone
720 127 897 stone
720 127 898 stone
720 127 899 stone
720 127 900 stone
720 127 901 stone
720 127 902 stone
720 127 903 stone
720 127 904 stone
720 127 905 stone
720 127 906 stone
720 127 907 stone
720 127 908 stone
720 127 909 stone
720 127 910 stone
720 127 911 stone
720 127 912 stone
720 127 913 stone
720 127 914 stone
720 127 915 stone
720 127 916 stone
720 127 917 stone
720 127 918 stone
720 127 919 stone
720 127 920 stone
720 127 921 stone
720 127 922 stone
720 127 923 stone
720 127 924 stone
720 127 925 stone
720 127 926 stone
720 127 927 stone
720 127 928 stone
720 127 929 stone
720 127 930 coal_ore
720 127 931 coal_ore
720 127 932 stone
720 127 933 stone
720 127 934 stone
720 127 935 stone
720 127 936 stone
720 127 937 stone
720 127 938 stone
720 127 939 stone
720 127 940 stone
720 127 941 stone
720 127 942 stone
720 127 943 stone
720 127 944 stone
720 127 945 stone
720 127 946 stone
720 127 947 stone
720 127 948 stone
720 127 949 stone
720 127 950 stone
720 127 951 stone
720 127 952 stone
720 127 953 stone
720 127 954 stone
720 127 955 stone
720 127 956 stone
720 127 957 stone
720 127 958 stone
720 127 959 stone
720 127 960 stone
720 127 961 stone
720 127 962 stone
720 127 963 stone
720 127 964 stone
720 127 965 stone
720 127 966 stone
720 127 967 stone
720 127 968 stone
720 127 969 stone
720 127 970 copper_ore
720 127 971 copper_ore
720 127 972 diorite
720 127 973 diorite
720 127 974 diorite
720 127 975 diorite
720 127 976 diorite
720 127 977 diorite
720 127 978 diorite
720 127 979 diorite
720 127 980 stone
720 127 981 stone
720 127 982 stone
720 127 983 stone
720 127 984 stone
720 127 985 stone
720 127 986 dirt
720 127 1015 dirt
720 127 1016 stone
720 127 1017 stone
720 127 1018 stone
720 127 1019 stone
720 127 1020 stone
720 127 1021 stone
720 127 1022 stone
720 127 1023 stone
721 127 896 stone
721 127 897 stone
721 127 898 stone
721 127 899 stone
721 127 900 stone
721 127 901 stone
721 127 902 stone
721 127 903 stone
721 127 904 stone
721 127 905 stone
721 127 906 stone
721 127 907 stone
721 127 908 stone
721 127 909 stone
721 127 910 stone
721 127 911 stone
721 127 912 stone
721 127 913 stone
721 127 914 stone
721 127 915 stone
721 127 916 stone
721 127 917 stone
721 127 918 stone
721 127 919 stone
721 127 920 stone
721 127 921 stone
721 127 922 stone
721 127 923 stone
721 127 924 stone
721 127 925 stone
721 127 926 stone
721 127 927 stone
721 127 928 stone
721 127 929 stone
721 127 930 stone
721 127 931 stone
721 127 932 stone
721 127 933 stone
721 127 934 stone
721 127 935 stone
721 127 936 stone
721 127 937 stone
721 127 938 stone
721 127 939 stone
721 127 940 stone
721 127 941 stone
721 127 942 stone
721 127 943 stone
721 127 944 stone
721 127 945 stone
721 127 946 stone
721 127 947 stone
721 127 948 stone
721 127 949 stone
721 127 950 stone
721 127 951 stone
721 127 952 stone
721 127 953 stone
721 127 954 stone
721 127 955 stone
721 127 956 stone
721 127 957 stone
721 127 958 stone
721 127 959 stone
721 127 960 stone
721 127 961 stone
721 127 962 stone
721 127 963 stone
721 127 964 stone
721 127 965 stone
721 127 966 stone
721 127 967 stone
721 127 968 stone
721 127 969 diorite
721 127 970 copper_ore
721 127 971 copper_ore
721 127 972 diorite
721 127 973 diorite
721 127 974 diorite
721 127 975 diorite
721 127 976 diorite
721 127 977 diorite
721 127 978 diorite
721 127 979 diorite
721 127 980 stone
721 127 981 stone
721 127 982 stone
721 127 983 stone
721 127 984 dirt
721 127 985 grass_block[snowy=false]
721 127 1015 dirt
721 127 1016 stone
721 127 1017 stone
721 127 1018 stone
721 127 1019 stone
721 127 1020 stone
721 127 1021 stone
721 127 1022 stone
721 127 1023 stone
722 127 896 stone
722 127 897 stone
722 127 898 stone
722 127 899 stone
722 127 900 stone
722 127 901 stone
722 127 902 coal_ore
722 127 903 coal_ore
722 127 904 coal_ore
722 127 905 coal_ore
722 127 906 stone
722 127 907 stone
722 127 908 stone
722 127 909 stone
722 127 910 stone
722 127 911 stone
722 127 912 stone
722 127 913 stone
722 127 914 stone
722 127 915 stone
722 127 916 stone
722 127 917 stone
722 127 918 stone
722 127 919 gravel
722 127 920 gravel
722 127 921 gravel
722 127 922 stone
722 127 923 stone
722 127 924 stone
722 127 925 stone
722 127 926 stone
722 127 927 stone
722 127 928 stone
722 127 929 stone
722 127 930 stone
722 127 931 stone
722 127 932 stone
722 127 933 stone
722 127 934 stone
722 127 935 stone
722 127 936 stone
722 127 937 stone
722 127 938 stone
722 127 939 stone
722 127 940 stone
722 127 941 stone
722 127 942 stone
722 127 943 stone
722 127 944 stone
722 127 945 stone
722 127 946 stone
722 127 947 stone
722 127 948 stone
722 127 949 stone
722 127 950 stone
722 127 951 stone
722 127 952 stone
722 127 953 stone
722 127 954 stone
722 127 955 stone
722 127 956 stone
722 127 957 stone
722 127 958 stone
722 127 959 stone
722 127 960 stone
722 127 961 stone
722 127 962 stone
722 127 963 stone
722 127 964 stone
722 127 965 stone
722 127 966 stone
722 127 967 stone
722 127 968 diorite
722 127 969 diorite
722 127 970 diorite
722 127 971 copper_ore
722 127 972 diorite
722 127 973 diorite
722 127 974 diorite
722 127 975 diorite
722 127 976 diorite
722 127 977 diorite
722 127 978 diorite
722 127 979 stone
722 127 980 stone
722 127 981 stone
722 127 982 dirt
722 127 983 grass_block[snowy=false]
722 127 1015 dirt
722 127 1016 stone
722 127 1017 stone
722 127 1018 stone
722 127 1019 stone
722 127 1020 stone
722 127 1021 stone
722 127 1022 stone
722 127 1023 stone
723 127 896 stone
723 127 897 stone
723 127 898 stone
723 127 899 stone
723 127 900 stone
723 127 901 coal_ore
723 127 902 coal_ore
723 127 903 coal_ore
723 127 904 coal_ore
723 127 905 coal_ore
723 127 906 stone
723 127 907 stone
723 127 908 stone
723 127 909 stone
723 127 910 stone
723 127 911 stone
723 127 912 stone
723 127 913 stone
723 127 914 stone
723 127 915 stone
723 127 916 stone
723 127 917 stone
723 127 918 gravel
723 127 919 gravel
723 127 920 gravel
723 127 921 gravel
723 127 922 gravel
723 127 923 stone
723 127 924 stone
723 127 925 stone
723 127 926 stone
723 127 927 stone
723 127 928 stone
723 127 929 stone
723 127 930 stone
723 127 931 stone
723 127 932 stone
723 127 933 stone
723 127 934 stone
723 127 935 stone
723 127 936 stone
723 127 937 stone
723 127 938 stone
723 127 939 stone
723 127 940 stone
723 127 941 stone
723 127 942 stone
723 127 943 stone
723 127 944 stone
723 127 945 stone
723 127 946 stone
723 127 947 stone
723 127 948 stone
723 127 949 stone
723 127 950 stone
723 127 951 stone
723 127 952 stone
723 127 953 stone
723 127 954 stone
723 127 955 stone
723 127 956 stone
723 127 957 stone
723 127 958 stone
723 127 959 stone
723 127 960 stone
723 127 961 stone
723 127 962 stone
723 127 963 stone
723 127 964 stone
723 127 965 stone
723 127 966 stone
723 127 967 stone
723 127 968 diorite
723 127 969 diorite
723 127 970 diorite
723 127 971 diorite
723 127 972 diorite
723 127 973 diorite
723 127 974 diorite
723 127 975 diorite
723 127 976 diorite
723 127 977 diorite
723 127 978 diorite
723 127 979 stone
723 127 980 stone
723 127 981 stone
723 127 982 stone
723 127 983 grass_block[snowy=false]
723 127 1014 grass_block[snowy=false]
723 127 1015 stone
723 127 1016 stone
723 127 1017 stone
723 127 1018 stone
723 127 1019 stone
723 127 1020 stone
723 127 1021 stone
723 127 1022 stone
723 127 1023 stone
724 127 896 stone
724 127 897 stone
724 127 898 stone
724 127 899 stone
724 127 900 stone
724 127 901 stone
724 127 902 stone
724 127 903 stone
724 127 904 stone
724 127 905 stone
724 127 906 stone
724 127 907 stone
724 127 908 stone
724 127 909 stone
724 127 910 stone
724 127 911 stone
724 127 912 stone
724 127 913 stone
724 127 914 stone
724 127 915 stone
724 127 916 stone
724 127 917 stone
724 127 918 stone
724 127 919 gravel
724 127 920 gravel
724 127 921 gravel
724 127 922 gravel
724 127 923 gravel
724 127 924 stone
724 127 925 stone
724 127 926 stone
724 127 927 stone
724 127 928 stone
724 127 929 stone
724 127 930 stone
724 127 931 stone
724 127 932 stone
724 127 933 stone
724 127 934 stone
724 127 935 stone
724 127 936 stone
724 127 937 stone
724 127 938 stone
724 127 939 stone
724 127 940 stone
724 127 941 stone
724 127 942 stone
724 127 943 stone
724 127 944 stone
724 127 945 stone
724 127 946 stone
724 127 947 stone
724 127 948 stone
724 127 949 stone
724 127 950 stone
724 127 951 stone
724 127 952 stone
724 127 953 stone
724 127 954 stone
724 127 955 stone
724 127 956 stone
724 127 957 stone
724 127 958 stone
724 127 959 stone
724 127 960 stone
724 127 961 stone
724 127 962 stone
724 127 963 stone
724 127 964 stone
724 127 965 stone
724 127 966 stone
724 127 967 diorite
724 127 968 diorite
724 127 969 diorite
724 127 970 diorite
724 127 971 diorite
724 127 972 diorite
724 127 973 diorite
724 127 974 diorite
724 127 975 diorite
724 127 976 stone
724 127 977 stone
724 127 978 stone
724 127 979 stone
724 127 980 stone
724 127 981 stone
724 127 982 stone
724 127 983 dirt
724 127 984 grass_block[snowy=false]
724 127 1014 dirt
724 127 1015 stone
724 127 1016 stone
724 127 1017 stone
724 127 1018 stone
724 127 1019 stone
724 127 1020 stone
724 127 1021 stone
724 127 1022 stone
724 127 1023 stone
725 127 896 stone
725 127 897 stone
725 127 898 stone
725 127 899 stone
725 127 900 stone
725 127 901 stone
725 127 902 coal_ore
725 127 903 coal_ore
725 127 904 stone
725 127 905 stone
725 127 906 stone
725 127 907 stone
725 127 909 stone
725 127 910 stone
725 127 911 stone
725 127 912 stone
725 127 913 stone
725 127 914 stone
725 127 915 stone
725 127 916 stone
725 127 917 stone
725 127 918 stone
725 127 919 gravel
725 127 920 gravel
725 127 921 gravel
725 127 922 gravel
725 127 923 gravel
725 127 924 stone
725 127 925 stone
725 127 926 stone
725 127 927 stone
725 127 928 stone
725 127 929 stone
725 127 930 stone
725 127 931 stone
725 127 932 stone
725 127 933 stone
725 127 934 stone
725 127 935 stone
725 127 936 stone
725 127 937 stone
725 127 938 stone
725 127 939 stone
725 127 940 stone
725 127 941 stone
725 127 942 stone
725 127 943 stone
725 127 944 stone
725 127 945 stone
725 127 946 stone
725 127 947 stone
725 127 948 stone
725 127 949 stone
725 127 950 stone
725 127 951 stone
725 127 952 stone
725 127 953 stone
725 127 954 stone
725 127 955 stone
725 127 956 stone
725 127 957 stone
725 127 958 stone
725 127 959 stone
725 127 960 stone
725 127 961 stone
725 127 962 stone
725 127 963 stone
725 127 964 stone
725 127 965 stone
725 127 966 diorite
725 127 967 diorite
725 127 968 diorite
725 127 969 diorite
725 127 970 diorite
725 127 971 diorite
725 127 972 diorite
725 127 973 diorite
725 127 974 diorite
725 127 975 diorite
725 127 976 stone
725 127 977 stone
725 127 978 stone
725 127 979 stone
725 127 980 stone
725 127 981 stone
725 127 982 stone
725 127 983 dirt
725 127 984 grass_block[snowy=false]
725 127 1014 stone
725 127 1015 stone
725 127 1016 stone
725 127 1017 stone
725 127 1018 stone
725 127 1019 stone
725 127 1020 stone
725 127 1021 stone
725 127 1022 stone
725 127 1023 stone
726 127 896 stone
726 127 897 stone
726 127 898 stone
726 127 899 stone
726 127 900 stone
726 127 901 stone
726 127 902 coal_ore
726 127 903 coal_ore
726 127 904 stone
726 127 905 stone
726 127 906 stone
726 127 910 stone
726 127 911 stone
726 127 912 stone
726 127 913 copper_ore
726 127 914 copper_ore
726 127 915 copper_ore
726 127 916 copper_ore
726 127 917 stone
726 127 918 stone
726 127 919 stone
726 127 920 gravel
726 127 921 gravel
726 127 922 gravel
726 127 923 gravel
726 127 924 gravel
726 127 925 stone
726 127 926 stone
726 127 927 stone
726 127 928 stone
726 127 929 stone
726 127 930 stone
726 127 931 stone
726 127 932 stone
726 127 933 stone
726 127 934 stone
726 127 935 stone
726 127 936 stone
726 127 937 copper_ore
726 127 938 copper_ore
726 127 939 stone
726 127 940 stone
726 127 941 stone
726 127 942 stone
726 127 943 stone
726 127 944 stone
726 127 945 copper_ore
726 127 946 copper_ore
726 127 947 copper_ore
726 127 948 stone
726 127 949 stone
726 127 950 stone
726 127 951 stone
726 127 952 stone
726 127 953 stone
726 127 954 stone
726 127 955 stone
726 127 956 stone
726 127 957 stone
726 127 958 stone
726 127 959 stone
726 127 960 stone
726 127 961 stone
726 127 962 stone
726 127 963 stone
726 127 964 stone
726 127 965 stone
726 127 966 diorite
726 127 967 diorite
726 127 968 diorite
726 127 969 diorite
726 127 970 diorite
726 127 971 diorite
726 127 972 diorite
726 127 973 diorite
726 127 974 diorite
726 127 975 stone
726 127 976 stone
726 127 977 stone
726 127 978 stone
726 127 979 stone
726 127 980 stone
726 127 981 stone
726 127 982 stone
726 127 983 dirt
726 127 984 grass_block[snowy=false]
726 127 1014 stone
726 127 1015 stone
726 127 1016 stone
726 127 1017 stone
726 127 1018 stone
726 127 1019 stone
726 127 1020 stone
726 127 1021 stone
726 127 1022 stone
726 127 1023 stone
727 127 896 stone
727 127 897 stone
727 127 898 stone
727 127 899 stone
727 127 900 stone
727 127 901 stone
727 127 902 coal_ore
727 127 903 coal_ore
727 127 904 stone
727 127 905 stone
727 127 906 stone
727 127 910 stone
727 127 911 stone
727 127 912 stone
727 127 913 copper_ore
727 127 914 copper_ore
727 127 915 copper_ore
727 127 916 copper_ore
727 127 917 copper_ore
727 127 918 stone
727 127 919 stone
727 127 920 gravel
727 127 921 gravel
727 127 922 gravel
727 127 923 gravel
727 127 924 gravel
727 127 925 stone
727 127 926 stone
727 127 927 stone
727 127 928 stone
727 127 929 stone
727 127 930 stone
727 127 931 stone
727 127 932 stone
727 127 933 stone
727 127 934 stone
727 127 935 stone
727 127 936 stone
727 127 937 copper_ore
727 127 938 copper_ore
727 127 939 stone
727 127 940 stone
727 127 941 stone
727 127 942 stone
727 127 943 stone
727 127 944 stone
727 127 945 stone
727 127 946 copper_ore
727 127 947 copper_ore
727 127 948 stone
727 127 949 stone
727 127 950 stone
727 127 951 stone
727 127 952 stone
727 127 953 stone
727 127 954 stone
727 127 955 stone
727 127 956 stone
727 127 957 stone
727 127 958 stone
727 127 959 stone
727 127 960 stone
727 127 961 stone
727 127 962 stone
727 127 963 stone
727 127 964 stone
727 127 965 stone
727 127 966 diorite
727 127 967 diorite
727 127 968 diorite
727 127 969 diorite
727 127 970 diorite
727 127 971 diorite
727 127 972 diorite
727 127 973 stone
727 127 974 stone
727 127 975 stone
727 127 976 stone
727 127 977 stone
727 127 978 stone
727 127 979 stone
727 127 980 stone
727 127 981 stone
727 127 982 stone
727 127 983 dirt
727 127 984 grass_block[snowy=false]
727 127 1013 dirt
727 127 1014 stone
727 127 1015 stone
727 127 1016 stone
727 127 1017 stone
727 127 1018 stone
727 127 1019 stone
727 127 1020 stone
727 127 1021 stone
727 127 1022 stone
727 127 1023 stone
728 127 896 stone
728 127 897 stone
728 127 898 stone
728 127 899 stone
728 127 900 stone
728 127 901 stone
728 127 902 coal_ore
728 127 903 coal_ore
728 127 904 stone
728 127 905 stone
728 127 910 stone
728 127 911 stone
728 127 912 stone
728 127 913 stone
728 127 914 stone
728 127 915 copper_ore
728 127 916 copper_ore
728 127 917 copper_ore
728 127 918 stone
728 127 919 stone
728 127 920 stone
728 127 921 stone
728 127 922 gravel
728 127 923 gravel
728 127 924 gravel
728 127 925 stone
728 127 926 stone
728 127 927 stone
728 127 928 stone
728 127 929 stone
728 127 930 stone
728 127 931 stone
728 127 932 stone
728 127 933 stone
728 127 934 stone
728 127 935 stone
728 127 936 stone
728 127 937 stone
728 127 938 stone
728 127 939 stone
728 127 940 stone
728 127 941 stone
728 127 942 stone
728 127 943 stone
728 127 944 stone
728 127 945 stone
728 127 946 stone
728 127 947 stone
728 127 948 stone
728 127 949 stone
728 127 950 stone
728 127 951 stone
728 127 952 stone
728 127 953 stone
728 127 954 stone
728 127 955 stone
728 127 956 stone
728 127 957 stone
728 127 958 stone
728 127 959 stone
728 127 960 stone
728 127 961 stone
728 127 962 stone
728 127 963 stone
728 127 964 stone
728 127 965 stone
728 127 966 diorite
728 127 967 diorite
728 127 968 diorite
728 127 969 stone
728 127 970 stone
728 127 971 stone
728 127 972 stone
728 127 973 stone
728 127 974 stone
728 127 975 stone
728 127 976 stone
728 127 977 stone
728 127 978 stone
728 127 979 stone
728 127 980 stone
728 127 981 stone
728 127 982 stone
728 127 983 dirt
728 127 984 grass_block[snowy=false]
728 127 1012 grass_block[snowy=false]
728 127 1013 stone
728 127 1014 stone
728 127 1015 stone
728 127 1016 stone
728 127 1017 stone
728 127 1018 stone
728 127 1019 stone
728 127 1020 stone
728 127 1021 stone
728 127 1022 stone
728 127 1023 stone
729 127 896 stone
729 127 897 stone
729 127 898 stone
729 127 899 stone
729 127 900 stone
729 127 901 stone
729 127 902 coal_ore
729 127 903 coal_ore
729 127 904 stone
729 127 905 stone
729 127 910 stone
729 127 911 stone
729 127 912 stone
729 127 913 stone
729 127 914 stone
729 127 915 stone
729 127 916 stone
729 127 917 stone
729 127 918 stone
729 127 919 stone
729 127 920 stone
729 127 921 stone
729 127 922 stone
729 127 923 gravel
729 127 924 gravel
729 127 925 stone
729 127 926 stone
729 127 927 stone
729 127 928 stone
729 127 929 stone
729 127 930 stone
729 127 931 stone
729 127 932 stone
729 127 933 stone
729 127 934 stone
729 127 935 stone
729 127 936 stone
729 127 937 stone
729 127 938 stone
729 127 939 stone
729 127 940 stone
729 127 941 stone
729 127 942 stone
729 127 943 stone
729 127 944 stone
729 127 945 stone
729 127 946 stone
729 127 947 stone
729 127 948 stone
729 127 949 stone
729 127 950 stone
729 127 951 stone
729 127 952 stone
729 127 953 stone
729 127 954 stone
729 127 955 stone
729 127 956 stone
729 127 957 stone
729 127 958 stone
729 127 959 stone
729 127 960 stone
729 127 961 stone
729 127 962 stone
729 127 963 stone
729 127 964 stone
729 127 965 stone
729 127 966 stone
729 127 967 stone
729 127 968 stone
729 127 969 stone
729 127 970 stone
729 127 971 stone
729 127 972 stone
729 127 973 stone
729 127 974 stone
729 127 975 stone
729 127 976 stone
729 127 977 dirt
729 127 978 dirt
729 127 979 stone
729 127 980 stone
729 127 981 stone
729 127 982 stone
729 127 983 grass_block[snowy=false]
729 127 984 water[level=8]
729 127 985 water[level=1]
729 127 1010 sand
729 127 1011 sand
729 127 1012 stone
729 127 1013 stone
729 127 1014 stone
729 127 1015 stone
729 127 1016 stone
729 127 1017 stone
729 127 1018 stone
729 127 1019 stone
729 127 1020 stone
729 127 1021 stone
729 127 1022 stone
729 127 1023 stone
730 127 896 stone
730 127 897 stone
730 127 898 stone
730 127 899 stone
730 127 900 stone
730 127 901 stone
730 127 902 stone
730 127 903 stone
730 127 904 stone
730 127 905 stone
730 127 909 stone
730 127 910 stone
730 127 911 stone
730 127 912 stone
730 127 913 stone
730 127 914 stone
730 127 915 stone
730 127 916 stone
730 127 917 stone
730 127 918 stone
730 127 919 stone
730 127 920 stone
730 127 921 stone
730 127 922 stone
730 127 923 stone
730 127 924 stone
730 127 925 stone
730 127 926 stone
730 127 927 stone
730 127 928 stone
730 127 929 stone
730 127 930 stone
730 127 931 stone
730 127 932 stone
730 127 933 stone
730 127 934 stone
730 127 935 stone
730 127 936 stone
730 127 937 stone
730 127 938 stone
730 127 939 stone
730 127 940 stone
730 127 941 stone
730 127 942 stone
730 127 943 stone
730 127 944 stone
730 127 945 stone
730 127 946 stone
730 127 947 stone
730 127 948 stone
730 127 949 stone
730 127 950 stone
