673 130 902 stone
673 130 903 stone
673 130 908 stone
673 130 909 stone
673 130 910 stone
673 130 911 stone
673 130 912 stone
673 130 913 stone
673 130 914 stone
673 130 915 stone
673 130 919 stone
673 130 920 stone
673 130 921 stone
673 130 922 stone
673 130 923 stone
673 130 924 stone
673 130 925 stone
673 130 926 stone
673 130 927 stone
673 130 928 stone
673 130 929 stone
673 130 930 stone
673 130 931 stone
673 130 932 stone
673 130 933 stone
673 130 934 stone
673 130 935 stone
673 130 936 stone
673 130 937 stone
673 130 938 stone
673 130 939 dirt
673 130 940 dirt
673 130 941 dirt
673 130 942 dirt
673 130 943 dirt
673 130 944 stone
673 130 945 stone
673 130 946 stone
673 130 947 stone
673 130 948 stone
673 130 949 stone
673 130 950 stone
673 130 951 stone
673 130 952 stone
673 130 953 stone
673 130 954 stone
673 130 955 stone
673 130 956 stone
673 130 957 stone
673 130 958 stone
673 130 959 stone
673 130 960 stone
673 130 961 stone
673 130 962 stone
673 130 963 stone
673 130 964 stone
673 130 965 stone
673 130 966 stone
673 130 967 stone
673 130 968 water[level=4]
673 130 969 water[level=3]
673 130 970 water[level=2]
673 130 971 stone
673 130 972 stone
673 130 973 stone
673 130 974 stone
673 130 975 stone
673 130 976 stone
673 130 977 stone
673 130 978 stone
673 130 979 stone
673 130 980 stone
673 130 981 stone
673 130 982 stone
673 130 983 stone
673 130 984 stone
673 130 985 stone
673 130 986 stone
673 130 987 stone
673 130 988 stone
673 130 989 stone
673 130 990 stone
673 130 991 stone
673 130 992 stone
673 130 993 stone
673 130 994 dirt
673 130 995 dirt
674 130 896 stone
674 130 897 stone
674 130 898 stone
674 130 899 stone
674 130 900 stone
674 130 901 stone
674 130 902 stone
674 130 903 stone
674 130 906 stone
674 130 907 stone
674 130 908 stone
674 130 909 stone
674 130 910 stone
674 130 911 stone
674 130 912 stone
674 130 913 stone
674 130 914 stone
674 130 915 stone
674 130 916 stone
674 130 919 stone
674 130 920 stone
674 130 921 stone
674 130 922 stone
674 130 923 stone
674 130 924 stone
674 130 925 stone
674 130 926 stone
674 130 927 stone
674 130 928 stone
674 130 929 stone
674 130 930 stone
674 130 931 stone
674 130 932 stone
674 130 933 stone
674 130 934 stone
674 130 935 stone
674 130 936 stone
674 130 937 stone
674 130 938 stone
674 130 939 stone
674 130 940 dirt
674 130 941 dirt
674 130 942 dirt
674 130 943 dirt
674 130 944 stone
674 130 945 stone
674 130 946 stone
674 130 947 stone
674 130 948 stone
674 130 949 stone
674 130 950 stone
674 130 951 stone
674 130 952 stone
674 130 953 stone
674 130 954 stone
674 130 955 stone
674 130 956 stone
674 130 957 stone
674 130 958 stone
674 130 959 stone
674 130 960 stone
674 130 961 stone
674 130 962 stone
674 130 963 stone
674 130 964 stone
674 130 965 stone
674 130 966 stone
674 130 967 stone
674 130 968 stone
674 130 969 water[level=2]
674 130 970 water[level=1]
674 130 971 stone
674 130 972 stone
674 130 973 stone
674 130 974 stone
674 130 975 stone
674 130 976 stone
674 130 977 stone
674 130 978 stone
674 130 979 stone
674 130 980 stone
674 130 981 stone
674 130 982 stone
674 130 983 stone
674 130 984 stone
674 130 985 stone
674 130 986 stone
674 130 987 stone
674 130 988 stone
674 130 989 stone
674 130 990 stone
674 130 991 stone
674 130 992 stone
674 130 993 stone
674 130 994 dirt
674 130 995 dirt
675 130 896 stone
675 130 897 stone
675 130 898 stone
675 130 899 stone
675 130 900 stone
675 130 901 stone
675 130 902 stone
675 130 903 stone
675 130 904 stone
675 130 905 stone
675 130 906 stone
675 130 907 stone
675 130 908 stone
675 130 909 stone
675 130 910 stone
675 130 911 stone
675 130 912 stone
675 130 913 stone
675 130 914 stone
675 130 915 stone
675 130 916 stone
675 130 917 stone
675 130 918 stone
675 130 919 stone
675 130 920 stone
675 130 921 stone
675 130 922 stone
675 130 923 stone
675 130 924 stone
675 130 925 stone
675 130 926 stone
675 130 927 stone
675 130 928 stone
675 130 929 stone
675 130 930 stone
675 130 931 stone
675 130 932 stone
675 130 933 stone
675 130 934 stone
675 130 935 stone
675 130 936 stone
675 130 937 stone
675 130 938 stone
675 130 939 stone
675 130 940 stone
675 130 941 dirt
675 130 942 dirt
675 130 943 dirt
675 130 944 dirt
675 130 945 stone
675 130 946 stone
675 130 947 stone
675 130 948 stone
675 130 949 stone
675 130 950 stone
675 130 951 stone
675 130 952 stone
675 130 953 stone
675 130 954 stone
675 130 955 stone
675 130 956 stone
675 130 957 stone
675 130 958 stone
675 130 959 stone
675 130 960 stone
675 130 961 stone
675 130 962 stone
675 130 963 stone
675 130 964 stone
675 130 965 stone
675 130 966 stone
675 130 967 stone
675 130 968 stone
675 130 969 stone
675 130 970 water[level=8]
675 130 971 stone
675 130 972 stone
675 130 973 stone
675 130 974 stone
675 130 975 stone
675 130 976 stone
675 130 977 stone
675 130 978 stone
675 130 979 stone
675 130 980 stone
675 130 981 stone
675 130 982 stone
675 130 983 stone
675 130 984 stone
675 130 985 stone
675 130 986 stone
675 130 987 stone
675 130 988 stone
675 130 989 stone
675 130 990 stone
675 130 991 stone
675 130 992 stone
675 130 993 stone
675 130 994 dirt
675 130 995 dirt
676 130 896 stone
676 130 897 stone
676 130 898 stone
676 130 899 stone
676 130 900 stone
676 130 901 stone
676 130 902 stone
676 130 903 stone
676 130 904 stone
676 130 905 stone
676 130 906 stone
676 130 907 stone
676 130 908 stone
676 130 909 stone
676 130 910 stone
676 130 911 stone
676 130 912 stone
676 130 913 stone
676 130 914 stone
676 130 915 stone
676 130 916 stone
676 130 917 stone
676 130 918 stone
676 130 919 stone
676 130 920 stone
676 130 921 stone
676 130 922 stone
676 130 923 stone
676 130 924 stone
676 130 925 stone
676 130 926 stone
676 130 927 stone
676 130 928 stone
676 130 929 stone
676 130 930 stone
676 130 931 stone
676 130 932 stone
676 130 933 stone
676 130 934 stone
676 130 935 stone
676 130 936 stone
676 130 937 stone
676 130 938 stone
676 130 939 stone
676 130 940 stone
676 130 941 stone
676 130 942 dirt
676 130 943 dirt
676 130 944 dirt
676 130 945 stone
676 130 946 stone
676 130 947 stone
676 130 948 stone
676 130 949 stone
676 130 950 stone
676 130 951 stone
676 130 952 stone
676 130 953 stone
676 130 954 stone
676 130 955 stone
676 130 956 stone
676 130 957 stone
676 130 958 stone
676 130 959 stone
676 130 960 stone
676 130 961 stone
676 130 962 stone
676 130 963 stone
676 130 964 stone
676 130 965 stone
676 130 966 stone
676 130 967 stone
676 130 968 stone
676 130 969 stone
676 130 971 stone
676 130 972 stone
676 130 973 stone
676 130 974 stone
676 130 975 stone
676 130 976 stone
676 130 977 stone
676 130 978 stone
676 130 979 stone
676 130 980 stone
676 130 981 stone
676 130 982 stone
676 130 983 stone
676 130 984 stone
676 130 985 stone
676 130 986 stone
676 130 987 stone
676 130 988 stone
676 130 989 stone
676 130 990 stone
676 130 991 coal_ore
676 130 992 stone
676 130 993 stone
676 130 994 dirt
676 130 995 dirt
676 130 997 azure_bluet
677 130 896 stone
677 130 897 stone
677 130 898 stone
677 130 899 stone
677 130 900 stone
677 130 901 stone
677 130 902 stone
677 130 903 stone
677 130 904 stone
677 130 905 stone
677 130 906 stone
677 130 907 stone
677 130 908 stone
677 130 909 stone
677 130 910 stone
677 130 911 stone
677 130 912 stone
677 130 913 stone
677 130 914 stone
677 130 915 stone
677 130 916 stone
677 130 917 stone
677 130 918 stone
677 130 919 stone
677 130 920 stone
677 130 921 stone
677 130 922 stone
677 130 923 stone
677 130 924 stone
677 130 925 stone
677 130 926 stone
677 130 927 stone
677 130 928 stone
677 130 929 stone
677 130 930 stone
677 130 931 stone
677 130 932 stone
677 130 933 stone
677 130 934 stone
677 130 935 stone
677 130 936 stone
677 130 937 stone
677 130 938 stone
677 130 939 stone
677 130 940 stone
677 130 941 stone
677 130 942 stone
677 130 943 stone
677 130 944 stone
677 130 945 stone
677 130 946 stone
677 130 947 stone
677 130 948 stone
677 130 949 stone
677 130 950 stone
677 130 951 stone
677 130 952 stone
677 130 953 stone
677 130 954 stone
677 130 955 stone
677 130 956 stone
677 130 957 stone
677 130 958 stone
677 130 959 stone
677 130 960 stone
677 130 961 stone
677 130 962 stone
677 130 963 stone
677 130 964 stone
677 130 965 stone
677 130 966 stone
677 130 967 stone
677 130 968 stone
677 130 969 stone
677 130 970 stone
677 130 971 stone
677 130 972 stone
677 130 973 stone
677 130 974 stone
677 130 975 stone
677 130 976 stone
677 130 977 stone
677 130 978 stone
677 130 979 stone
677 130 980 stone
677 130 981 stone
677 130 982 stone
677 130 983 stone
677 130 984 stone
677 130 985 stone
677 130 986 stone
677 130 987 stone
677 130 988 stone
677 130 989 stone
677 130 990 coal_ore
677 130 991 coal_ore
677 130 992 coal_ore
677 130 993 stone
677 130 994 stone
677 130 995 dirt
677 130 1000 grass_block[snowy=false]
678 130 896 stone
678 130 897 stone
678 130 898 stone
678 130 899 stone
678 130 900 stone
678 130 901 stone
678 130 902 stone
678 130 903 stone
678 130 904 stone
678 130 905 stone
678 130 906 stone
678 130 907 stone
678 130 908 stone
678 130 909 stone
678 130 910 stone
678 130 911 stone
678 130 912 stone
678 130 913 stone
678 130 914 stone
678 130 915 stone
678 130 916 stone
678 130 917 stone
678 130 918 stone
678 130 919 stone
678 130 920 stone
678 130 921 stone
678 130 922 stone
678 130 923 stone
678 130 924 stone
678 130 925 stone
678 130 926 stone
678 130 927 stone
678 130 928 stone
678 130 929 stone
678 130 930 stone
678 130 931 stone
678 130 932 stone
678 130 933 stone
678 130 934 stone
678 130 935 stone
678 130 936 stone
678 130 937 stone
678 130 938 stone
678 130 939 stone
678 130 940 stone
678 130 941 stone
678 130 942 stone
678 130 943 stone
678 130 944 stone
678 130 945 stone
678 130 946 stone
678 130 947 stone
678 130 948 stone
678 130 949 stone
678 130 950 stone
678 130 951 stone
678 130 952 stone
678 130 953 stone
678 130 954 stone
678 130 955 stone
678 130 956 stone
678 130 957 stone
678 130 958 stone
678 130 959 stone
678 130 960 stone
678 130 961 stone
678 130 962 stone
678 130 963 stone
678 130 964 stone
678 130 965 stone
678 130 966 stone
678 130 967 stone
678 130 968 stone
678 130 969 stone
678 130 970 stone
678 130 971 stone
678 130 972 stone
678 130 973 stone
678 130 974 stone
678 130 975 stone
678 130 976 stone
678 130 977 stone
678 130 978 stone
678 130 979 stone
678 130 980 stone
678 130 981 stone
678 130 982 stone
678 130 983 stone
678 130 984 stone
678 130 985 stone
678 130 986 stone
678 130 987 stone
678 130 988 stone
678 130 989 stone
678 130 990 coal_ore
678 130 991 coal_ore
678 130 992 stone
678 130 993 stone
678 130 994 stone
678 130 995 dirt
678 130 998 grass_block[snowy=false]
678 130 999 grass_block[snowy=false]
678 130 1000 grass_block[snowy=false]
678 130 1001 short_grass
679 130 896 stone
679 130 897 stone
679 130 898 stone
679 130 899 stone
679 130 900 stone
679 130 901 stone
679 130 902 stone
679 130 903 stone
679 130 904 stone
679 130 905 stone
679 130 906 stone
679 130 907 stone
679 130 908 stone
679 130 909 stone
679 130 910 stone
679 130 911 stone
679 130 912 stone
679 130 913 stone
679 130 914 stone
679 130 915 stone
679 130 916 stone
679 130 917 stone
679 130 918 stone
679 130 919 stone
679 130 920 stone
679 130 921 stone
679 130 922 stone
679 130 923 stone
679 130 924 stone
679 130 925 stone
679 130 926 stone
679 130 927 stone
679 130 928 stone
679 130 929 stone
679 130 930 stone
679 130 931 stone
679 130 932 stone
679 130 933 stone
679 130 934 stone
679 130 935 stone
679 130 936 stone
679 130 937 stone
679 130 938 stone
679 130 939 stone
679 130 940 stone
679 130 941 stone
679 130 942 stone
679 130 943 stone
679 130 944 stone
679 130 945 stone
679 130 946 stone
679 130 947 stone
679 130 948 stone
679 130 949 stone
679 130 950 stone
679 130 951 stone
679 130 952 stone
679 130 953 stone
679 130 954 stone
679 130 955 stone
679 130 956 stone
679 130 957 stone
679 130 958 stone
679 130 959 stone
679 130 960 stone
679 130 961 stone
679 130 962 stone
679 130 963 stone
679 130 964 stone
679 130 965 stone
679 130 966 stone
679 130 967 stone
679 130 968 stone
679 130 969 stone
679 130 970 stone
679 130 971 stone
679 130 972 stone
679 130 973 stone
679 130 974 stone
679 130 975 stone
679 130 976 stone
679 130 977 stone
679 130 978 stone
679 130 979 stone
679 130 980 stone
679 130 981 stone
679 130 982 stone
679 130 983 stone
679 130 984 stone
679 130 985 stone
679 130 986 stone
679 130 987 stone
679 130 988 stone
679 130 989 coal_ore
679 130 990 coal_ore
679 130 991 coal_ore
679 130 992 stone
679 130 993 stone
679 130 994 stone
679 130 995 dirt
679 130 996 grass_block[snowy=false]
679 130 997 grass_block[snowy=false]
679 130 998 grass_block[snowy=false]
679 130 999 grass_block[snowy=false]
679 130 1000 grass_block[snowy=false]
680 130 896 stone
680 130 897 stone
680 130 898 stone
680 130 899 stone
680 130 900 stone
680 130 901 stone
680 130 902 stone
680 130 903 dirt
680 130 904 dirt
680 130 905 dirt
680 130 906 stone
680 130 907 stone
680 130 908 stone
680 130 909 stone
680 130 910 stone
680 130 911 stone
680 130 912 stone
680 130 913 stone
680 130 914 stone
680 130 915 stone
680 130 916 stone
680 130 917 stone
680 130 918 stone
680 130 919 stone
680 130 920 stone
680 130 921 stone
680 130 922 stone
680 130 923 stone
680 130 924 stone
680 130 925 stone
680 130 926 stone
680 130 927 stone
680 130 928 stone
680 130 929 stone
680 130 930 stone
680 130 931 stone
680 130 932 stone
680 130 933 stone
680 130 934 stone
680 130 935 stone
680 130 936 stone
680 130 937 stone
680 130 938 stone
680 130 939 stone
680 130 940 stone
680 130 941 stone
680 130 942 stone
680 130 943 stone
680 130 944 stone
680 130 945 stone
680 130 946 stone
680 130 947 stone
680 130 948 stone
680 130 949 stone
680 130 950 stone
680 130 951 stone
680 130 952 stone
680 130 953 stone
680 130 954 stone
680 130 955 stone
680 130 956 stone
680 130 957 stone
680 130 958 stone
680 130 959 stone
680 130 960 stone
680 130 961 stone
680 130 962 stone
680 130 963 stone
680 130 964 stone
680 130 965 stone
680 130 966 stone
680 130 967 stone
680 130 968 stone
680 130 969 stone
680 130 970 stone
680 130 971 stone
680 130 972 stone
680 130 973 stone
680 130 974 stone
680 130 975 stone
680 130 976 stone
680 130 977 stone
680 130 978 stone
680 130 979 stone
680 130 980 stone
680 130 981 stone
680 130 982 stone
680 130 983 stone
680 130 984 stone
680 130 985 stone
680 130 986 stone
680 130 987 stone
680 130 988 stone
680 130 989 coal_ore
680 130 990 coal_ore
680 130 991 coal_ore
680 130 992 stone
680 130 993 stone
680 130 994 stone
680 130 995 dirt
680 130 996 grass_block[snowy=false]
680 130 997 grass_block[snowy=false]
680 130 998 grass_block[snowy=false]
680 130 999 grass_block[snowy=false]
680 130 1000 grass_block[snowy=false]
681 130 896 stone
681 130 897 stone
681 130 898 stone
681 130 899 stone
681 130 900 stone
681 130 901 stone
681 130 902 stone
681 130 903 dirt
681 130 904 dirt
681 130 905 dirt
681 130 906 dirt
681 130 907 stone
681 130 908 stone
681 130 909 stone
681 130 910 stone
681 130 911 stone
681 130 912 stone
681 130 913 stone
681 130 914 stone
681 130 915 stone
681 130 916 stone
681 130 917 stone
681 130 918 stone
681 130 919 stone
681 130 920 stone
681 130 921 stone
681 130 922 stone
681 130 923 stone
681 130 924 stone
681 130 925 stone
681 130 926 stone
681 130 927 stone
681 130 928 stone
681 130 929 stone
681 130 930 stone
681 130 931 stone
681 130 932 stone
681 130 933 stone
681 130 934 stone
681 130 935 stone
681 130 936 stone
681 130 937 stone
681 130 938 stone
681 130 939 stone
681 130 940 stone
681 130 941 stone
681 130 942 stone
681 130 943 stone
681 130 944 stone
681 130 945 stone
681 130 946 stone
681 130 947 stone
681 130 948 stone
681 130 949 stone
681 130 950 stone
681 130 951 stone
681 130 952 stone
681 130 953 stone
681 130 954 stone
681 130 955 stone
681 130 956 stone
681 130 957 stone
681 130 958 stone
681 130 959 stone
681 130 960 coal_ore
681 130 961 stone
681 130 962 stone
681 130 963 stone
681 130 964 stone
681 130 965 stone
681 130 966 stone
681 130 967 stone
681 130 968 stone
681 130 969 stone
681 130 970 stone
681 130 971 stone
681 130 972 stone
681 130 973 stone
681 130 974 stone
681 130 975 stone
681 130 976 stone
681 130 977 stone
681 130 978 stone
681 130 979 stone
681 130 980 stone
681 130 981 stone
681 130 982 stone
681 130 983 coal_ore
681 130 984 coal_ore
681 130 985 coal_ore
681 130 986 coal_ore
681 130 987 stone
681 130 988 stone
681 130 989 stone
681 130 990 stone
681 130 991 stone
681 130 992 stone
681 130 993 stone
681 130 994 stone
681 130 995 stone
681 130 996 dirt
681 130 997 dirt
681 130 998 grass_block[snowy=false]
681 130 999 grass_block[snowy=false]
681 130 1000 grass_block[snowy=false]
682 130 896 stone
682 130 897 stone
682 130 898 stone
682 130 899 stone
682 130 900 stone
682 130 901 stone
682 130 902 stone
682 130 903 dirt
682 130 904 dirt
682 130 905 dirt
682 130 906 dirt
682 130 907 stone
682 130 908 stone
682 130 909 stone
682 130 910 stone
682 130 911 stone
682 130 912 stone
682 130 913 stone
682 130 914 stone
682 130 915 stone
682 130 916 stone
682 130 917 stone
682 130 918 stone
682 130 919 stone
682 130 920 stone
682 130 921 stone
682 130 922 stone
682 130 923 stone
682 130 924 stone
682 130 925 stone
682 130 926 stone
682 130 927 stone
682 130 928 stone
682 130 929 stone
682 130 930 stone
682 130 931 stone
682 130 932 stone
682 130 933 stone
682 130 934 stone
682 130 935 stone
682 130 936 stone
682 130 937 stone
682 130 938 stone
682 130 939 stone
682 130 940 stone
682 130 941 stone
682 130 942 stone
682 130 943 stone
682 130 944 stone
682 130 945 stone
682 130 946 stone
682 130 947 stone
682 130 948 stone
682 130 949 stone
682 130 950 stone
682 130 951 stone
682 130 952 stone
682 130 953 stone
682 130 954 stone
682 130 955 stone
682 130 956 stone
682 130 957 stone
682 130 958 coal_ore
682 130 959 coal_ore
682 130 960 stone
682 130 961 stone
682 130 962 stone
682 130 963 stone
682 130 964 stone
682 130 965 stone
682 130 966 stone
682 130 967 stone
682 130 968 stone
682 130 969 stone
682 130 970 stone
682 130 971 stone
682 130 972 stone
682 130 973 stone
682 130 974 stone
682 130 975 stone
682 130 976 stone
682 130 977 stone
682 130 978 stone
682 130 979 stone
682 130 980 stone
682 130 981 stone
682 130 982 coal_ore
682 130 983 coal_ore
682 130 984 coal_ore
682 130 985 coal_ore
682 130 986 coal_ore
682 130 987 stone
682 130 988 stone
682 130 989 stone
682 130 990 stone
682 130 991 stone
682 130 992 stone
682 130 993 stone
682 130 994 stone
682 130 995 stone
682 130 996 dirt
682 130 997 dirt
682 130 998 grass_block[snowy=false]
682 130 999 grass_block[snowy=false]
682 130 1000 grass_block[snowy=false]
683 130 896 stone
683 130 897 stone
683 130 898 stone
683 130 899 stone
683 130 900 stone
683 130 901 stone
683 130 902 stone
683 130 903 dirt
683 130 904 dirt
683 130 905 dirt
683 130 906 dirt
683 130 907 dirt
683 130 908 stone
683 130 909 stone
683 130 910 stone
683 130 911 stone
683 130 912 stone
683 130 913 stone
683 130 914 stone
683 130 915 stone
683 130 916 stone
683 130 917 stone
683 130 918 stone
683 130 919 stone
683 130 920 stone
683 130 921 stone
683 130 922 stone
683 130 923 stone
683 130 924 stone
683 130 925 stone
683 130 926 stone
683 130 927 stone
683 130 928 stone
683 130 929 stone
683 130 930 stone
683 130 931 stone
683 130 932 stone
683 130 933 stone
683 130 934 stone
683 130 935 stone
683 130 936 stone
683 130 937 stone
683 130 938 stone
683 130 939 stone
683 130 940 stone
683 130 941 stone
683 130 942 stone
683 130 943 stone
683 130 944 stone
683 130 945 stone
683 130 946 stone
683 130 947 stone
683 130 948 stone
683 130 949 stone
683 130 950 stone
683 130 951 stone
683 130 952 stone
683 130 953 stone
683 130 954 stone
683 130 955 stone
683 130 956 stone
683 130 957 stone
683 130 958 coal_ore
683 130 959 coal_ore
683 130 960 stone
683 130 961 stone
683 130 962 stone
683 130 963 stone
683 130 964 stone
683 130 965 stone
683 130 966 stone
683 130 967 stone
683 130 968 stone
683 130 969 stone
683 130 970 stone
683 130 971 stone
683 130 972 stone
683 130 973 stone
683 130 974 stone
683 130 975 stone
683 130 976 stone
683 130 977 stone
683 130 978 stone
683 130 979 stone
683 130 980 stone
683 130 981 stone
683 130 982 stone
683 130 983 stone
683 130 984 stone
683 130 985 stone
683 130 986 stone
683 130 987 stone
683 130 988 stone
683 130 989 stone
683 130 990 stone
683 130 991 stone
683 130 992 stone
683 130 993 stone
683 130 994 stone
683 130 995 stone
683 130 996 dirt
683 130 997 dirt
683 130 998 dirt
