896 108 357 diorite
896 108 358 diorite
fill 896 108 359 896 108 364 stone
fill 896 108 371 896 108 376 stone
fill 896 108 377 896 108 383 andesite
fill 897 108 256 897 108 277 water[level=0]
897 108 278 gravel
fill 897 108 279 897 108 281 stone
fill 897 108 282 897 108 284 coal_ore
fill 897 108 285 897 108 314 stone
fill 897 108 315 897 108 331 diorite
fill 897 108 332 897 108 344 stone
897 108 355 stone
897 108 356 stone
897 108 357 diorite
897 108 358 diorite
fill 897 108 359 897 108 364 stone
fill 897 108 365 897 108 369 andesite
fill 897 108 372 897 108 376 stone
fill 897 108 377 897 108 383 andesite
fill 898 108 256 898 108 277 water[level=0]
898 108 278 gravel
fill 898 108 279 898 108 281 stone
fill 898 108 282 898 108 284 coal_ore
fill 898 108 285 898 108 314 stone
fill 898 108 315 898 108 329 diorite
fill 898 108 330 898 108 344 stone
898 108 355 stone
898 108 356 stone
898 108 357 diorite
fill 898 108 358 898 108 364 stone
fill 898 108 365 898 108 371 andesite
fill 898 108 372 898 108 374 stone
898 108 375 copper_ore
898 108 376 copper_ore
898 108 377 stone
898 108 378 stone
fill 898 108 379 898 108 383 andesite
fill 899 108 256 899 108 277 water[level=0]
899 108 278 seagrass
899 108 279 gravel
fill 899 108 280 899 108 315 stone
fill 899 108 316 899 108 326 diorite
fill 899 108 327 899 108 344 stone
fill 899 108 355 899 108 364 stone
fill 899 108 365 899 108 372 andesite
899 108 373 stone
899 108 374 stone
899 108 375 copper_ore
899 108 376 copper_ore
fill 899 108 377 899 108 379 stone
fill 899 108 380 899 108 383 andesite
fill 900 108 256 900 108 278 water[level=0]
900 108 279 gravel
fill 900 108 280 900 108 306 stone
900 108 307 granite
900 108 308 granite
fill 900 108 309 900 108 331 stone
fill 900 108 332 900 108 344 stone
fill 900 108 355 900 108 365 stone
900 108 366 andesite
900 108 367 andesite
fill 900 108 368 900 108 372 water[level=0]
900 108 373 andesite
fill 900 108 374 900 108 380 stone
fill 900 108 381 900 108 383 andesite
fill 901 108 256 901 108 278 water[level=0]
901 108 279 gravel
fill 901 108 280 901 108 306 stone
fill 901 108 307 901 108 309 granite
fill 901 108 310 901 108 344 stone
fill 901 108 354 901 108 365 stone
901 108 366 andesite
901 108 367 andesite
fill 901 108 368 901 108 372 water[level=0]
901 108 373 andesite
901 108 374 andesite
fill 901 108 375 901 108 381 stone
901 108 382 andesite
901 108 383 andesite
fill 902 108 256 902 108 278 water[level=0]
902 108 279 tall_seagrass[half=lower]
902 108 280 andesite
902 108 281 andesite
fill 902 108 282 902 108 302 stone
902 108 303 coal_ore
fill 902 108 304 902 108 306 stone
fill 902 108 307 902 108 310 granite
fill 902 108 311 902 108 344 stone
fill 902 108 354 902 108 365 stone
902 108 366 andesite
902 108 367 andesite
fill 902 108 368 902 108 373 water[level=0]
902 108 374 andesite
fill 902 108 375 902 108 383 stone
fill 903 108 256 903 108 278 water[level=0]
903 108 279 seagrass
903 108 280 gravel
903 108 281 andesite
903 108 282 andesite
fill 903 108 283 903 108 301 stone
903 108 302 coal_ore
903 108 303 coal_ore
fill 903 108 304 903 108 306 stone
fill 903 108 307 903 108 312 granite
fill 903 108 313 903 108 344 stone
fill 903 108 354 903 108 366 stone
903 108 367 andesite
fill 903 108 368 903 108 373 water[level=0]
903 108 374 andesite
fill 903 108 375 903 108 382 stone
903 108 383 diorite
fill 904 108 256 904 108 278 water[level=0]
904 108 279 tall_seagrass[half=upper]
904 108 280 tall_seagrass[half=lower]
904 108 281 andesite
904 108 282 andesite
fill 904 108 283 904 108 306 stone
fill 904 108 307 904 108 313 granite
fill 904 108 314 904 108 345 stone
fill 904 108 353 904 108 366 stone
904 108 367 andesite
904 108 368 andesite
fill 904 108 369 904 108 373 water[level=0]
904 108 374 andesite
904 108 375 andesite
fill 904 108 376 904 108 382 stone
904 108 383 diorite
fill 905 108 256 905 108 280 water[level=0]
905 108 281 gravel
905 108 282 andesite
905 108 283 andesite
fill 905 108 284 905 108 302 stone
fill 905 108 303 905 108 306 water[level=0]
fill 905 108 307 905 108 313 granite
fill 905 108 314 905 108 346 stone
fill 905 108 352 905 108 367 stone
905 108 368 andesite
905 108 369 andesite
fill 905 108 370 905 108 373 water[level=0]
905 108 374 andesite
905 108 375 andesite
fill 905 108 376 905 108 382 stone
905 108 383 granite
fill 906 108 256 906 108 281 water[level=0]
906 108 282 andesite
906 108 283 andesite
fill 906 108 284 906 108 302 stone
fill 906 108 303 906 108 308 water[level=0]
fill 906 108 309 906 108 314 granite
fill 906 108 315 906 108 367 stone
906 108 368 andesite
906 108 369 andesite
fill 906 108 370 906 108 374 water[level=0]
906 108 375 andesite
906 108 376 andesite
fill 906 108 377 906 108 383 stone
fill 907 108 256 907 108 281 water[level=0]
907 108 282 gravel
907 108 283 andesite
fill 907 108 284 907 108 301 stone
fill 907 108 302 907 108 308 water[level=0]
fill 907 108 309 907 108 314 granite
fill 907 108 315 907 108 369 stone
907 108 370 andesite
fill 907 108 371 907 108 374 water[level=0]
907 108 375 andesite
907 108 376 andesite
fill 907 108 377 907 108 383 stone
fill 908 108 256 908 108 281 water[level=0]
908 108 282 gravel
908 108 283 andesite
908 108 284 andesite
fill 908 108 285 908 108 301 stone
fill 908 108 302 908 108 309 water[level=0]
fill 908 108 310 908 108 314 granite
fill 908 108 315 908 108 336 stone
fill 908 108 337 908 108 341 gravel
fill 908 108 342 908 108 346 stone
fill 908 108 347 908 108 370 stone
fill 908 108 371 908 108 375 water[level=0]
908 108 376 andesite
908 108 377 andesite
fill 908 108 378 908 108 383 stone
fill 909 108 256 909 108 282 water[level=0]
909 108 283 andesite
909 108 284 andesite
fill 909 108 285 909 108 302 stone
fill 909 108 303 909 108 309 water[level=0]
fill 909 108 310 909 108 315 granite
fill 909 108 316 909 108 337 stone
fill 909 108 338 909 108 343 gravel
fill 909 108 344 909 108 371 stone
fill 909 108 372 909 108 374 water[level=0]
909 108 375 andesite
909 108 376 andesite
fill 909 108 377 909 108 383 stone
fill 910 108 256 910 108 282 water[level=0]
910 108 283 gravel
910 108 284 andesite
fill 910 108 285 910 108 303 stone
fill 910 108 304 910 108 309 water[level=0]
fill 910 108 310 910 108 315 granite
fill 910 108 316 910 108 338 stone
fill 910 108 339 910 108 343 gravel
fill 910 108 344 910 108 362 stone
fill 910 108 363 910 108 365 copper_ore
fill 910 108 366 910 108 372 stone
fill 910 108 373 910 108 376 andesite
fill 910 108 377 910 108 383 stone
fill 911 108 256 911 108 282 water[level=0]
911 108 283 gravel
911 108 284 andesite
fill 911 108 285 911 108 303 stone
911 108 304 andesite
911 108 305 andesite
fill 911 108 306 911 108 308 water[level=0]
fill 911 108 309 911 108 315 granite
fill 911 108 316 911 108 338 stone
fill 911 108 339 911 108 343 gravel
fill 911 108 344 911 108 361 stone
fill 911 108 362 911 108 364 copper_ore
fill 911 108 365 911 108 374 stone
911 108 375 andesite
fill 911 108 376 911 108 383 stone
fill 912 108 256 912 108 282 water[level=0]
912 108 283 gravel
fill 912 108 284 912 108 303 stone
fill 912 108 304 912 108 308 andesite
fill 912 108 309 912 108 313 granite
912 108 314 copper_ore
912 108 315 copper_ore
fill 912 108 316 912 108 383 stone
fill 913 108 256 913 108 282 water[level=0]
913 108 283 gravel
fill 913 108 284 913 108 305 stone
fill 913 108 306 913 108 308 andesite
fill 913 108 309 913 108 313 granite
fill 913 108 314 913 108 316 copper_ore
fill 913 108 317 913 108 355 stone
913 108 356 iron_ore
fill 913 108 357 913 108 383 stone
fill 914 108 256 914 108 282 water[level=0]
914 108 283 gravel
fill 914 108 284 914 108 309 stone
914 108 310 andesite
fill 914 108 311 914 108 316 granite
fill 914 108 317 914 108 355 stone
914 108 356 iron_ore
fill 914 108 357 914 108 361 stone
fill 914 108 362 914 108 364 copper_ore
fill 914 108 365 914 108 383 stone
fill 915 108 256 915 108 282 water[level=0]
915 108 283 gravel
fill 915 108 284 915 108 310 stone
fill 915 108 311 915 108 315 granite
fill 915 108 316 915 108 338 stone
915 108 339 coal_ore
fill 915 108 340 915 108 361 stone
915 108 362 copper_ore
915 108 363 copper_ore
fill 915 108 364 915 108 368 stone
915 108 369 lapis_ore
fill 915 108 370 915 108 383 stone
fill 916 108 256 916 108 283 water[level=0]
916 108 284 gravel
fill 916 108 285 916 108 311 stone
fill 916 108 312 916 108 315 granite
fill 916 108 316 916 108 323 stone
fill 916 108 324 916 108 338 stone
916 108 339 coal_ore
916 108 340 coal_ore
fill 916 108 341 916 108 357 stone
916 108 358 gravel
916 108 359 gravel
fill 916 108 360 916 108 383 stone
fill 917 108 256 917 108 283 water[level=0]
917 108 284 gravel
fill 917 108 285 917 108 307 stone
917 108 308 copper_ore
917 108 309 copper_ore
fill 917 108 310 917 108 338 stone
917 108 339 coal_ore
fill 917 108 340 917 108 350 stone
917 108 351 iron_ore
917 108 352 iron_ore
fill 917 108 353 917 108 356 stone
fill 917 108 357 917 108 359 gravel
fill 917 108 360 917 108 373 stone
917 108 374 andesite
fill 917 108 375 917 108 383 stone
918 108 256 tall_seagrass[half=upper]
fill 918 108 257 918 108 284 water[level=0]
918 108 285 gravel
fill 918 108 286 918 108 307 stone
fill 918 108 308 918 108 310 copper_ore
fill 918 108 311 918 108 355 stone
fill 918 108 356 918 108 359 gravel
fill 918 108 360 918 108 369 stone
fill 918 108 370 918 108 378 andesite
fill 918 108 379 918 108 383 stone
919 108 256 water[level=0]
919 108 257 tall_seagrass[half=upper]
fill 919 108 258 919 108 284 water[level=0]
919 108 285 gravel
fill 919 108 286 919 108 310 stone
fill 919 108 311 919 108 316 dirt
fill 919 108 317 919 108 356 stone
fill 919 108 357 919 108 359 gravel
fill 919 108 360 919 108 367 stone
fill 919 108 368 919 108 380 andesite
fill 919 108 381 919 108 383 stone
fill 920 108 256 920 108 284 water[level=0]
920 108 285 gravel
fill 920 108 286 920 108 289 stone
920 108 290 copper_ore
920 108 291 copper_ore
fill 920 108 292 920 108 305 stone
920 108 306 granite
920 108 307 stone
920 108 308 stone
fill 920 108 309 920 108 316 dirt
fill 920 108 317 920 108 334 stone
fill 920 108 335 920 108 340 andesite
fill 920 108 341 920 108 346 stone
920 108 347 andesite
fill 920 108 348 920 108 355 stone
fill 920 108 356 920 108 358 gravel
fill 920 108 359 920 108 367 stone
fill 920 108 368 920 108 382 andesite
920 108 383 stone
fill 921 108 256 921 108 284 water[level=0]
921 108 285 gravel
fill 921 108 286 921 108 289 stone
921 108 290 copper_ore
921 108 291 copper_ore
fill 921 108 292 921 108 305 stone
921 108 306 granite
921 108 307 stone
fill 921 108 308 921 108 315 dirt
fill 921 108 316 921 108 330 stone
fill 921 108 331 921 108 348 andesite
fill 921 108 349 921 108 355 stone
921 108 356 gravel
921 108 357 gravel
fill 921 108 358 921 108 368 stone
fill 921 108 369 921 108 382 andesite
921 108 383 stone
922 108 256 tall_seagrass[half=lower]
fill 922 108 257 922 108 285 water[level=0]
922 108 286 gravel
fill 922 108 287 922 108 290 stone
922 108 291 copper_ore
fill 922 108 292 922 108 307 stone
fill 922 108 308 922 108 314 dirt
fill 922 108 315 922 108 330 stone
922 108 331 andesite
922 108 332 iron_ore
fill 922 108 333 922 108 345 andesite
922 108 346 gravel
922 108 347 gravel
922 108 348 andesite
fill 922 108 349 922 108 355 stone
922 108 356 gravel
fill 922 108 357 922 108 369 stone
fill 922 108 370 922 108 382 andesite
922 108 383 stone
fill 923 108 256 923 108 285 water[level=0]
923 108 286 gravel
fill 923 108 287 923 108 300 stone
fill 923 108 301 923 108 303 granite
fill 923 108 304 923 108 308 stone
fill 923 108 309 923 108 311 dirt
fill 923 108 312 923 108 329 stone
fill 923 108 330 923 108 344 andesite
fill 923 108 345 923 108 347 gravel
923 108 348 andesite
923 108 349 andesite
fill 923 108 350 923 108 371 stone
fill 923 108 372 923 108 380 andesite
fill 923 108 381 923 108 383 stone
fill 924 108 256 924 108 285 water[level=0]
924 108 286 gravel
924 108 287 stone
924 108 288 stone
fill 924 108 289 924 108 291 andesite
fill 924 108 292 924 108 300 stone
fill 924 108 301 924 108 304 granite
fill 924 108 305 924 108 330 stone
fill 924 108 331 924 108 344 andesite
fill 924 108 345 924 108 347 gravel
924 108 348 andesite
924 108 349 andesite
fill 924 108 350 924 108 365 stone
924 108 366 diorite
924 108 367 diorite
fill 924 108 368 924 108 383 stone
fill 925 108 256 925 108 286 water[level=0]
925 108 287 gravel
fill 925 108 288 925 108 291 andesite
fill 925 108 292 925 108 299 stone
fill 925 108 300 925 108 304 granite
fill 925 108 305 925 108 319 stone
925 108 320 coal_ore
925 108 321 coal_ore
fill 925 108 322 925 108 330 stone
fill 925 108 331 925 108 343 andesite
fill 925 108 344 925 108 347 gravel
925 108 348 andesite
925 108 349 andesite
fill 925 108 350 925 108 364 stone
fill 925 108 365 925 108 367 diorite
fill 925 108 368 925 108 379 stone
925 108 382 stone
925 108 383 stone
fill 926 108 256 926 108 286 water[level=0]
926 108 287 gravel
fill 926 108 288 926 108 292 andesite
fill 926 108 293 926 108 299 stone
fill 926 108 300 926 108 304 granite
fill 926 108 305 926 108 318 stone
fill 926 108 319 926 108 321 coal_ore
fill 926 108 322 926 108 333 stone
fill 926 108 334 926 108 343 andesite
fill 926 108 344 926 108 347 gravel
926 108 348 andesite
fill 926 108 349 926 108 364 stone
fill 926 108 365 926 108 367 diorite
fill 926 108 368 926 108 379 stone
fill 927 108 256 927 108 287 water[level=0]
927 108 288 gravel
fill 927 108 289 927 108 292 andesite
fill 927 108 293 927 108 299 stone
fill 927 108 300 927 108 303 granite
fill 927 108 304 927 108 317 stone
fill 927 108 318 927 108 321 coal_ore
fill 927 108 322 927 108 325 stone
927 108 326 water[level=0]
927 108 327 water[level=0]
fill 927 108 328 927 108 335 stone
fill 927 108 336 927 108 342 andesite
fill 927 108 343 927 108 346 gravel
927 108 347 andesite
927 108 348 andesite
fill 927 108 349 927 108 365 stone
927 108 366 diorite
927 108 367 stone
927 108 368 stone
fill 927 108 369 927 108 375 granite
fill 927 108 376 927 108 379 stone
fill 928 108 256 928 108 288 water[level=0]
928 108 289 gravel
928 108 290 coal_ore
928 108 291 coal_ore
fill 928 108 292 928 108 294 granite
fill 928 108 295 928 108 342 stone
fill 928 108 343 928 108 346 gravel
928 108 347 andesite
928 108 348 andesite
fill 928 108 349 928 108 365 stone
fill 928 108 366 928 108 376 granite
fill 928 108 377 928 108 379 stone
fill 929 108 256 929 108 289 water[level=0]
929 108 290 coal_ore
929 108 291 coal_ore
fill 929 108 292 929 108 294 granite
fill 929 108 295 929 108 337 stone
fill 929 108 338 929 108 342 andesite
fill 929 108 343 929 108 346 gravel
fill 929 108 347 929 108 363 stone
fill 929 108 364 929 108 376 granite
fill 929 108 377 929 108 380 stone
fill 930 108 256 930 108 289 water[level=0]
930 108 290 gravel
930 108 291 coal_ore
fill 930 108 292 930 108 294 granite
fill 930 108 295 930 108 310 stone
930 108 311 coal_ore
fill 930 108 312 930 108 329 stone
930 108 330 iron_ore
930 108 331 iron_ore
fill 930 108 332 930 108 335 stone
fill 930 108 336 930 108 343 andesite
930 108 344 gravel
930 108 345 gravel
fill 930 108 346 930 108 362 stone
fill 930 108 363 930 108 374 granite
fill 930 108 375 930 108 381 stone
fill 931 108 256 931 108 290 water[level=0]
931 108 291 gravel
931 108 292 granite
931 108 293 granite
931 108 294 andesite
fill 931 108 295 931 108 311 stone
931 108 312 coal_ore
fill 931 108 313 931 108 329 stone
931 108 330 iron_ore
931 108 331 iron_ore
fill 931 108 332 931 108 334 stone
fill 931 108 335 931 108 344 andesite
fill 931 108 345 931 108 361 stone
fill 931 108 362 931 108 373 granite
fill 931 108 374 931 108 381 stone
fill 932 108 256 932 108 271 water[level=0]
fill 932 108 272 932 108 289 water[level=0]
932 108 290 tall_seagrass[half=upper]
932 108 291 gravel
932 108 292 granite
932 108 293 andesite
932 108 294 andesite
fill 932 108 295 932 108 312 stone
932 108 313 coal_ore
fill 932 108 314 932 108 333 stone
fill 932 108 334 932 108 344 andesite
fill 932 108 345 932 108 361 stone
fill 932 108 362 932 108 372 granite
fill 932 108 373 932 108 382 stone
fill 933 108 256 933 108 291 water[level=0]
933 108 292 gravel
933 108 293 andesite
933 108 294 andesite
fill 933 108 295 933 108 307 stone
933 108 308 gravel
fill 933 108 309 933 108 332 stone
fill 933 108 333 933 108 343 andesite
fill 933 108 344 933 108 360 stone
fill 933 108 361 933 108 370 granite
fill 933 108 371 933 108 380 stone
fill 933 108 381 933 108 383 diorite
fill 934 108 256 934 108 292 water[level=0]
934 108 293 gravel
934 108 294 andesite
934 108 295 andesite
fill 934 108 296 934 108 302 stone
fill 934 108 303 934 108 309 gravel
fill 934 108 310 934 108 331 stone
fill 934 108 332 934 108 342 andesite
fill 934 108 343 934 108 360 stone
fill 934 108 361 934 108 369 granite
fill 934 108 370 934 108 378 stone
fill 934 108 379 934 108 383 diorite
fill 935 108 256 935 108 291 water[level=0]
935 108 292 gravel
fill 935 108 293 935 108 295 andesite
fill 935 108 296 935 108 300 stone
fill 935 108 301 935 108 309 gravel
fill 935 108 310 935 108 330 stone
fill 935 108 331 935 108 342 andesite
fill 935 108 343 935 108 374 stone
fill 935 108 375 935 108 383 diorite
fill 936 108 256 936 108 291 water[level=0]
936 108 292 gravel
fill 936 108 293 936 108 295 andesite
936 108 296 stone
936 108 297 stone
936 108 298 water[level=0]
936 108 299 water[level=0]
fill 936 108 300 936 108 308 gravel
fill 936 108 309 936 108 330 stone
fill 936 108 331 936 108 333 andesite
936 108 334 copper_ore
fill 936 108 335 936 108 340 andesite
fill 936 108 341 936 108 367 stone
fill 936 108 368 936 108 374 andesite
fill 936 108 375 936 108 383 diorite
fill 937 108 256 937 108 291 water[level=0]
fill 937 108 292 937 108 295 andesite
937 108 296 stone
937 108 297 water[level=0]
937 108 298 water[level=0]
937 108 299 stone
fill 937 108 300 937 108 306 gravel
937 108 307 granite
937 108 308 granite
fill 937 108 309 937 108 330 stone
fill 937 108 331 937 108 333 andesite
937 108 334 copper_ore
937 108 335 copper_ore
fill 937 108 336 937 108 338 andesite
fill 937 108 339 937 108 341 stone
937 108 342 coal_ore
fill 937 108 343 937 108 366 stone
fill 937 108 367 937 108 374 andesite
fill 937 108 375 937 108 382 diorite
937 108 383 iron_ore
fill 938 108 256 938 108 290 water[level=0]
938 108 291 gravel
fill 938 108 292 938 108 295 andesite
938 108 296 stone
938 108 297 water[level=0]
938 108 298 water[level=0]
938 108 299 stone
938 108 300 stone
938 108 301 gravel
938 108 302 gravel
938 108 303 stone
938 108 304 gravel
fill 938 108 305 938 108 308 granite
fill 938 108 309 938 108 330 stone
fill 938 108 331 938 108 333 andesite
938 108 334 copper_ore
938 108 335 copper_ore
fill 938 108 336 938 108 340 stone
fill 938 108 341 938 108 343 coal_ore
fill 938 108 344 938 108 365 stone
fill 938 108 366 938 108 373 andesite
fill 938 108 374 938 108 383 diorite
fill 939 108 256 939 108 290 water[level=0]
939 108 291 gravel
fill 939 108 292 939 108 295 andesite
fill 939 108 296 939 108 304 stone
fill 939 108 305 939 108 307 granite
fill 939 108 308 939 108 333 stone
939 108 334 copper_ore
939 108 335 copper_ore
fill 939 108 336 939 108 340 stone
939 108 341 coal_ore
939 108 342 coal_ore
fill 939 108 343 939 108 363 stone
fill 939 108 364 939 108 373 andesite
fill 939 108 374 939 108 383 diorite
fill 940 108 256 940 108 290 water[level=0]
940 108 291 gravel
fill 940 108 292 940 108 295 andesite
fill 940 108 296 940 108 304 stone
fill 940 108 305 940 108 307 granite
fill 940 108 308 940 108 340 stone
940 108 341 coal_ore
940 108 342 coal_ore
fill 940 108 343 940 108 362 stone
fill 940 108 363 940 108 372 andesite
fill 940 108 373 940 108 382 diorite
940 108 383 andesite
941 108 256 stone
fill 941 108 257 941 108 288 water[level=0]
941 108 289 seagrass
941 108 290 water[level=0]
941 108 291 gravel
941 108 292 gravel
941 108 293 andesite
941 108 294 andesite
fill 941 108 295 941 108 304 stone
941 108 305 granite
fill 941 108 306 941 108 340 stone
941 108 341 coal_ore
941 108 342 coal_ore
fill 941 108 343 941 108 362 stone
fill 941 108 363 941 108 371 andesite
fill 941 108 372 941 108 381 diorite
941 108 382 andesite
941 108 383 andesite
942 108 256 stone
942 108 257 stone
fill 942 108 258 942 108 289 water[level=0]
fill 942 108 290 942 108 292 gravel
fill 942 108 293 942 108 343 stone
942 108 344 dirt
942 108 345 dirt
fill 942 108 346 942 108 361 stone
fill 942 108 362 942 108 371 andesite
fill 942 108 372 942 108 379 diorite
fill 942 108 380 942 108 383 andesite
943 108 256 stone
943 108 257 stone
fill 943 108 258 943 108 290 water[level=0]
fill 943 108 291 943 108 295 gravel