fill 1003 82 584 1003 82 592 stone
fill 1003 82 593 1003 82 596 gravel
fill 1003 82 597 1003 82 614 stone
fill 1003 82 615 1003 82 623 andesite
fill 1003 82 624 1003 82 635 stone
fill 1003 82 636 1003 82 638 gravel
1003 82 639 stone
fill 1004 82 512 1004 82 515 stone
fill 1004 82 516 1004 82 518 water[level=0]
fill 1004 82 519 1004 82 522 andesite
fill 1004 82 523 1004 82 532 stone
fill 1004 82 533 1004 82 544 diorite
fill 1004 82 545 1004 82 556 stone
fill 1004 82 557 1004 82 559 andesite
fill 1004 82 560 1004 82 578 stone
fill 1004 82 579 1004 82 581 granite
fill 1004 82 582 1004 82 590 stone
1004 82 591 iron_ore
fill 1004 82 592 1004 82 595 gravel
fill 1004 82 596 1004 82 616 stone
fill 1004 82 617 1004 82 623 andesite
fill 1004 82 624 1004 82 634 stone
fill 1004 82 635 1004 82 638 gravel
1004 82 639 stone
fill 1005 82 512 1005 82 515 stone
fill 1005 82 516 1005 82 519 water[level=0]
fill 1005 82 520 1005 82 523 andesite
fill 1005 82 524 1005 82 531 stone
fill 1005 82 532 1005 82 543 diorite
fill 1005 82 544 1005 82 555 stone
fill 1005 82 556 1005 82 564 andesite
fill 1005 82 565 1005 82 588 stone
1005 82 589 dirt
1005 82 590 stone
fill 1005 82 591 1005 82 593 gravel
fill 1005 82 594 1005 82 619 stone
fill 1005 82 620 1005 82 622 andesite
fill 1005 82 623 1005 82 635 stone
1005 82 636 gravel
1005 82 637 gravel
1005 82 638 stone
1005 82 639 stone
fill 1006 82 512 1006 82 515 stone
1006 82 516 andesite
1006 82 517 water[level=0]
1006 82 518 water[level=0]
1006 82 519 bubble_column[drag=true]
fill 1006 82 520 1006 82 524 andesite
fill 1006 82 525 1006 82 531 stone
fill 1006 82 532 1006 82 542 diorite
fill 1006 82 543 1006 82 555 stone
fill 1006 82 556 1006 82 565 andesite
fill 1006 82 566 1006 82 586 stone
fill 1006 82 587 1006 82 589 dirt
1006 82 590 stone
1006 82 591 stone
1006 82 592 gravel
fill 1006 82 593 1006 82 635 stone
1006 82 636 gravel
1006 82 637 gravel
1006 82 638 stone
1006 82 639 stone
fill 1007 82 512 1007 82 515 stone
fill 1007 82 516 1007 82 519 andesite
1007 82 520 magma_block
fill 1007 82 521 1007 82 524 andesite
fill 1007 82 525 1007 82 530 stone
fill 1007 82 531 1007 82 541 diorite
fill 1007 82 542 1007 82 555 stone
fill 1007 82 556 1007 82 562 andesite
1007 82 563 copper_ore
fill 1007 82 564 1007 82 567 andesite
fill 1007 82 568 1007 82 585 stone
1007 82 586 dirt
1007 82 587 dirt
1007 82 588 water[level=0]
1007 82 589 dirt
fill 1007 82 590 1007 82 639 stone
fill 1008 82 512 1008 82 516 stone
fill 1008 82 517 1008 82 525 andesite
fill 1008 82 526 1008 82 530 stone
fill 1008 82 531 1008 82 540 diorite
fill 1008 82 541 1008 82 555 stone
fill 1008 82 556 1008 82 568 andesite
fill 1008 82 569 1008 82 584 stone
fill 1008 82 585 1008 82 587 dirt
1008 82 588 water[level=0]
fill 1008 82 589 1008 82 639 stone
fill 1009 82 512 1009 82 516 stone
fill 1009 82 517 1009 82 525 andesite
fill 1009 82 526 1009 82 530 stone
fill 1009 82 531 1009 82 538 diorite
fill 1009 82 539 1009 82 557 stone
fill 1009 82 558 1009 82 570 andesite
fill 1009 82 571 1009 82 584 stone
1009 82 585 dirt
1009 82 586 dirt
1009 82 587 stone
1009 82 588 water[level=0]
1009 82 589 water[level=0]
fill 1009 82 590 1009 82 638 stone
1009 82 639 diorite
fill 1010 82 512 1010 82 516 stone
fill 1010 82 517 1010 82 526 andesite
fill 1010 82 527 1010 82 530 stone
fill 1010 82 531 1010 82 537 diorite
fill 1010 82 538 1010 82 559 stone
fill 1010 82 560 1010 82 571 andesite
fill 1010 82 572 1010 82 587 stone
fill 1010 82 588 1010 82 590 water[level=0]
fill 1010 82 591 1010 82 636 stone
fill 1010 82 637 1010 82 639 diorite
fill 1011 82 512 1011 82 517 stone
fill 1011 82 518 1011 82 526 andesite
fill 1011 82 527 1011 82 531 stone
fill 1011 82 532 1011 82 537 diorite
fill 1011 82 538 1011 82 559 stone
fill 1011 82 560 1011 82 572 andesite
fill 1011 82 573 1011 82 587 stone
fill 1011 82 588 1011 82 590 water[level=0]
1011 82 591 stone
1011 82 592 iron_ore
fill 1011 82 593 1011 82 635 stone
fill 1011 82 636 1011 82 639 diorite
fill 1012 82 512 1012 82 518 stone
fill 1012 82 519 1012 82 527 andesite
fill 1012 82 528 1012 82 531 stone
fill 1012 82 532 1012 82 537 diorite
fill 1012 82 538 1012 82 560 stone
fill 1012 82 561 1012 82 572 andesite
1012 82 573 stone
fill 1012 82 574 1012 82 576 granite
fill 1012 82 577 1012 82 586 stone
fill 1012 82 587 1012 82 591 water[level=0]
fill 1012 82 592 1012 82 621 stone
fill 1012 82 622 1012 82 629 granite
fill 1012 82 630 1012 82 634 stone
fill 1012 82 635 1012 82 639 diorite
fill 1013 82 512 1013 82 519 stone
fill 1013 82 520 1013 82 527 andesite
fill 1013 82 528 1013 82 530 stone
fill 1013 82 531 1013 82 537 diorite
fill 1013 82 538 1013 82 562 stone
fill 1013 82 563 1013 82 573 andesite
fill 1013 82 574 1013 82 579 granite
fill 1013 82 580 1013 82 586 stone
fill 1013 82 587 1013 82 591 water[level=0]
fill 1013 82 592 1013 82 621 stone
fill 1013 82 622 1013 82 631 granite
1013 82 632 stone
1013 82 633 stone
fill 1013 82 634 1013 82 639 diorite
fill 1014 82 512 1014 82 519 stone
fill 1014 82 520 1014 82 527 andesite
fill 1014 82 528 1014 82 530 stone
fill 1014 82 531 1014 82 537 diorite
fill 1014 82 538 1014 82 566 stone
fill 1014 82 567 1014 82 572 andesite
fill 1014 82 573 1014 82 580 granite
1014 82 581 stone
1014 82 582 stone
fill 1014 82 583 1014 82 587 water[level=0]
fill 1014 82 588 1014 82 590 stone
1014 82 591 water[level=0]
1014 82 592 water[level=0]
fill 1014 82 593 1014 82 621 stone
fill 1014 82 622 1014 82 633 granite
fill 1014 82 634 1014 82 639 diorite
fill 1015 82 512 1015 82 520 stone
fill 1015 82 521 1015 82 525 andesite
1015 82 526 water[level=0]
1015 82 527 water[level=0]
fill 1015 82 528 1015 82 530 stone
1015 82 531 iron_ore
fill 1015 82 532 1015 82 537 diorite
fill 1015 82 538 1015 82 568 stone
1015 82 569 andesite
1015 82 570 andesite
1015 82 571 stone
fill 1015 82 572 1015 82 580 granite
1015 82 581 copper_ore
1015 82 582 copper_ore
fill 1015 82 583 1015 82 585 water[level=0]
1015 82 586 diorite
1015 82 587 stone
1015 82 588 water[level=0]
1015 82 589 water[level=0]
fill 1015 82 590 1015 82 601 stone
fill 1015 82 602 1015 82 610 granite
fill 1015 82 611 1015 82 621 stone
fill 1015 82 622 1015 82 632 granite
fill 1015 82 633 1015 82 638 diorite
1015 82 639 coal_ore
fill 1016 82 512 1016 82 521 stone
fill 1016 82 522 1016 82 525 andesite
fill 1016 82 526 1016 82 528 water[level=0]
1016 82 529 stone
1016 82 530 stone
fill 1016 82 531 1016 82 537 diorite
fill 1016 82 538 1016 82 570 stone
fill 1016 82 571 1016 82 576 diorite
fill 1016 82 577 1016 82 580 granite
1016 82 581 copper_ore
1016 82 582 copper_ore
1016 82 583 granite
1016 82 584 water[level=0]
fill 1016 82 585 1016 82 587 stone
fill 1016 82 588 1016 82 591 water[level=0]
fill 1016 82 592 1016 82 600 stone
fill 1016 82 601 1016 82 613 granite
fill 1016 82 614 1016 82 622 stone
fill 1016 82 623 1016 82 631 granite
fill 1016 82 632 1016 82 637 diorite
1016 82 638 coal_ore
1016 82 639 coal_ore
fill 1017 82 512 1017 82 522 stone
fill 1017 82 523 1017 82 526 andesite
1017 82 527 water[level=0]
1017 82 528 water[level=0]
1017 82 529 stone
fill 1017 82 530 1017 82 537 diorite
fill 1017 82 538 1017 82 565 stone
fill 1017 82 566 1017 82 577 diorite
fill 1017 82 578 1017 82 581 granite
1017 82 582 copper_ore
1017 82 583 granite
1017 82 584 water[level=0]
1017 82 585 water[level=0]
1017 82 586 stone
fill 1017 82 587 1017 82 592 water[level=0]
fill 1017 82 593 1017 82 599 stone
fill 1017 82 600 1017 82 613 granite
fill 1017 82 614 1017 82 623 stone
fill 1017 82 624 1017 82 631 granite
fill 1017 82 632 1017 82 637 diorite
1017 82 638 coal_ore
1017 82 639 coal_ore
fill 1018 82 512 1018 82 529 stone
fill 1018 82 530 1018 82 537 diorite
fill 1018 82 538 1018 82 541 stone
1018 82 542 coal_ore
1018 82 543 coal_ore
fill 1018 82 544 1018 82 564 stone
fill 1018 82 565 1018 82 577 diorite
fill 1018 82 578 1018 82 583 granite
1018 82 584 water[level=0]
1018 82 585 water[level=0]
1018 82 586 coal_ore
fill 1018 82 587 1018 82 592 water[level=0]
fill 1018 82 593 1018 82 597 stone
fill 1018 82 598 1018 82 600 granite
fill 1018 82 601 1018 82 603 coal_ore
fill 1018 82 604 1018 82 613 granite
fill 1018 82 614 1018 82 624 stone
fill 1018 82 625 1018 82 630 granite
1018 82 631 dirt
fill 1018 82 632 1018 82 636 diorite
fill 1018 82 637 1018 82 639 coal_ore
fill 1019 82 512 1019 82 529 stone
fill 1019 82 530 1019 82 537 diorite
1019 82 538 stone
1019 82 539 stone
fill 1019 82 540 1019 82 543 coal_ore
fill 1019 82 544 1019 82 563 stone
fill 1019 82 564 1019 82 577 diorite
fill 1019 82 578 1019 82 586 granite
fill 1019 82 587 1019 82 592 water[level=0]
fill 1019 82 593 1019 82 599 stone
1019 82 600 granite
fill 1019 82 601 1019 82 603 coal_ore
fill 1019 82 604 1019 82 611 granite
fill 1019 82 612 1019 82 625 stone
fill 1019 82 626 1019 82 630 granite
fill 1019 82 631 1019 82 636 diorite
fill 1019 82 637 1019 82 639 coal_ore
fill 1020 82 512 1020 82 529 stone
fill 1020 82 530 1020 82 537 diorite
1020 82 538 stone
1020 82 539 stone
fill 1020 82 540 1020 82 543 coal_ore
fill 1020 82 544 1020 82 548 gravel
fill 1020 82 549 1020 82 562 stone
fill 1020 82 563 1020 82 576 diorite
fill 1020 82 577 1020 82 586 granite
1020 82 587 stone
fill 1020 82 588 1020 82 592 water[level=0]
1020 82 593 andesite
fill 1020 82 594 1020 82 600 stone
fill 1020 82 601 1020 82 607 granite
fill 1020 82 608 1020 82 627 stone
1020 82 628 granite
1020 82 629 granite
fill 1020 82 630 1020 82 636 diorite
1020 82 637 granite
1020 82 638 coal_ore
1020 82 639 stone
fill 1021 82 512 1021 82 529 stone
fill 1021 82 530 1021 82 537 diorite
1021 82 538 stone
1021 82 539 stone
1021 82 540 coal_ore
1021 82 541 coal_ore
1021 82 542 stone
fill 1021 82 543 1021 82 550 gravel
fill 1021 82 551 1021 82 561 stone
fill 1021 82 562 1021 82 575 diorite
fill 1021 82 576 1021 82 578 stone
fill 1021 82 579 1021 82 586 granite
1021 82 587 stone
fill 1021 82 588 1021 82 592 water[level=0]
1021 82 593 andesite
1021 82 594 andesite
fill 1021 82 595 1021 82 602 stone
1021 82 603 gold_ore
fill 1021 82 604 1021 82 629 stone
1021 82 630 granite
fill 1021 82 631 1021 82 634 diorite
fill 1021 82 635 1021 82 637 granite
1021 82 638 stone
1021 82 639 stone
fill 1022 82 512 1022 82 529 stone
fill 1022 82 530 1022 82 536 diorite
fill 1022 82 537 1022 82 541 stone
fill 1022 82 542 1022 82 551 gravel
fill 1022 82 552 1022 82 560 stone
fill 1022 82 561 1022 82 573 diorite
fill 1022 82 574 1022 82 580 stone
fill 1022 82 581 1022 82 586 granite
1022 82 587 stone
fill 1022 82 588 1022 82 592 water[level=0]
fill 1022 82 593 1022 82 596 andesite
fill 1022 82 597 1022 82 603 stone
1022 82 604 gold_ore
fill 1022 82 605 1022 82 631 stone
1022 82 632 diorite
fill 1022 82 633 1022 82 639 stone
fill 1023 82 512 1023 82 529 stone
fill 1023 82 530 1023 82 536 diorite
fill 1023 82 537 1023 82 542 stone
fill 1023 82 543 1023 82 546 gravel
1023 82 547 stone
fill 1023 82 548 1023 82 552 gravel
fill 1023 82 553 1023 82 559 stone
fill 1023 82 560 1023 82 572 diorite
fill 1023 82 573 1023 82 582 stone
1023 82 583 granite
fill 1023 82 584 1023 82 587 stone
fill 1023 82 588 1023 82 592 water[level=0]
fill 1023 82 593 1023 82 597 andesite
fill 1023 82 598 1023 82 639 stone
fill 896 83 512 896 83 535 stone
fill 896 83 536 896 83 538 andesite
896 83 539 stone
fill 896 83 540 896 83 547 andesite
fill 896 83 548 896 83 553 dirt
896 83 554 diorite
fill 896 83 555 896 83 562 stone
fill 896 83 563 896 83 565 granite
fill 896 83 566 896 83 572 gravel
896 83 573 stone
896 83 574 stone
896 83 575 iron_ore
896 83 576 iron_ore
fill 896 83 577 896 83 583 stone
fill 896 83 584 896 83 586 dirt
fill 896 83 587 896 83 596 andesite
fill 896 83 597 896 83 599 stone
896 83 600 dirt
fill 896 83 601 896 83 606 stone
fill 896 83 607 896 83 610 granite
fill 896 83 611 896 83 639 stone
fill 897 83 512 897 83 539 stone
fill 897 83 540 897 83 547 andesite
897 83 548 diorite
897 83 549 diorite
fill 897 83 550 897 83 552 dirt
fill 897 83 553 897 83 562 stone
897 83 563 granite
897 83 564 granite
fill 897 83 565 897 83 573 gravel
897 83 574 stone
897 83 575 iron_ore
897 83 576 iron_ore
fill 897 83 577 897 83 583 stone
fill 897 83 584 897 83 586 dirt
fill 897 83 587 897 83 595 andesite
fill 897 83 596 897 83 599 stone
897 83 600 dirt
897 83 601 dirt
fill 897 83 602 897 83 605 stone
fill 897 83 606 897 83 610 granite
fill 897 83 611 897 83 639 stone
fill 898 83 512 898 83 539 stone
fill 898 83 540 898 83 548 andesite
898 83 549 diorite
fill 898 83 550 898 83 562 stone
898 83 563 granite
898 83 564 granite
fill 898 83 565 898 83 573 gravel
fill 898 83 574 898 83 584 stone
898 83 585 dirt
fill 898 83 586 898 83 594 andesite
fill 898 83 595 898 83 598 stone
898 83 599 dirt
898 83 600 dirt
fill 898 83 601 898 83 604 stone
fill 898 83 605 898 83 610 granite
fill 898 83 611 898 83 639 stone
fill 899 83 512 899 83 522 stone
899 83 523 andesite
899 83 524 andesite
fill 899 83 525 899 83 540 stone
fill 899 83 541 899 83 548 andesite
fill 899 83 549 899 83 562 stone
fill 899 83 563 899 83 565 granite
fill 899 83 566 899 83 572 gravel
fill 899 83 573 899 83 585 stone
fill 899 83 586 899 83 593 andesite
fill 899 83 594 899 83 603 stone
fill 899 83 604 899 83 610 granite
fill 899 83 611 899 83 639 stone
fill 900 83 512 900 83 522 stone
900 83 523 andesite
900 83 524 andesite
fill 900 83 525 900 83 541 stone
fill 900 83 542 900 83 548 andesite
fill 900 83 549 900 83 562 stone
fill 900 83 563 900 83 570 granite
fill 900 83 571 900 83 585 stone
fill 900 83 586 900 83 591 andesite
fill 900 83 592 900 83 603 stone
fill 900 83 604 900 83 610 granite
900 83 611 andesite
fill 900 83 612 900 83 639 stone
fill 901 83 512 901 83 522 stone
fill 901 83 523 901 83 525 andesite
fill 901 83 526 901 83 533 stone
fill 901 83 534 901 83 542 stone
fill 901 83 543 901 83 548 andesite
fill 901 83 549 901 83 562 stone
fill 901 83 563 901 83 570 granite
fill 901 83 571 901 83 586 stone
fill 901 83 587 901 83 589 andesite
fill 901 83 590 901 83 602 stone
fill 901 83 603 901 83 607 granite
fill 901 83 608 901 83 613 andesite
fill 901 83 614 901 83 639 stone
fill 902 83 512 902 83 521 stone
fill 902 83 522 902 83 526 andesite
fill 902 83 527 902 83 543 stone
fill 902 83 544 902 83 548 andesite
fill 902 83 549 902 83 562 stone
fill 902 83 563 902 83 570 granite
fill 902 83 571 902 83 583 stone
902 83 584 infested_stone
902 83 585 infested_stone
fill 902 83 586 902 83 602 stone
fill 902 83 603 902 83 606 granite
fill 902 83 607 902 83 613 andesite
fill 902 83 614 902 83 639 stone
fill 903 83 512 903 83 521 stone
fill 903 83 522 903 83 527 andesite
fill 903 83 528 903 83 544 stone
903 83 545 andesite
903 83 546 andesite
903 83 547 iron_ore
903 83 548 iron_ore
fill 903 83 549 903 83 562 stone
fill 903 83 563 903 83 570 granite
fill 903 83 571 903 83 583 stone
903 83 584 infested_stone
903 83 585 infested_stone
fill 903 83 586 903 83 589 diorite
fill 903 83 590 903 83 602 stone
903 83 603 granite
903 83 604 granite
fill 903 83 605 903 83 613 andesite
903 83 614 diorite
903 83 615 diorite
fill 903 83 616 903 83 631 stone
903 83 632 diorite
903 83 633 diorite
fill 903 83 634 903 83 639 stone
fill 904 83 512 904 83 521 stone
fill 904 83 522 904 83 527 andesite
fill 904 83 528 904 83 546 stone
fill 904 83 547 904 83 549 iron_ore
fill 904 83 550 904 83 562 stone
fill 904 83 563 904 83 570 granite
fill 904 83 571 904 83 583 stone
904 83 584 diorite
904 83 585 infested_stone
fill 904 83 586 904 83 591 diorite
fill 904 83 592 904 83 602 stone
904 83 603 granite
fill 904 83 604 904 83 612 andesite
904 83 613 stone
904 83 614 diorite
904 83 615 diorite
fill 904 83 616 904 83 630 stone
904 83 631 diorite
904 83 632 diorite
904 83 633 dirt
904 83 634 diorite
fill 904 83 635 904 83 639 stone
fill 905 83 512 905 83 521 stone
fill 905 83 522 905 83 527 andesite
fill 905 83 528 905 83 553 stone
905 83 554 iron_ore
fill 905 83 555 905 83 562 stone
fill 905 83 563 905 83 570 granite
fill 905 83 571 905 83 583 stone
fill 905 83 584 905 83 594 diorite
fill 905 83 595 905 83 601 stone
905 83 602 granite
fill 905 83 603 905 83 611 andesite
fill 905 83 612 905 83 630 stone
905 83 631 diorite
905 83 632 dirt
905 83 633 dirt
905 83 634 diorite
fill 905 83 635 905 83 639 stone
fill 906 83 512 906 83 521 stone
fill 906 83 522 906 83 527 andesite
fill 906 83 528 906 83 541 stone
906 83 542 copper_ore
fill 906 83 543 906 83 563 stone
fill 906 83 564 906 83 569 granite
fill 906 83 570 906 83 583 stone
fill 906 83 584 906 83 595 diorite
fill 906 83 596 906 83 602 stone
fill 906 83 603 906 83 610 andesite
fill 906 83 611 906 83 629 stone
906 83 630 iron_ore
906 83 631 dirt
fill 906 83 632 906 83 634 diorite
fill 906 83 635 906 83 639 stone
fill 907 83 512 907 83 522 stone
fill 907 83 523 907 83 527 andesite
fill 907 83 528 907 83 532 stone
907 83 533 iron_ore
fill 907 83 534 907 83 538 stone
907 83 539 diorite
907 83 540 stone
fill 907 83 541 907 83 543 diorite
fill 907 83 544 907 83 554 stone
907 83 555 dirt
fill 907 83 556 907 83 563 stone
fill 907 83 564 907 83 569 granite
fill 907 83 570 907 83 584 stone
fill 907 83 585 907 83 597 diorite
fill 907 83 598 907 83 600 stone
fill 907 83 601 907 83 609 andesite
fill 907 83 610 907 83 629 stone
fill 907 83 630 907 83 635 diorite
fill 907 83 636 907 83 639 stone
fill 908 83 512 908 83 522 stone
fill 908 83 523 908 83 527 andesite
fill 908 83 528 908 83 532 stone
908 83 533 iron_ore
908 83 534 iron_ore
908 83 535 stone
908 83 536 stone
fill 908 83 537 908 83 543 diorite
fill 908 83 544 908 83 553 stone
fill 908 83 554 908 83 558 dirt
fill 908 83 559 908 83 564 stone
fill 908 83 565 908 83 569 granite
fill 908 83 570 908 83 585 stone
fill 908 83 586 908 83 598 diorite
908 83 599 stone
908 83 600 stone
fill 908 83 601 908 83 608 andesite
fill 908 83 609 908 83 629 stone
fill 908 83 630 908 83 635 diorite
fill 908 83 636 908 83 639 stone
fill 909 83 512 909 83 522 stone
fill 909 83 523 909 83 527 andesite
fill 909 83 528 909 83 533 stone
909 83 534 iron_ore
fill 909 83 535 909 83 543 diorite
fill 909 83 544 909 83 553 stone
fill 909 83 554 909 83 560 dirt
fill 909 83 561 909 83 564 stone
fill 909 83 565 909 83 569 granite
fill 909 83 570 909 83 586 stone
fill 909 83 587 909 83 598 diorite
909 83 599 stone
fill 909 83 600 909 83 607 andesite
fill 909 83 608 909 83 629 stone
fill 909 83 630 909 83 635 diorite
fill 909 83 636 909 83 639 stone
fill 910 83 512 910 83 523 stone
fill 910 83 524 910 83 527 andesite
fill 910 83 528 910 83 533 stone
910 83 534 diorite
fill 910 83 535 910 83 541 diorite
fill 910 83 542 910 83 555 stone
fill 910 83 556 910 83 561 dirt
fill 910 83 562 910 83 565 stone
fill 910 83 566 910 83 568 granite
fill 910 83 569 910 83 590 stone
fill 910 83 591 910 83 598 diorite
910 83 599 stone
fill 910 83 600 910 83 604 andesite
910 83 605 granite
910 83 606 granite
910 83 607 stone
910 83 608 stone
910 83 609 infested_stone
910 83 610 infested_stone
fill 910 83 611 910 83 620 stone
910 83 621 copper_ore
910 83 622 copper_ore
fill 910 83 623 910 83 628 stone
fill 910 83 629 910 83 636 diorite
fill 910 83 637 910 83 639 stone
fill 911 83 512 911 83 524 stone
fill 911 83 525 911 83 527 andesite
fill 911 83 528 911 83 533 stone
fill 911 83 534 911 83 540 diorite
fill 911 83 541 911 83 556 stone
fill 911 83 557 911 83 562 dirt
fill 911 83 563 911 83 595 stone
911 83 596 diorite
fill 911 83 597 911 83 602 stone
fill 911 83 603 911 83 605 granite
fill 911 83 606 911 83 608 stone
911 83 609 infested_stone
911 83 610 infested_stone
fill 911 83 611 911 83 628 stone
fill 911 83 629 911 83 636 diorite
fill 911 83 637 911 83 639 stone
fill 912 83 512 912 83 533 stone
fill 912 83 534 912 83 537 diorite
fill 912 83 538 912 83 557 stone
fill 912 83 558 912 83 561 dirt
fill 912 83 562 912 83 585 stone
912 83 586 lapis_ore
fill 912 83 587 912 83 597 stone
fill 912 83 598 912 83 603 diorite
fill 912 83 604 912 83 628 stone
fill 912 83 629 912 83 636 diorite
fill 912 83 637 912 83 639 stone
fill 913 83 512 913 83 521 stone
fill 913 83 522 913 83 524 dirt
fill 913 83 525 913 83 596 stone
fill 913 83 597 913 83 605 diorite
fill 913 83 606 913 83 628 stone
fill 913 83 629 913 83 636 diorite
fill 913 83 637 913 83 639 stone
fill 914 83 512 914 83 518 stone
914 83 519 copper_ore
914 83 520 copper_ore
fill 914 83 521 914 83 526 dirt
fill 914 83 527 914 83 555 stone
914 83 556 diorite
914 83 557 diorite
fill 914 83 558 914 83 596 stone
fill 914 83 597 914 83 607 diorite
fill 914 83 608 914 83 628 stone
fill 914 83 629 914 83 636 diorite
fill 914 83 637 914 83 639 stone
915 83 512 andesite
915 83 513 andesite