668 166 745 stone
668 166 746 stone
668 166 747 stone
668 166 748 stone
668 166 749 stone
668 166 750 stone
668 166 751 stone
668 166 752 stone
668 166 753 stone
668 166 754 stone
668 166 755 stone
668 166 756 stone
668 166 757 stone
668 166 758 stone
668 166 759 stone
668 166 760 stone
668 166 761 stone
668 166 762 stone
668 166 763 stone
668 166 764 stone
668 166 765 stone
668 166 766 stone
668 166 767 stone
669 166 654 dirt
669 166 655 dirt
669 166 656 stone
669 166 657 stone
669 166 658 stone
669 166 659 stone
669 166 660 stone
669 166 661 stone
669 166 662 stone
669 166 663 stone
669 166 664 stone
669 166 665 stone
669 166 666 stone
669 166 667 stone
669 166 668 stone
669 166 669 stone
669 166 670 stone
669 166 671 stone
669 166 672 stone
669 166 673 gravel
669 166 674 gravel
669 166 675 stone
669 166 676 stone
669 166 677 stone
669 166 678 stone
669 166 679 stone
669 166 680 stone
669 166 681 stone
669 166 682 stone
669 166 683 stone
669 166 684 stone
669 166 685 stone
669 166 686 stone
669 166 687 stone
669 166 688 stone
669 166 689 stone
669 166 690 stone
669 166 691 stone
669 166 692 stone
669 166 693 stone
669 166 694 stone
669 166 695 stone
669 166 696 stone
669 166 697 stone
669 166 698 iron_ore
669 166 699 stone
669 166 700 stone
669 166 701 stone
669 166 702 stone
669 166 703 stone
669 166 704 stone
669 166 705 stone
669 166 706 stone
669 166 707 stone
669 166 708 stone
669 166 709 coal_ore
669 166 710 coal_ore
669 166 711 coal_ore
669 166 712 stone
669 166 713 stone
669 166 714 stone
669 166 715 stone
669 166 716 stone
669 166 717 stone
669 166 718 stone
669 166 719 stone
669 166 720 stone
669 166 721 stone
669 166 722 stone
669 166 723 stone
669 166 724 stone
669 166 725 stone
669 166 726 stone
669 166 727 stone
669 166 728 stone
669 166 729 stone
669 166 730 dirt
669 166 731 dirt
669 166 732 dirt
669 166 733 dirt
669 166 734 dirt
669 166 735 dirt
669 166 736 dirt
669 166 737 dirt
669 166 738 stone
669 166 739 stone
669 166 740 stone
669 166 741 stone
669 166 742 stone
669 166 743 stone
669 166 744 stone
669 166 745 stone
669 166 746 stone
669 166 747 stone
669 166 748 stone
669 166 749 stone
669 166 750 stone
669 166 751 stone
669 166 752 stone
669 166 753 stone
669 166 754 stone
669 166 755 stone
669 166 756 stone
669 166 757 stone
669 166 758 stone
669 166 759 stone
669 166 760 stone
669 166 761 stone
669 166 762 stone
669 166 763 stone
669 166 764 stone
669 166 765 stone
669 166 766 stone
669 166 767 stone
670 166 654 grass_block[snowy=false]
670 166 655 dirt
670 166 656 stone
670 166 657 stone
670 166 658 stone
670 166 659 stone
670 166 660 stone
670 166 661 stone
670 166 662 stone
670 166 663 stone
670 166 664 stone
670 166 665 stone
670 166 666 stone
670 166 667 stone
670 166 668 stone
670 166 669 stone
670 166 670 stone
670 166 671 stone
670 166 672 stone
670 166 673 stone
670 166 674 stone
670 166 675 stone
670 166 676 stone
670 166 677 stone
670 166 678 stone
670 166 679 stone
670 166 680 stone
670 166 681 stone
670 166 682 stone
670 166 683 stone
670 166 684 stone
670 166 685 stone
670 166 686 stone
670 166 687 stone
670 166 688 stone
670 166 689 stone
670 166 690 stone
670 166 691 stone
670 166 692 stone
670 166 693 dirt
670 166 694 dirt
670 166 695 dirt
670 166 696 dirt
670 166 697 dirt
670 166 698 stone
670 166 699 stone
670 166 700 stone
670 166 701 stone
670 166 702 stone
670 166 703 stone
670 166 704 stone
670 166 705 stone
670 166 706 stone
670 166 707 stone
670 166 708 coal_ore
670 166 709 coal_ore
670 166 710 coal_ore
670 166 711 coal_ore
670 166 712 stone
670 166 713 stone
670 166 714 stone
670 166 715 stone
670 166 716 stone
670 166 717 stone
670 166 718 stone
670 166 719 stone
670 166 720 stone
670 166 721 stone
670 166 722 stone
670 166 723 stone
670 166 724 stone
670 166 725 stone
670 166 726 stone
670 166 727 stone
670 166 728 stone
670 166 729 dirt
670 166 730 dirt
670 166 731 dirt
670 166 732 dirt
670 166 733 dirt
670 166 734 dirt
670 166 735 dirt
670 166 736 dirt
670 166 737 stone
670 166 738 stone
670 166 739 stone
670 166 740 stone
670 166 741 stone
670 166 742 stone
670 166 743 stone
670 166 744 stone
670 166 745 stone
670 166 746 stone
670 166 747 stone
670 166 748 stone
670 166 749 stone
670 166 750 stone
670 166 751 stone
670 166 752 coal_ore
670 166 753 stone
670 166 754 stone
670 166 755 stone
670 166 756 stone
670 166 757 stone
670 166 758 stone
670 166 759 stone
670 166 760 stone
670 166 761 stone
670 166 762 stone
670 166 763 stone
670 166 764 stone
670 166 765 stone
670 166 766 stone
670 166 767 stone
671 166 655 grass_block[snowy=false]
671 166 656 dirt
671 166 657 dirt
671 166 658 stone
671 166 659 stone
671 166 660 stone
671 166 661 stone
671 166 662 stone
671 166 663 stone
671 166 664 stone
671 166 665 stone
671 166 666 stone
671 166 667 stone
671 166 668 stone
671 166 669 stone
671 166 670 stone
671 166 671 stone
671 166 672 stone
671 166 673 stone
671 166 674 stone
671 166 675 stone
671 166 676 stone
671 166 677 stone
671 166 678 stone
671 166 679 gravel
671 166 680 gravel
671 166 681 gravel
671 166 682 gravel
671 166 683 stone
671 166 684 stone
671 166 685 stone
671 166 686 stone
671 166 687 stone
671 166 688 stone
671 166 689 stone
671 166 690 stone
671 166 691 stone
671 166 692 stone
671 166 693 dirt
671 166 694 dirt
671 166 695 dirt
671 166 696 dirt
671 166 697 dirt
671 166 698 dirt
671 166 699 stone
671 166 700 stone
671 166 701 stone
671 166 702 stone
671 166 703 stone
671 166 704 stone
671 166 705 stone
671 166 706 stone
671 166 707 stone
671 166 708 stone
671 166 709 stone
671 166 710 stone
671 166 711 stone
671 166 712 stone
671 166 713 stone
671 166 714 stone
671 166 715 stone
671 166 716 stone
671 166 717 stone
671 166 718 stone
671 166 719 stone
671 166 720 stone
671 166 721 stone
671 166 722 stone
671 166 723 stone
671 166 724 stone
671 166 725 stone
671 166 726 stone
671 166 727 stone
671 166 728 stone
671 166 729 dirt
671 166 730 dirt
671 166 731 dirt
671 166 732 dirt
671 166 733 dirt
671 166 734 stone
671 166 735 stone
671 166 736 stone
671 166 737 stone
671 166 738 stone
671 166 739 stone
671 166 740 dirt
671 166 741 dirt
671 166 742 stone
671 166 743 stone
671 166 744 stone
671 166 745 stone
671 166 746 stone
671 166 747 stone
671 166 748 stone
671 166 749 stone
671 166 750 stone
671 166 751 coal_ore
671 166 752 coal_ore
671 166 753 coal_ore
671 166 754 coal_ore
671 166 755 coal_ore
671 166 756 stone
671 166 757 stone
671 166 758 stone
671 166 759 stone
671 166 760 stone
671 166 761 stone
671 166 762 stone
671 166 763 stone
671 166 764 stone
671 166 765 stone
671 166 766 stone
671 166 767 stone
672 166 657 grass_block[snowy=false]
672 166 658 dirt
672 166 659 dirt
672 166 660 stone
672 166 661 stone
672 166 662 stone
672 166 663 stone
672 166 664 stone
672 166 665 stone
672 166 666 stone
672 166 667 stone
672 166 668 stone
672 166 669 stone
672 166 670 stone
672 166 671 stone
672 166 672 stone
672 166 673 stone
672 166 674 stone
672 166 675 stone
672 166 676 stone
672 166 677 stone
672 166 678 stone
672 166 679 stone
672 166 680 gravel
672 166 681 gravel
672 166 682 gravel
672 166 683 stone
672 166 684 stone
672 166 685 stone
672 166 686 stone
672 166 687 stone
672 166 688 stone
672 166 689 stone
672 166 690 stone
672 166 691 stone
672 166 692 stone
672 166 693 dirt
672 166 694 dirt
672 166 695 dirt
672 166 696 dirt
672 166 697 dirt
672 166 698 dirt
672 166 699 dirt
672 166 700 stone
672 166 701 stone
672 166 702 stone
672 166 703 stone
672 166 704 stone
672 166 705 stone
672 166 706 stone
672 166 707 stone
672 166 708 stone
672 166 709 stone
672 166 710 stone
672 166 711 stone
672 166 712 stone
672 166 713 stone
672 166 714 stone
672 166 715 stone
672 166 716 stone
672 166 717 stone
672 166 718 stone
672 166 719 stone
672 166 720 stone
672 166 721 stone
672 166 722 stone
672 166 723 stone
672 166 724 stone
672 166 725 stone
672 166 726 stone
672 166 727 stone
672 166 728 stone
672 166 729 stone
672 166 730 stone
672 166 731 stone
672 166 732 stone
672 166 733 stone
672 166 734 stone
672 166 735 stone
672 166 736 stone
672 166 737 stone
672 166 738 coal_ore
672 166 739 coal_ore
672 166 740 dirt
672 166 741 dirt
672 166 742 stone
672 166 743 stone
672 166 744 stone
672 166 745 stone
672 166 746 stone
672 166 747 stone
672 166 748 stone
672 166 749 stone
672 166 750 stone
672 166 751 iron_ore
672 166 752 coal_ore
672 166 753 coal_ore
672 166 754 coal_ore
672 166 755 coal_ore
672 166 756 coal_ore
672 166 757 stone
672 166 758 stone
672 166 759 stone
672 166 760 stone
672 166 761 stone
672 166 762 stone
672 166 763 stone
672 166 764 stone
672 166 765 stone
672 166 766 stone
672 166 767 stone
673 166 658 grass_block[snowy=false]
673 166 659 dirt
673 166 660 dirt
673 166 661 dirt
673 166 662 stone
673 166 663 stone
673 166 664 stone
673 166 665 stone
673 166 666 stone
673 166 667 stone
673 166 668 stone
673 166 669 stone
673 166 670 stone
673 166 671 stone
673 166 672 stone
673 166 673 stone
673 166 674 stone
673 166 675 stone
673 166 676 stone
673 166 677 stone
673 166 678 stone
673 166 679 stone
673 166 680 stone
673 166 681 gravel
673 166 682 gravel
673 166 683 stone
673 166 684 stone
673 166 685 stone
673 166 686 stone
673 166 687 stone
673 166 688 stone
673 166 689 stone
673 166 690 stone
673 166 691 stone
673 166 692 stone
673 166 693 stone
673 166 694 dirt
673 166 695 dirt
673 166 696 dirt
673 166 697 dirt
673 166 698 dirt
673 166 699 dirt
673 166 700 dirt
673 166 701 stone
673 166 702 stone
673 166 703 stone
673 166 704 stone
673 166 705 stone
673 166 706 stone
673 166 707 stone
673 166 708 stone
673 166 709 stone
673 166 710 stone
673 166 711 stone
673 166 712 stone
673 166 713 stone
673 166 714 stone
673 166 715 stone
673 166 716 stone
673 166 717 stone
673 166 718 stone
673 166 719 stone
673 166 720 stone
673 166 721 stone
673 166 722 stone
673 166 723 stone
673 166 724 stone
673 166 725 stone
673 166 726 stone
673 166 727 stone
673 166 728 iron_ore
673 166 729 iron_ore
673 166 730 stone
673 166 731 stone
673 166 732 stone
673 166 733 stone
673 166 734 stone
673 166 735 stone
673 166 736 stone
673 166 737 coal_ore
673 166 738 coal_ore
673 166 739 coal_ore
673 166 740 dirt
673 166 741 dirt
673 166 742 dirt
673 166 743 stone
673 166 744 stone
673 166 745 stone
673 166 746 stone
673 166 747 stone
673 166 748 stone
673 166 749 stone
673 166 750 stone
673 166 751 stone
673 166 752 stone
673 166 753 stone
673 166 754 stone
673 166 755 coal_ore
673 166 756 stone
673 166 757 stone
673 166 758 stone
673 166 759 stone
673 166 760 stone
673 166 761 stone
673 166 762 stone
673 166 766 stone
673 166 767 stone
674 166 659 grass_block[snowy=false]
674 166 660 grass_block[snowy=false]
674 166 661 dirt
674 166 662 dirt
674 166 663 dirt
674 166 664 dirt
674 166 665 dirt
674 166 666 dirt
674 166 667 dirt
674 166 668 stone
674 166 669 stone
674 166 670 stone
674 166 671 stone
674 166 672 stone
674 166 673 stone
674 166 674 stone
674 166 675 coal_ore
674 166 676 coal_ore
674 166 677 coal_ore
674 166 678 stone
674 166 679 stone
674 166 680 stone
674 166 681 stone
674 166 682 stone
674 166 683 stone
674 166 684 stone
674 166 685 stone
674 166 686 stone
674 166 687 stone
674 166 688 stone
674 166 689 stone
674 166 690 stone
674 166 691 stone
674 166 692 stone
674 166 693 stone
674 166 694 stone
674 166 695 stone
674 166 696 dirt
674 166 697 dirt
674 166 698 dirt
674 166 699 dirt
674 166 700 stone
674 166 701 stone
674 166 702 stone
674 166 703 stone
674 166 704 stone
674 166 705 stone
674 166 706 stone
674 166 707 stone
674 166 708 stone
674 166 709 stone
674 166 710 stone
674 166 711 stone
674 166 712 stone
674 166 713 stone
674 166 714 stone
674 166 715 stone
674 166 716 stone
674 166 717 stone
674 166 718 stone
674 166 719 stone
674 166 720 stone
674 166 721 stone
674 166 722 stone
674 166 723 stone
674 166 724 stone
674 166 725 stone
674 166 726 stone
674 166 727 stone
674 166 728 iron_ore
674 166 729 iron_ore
674 166 730 stone
674 166 731 stone
674 166 732 stone
674 166 733 stone
674 166 734 stone
674 166 735 stone
674 166 736 stone
674 166 737 coal_ore
674 166 738 coal_ore
674 166 739 stone
674 166 740 stone
674 166 741 dirt
674 166 742 dirt
674 166 743 stone
674 166 744 stone
674 166 745 stone
674 166 746 stone
674 166 747 stone
674 166 748 stone
674 166 749 stone
674 166 750 stone
674 166 751 stone
674 166 752 stone
674 166 753 stone
674 166 754 stone
674 166 755 stone
674 166 756 stone
674 166 757 stone
674 166 758 stone
674 166 759 stone
674 166 760 stone
674 166 761 stone
674 166 762 stone
674 166 767 stone
675 166 661 grass_block[snowy=false]
675 166 662 grass_block[snowy=false]
675 166 663 grass_block[snowy=false]
675 166 664 grass_block[snowy=false]
675 166 665 grass_block[snowy=false]
675 166 666 grass_block[snowy=false]
675 166 669 stone
675 166 670 stone
675 166 671 stone
675 166 672 stone
675 166 673 stone
675 166 674 stone
675 166 675 coal_ore
675 166 676 coal_ore
675 166 677 coal_ore
675 166 678 coal_ore
675 166 679 stone
675 166 680 stone
675 166 681 stone
675 166 682 stone
675 166 683 stone
675 166 684 stone
675 166 685 stone
675 166 686 stone
675 166 687 stone
675 166 688 stone
675 166 689 stone
675 166 690 stone
675 166 691 stone
675 166 692 stone
675 166 693 stone
675 166 694 stone
675 166 695 stone
675 166 696 stone
675 166 697 stone
675 166 698 stone
675 166 699 stone
675 166 700 stone
675 166 701 stone
675 166 702 stone
675 166 703 stone
675 166 704 stone
675 166 705 stone
675 166 706 stone
675 166 707 stone
675 166 708 stone
675 166 709 stone
675 166 710 stone
675 166 711 stone
675 166 712 stone
675 166 713 stone
675 166 714 stone
675 166 715 stone
675 166 716 stone
675 166 717 stone
675 166 718 stone
675 166 719 stone
675 166 720 stone
675 166 721 stone
675 166 722 stone
675 166 723 stone
675 166 724 stone
675 166 725 stone
675 166 726 stone
675 166 727 stone
675 166 728 stone
675 166 729 stone
675 166 730 stone
675 166 731 stone
675 166 732 stone
675 166 733 stone
675 166 734 stone
675 166 735 stone
675 166 736 stone
675 166 737 stone
675 166 738 stone
675 166 739 stone
675 166 740 stone
675 166 741 stone
675 166 742 stone
675 166 743 stone
675 166 744 stone
675 166 745 stone
675 166 746 stone
675 166 747 stone
675 166 748 stone
675 166 749 stone
675 166 750 stone
675 166 751 stone
675 166 752 stone
675 166 753 stone
675 166 754 stone
675 166 755 stone
675 166 756 stone
675 166 757 stone
675 166 758 stone
675 166 759 stone
675 166 760 stone
675 166 761 stone
675 166 762 stone
675 166 767 stone
676 166 670 grass_block[snowy=false]
676 166 671 stone
676 166 672 stone
676 166 673 stone
676 166 674 stone
676 166 675 stone
676 166 676 coal_ore
676 166 677 coal_ore
676 166 678 stone
676 166 679 stone
676 166 680 stone
676 166 681 stone
676 166 682 stone
676 166 683 stone
676 166 684 stone
676 166 685 stone
676 166 686 stone
676 166 687 stone
676 166 688 stone
676 166 689 stone
676 166 690 stone
676 166 691 stone
676 166 692 stone
676 166 693 stone
676 166 694 stone
676 166 695 stone
676 166 696 stone
676 166 697 stone
676 166 698 stone
676 166 699 stone
676 166 700 stone
676 166 701 stone
676 166 702 stone
676 166 703 stone
676 166 704 stone
676 166 705 stone
676 166 706 stone
676 166 707 stone
676 166 708 stone
676 166 709 stone
676 166 710 stone
676 166 711 stone
676 166 712 stone
676 166 713 stone
676 166 714 stone
676 166 715 stone
676 166 716 stone
676 166 717 stone
676 166 718 stone
676 166 719 stone
676 166 720 stone
676 166 721 stone
676 166 722 stone
676 166 723 stone
676 166 724 stone
676 166 725 stone
676 166 726 stone
676 166 727 stone
676 166 728 stone
676 166 729 stone
676 166 730 stone
676 166 731 stone
676 166 732 stone
676 166 733 stone
676 166 734 stone
676 166 735 stone
676 166 736 stone
676 166 737 stone
676 166 738 stone
676 166 739 stone
676 166 740 stone
676 166 741 stone
676 166 742 stone
676 166 743 stone
676 166 744 stone
676 166 745 stone
676 166 746 stone
676 166 747 stone
676 166 748 stone
676 166 749 stone
676 166 750 stone
676 166 751 stone
676 166 752 stone
676 166 753 stone
676 166 754 stone
676 166 755 stone
676 166 756 stone
676 166 757 stone
676 166 758 stone
676 166 759 stone
676 166 760 stone
676 166 761 stone
676 166 762 stone
676 166 766 stone
676 166 767 stone
677 166 673 grass_block[snowy=false]
677 166 674 dirt
677 166 676 dirt
677 166 677 stone
677 166 678 stone
677 166 679 stone
677 166 680 stone
677 166 681 stone
677 166 682 stone
677 166 683 stone
677 166 684 stone
677 166 685 stone
677 166 686 stone
677 166 687 stone
677 166 688 stone
677 166 689 stone
677 166 690 stone
677 166 691 stone
677 166 692 stone
677 166 693 stone
677 166 694 stone
677 166 695 stone
677 166 696 stone
677 166 697 stone
677 166 698 stone
677 166 699 stone
677 166 700 stone
677 166 701 stone
677 166 702 stone
677 166 703 stone
677 166 704 stone
677 166 705 stone
677 166 706 stone
677 166 707 stone
677 166 708 stone
677 166 709 stone
677 166 710 stone
677 166 711 stone
677 166 712 stone
677 166 713 stone
677 166 714 stone
677 166 715 stone
677 166 716 stone
677 166 717 stone
677 166 718 stone
677 166 719 stone
677 166 720 stone
677 166 721 stone
677 166 722 stone
677 166 723 stone
677 166 724 stone
677 166 725 stone
677 166 726 stone
677 166 727 stone
677 166 728 stone
677 166 729 stone
677 166 730 stone
677 166 731 stone
677 166 732 stone
677 166 733 stone
677 166 734 stone
677 166 735 stone
677 166 736 stone
677 166 737 stone
677 166 738 stone
677 166 739 stone
677 166 740 stone
677 166 741 stone
677 166 742 stone
677 166 743 stone
677 166 744 stone
677 166 745 stone
677 166 746 stone
677 166 747 stone
677 166 748 stone
677 166 749 stone
677 166 750 stone
677 166 751 stone
677 166 752 stone
677 166 753 stone
677 166 754 stone
677 166 755 stone
677 166 756 stone
677 166 757 stone
677 166 758 stone
677 166 759 stone
677 166 760 stone
677 166 761 stone
677 166 762 stone
677 166 763 stone
677 166 764 stone
677 166 765 stone
677 166 766 stone
677 166 767 stone
678 166 677 dirt
678 166 678 stone
678 166 679 stone
678 166 680 stone
678 166 681 stone
678 166 682 stone
678 166 683 stone
678 166 684 stone
678 166 685 stone
678 166 686 stone
678 166 687 stone
678 166 688 stone
678 166 689 stone
678 166 690 stone
678 166 691 stone
678 166 692 stone
678 166 693 stone
678 166 694 stone
678 166 695 stone
678 166 696 stone
678 166 697 stone
678 166 698 stone
678 166 699 stone
678 166 700 stone
678 166 701 stone
678 166 702 stone
678 166 703 stone
678 166 704 stone
678 166 705 stone
678 166 706 stone
678 166 707 stone
678 166 708 stone
678 166 709 stone
678 166 710 stone
678 166 711 stone
678 166 712 stone
678 166 713 stone
678 166 714 stone
678 166 715 stone
678 166 716 stone
678 166 717 stone
678 166 718 stone
678 166 719 stone
678 166 720 stone
678 166 721 stone
678 166 722 stone
678 166 723 stone
678 166 724 stone
678 166 725 stone
678 166 726 stone
678 166 727 stone
678 166 728 stone
678 166 729 stone
678 166 730 stone
678 166 731 stone
678 166 732 stone
678 166 733 stone
678 166 734 stone
678 166 735 stone
678 166 736 stone
678 166 737 stone
678 166 738 stone
678 166 739 stone
678 166 740 stone
678 166 741 stone
678 166 742 stone
678 166 743 stone
678 166 744 stone
678 166 745 stone
678 166 746 stone
678 166 747 stone
678 166 748 stone
678 166 749 stone
678 166 750 stone
678 166 751 stone
678 166 752 stone
678 166 753 stone
678 166 754 stone
678 166 755 stone
678 166 756 stone
678 166 757 stone
678 166 758 stone
678 166 759 stone
678 166 760 stone
678 166 761 stone
678 166 762 stone
678 166 763 stone
678 166 764 stone
678 166 765 stone
678 166 766 stone
678 166 767 stone
679 166 678 dirt
679 166 679 stone
679 166 680 stone
679 166 681 stone
679 166 682 stone
679 166 683 stone
679 166 684 stone
679 166 685 stone
679 166 686 stone
679 166 687 stone
679 166 688 stone
679 166 689 stone
679 166 690 stone
679 166 691 stone
679 166 692 stone
679 166 693 stone
679 166 694 stone
679 166 695 stone
679 166 696 stone
679 166 697 stone
679 166 698 stone
679 166 699 stone
679 166 700 stone
679 166 701 stone
679 166 702 stone
679 166 703 stone
679 166 704 stone
679 166 705 stone
679 166 706 stone
679 166 707 stone
679 166 708 stone
679 166 709 stone
679 166 710 stone
679 166 711 stone
679 166 712 stone
679 166 713 stone
679 166 714 stone
679 166 715 stone
679 166 716 stone
679 166 717 stone
679 166 718 stone
679 166 719 stone
679 166 720 stone
679 166 721 stone
679 166 722 stone
679 166 723 stone
679 166 724 stone
679 166 725 stone
679 166 726 stone
679 166 727 stone
679 166 728 stone
