928 100 495 gravel
fill 928 100 496 928 100 500 water[level=0]
928 100 501 gravel
928 100 502 stone
928 100 503 stone
fill 928 100 504 928 100 507 diorite
928 100 508 stone
928 100 509 copper_ore
928 100 510 stone
928 100 511 stone
fill 929 100 384 929 100 386 dirt
929 100 387 stone
929 100 388 stone
929 100 395 stone
929 100 396 stone
fill 929 100 397 929 100 406 water[level=0]
fill 929 100 407 929 100 413 granite
929 100 414 stone
929 100 415 stone
fill 929 100 416 929 100 418 coal_ore
fill 929 100 419 929 100 425 stone
fill 929 100 426 929 100 435 dirt
fill 929 100 436 929 100 454 stone
fill 929 100 455 929 100 464 granite
fill 929 100 465 929 100 494 stone
929 100 495 gravel
fill 929 100 496 929 100 499 water[level=0]
929 100 500 gravel
929 100 501 gravel
929 100 502 stone
929 100 503 stone
fill 929 100 504 929 100 511 diorite
930 100 384 dirt
930 100 385 dirt
fill 930 100 386 930 100 388 stone
930 100 389 diorite
fill 930 100 395 930 100 397 stone
fill 930 100 398 930 100 407 water[level=0]
fill 930 100 408 930 100 414 granite
930 100 415 stone
930 100 416 stone
930 100 417 coal_ore
930 100 418 coal_ore
fill 930 100 419 930 100 425 stone
fill 930 100 426 930 100 434 dirt
fill 930 100 435 930 100 453 stone
fill 930 100 454 930 100 463 granite
fill 930 100 464 930 100 493 stone
fill 930 100 494 930 100 500 gravel
930 100 501 stone
930 100 502 stone
fill 930 100 503 930 100 511 diorite
fill 931 100 384 931 100 386 stone
fill 931 100 387 931 100 389 diorite
fill 931 100 394 931 100 397 stone
fill 931 100 398 931 100 408 water[level=0]
fill 931 100 409 931 100 414 granite
fill 931 100 415 931 100 425 stone
fill 931 100 426 931 100 433 dirt
fill 931 100 434 931 100 453 stone
fill 931 100 454 931 100 461 granite
fill 931 100 462 931 100 495 stone
fill 931 100 496 931 100 500 gravel
931 100 501 stone
931 100 502 stone
fill 931 100 503 931 100 511 diorite
932 100 384 stone
932 100 385 stone
fill 932 100 386 932 100 390 diorite
fill 932 100 393 932 100 398 stone
fill 932 100 399 932 100 408 water[level=0]
fill 932 100 409 932 100 414 granite
fill 932 100 415 932 100 428 stone
932 100 429 dirt
fill 932 100 430 932 100 446 stone
fill 932 100 447 932 100 453 stone
fill 932 100 454 932 100 460 granite
fill 932 100 461 932 100 499 stone
932 100 500 gravel
932 100 501 stone
fill 932 100 502 932 100 511 diorite
933 100 384 stone
fill 933 100 385 933 100 390 diorite
fill 933 100 393 933 100 399 stone
fill 933 100 400 933 100 408 water[level=0]
933 100 409 granite
933 100 410 granite
933 100 411 copper_ore
fill 933 100 412 933 100 414 granite
fill 933 100 415 933 100 453 stone
fill 933 100 454 933 100 458 granite
933 100 459 iron_ore
933 100 460 iron_ore
fill 933 100 461 933 100 501 stone
fill 933 100 502 933 100 511 diorite
fill 934 100 384 934 100 391 diorite
fill 934 100 393 934 100 399 stone
fill 934 100 400 934 100 407 water[level=0]
fill 934 100 408 934 100 414 granite
934 100 415 iron_ore
fill 934 100 416 934 100 454 stone
934 100 455 granite
934 100 456 granite
934 100 457 stone
934 100 458 stone
934 100 459 iron_ore
934 100 460 iron_ore
fill 934 100 461 934 100 501 stone
fill 934 100 502 934 100 511 diorite
fill 935 100 384 935 100 391 diorite
fill 935 100 393 935 100 399 stone
fill 935 100 400 935 100 404 water[level=0]
935 100 405 stone
935 100 406 stone
fill 935 100 407 935 100 409 granite
fill 935 100 411 935 100 413 granite
935 100 414 iron_ore
fill 935 100 415 935 100 501 stone
fill 935 100 502 935 100 509 diorite
935 100 510 stone
935 100 511 stone
fill 936 100 384 936 100 386 diorite
936 100 387 iron_ore
fill 936 100 388 936 100 391 diorite
fill 936 100 393 936 100 402 stone
fill 936 100 403 936 100 405 dirt
fill 936 100 411 936 100 414 granite
fill 936 100 415 936 100 501 stone
fill 936 100 502 936 100 509 diorite
936 100 510 stone
936 100 511 stone
fill 937 100 384 937 100 390 diorite
937 100 391 stone
fill 937 100 393 937 100 400 stone
937 100 401 dirt
937 100 402 dirt
fill 937 100 412 937 100 414 granite
fill 937 100 415 937 100 493 stone
fill 937 100 494 937 100 498 dirt
fill 937 100 499 937 100 501 stone
fill 937 100 502 937 100 509 diorite
937 100 510 stone
937 100 511 stone
fill 938 100 384 938 100 390 diorite
938 100 391 stone
938 100 392 stone
938 100 399 stone
938 100 413 granite
938 100 414 granite
fill 938 100 415 938 100 492 stone
fill 938 100 493 938 100 500 dirt
938 100 501 stone
fill 938 100 502 938 100 509 diorite
938 100 510 stone
938 100 511 stone
fill 939 100 384 939 100 389 diorite
fill 939 100 390 939 100 392 stone
939 100 413 granite
fill 939 100 414 939 100 492 stone
fill 939 100 493 939 100 500 dirt
939 100 501 stone
fill 939 100 502 939 100 509 diorite
939 100 510 stone
939 100 511 stone
fill 940 100 384 940 100 388 diorite
fill 940 100 389 940 100 393 stone
fill 940 100 414 940 100 430 stone
fill 940 100 431 940 100 434 andesite
fill 940 100 435 940 100 494 stone
fill 940 100 495 940 100 498 dirt
fill 940 100 499 940 100 501 stone
fill 940 100 502 940 100 508 diorite
fill 940 100 509 940 100 511 stone
941 100 384 coal_ore
941 100 385 coal_ore
941 100 386 diorite
941 100 387 diorite
fill 941 100 388 941 100 393 stone
fill 941 100 414 941 100 428 stone
fill 941 100 429 941 100 433 andesite
941 100 434 coal_ore
941 100 435 iron_ore
fill 941 100 436 941 100 474 stone
941 100 475 diorite
941 100 476 diorite
fill 941 100 477 941 100 499 stone
fill 941 100 500 941 100 502 stone
fill 941 100 503 941 100 508 diorite
fill 941 100 509 941 100 511 stone
942 100 384 coal_ore
fill 942 100 385 942 100 387 diorite
fill 942 100 388 942 100 393 stone
fill 942 100 414 942 100 422 stone
fill 942 100 423 942 100 425 andesite
fill 942 100 426 942 100 428 stone
fill 942 100 429 942 100 433 andesite
942 100 434 coal_ore
942 100 435 coal_ore
942 100 436 iron_ore
fill 942 100 437 942 100 472 stone
fill 942 100 473 942 100 477 diorite
fill 942 100 478 942 100 502 stone
fill 942 100 503 942 100 507 diorite
fill 942 100 508 942 100 511 stone
fill 943 100 384 943 100 386 diorite
fill 943 100 387 943 100 392 stone
943 100 393 granite
fill 943 100 414 943 100 421 stone
fill 943 100 422 943 100 426 andesite
943 100 427 stone
943 100 428 stone
fill 943 100 429 943 100 433 andesite
943 100 434 stone
943 100 435 stone
943 100 436 iron_ore
fill 943 100 437 943 100 471 stone
fill 943 100 472 943 100 476 diorite
fill 943 100 477 943 100 502 stone
fill 943 100 503 943 100 507 diorite
fill 943 100 508 943 100 511 stone
fill 944 100 384 944 100 386 diorite
fill 944 100 387 944 100 391 stone
fill 944 100 392 944 100 394 granite
fill 944 100 414 944 100 420 stone
fill 944 100 421 944 100 426 andesite
fill 944 100 427 944 100 436 stone
944 100 437 copper_ore
944 100 438 copper_ore
fill 944 100 439 944 100 457 stone
944 100 458 copper_ore
fill 944 100 459 944 100 466 stone
fill 944 100 467 944 100 469 diorite
944 100 470 stone
fill 944 100 471 944 100 476 diorite
fill 944 100 477 944 100 502 stone
fill 944 100 503 944 100 507 diorite
fill 944 100 508 944 100 511 stone
945 100 384 diorite
945 100 385 diorite
fill 945 100 386 945 100 391 stone
fill 945 100 392 945 100 394 granite
fill 945 100 414 945 100 420 stone
fill 945 100 421 945 100 426 andesite
fill 945 100 427 945 100 436 stone
945 100 437 copper_ore
945 100 438 copper_ore
fill 945 100 439 945 100 464 stone
fill 945 100 465 945 100 476 diorite
fill 945 100 477 945 100 503 stone
fill 945 100 504 945 100 506 diorite
fill 945 100 507 945 100 511 stone
fill 946 100 384 946 100 390 stone
fill 946 100 391 946 100 394 granite
fill 946 100 414 946 100 419 stone
fill 946 100 420 946 100 426 andesite
fill 946 100 427 946 100 464 stone
fill 946 100 465 946 100 476 diorite
fill 946 100 477 946 100 493 stone
fill 946 100 494 946 100 496 andesite
fill 946 100 497 946 100 511 stone
fill 947 100 384 947 100 390 stone
fill 947 100 391 947 100 397 granite
fill 947 100 414 947 100 418 stone
fill 947 100 419 947 100 426 andesite
fill 947 100 427 947 100 464 stone
fill 947 100 465 947 100 475 diorite
fill 947 100 476 947 100 492 stone
fill 947 100 493 947 100 500 andesite
fill 947 100 501 947 100 511 stone
fill 948 100 384 948 100 389 stone
fill 948 100 390 948 100 397 granite
948 100 398 stone
fill 948 100 414 948 100 418 stone
fill 948 100 419 948 100 426 andesite
fill 948 100 427 948 100 464 stone
fill 948 100 465 948 100 475 diorite
fill 948 100 476 948 100 488 stone
fill 948 100 489 948 100 501 andesite
fill 948 100 502 948 100 511 stone
fill 949 100 384 949 100 389 stone
fill 949 100 390 949 100 397 granite
949 100 398 stone
949 100 399 stone
fill 949 100 414 949 100 418 stone
fill 949 100 419 949 100 426 andesite
fill 949 100 427 949 100 464 stone
fill 949 100 465 949 100 475 diorite
fill 949 100 476 949 100 487 stone
fill 949 100 488 949 100 501 andesite
fill 949 100 502 949 100 511 stone
fill 950 100 384 950 100 389 stone
fill 950 100 390 950 100 397 granite
950 100 398 stone
950 100 399 stone
fill 950 100 414 950 100 418 stone
fill 950 100 419 950 100 426 andesite
fill 950 100 427 950 100 465 stone
fill 950 100 466 950 100 476 diorite
fill 950 100 477 950 100 486 stone
fill 950 100 487 950 100 500 andesite
fill 950 100 501 950 100 511 stone
fill 951 100 384 951 100 390 stone
fill 951 100 391 951 100 396 granite
fill 951 100 397 951 100 401 stone
fill 951 100 414 951 100 418 stone
fill 951 100 419 951 100 425 andesite
fill 951 100 426 951 100 445 stone
951 100 446 copper_ore
951 100 447 copper_ore
fill 951 100 448 951 100 466 stone
fill 951 100 467 951 100 476 diorite
fill 951 100 477 951 100 480 stone
fill 951 100 481 951 100 486 stone
fill 951 100 487 951 100 499 andesite
fill 951 100 500 951 100 511 stone
fill 952 100 384 952 100 389 stone
fill 952 100 390 952 100 396 granite
fill 952 100 397 952 100 402 stone
fill 952 100 414 952 100 417 stone
fill 952 100 418 952 100 425 andesite
fill 952 100 426 952 100 445 stone
952 100 446 copper_ore
952 100 447 copper_ore
fill 952 100 448 952 100 466 stone
fill 952 100 467 952 100 473 diorite
952 100 474 dirt
952 100 475 diorite
952 100 476 diorite
fill 952 100 477 952 100 484 stone
952 100 485 iron_ore
952 100 486 iron_ore
952 100 487 stone
fill 952 100 488 952 100 497 andesite
fill 952 100 498 952 100 511 stone
fill 953 100 384 953 100 388 stone
fill 953 100 389 953 100 395 granite
fill 953 100 396 953 100 403 stone
fill 953 100 414 953 100 417 stone
fill 953 100 418 953 100 424 andesite
fill 953 100 425 953 100 466 stone
fill 953 100 467 953 100 470 diorite
953 100 471 stone
953 100 472 diorite
fill 953 100 473 953 100 477 dirt
fill 953 100 478 953 100 484 stone
953 100 485 iron_ore
953 100 486 iron_ore
fill 953 100 487 953 100 494 stone
953 100 495 andesite
953 100 496 andesite
953 100 497 diorite
953 100 498 diorite
fill 953 100 499 953 100 511 stone
fill 954 100 384 954 100 388 stone
954 100 389 granite
954 100 390 granite
954 100 391 infested_stone
954 100 392 infested_stone
fill 954 100 393 954 100 395 granite
fill 954 100 396 954 100 403 stone
fill 954 100 414 954 100 416 stone
fill 954 100 417 954 100 424 andesite
954 100 425 stone
954 100 426 iron_ore
954 100 427 iron_ore
fill 954 100 428 954 100 466 stone
954 100 467 diorite
954 100 468 diorite
fill 954 100 469 954 100 472 stone
fill 954 100 473 954 100 478 dirt
fill 954 100 479 954 100 487 stone
954 100 488 dirt
954 100 489 dirt
fill 954 100 490 954 100 493 stone
fill 954 100 494 954 100 498 diorite
fill 954 100 499 954 100 511 stone
fill 955 100 384 955 100 389 stone
955 100 390 granite
955 100 391 infested_stone
955 100 392 infested_stone
955 100 393 granite
955 100 394 granite
fill 955 100 395 955 100 402 stone
955 100 414 stone
955 100 415 copper_ore
955 100 416 copper_ore
955 100 417 stone
fill 955 100 418 955 100 424 andesite
955 100 425 stone
955 100 426 iron_ore
fill 955 100 427 955 100 474 stone
fill 955 100 475 955 100 478 dirt
fill 955 100 479 955 100 486 stone
fill 955 100 487 955 100 490 dirt
fill 955 100 491 955 100 493 stone
fill 955 100 494 955 100 498 diorite
fill 955 100 499 955 100 511 stone
fill 956 100 384 956 100 388 stone
fill 956 100 389 956 100 391 granite
956 100 392 infested_stone
956 100 393 granite
956 100 394 granite
fill 956 100 395 956 100 402 stone
956 100 415 copper_ore
956 100 416 copper_ore
956 100 417 stone
fill 956 100 418 956 100 423 andesite
956 100 424 stone
956 100 425 copper_ore
956 100 426 copper_ore
fill 956 100 427 956 100 475 stone
956 100 476 dirt
956 100 477 dirt
fill 956 100 478 956 100 486 stone
fill 956 100 487 956 100 490 dirt
956 100 491 stone
fill 956 100 492 956 100 495 andesite
956 100 496 diorite
956 100 497 diorite
fill 956 100 498 956 100 511 stone
957 100 384 stone
957 100 385 stone
957 100 386 copper_ore
957 100 387 copper_ore
957 100 388 stone
fill 957 100 389 957 100 393 granite
fill 957 100 394 957 100 399 stone
957 100 415 stone
957 100 416 copper_ore
957 100 417 stone
fill 957 100 418 957 100 422 andesite
957 100 423 stone
957 100 424 stone
fill 957 100 425 957 100 427 copper_ore
fill 957 100 428 957 100 456 stone
957 100 457 iron_ore
957 100 458 iron_ore
fill 957 100 459 957 100 468 stone
957 100 469 coal_ore
957 100 470 coal_ore
fill 957 100 471 957 100 486 stone
fill 957 100 487 957 100 489 dirt
957 100 490 stone
fill 957 100 491 957 100 495 andesite
957 100 496 diorite
957 100 497 diorite
fill 957 100 498 957 100 511 stone
958 100 384 stone
958 100 385 stone
fill 958 100 386 958 100 388 copper_ore
fill 958 100 389 958 100 393 granite
fill 958 100 415 958 100 417 stone
fill 958 100 418 958 100 422 andesite
fill 958 100 423 958 100 425 stone
fill 958 100 426 958 100 429 andesite
958 100 430 stone
958 100 431 stone
958 100 432 andesite
958 100 433 andesite
fill 958 100 434 958 100 456 stone
958 100 457 iron_ore
958 100 458 iron_ore
fill 958 100 459 958 100 468 stone
958 100 469 coal_ore
958 100 470 coal_ore
fill 958 100 471 958 100 485 stone
958 100 486 diorite
fill 958 100 487 958 100 490 dirt
fill 958 100 491 958 100 496 andesite
958 100 497 diorite
fill 958 100 498 958 100 511 stone
fill 959 100 384 959 100 389 stone
fill 959 100 390 959 100 392 granite
959 100 393 stone
fill 959 100 415 959 100 417 stone
fill 959 100 418 959 100 421 andesite
fill 959 100 422 959 100 424 stone
fill 959 100 425 959 100 430 andesite
959 100 431 stone
959 100 432 andesite
959 100 433 andesite
fill 959 100 434 959 100 485 stone
959 100 486 diorite
fill 959 100 487 959 100 490 dirt
fill 959 100 491 959 100 497 andesite
fill 959 100 498 959 100 511 stone
fill 960 100 384 960 100 389 stone
fill 960 100 390 960 100 393 andesite
fill 960 100 415 960 100 417 stone
fill 960 100 418 960 100 420 andesite
fill 960 100 421 960 100 423 stone
fill 960 100 424 960 100 430 andesite
fill 960 100 431 960 100 482 stone
960 100 483 granite
960 100 484 granite
960 100 485 stone
960 100 486 diorite
fill 960 100 487 960 100 490 dirt
fill 960 100 491 960 100 497 andesite
fill 960 100 498 960 100 511 stone
fill 961 100 384 961 100 387 stone
fill 961 100 388 961 100 392 andesite
fill 961 100 415 961 100 424 stone
fill 961 100 425 961 100 430 andesite
fill 961 100 431 961 100 451 stone
fill 961 100 452 961 100 482 stone
961 100 483 granite
961 100 484 granite
fill 961 100 485 961 100 487 diorite
fill 961 100 488 961 100 490 dirt
fill 961 100 491 961 100 497 andesite
fill 961 100 498 961 100 511 stone
fill 962 100 384 962 100 387 stone
fill 962 100 388 962 100 392 andesite
fill 962 100 415 962 100 424 stone
fill 962 100 425 962 100 429 andesite
fill 962 100 430 962 100 434 stone
962 100 435 dirt
962 100 436 dirt
fill 962 100 437 962 100 481 stone
fill 962 100 482 962 100 484 granite
fill 962 100 485 962 100 488 diorite
962 100 489 dirt
962 100 490 diorite
962 100 491 diorite
fill 962 100 492 962 100 496 andesite
fill 962 100 497 962 100 502 stone
962 100 503 copper_ore
962 100 504 copper_ore
fill 962 100 505 962 100 511 stone
fill 963 100 384 963 100 387 stone
fill 963 100 388 963 100 392 andesite
fill 963 100 412 963 100 433 stone
fill 963 100 434 963 100 437 dirt
fill 963 100 438 963 100 481 stone
fill 963 100 482 963 100 485 granite
fill 963 100 486 963 100 491 diorite
fill 963 100 492 963 100 494 copper_ore
fill 963 100 495 963 100 497 andesite
fill 963 100 498 963 100 502 stone
fill 963 100 503 963 100 505 copper_ore
fill 963 100 506 963 100 511 stone
fill 964 100 384 964 100 391 stone
fill 964 100 411 964 100 432 stone
fill 964 100 433 964 100 437 dirt
fill 964 100 438 964 100 481 stone
fill 964 100 482 964 100 484 granite
964 100 485 stone
fill 964 100 486 964 100 490 diorite
fill 964 100 491 964 100 493 copper_ore
fill 964 100 494 964 100 497 andesite
fill 964 100 498 964 100 511 stone
fill 965 100 384 965 100 389 stone
965 100 390 copper_ore
965 100 391 copper_ore
fill 965 100 410 965 100 431 stone
fill 965 100 432 965 100 436 dirt
fill 965 100 437 965 100 443 stone
965 100 444 iron_ore
fill 965 100 445 965 100 450 stone
fill 965 100 451 965 100 453 granite
fill 965 100 454 965 100 457 stone
fill 965 100 458 965 100 461 granite
fill 965 100 462 965 100 476 stone
965 100 477 diorite
fill 965 100 478 965 100 485 stone
fill 965 100 486 965 100 491 diorite
965 100 492 stone
fill 965 100 493 965 100 498 andesite
fill 965 100 499 965 100 511 stone
fill 966 100 384 966 100 389 stone
966 100 390 copper_ore
966 100 391 copper_ore
fill 966 100 410 966 100 420 stone
fill 966 100 421 966 100 423 dirt
fill 966 100 424 966 100 429 stone
966 100 430 copper_ore
966 100 431 stone
fill 966 100 432 966 100 436 dirt
fill 966 100 437 966 100 450 stone
fill 966 100 451 966 100 455 granite
966 100 456 stone
fill 966 100 457 966 100 462 granite
fill 966 100 463 966 100 475 stone
fill 966 100 476 966 100 478 diorite
fill 966 100 479 966 100 485 stone
fill 966 100 486 966 100 492 diorite
fill 966 100 493 966 100 498 andesite
fill 966 100 499 966 100 511 stone
fill 967 100 384 967 100 391 stone
fill 967 100 410 967 100 419 stone
fill 967 100 420 967 100 423 dirt
fill 967 100 424 967 100 429 stone
967 100 430 copper_ore
fill 967 100 431 967 100 436 dirt
fill 967 100 437 967 100 447 stone
967 100 448 copper_ore
967 100 449 stone
fill 967 100 450 967 100 462 granite
fill 967 100 463 967 100 475 stone
fill 967 100 476 967 100 478 diorite
fill 967 100 479 967 100 484 stone
fill 967 100 485 967 100 492 diorite
fill 967 100 493 967 100 498 andesite
fill 967 100 499 967 100 511 stone
fill 968 100 384 968 100 391 stone
fill 968 100 398 968 100 401 andesite
fill 968 100 410 968 100 418 stone
fill 968 100 419 968 100 423 dirt
fill 968 100 424 968 100 429 stone
968 100 430 copper_ore
fill 968 100 431 968 100 435 dirt
fill 968 100 436 968 100 450 stone
fill 968 100 451 968 100 462 granite
fill 968 100 463 968 100 474 stone
fill 968 100 475 968 100 478 diorite
fill 968 100 479 968 100 484 stone
fill 968 100 485 968 100 492 diorite
968 100 493 stone
fill 968 100 494 968 100 498 andesite
fill 968 100 499 968 100 511 stone
fill 969 100 384 969 100 391 stone
fill 969 100 397 969 100 402 andesite
fill 969 100 411 969 100 418 stone
fill 969 100 419 969 100 423 dirt
969 100 424 diorite
fill 969 100 425 969 100 430 stone
fill 969 100 431 969 100 434 dirt
fill 969 100 435 969 100 450 stone
fill 969 100 451 969 100 462 granite
fill 969 100 463 969 100 474 stone
fill 969 100 475 969 100 479 diorite
fill 969 100 480 969 100 485 stone
fill 969 100 486 969 100 492 diorite
969 100 493 stone
fill 969 100 494 969 100 497 andesite
fill 969 100 498 969 100 511 stone
fill 970 100 384 970 100 391 stone
970 100 397 stone
fill 970 100 398 970 100 402 andesite
fill 970 100 413 970 100 417 stone
fill 970 100 418 970 100 422 dirt
fill 970 100 423 970 100 427 diorite
fill 970 100 428 970 100 430 stone
970 100 431 dirt
970 100 432 dirt
fill 970 100 433 970 100 450 stone
fill 970 100 451 970 100 463 granite
fill 970 100 464 970 100 474 stone
fill 970 100 475 970 100 479 diorite
970 100 480 stone
970 100 481 andesite
970 100 482 andesite
fill 970 100 483 970 100 485 stone
fill 970 100 486 970 100 491 diorite
fill 970 100 492 970 100 495 stone
970 100 496 andesite
fill 970 100 497 970 100 511 stone
971 100 384 stone
971 100 385 copper_ore
fill 971 100 386 971 100 391 stone
fill 971 100 397 971 100 399 stone
fill 971 100 400 971 100 402 andesite
971 100 410 andesite
971 100 411 andesite
fill 971 100 412 971 100 417 stone
fill 971 100 418 971 100 422 dirt
fill 971 100 423 971 100 429 diorite
fill 971 100 430 971 100 441 stone
fill 971 100 442 971 100 450 stone
fill 971 100 451 971 100 463 granite
fill 971 100 464 971 100 474 stone
fill 971 100 475 971 100 478 diorite
971 100 479 stone