662 127 693 stone
662 127 694 stone
662 127 695 stone
662 127 696 stone
662 127 697 stone
662 127 698 stone
662 127 699 stone
662 127 700 stone
662 127 701 stone
662 127 702 stone
662 127 703 stone
662 127 704 stone
662 127 705 stone
662 127 706 stone
662 127 707 stone
662 127 708 stone
662 127 709 stone
662 127 710 stone
662 127 711 stone
662 127 712 stone
662 127 713 stone
662 127 714 stone
662 127 715 stone
662 127 716 stone
662 127 717 stone
662 127 718 stone
662 127 719 stone
662 127 720 stone
662 127 721 stone
662 127 722 stone
662 127 723 stone
662 127 724 stone
662 127 725 stone
662 127 726 stone
662 127 727 stone
662 127 728 stone
662 127 729 stone
662 127 730 stone
662 127 731 stone
662 127 732 stone
662 127 733 stone
662 127 734 stone
662 127 735 stone
662 127 736 stone
662 127 737 stone
662 127 738 stone
662 127 739 stone
662 127 740 stone
662 127 741 stone
662 127 742 stone
662 127 743 stone
662 127 744 stone
662 127 745 stone
662 127 746 stone
662 127 747 stone
662 127 748 stone
662 127 749 stone
662 127 750 stone
662 127 751 stone
662 127 752 stone
662 127 753 stone
662 127 754 stone
662 127 755 stone
662 127 756 stone
662 127 757 stone
662 127 758 stone
662 127 759 stone
662 127 760 stone
662 127 761 stone
662 127 762 gravel
662 127 763 gravel
662 127 764 gravel
662 127 765 gravel
662 127 766 stone
662 127 767 stone
663 127 640 stone
663 127 641 stone
663 127 642 stone
663 127 643 stone
663 127 644 stone
663 127 645 stone
663 127 646 stone
663 127 647 stone
663 127 648 stone
663 127 649 stone
663 127 650 stone
663 127 651 stone
663 127 652 stone
663 127 653 stone
663 127 654 stone
663 127 655 stone
663 127 656 stone
663 127 657 stone
663 127 658 stone
663 127 659 stone
663 127 660 stone
663 127 661 stone
663 127 662 stone
663 127 663 stone
663 127 664 stone
663 127 665 stone
663 127 666 stone
663 127 667 stone
663 127 669 stone
663 127 670 stone
663 127 671 stone
663 127 672 stone
663 127 673 stone
663 127 674 stone
663 127 675 stone
663 127 676 stone
663 127 677 stone
663 127 678 stone
663 127 679 stone
663 127 680 stone
663 127 681 stone
663 127 682 stone
663 127 683 stone
663 127 684 stone
663 127 685 stone
663 127 686 stone
663 127 687 stone
663 127 688 stone
663 127 689 stone
663 127 690 stone
663 127 691 stone
663 127 692 stone
663 127 693 stone
663 127 694 stone
663 127 695 stone
663 127 696 stone
663 127 697 stone
663 127 698 stone
663 127 699 stone
663 127 700 stone
663 127 701 stone
663 127 702 stone
663 127 703 stone
663 127 704 stone
663 127 705 stone
663 127 706 stone
663 127 707 stone
663 127 708 stone
663 127 709 stone
663 127 710 stone
663 127 711 stone
663 127 712 stone
663 127 713 stone
663 127 714 stone
663 127 715 stone
663 127 716 stone
663 127 717 stone
663 127 718 stone
663 127 719 stone
663 127 720 stone
663 127 721 stone
663 127 722 stone
663 127 723 stone
663 127 724 stone
663 127 725 stone
663 127 726 stone
663 127 727 stone
663 127 728 stone
663 127 729 stone
663 127 730 stone
663 127 731 stone
663 127 732 stone
663 127 733 stone
663 127 734 stone
663 127 735 stone
663 127 736 stone
663 127 737 stone
663 127 738 stone
663 127 739 stone
663 127 740 stone
663 127 741 stone
663 127 742 stone
663 127 743 stone
663 127 744 stone
663 127 745 stone
663 127 746 stone
663 127 747 stone
663 127 748 stone
663 127 749 stone
663 127 750 stone
663 127 751 stone
663 127 752 stone
663 127 753 stone
663 127 754 stone
663 127 755 stone
663 127 756 stone
663 127 757 stone
663 127 758 stone
663 127 759 stone
663 127 760 stone
663 127 761 stone
663 127 762 stone
663 127 763 stone
663 127 764 stone
663 127 765 stone
663 127 766 stone
663 127 767 stone
664 127 640 stone
664 127 641 stone
664 127 642 stone
664 127 643 stone
664 127 644 stone
664 127 645 stone
664 127 646 stone
664 127 647 stone
664 127 648 stone
664 127 649 stone
664 127 650 stone
664 127 651 stone
664 127 652 stone
664 127 653 stone
664 127 654 stone
664 127 655 stone
664 127 656 stone
664 127 657 stone
664 127 658 stone
664 127 659 stone
664 127 660 stone
664 127 661 stone
664 127 662 stone
664 127 663 stone
664 127 664 stone
664 127 665 stone
664 127 666 stone
664 127 667 stone
664 127 670 stone
664 127 671 stone
664 127 672 stone
664 127 673 stone
664 127 674 stone
664 127 675 stone
664 127 676 stone
664 127 677 stone
664 127 678 stone
664 127 679 stone
664 127 680 stone
664 127 681 stone
664 127 682 stone
664 127 683 stone
664 127 684 stone
664 127 685 stone
664 127 686 stone
664 127 687 stone
664 127 688 stone
664 127 689 stone
664 127 690 stone
664 127 691 stone
664 127 692 stone
664 127 693 stone
664 127 694 stone
664 127 695 stone
664 127 696 stone
664 127 697 stone
664 127 698 stone
664 127 699 stone
664 127 700 stone
664 127 701 stone
664 127 702 stone
664 127 703 stone
664 127 704 stone
664 127 705 stone
664 127 706 stone
664 127 707 stone
664 127 708 stone
664 127 709 stone
664 127 710 stone
664 127 711 stone
664 127 712 stone
664 127 713 stone
664 127 714 stone
664 127 715 stone
664 127 716 stone
664 127 717 stone
664 127 718 stone
664 127 719 stone
664 127 720 stone
664 127 721 stone
664 127 722 stone
664 127 723 stone
664 127 724 stone
664 127 725 stone
664 127 726 stone
664 127 727 stone
664 127 728 stone
664 127 729 stone
664 127 730 stone
664 127 731 stone
664 127 732 stone
664 127 733 stone
664 127 734 stone
664 127 735 stone
664 127 736 stone
664 127 737 stone
664 127 738 stone
664 127 739 stone
664 127 740 stone
664 127 741 stone
664 127 742 stone
664 127 743 stone
664 127 744 stone
664 127 745 stone
664 127 746 stone
664 127 747 stone
664 127 748 stone
664 127 749 stone
664 127 750 stone
664 127 751 stone
664 127 752 stone
664 127 753 stone
664 127 754 stone
664 127 755 stone
664 127 756 stone
664 127 757 stone
664 127 758 stone
664 127 759 stone
664 127 760 stone
664 127 761 stone
664 127 762 stone
664 127 763 stone
664 127 764 stone
664 127 765 stone
664 127 766 stone
664 127 767 stone
665 127 640 stone
665 127 641 stone
665 127 642 stone
665 127 643 stone
665 127 644 stone
665 127 645 stone
665 127 646 stone
665 127 647 stone
665 127 648 stone
665 127 649 stone
665 127 650 stone
665 127 651 stone
665 127 652 stone
665 127 653 stone
665 127 654 stone
665 127 655 stone
665 127 656 stone
665 127 657 stone
665 127 658 stone
665 127 659 stone
665 127 660 stone
665 127 661 stone
665 127 662 stone
665 127 663 stone
665 127 664 stone
665 127 665 stone
665 127 666 stone
665 127 667 stone
665 127 672 stone
665 127 673 stone
665 127 674 stone
665 127 675 stone
665 127 676 stone
665 127 677 stone
665 127 678 stone
665 127 679 stone
665 127 680 stone
665 127 681 stone
665 127 682 stone
665 127 683 stone
665 127 684 stone
665 127 685 stone
665 127 686 stone
665 127 687 stone
665 127 688 stone
665 127 689 stone
665 127 690 stone
665 127 691 stone
665 127 692 stone
665 127 693 stone
665 127 694 stone
665 127 695 stone
665 127 696 stone
665 127 697 stone
665 127 698 stone
665 127 699 stone
665 127 700 stone
665 127 701 stone
665 127 702 stone
665 127 703 stone
665 127 704 stone
665 127 705 stone
665 127 706 stone
665 127 707 stone
665 127 708 stone
665 127 709 stone
665 127 710 stone
665 127 711 stone
665 127 712 stone
665 127 713 stone
665 127 714 stone
665 127 715 stone
665 127 716 stone
665 127 717 stone
665 127 718 stone
665 127 719 stone
665 127 720 stone
665 127 721 stone
665 127 722 stone
665 127 723 stone
665 127 724 stone
665 127 725 stone
665 127 726 stone
665 127 727 stone
665 127 728 stone
665 127 729 stone
665 127 730 stone
665 127 731 stone
665 127 732 stone
665 127 733 stone
665 127 734 stone
665 127 735 stone
665 127 736 stone
665 127 737 stone
665 127 738 stone
665 127 739 stone
665 127 740 stone
665 127 741 stone
665 127 742 stone
665 127 743 stone
665 127 744 stone
665 127 745 stone
665 127 746 stone
665 127 747 stone
665 127 748 stone
665 127 749 stone
665 127 750 stone
665 127 751 stone
665 127 752 stone
665 127 753 stone
665 127 754 stone
665 127 755 stone
665 127 756 stone
665 127 757 stone
665 127 758 stone
665 127 759 stone
665 127 760 stone
665 127 761 stone
665 127 762 stone
665 127 763 stone
665 127 764 stone
665 127 765 stone
665 127 766 stone
665 127 767 stone
666 127 640 stone
666 127 641 stone
666 127 642 stone
666 127 643 stone
666 127 644 stone
666 127 645 stone
666 127 646 stone
666 127 647 stone
666 127 648 stone
666 127 649 stone
666 127 650 stone
666 127 651 stone
666 127 652 stone
666 127 653 stone
666 127 654 stone
666 127 655 stone
666 127 656 stone
666 127 657 stone
666 127 658 stone
666 127 659 stone
666 127 660 stone
666 127 661 stone
666 127 662 stone
666 127 663 stone
666 127 664 stone
666 127 665 stone
666 127 666 stone
666 127 667 stone
666 127 668 stone
666 127 672 stone
666 127 673 stone
666 127 674 stone
666 127 675 stone
666 127 676 stone
666 127 677 stone
666 127 678 stone
666 127 679 stone
666 127 680 stone
666 127 681 stone
666 127 682 stone
666 127 683 stone
666 127 684 stone
666 127 685 stone
666 127 686 stone
666 127 687 stone
666 127 688 stone
666 127 689 stone
666 127 690 stone
666 127 691 stone
666 127 692 stone
666 127 693 stone
666 127 694 stone
666 127 695 stone
666 127 696 stone
666 127 697 stone
666 127 698 stone
666 127 699 stone
666 127 700 stone
666 127 701 stone
666 127 702 stone
666 127 703 stone
666 127 704 stone
666 127 705 stone
666 127 706 stone
666 127 707 stone
666 127 708 stone
666 127 709 stone
666 127 710 stone
666 127 711 stone
666 127 712 stone
666 127 713 stone
666 127 714 stone
666 127 715 stone
666 127 716 stone
666 127 717 stone
666 127 718 stone
666 127 719 stone
666 127 720 stone
666 127 721 stone
666 127 722 stone
666 127 723 stone
666 127 724 stone
666 127 725 stone
666 127 726 stone
666 127 727 stone
666 127 728 stone
666 127 729 stone
666 127 730 stone
666 127 731 stone
666 127 732 stone
666 127 733 stone
666 127 734 stone
666 127 735 stone
666 127 736 stone
666 127 737 stone
666 127 738 stone
666 127 739 stone
666 127 740 stone
666 127 741 stone
666 127 742 stone
666 127 743 stone
666 127 744 stone
666 127 745 stone
666 127 746 stone
666 127 747 stone
666 127 748 stone
666 127 749 stone
666 127 750 stone
666 127 751 stone
666 127 752 stone
666 127 753 stone
666 127 754 stone
666 127 755 stone
666 127 756 stone
666 127 757 stone
666 127 758 stone
666 127 759 stone
666 127 760 stone
666 127 761 stone
666 127 762 stone
666 127 763 stone
666 127 764 stone
666 127 765 stone
666 127 766 stone
666 127 767 stone
667 127 640 stone
667 127 641 stone
667 127 642 stone
667 127 643 stone
667 127 644 stone
667 127 645 stone
667 127 646 stone
667 127 647 stone
667 127 648 stone
667 127 649 stone
667 127 650 stone
667 127 651 stone
667 127 652 stone
667 127 653 stone
667 127 654 stone
667 127 655 stone
667 127 656 stone
667 127 657 stone
667 127 658 stone
667 127 659 stone
667 127 660 stone
667 127 661 stone
667 127 662 stone
667 127 663 stone
667 127 664 stone
667 127 665 stone
667 127 666 stone
667 127 667 stone
667 127 668 stone
667 127 669 stone
667 127 672 stone
667 127 673 stone
667 127 674 stone
667 127 675 stone
667 127 676 stone
667 127 677 stone
667 127 678 stone
667 127 679 stone
667 127 680 stone
667 127 681 stone
667 127 682 stone
667 127 683 stone
667 127 684 stone
667 127 685 stone
667 127 686 stone
667 127 687 stone
667 127 688 stone
667 127 689 stone
667 127 690 stone
667 127 691 stone
667 127 692 stone
667 127 693 stone
667 127 694 stone
667 127 695 stone
667 127 696 stone
667 127 697 stone
667 127 698 stone
667 127 699 stone
667 127 700 stone
667 127 701 stone
667 127 702 stone
667 127 703 stone
667 127 704 stone
667 127 705 stone
667 127 706 stone
667 127 707 stone
667 127 708 stone
667 127 709 stone
667 127 710 stone
667 127 711 stone
667 127 712 stone
667 127 713 stone
667 127 714 stone
667 127 715 stone
667 127 716 stone
667 127 717 stone
667 127 718 stone
667 127 719 stone
667 127 720 stone
667 127 721 stone
667 127 722 stone
667 127 723 stone
667 127 724 stone
667 127 725 stone
667 127 726 stone
667 127 727 stone
667 127 728 stone
667 127 729 stone
667 127 730 stone
667 127 731 stone
667 127 732 stone
667 127 733 stone
667 127 734 stone
667 127 735 stone
667 127 736 stone
667 127 737 stone
667 127 738 stone
667 127 739 stone
667 127 740 stone
667 127 741 stone
667 127 742 stone
667 127 743 stone
667 127 744 stone
667 127 745 stone
667 127 746 stone
667 127 747 stone
667 127 748 stone
667 127 749 stone
667 127 750 stone
667 127 751 stone
667 127 752 stone
667 127 753 stone
667 127 754 stone
667 127 755 stone
667 127 756 stone
667 127 757 stone
667 127 758 stone
667 127 759 dirt
667 127 760 dirt
667 127 761 stone
667 127 762 stone
667 127 763 stone
667 127 764 stone
667 127 765 stone
667 127 766 stone
667 127 767 stone
668 127 640 stone
668 127 641 stone
668 127 642 stone
668 127 643 stone
668 127 644 stone
668 127 645 stone
668 127 646 stone
668 127 647 stone
668 127 648 stone
668 127 649 stone
668 127 650 stone
668 127 651 stone
668 127 652 stone
668 127 653 stone
668 127 654 stone
668 127 655 stone
668 127 656 stone
668 127 657 stone
668 127 658 stone
668 127 659 stone
668 127 660 stone
668 127 661 stone
668 127 662 stone
668 127 663 stone
668 127 664 stone
668 127 665 stone
668 127 666 stone
668 127 667 stone
668 127 668 stone
668 127 669 stone
668 127 670 stone
668 127 672 stone
668 127 673 stone
668 127 674 stone
668 127 675 stone
668 127 676 stone
668 127 677 stone
668 127 678 stone
668 127 679 stone
668 127 680 stone
668 127 681 stone
668 127 682 stone
668 127 683 stone
668 127 684 stone
668 127 685 stone
668 127 686 stone
668 127 687 stone
668 127 688 stone
668 127 689 stone
668 127 690 stone
668 127 691 stone
668 127 692 stone
668 127 693 stone
668 127 694 stone
668 127 695 stone
668 127 696 stone
668 127 697 stone
668 127 698 stone
668 127 699 stone
668 127 700 stone
668 127 701 stone
668 127 702 stone
668 127 703 stone
668 127 704 stone
668 127 705 stone
668 127 706 stone
668 127 707 stone
668 127 708 stone
668 127 709 stone
668 127 710 stone
668 127 711 stone
668 127 712 stone
668 127 713 stone
668 127 714 stone
668 127 715 stone
668 127 716 stone
668 127 717 stone
668 127 718 stone
668 127 719 stone
668 127 720 stone
668 127 721 stone
668 127 722 stone
668 127 723 stone
668 127 724 stone
668 127 725 stone
668 127 726 stone
668 127 727 stone
668 127 728 stone
668 127 729 stone
668 127 730 stone
668 127 731 stone
668 127 732 stone
668 127 733 stone
668 127 734 stone
668 127 735 stone
668 127 736 stone
668 127 737 stone
668 127 738 stone
668 127 739 stone
668 127 740 stone
668 127 741 stone
668 127 742 stone
668 127 743 stone
668 127 744 stone
668 127 745 stone
668 127 746 stone
668 127 747 stone
668 127 748 stone
668 127 749 stone
668 127 750 stone
668 127 751 stone
668 127 752 stone
668 127 753 stone
668 127 754 stone
668 127 755 stone
668 127 756 stone
668 127 757 stone
668 127 758 dirt
668 127 759 dirt
668 127 760 dirt
668 127 761 stone
668 127 762 stone
668 127 763 stone
668 127 764 stone
668 127 765 stone
668 127 766 stone
668 127 767 stone
669 127 640 stone
669 127 641 stone
669 127 642 stone
669 127 643 stone
669 127 644 stone
669 127 645 stone
669 127 646 stone
669 127 647 stone
669 127 648 stone
669 127 649 stone
669 127 650 stone
669 127 651 stone
669 127 652 stone
669 127 653 stone
669 127 654 stone
669 127 655 stone
669 127 656 stone
669 127 657 stone
669 127 658 stone
669 127 659 stone
669 127 660 stone
669 127 661 stone
669 127 662 stone
669 127 663 stone
669 127 664 stone
669 127 665 stone
669 127 666 stone
669 127 667 stone
669 127 668 stone
669 127 669 stone
669 127 670 stone
669 127 671 stone
669 127 672 stone
669 127 673 stone
669 127 674 stone
669 127 675 stone
669 127 676 stone
669 127 677 stone
669 127 678 stone
669 127 679 stone
669 127 680 stone
669 127 681 stone
669 127 682 stone
669 127 683 stone
669 127 684 stone
669 127 685 stone
669 127 686 stone
669 127 687 stone
669 127 688 stone
669 127 689 stone
669 127 690 stone
669 127 691 stone
669 127 692 stone
669 127 693 stone
669 127 694 stone
669 127 695 stone
669 127 696 stone
669 127 697 stone
669 127 698 stone
669 127 699 stone
669 127 700 stone
669 127 701 stone
669 127 702 stone
669 127 703 stone
669 127 704 stone
669 127 705 stone
669 127 706 stone
669 127 707 stone
669 127 708 stone
669 127 709 stone
669 127 710 stone
669 127 711 stone
669 127 712 stone
669 127 713 stone
669 127 714 stone
669 127 715 stone
669 127 716 stone
669 127 717 stone
669 127 718 stone
669 127 719 stone
669 127 720 stone
669 127 721 stone
669 127 722 stone
669 127 723 stone
669 127 724 stone
669 127 725 stone
669 127 726 stone
669 127 727 stone
669 127 728 stone
669 127 729 stone
669 127 730 stone
669 127 731 stone
669 127 732 stone
669 127 733 stone
669 127 734 stone
669 127 735 stone
669 127 736 stone
669 127 737 stone
669 127 738 stone
669 127 739 stone
669 127 740 stone
669 127 741 stone
669 127 742 stone
669 127 743 stone
669 127 744 stone
669 127 745 stone
669 127 746 stone
669 127 747 stone
669 127 748 stone
669 127 749 stone
669 127 750 stone
669 127 751 stone
669 127 752 stone
669 127 753 stone
669 127 754 stone
669 127 755 stone
669 127 756 stone
669 127 757 stone
669 127 758 dirt
669 127 759 dirt
669 127 760 dirt
669 127 761 dirt
669 127 762 stone
669 127 763 stone
669 127 764 stone
669 127 765 stone
669 127 766 stone
669 127 767 stone
670 127 640 stone
670 127 641 stone
670 127 642 stone
670 127 643 stone
670 127 644 stone
670 127 645 stone
670 127 646 stone
670 127 647 stone
670 127 648 stone
670 127 649 stone
670 127 650 stone
670 127 651 stone
670 127 652 stone
670 127 653 stone
670 127 654 stone
670 127 655 stone
670 127 656 stone
670 127 657 stone
670 127 658 stone
670 127 659 stone
670 127 660 stone
670 127 661 stone
670 127 662 stone
670 127 663 stone
670 127 664 stone
670 127 665 stone
670 127 666 stone
670 127 667 stone
670 127 668 stone
670 127 669 stone
670 127 670 stone
670 127 671 stone
670 127 672 stone
670 127 673 stone
670 127 674 stone
670 127 675 stone
670 127 676 stone
670 127 677 stone
670 127 678 stone
670 127 679 stone
670 127 680 stone
670 127 681 stone
670 127 682 stone
670 127 683 stone
670 127 684 stone
670 127 685 stone
670 127 686 stone
670 127 687 stone
670 127 688 stone
670 127 689 stone
670 127 690 stone
670 127 691 stone
670 127 692 stone
670 127 693 stone
670 127 694 stone
670 127 695 stone
670 127 696 stone
670 127 697 stone
670 127 698 stone
670 127 699 stone
670 127 700 stone
670 127 701 stone
670 127 702 stone
670 127 703 stone
670 127 704 stone
670 127 705 stone
670 127 706 stone
670 127 707 stone
670 127 708 stone
670 127 709 stone
670 127 710 stone
670 127 711 stone
670 127 712 stone
670 127 713 stone
670 127 714 stone
670 127 715 stone
670 127 716 stone
670 127 717 stone
670 127 718 stone
670 127 719 stone
670 127 720 stone
670 127 721 stone
670 127 722 stone
670 127 723 stone
670 127 724 stone
670 127 725 stone
670 127 726 stone
670 127 727 stone
670 127 728 stone
670 127 729 stone
670 127 730 stone
670 127 731 stone
670 127 732 stone
670 127 733 stone
670 127 734 stone
670 127 735 stone
670 127 736 stone
670 127 737 stone
670 127 738 stone
670 127 739 stone
670 127 740 stone
670 127 741 stone
670 127 742 stone
670 127 743 stone
670 127 744 stone
670 127 745 stone
670 127 746 stone
670 127 747 stone
670 127 748 stone
670 127 749 stone
670 127 750 stone
670 127 751 stone
670 127 752 stone
670 127 753 stone
670 127 754 stone
670 127 755 stone
670 127 756 stone
670 127 757 stone
670 127 758 dirt
670 127 759 dirt
670 127 760 dirt
670 127 761 dirt
670 127 762 stone
670 127 763 stone
670 127 764 stone
670 127 765 stone
670 127 766 stone
670 127 767 stone
671 127 640 stone
671 127 641 stone
671 127 642 stone
671 127 643 stone
671 127 644 stone
671 127 645 stone
671 127 646 stone
671 127 647 stone
671 127 648 stone
671 127 649 stone
671 127 650 stone
671 127 651 stone
671 127 652 stone
671 127 653 stone
671 127 654 stone
671 127 655 stone
671 127 656 stone
671 127 657 stone
671 127 658 stone
671 127 659 stone
671 127 660 stone
671 127 661 stone
671 127 662 stone
671 127 663 stone
671 127 664 stone
671 127 665 stone
671 127 666 stone
671 127 667 stone
671 127 668 stone
671 127 669 stone
671 127 670 stone
671 127 671 stone
671 127 672 stone
671 127 673 stone
671 127 674 stone
671 127 675 stone
671 127 676 stone
671 127 677 stone
671 127 678 stone
671 127 679 stone
671 127 680 stone
671 127 681 stone
671 127 682 stone
671 127 683 stone
671 127 684 stone
671 127 685 stone
671 127 686 stone
671 127 687 stone
671 127 688 stone
671 127 689 stone
671 127 690 stone
671 127 691 stone
