fill 944 110 359 944 110 361 diorite
944 110 362 andesite
944 110 363 andesite
fill 944 110 364 944 110 366 diorite
fill 944 110 367 944 110 380 stone
944 110 381 diorite
944 110 382 andesite
944 110 383 water[level=0]
945 110 256 stone
945 110 257 stone
945 110 258 water[level=0]
fill 945 110 259 945 110 300 water[level=0]
945 110 301 gravel
fill 945 110 302 945 110 349 stone
945 110 350 dirt
945 110 351 dirt
fill 945 110 352 945 110 357 stone
fill 945 110 358 945 110 360 diorite
fill 945 110 361 945 110 364 andesite
945 110 365 diorite
945 110 366 diorite
fill 945 110 367 945 110 381 stone
945 110 382 diorite
945 110 383 water[level=0]
946 110 256 stone
946 110 257 gravel
fill 946 110 258 946 110 301 water[level=0]
946 110 302 gravel
fill 946 110 303 946 110 349 stone
946 110 350 dirt
fill 946 110 351 946 110 357 stone
fill 946 110 358 946 110 360 diorite
fill 946 110 361 946 110 365 andesite
fill 946 110 366 946 110 381 stone
946 110 382 water[level=0]
946 110 383 water[level=0]
947 110 256 gravel
fill 947 110 257 947 110 301 water[level=0]
fill 947 110 302 947 110 357 stone
fill 947 110 358 947 110 360 diorite
fill 947 110 361 947 110 366 andesite
fill 947 110 367 947 110 382 stone
947 110 383 water[level=0]
fill 948 110 256 948 110 301 water[level=0]
fill 948 110 302 948 110 357 stone
fill 948 110 358 948 110 360 diorite
fill 948 110 361 948 110 366 andesite
fill 948 110 367 948 110 382 stone
948 110 383 water[level=0]
fill 949 110 256 949 110 301 water[level=0]
fill 949 110 302 949 110 360 stone
fill 949 110 361 949 110 367 andesite
fill 949 110 368 949 110 382 stone
949 110 383 water[level=0]
fill 950 110 256 950 110 301 water[level=0]
fill 950 110 302 950 110 360 stone
fill 950 110 361 950 110 367 andesite
fill 950 110 368 950 110 376 stone
950 110 377 coal_ore
950 110 378 coal_ore
fill 950 110 379 950 110 382 stone
950 110 383 water[level=0]
fill 951 110 256 951 110 301 water[level=0]
fill 951 110 302 951 110 340 stone
fill 951 110 341 951 110 345 coal_ore
fill 951 110 346 951 110 360 stone
fill 951 110 361 951 110 367 andesite
fill 951 110 368 951 110 376 stone
951 110 377 coal_ore
951 110 378 coal_ore
fill 951 110 379 951 110 382 stone
951 110 383 water[level=0]
fill 952 110 256 952 110 301 water[level=0]
fill 952 110 302 952 110 305 stone
fill 952 110 306 952 110 339 stone
fill 952 110 340 952 110 344 coal_ore
fill 952 110 345 952 110 360 stone
fill 952 110 361 952 110 368 andesite
fill 952 110 369 952 110 376 stone
952 110 377 coal_ore
fill 952 110 378 952 110 382 stone
952 110 383 water[level=0]
953 110 256 gravel
fill 953 110 257 953 110 301 water[level=0]
fill 953 110 302 953 110 309 stone
953 110 310 copper_ore
fill 953 110 311 953 110 340 stone
fill 953 110 341 953 110 343 coal_ore
fill 953 110 344 953 110 361 stone
fill 953 110 362 953 110 368 andesite
fill 953 110 369 953 110 382 stone
953 110 383 water[level=0]
954 110 256 andesite
fill 954 110 257 954 110 301 water[level=0]
fill 954 110 302 954 110 309 stone
954 110 310 copper_ore
fill 954 110 311 954 110 323 stone
954 110 324 gravel
fill 954 110 325 954 110 342 stone
954 110 343 coal_ore
fill 954 110 344 954 110 361 stone
fill 954 110 362 954 110 368 andesite
fill 954 110 369 954 110 382 stone
954 110 383 water[level=0]
955 110 256 andesite
fill 955 110 257 955 110 299 water[level=0]
fill 955 110 300 955 110 321 stone
fill 955 110 322 955 110 325 gravel
fill 955 110 326 955 110 362 stone
fill 955 110 363 955 110 368 andesite
fill 955 110 369 955 110 382 stone
955 110 383 water[level=0]
956 110 256 andesite
fill 956 110 257 956 110 298 water[level=0]
fill 956 110 299 956 110 320 stone
fill 956 110 321 956 110 325 gravel
fill 956 110 326 956 110 362 stone
fill 956 110 363 956 110 368 andesite
fill 956 110 369 956 110 383 stone
957 110 256 andesite
fill 957 110 257 957 110 297 water[level=0]
fill 957 110 298 957 110 308 stone
957 110 309 coal_ore
957 110 310 coal_ore
fill 957 110 311 957 110 319 stone
fill 957 110 320 957 110 324 gravel
fill 957 110 325 957 110 363 stone
fill 957 110 364 957 110 368 andesite
fill 957 110 369 957 110 383 stone
958 110 256 andesite
fill 958 110 257 958 110 297 water[level=0]
fill 958 110 298 958 110 308 stone
fill 958 110 309 958 110 311 coal_ore
fill 958 110 312 958 110 318 stone
fill 958 110 319 958 110 324 gravel
fill 958 110 325 958 110 353 stone
fill 958 110 354 958 110 357 andesite
fill 958 110 358 958 110 363 stone
fill 958 110 364 958 110 368 andesite
fill 958 110 369 958 110 383 stone
959 110 256 andesite
fill 959 110 257 959 110 297 water[level=0]
fill 959 110 298 959 110 309 stone
fill 959 110 310 959 110 312 coal_ore
fill 959 110 313 959 110 318 stone
fill 959 110 319 959 110 323 gravel
fill 959 110 324 959 110 347 stone
959 110 348 copper_ore
959 110 349 copper_ore
fill 959 110 350 959 110 352 stone
fill 959 110 353 959 110 358 andesite
fill 959 110 359 959 110 364 stone
fill 959 110 365 959 110 368 andesite
fill 959 110 369 959 110 379 stone
fill 959 110 380 959 110 383 stone
fill 960 110 256 960 110 297 water[level=0]
fill 960 110 298 960 110 301 stone
960 110 302 granite
960 110 303 granite
fill 960 110 304 960 110 310 stone
960 110 311 coal_ore
960 110 312 coal_ore
fill 960 110 313 960 110 318 stone
fill 960 110 319 960 110 323 gravel
fill 960 110 324 960 110 347 stone
960 110 348 copper_ore
960 110 349 copper_ore
960 110 350 stone
fill 960 110 351 960 110 358 andesite
fill 960 110 359 960 110 383 stone
fill 961 110 256 961 110 297 water[level=0]
961 110 298 stone
961 110 299 stone
fill 961 110 300 961 110 304 granite
fill 961 110 305 961 110 318 stone
fill 961 110 319 961 110 322 gravel
fill 961 110 323 961 110 339 stone
fill 961 110 340 961 110 345 gravel
961 110 346 stone
961 110 347 stone
961 110 348 copper_ore
961 110 349 stone
fill 961 110 350 961 110 357 andesite
fill 961 110 358 961 110 383 stone
fill 962 110 256 962 110 297 water[level=0]
962 110 298 stone
fill 962 110 299 962 110 305 granite
fill 962 110 306 962 110 318 stone
fill 962 110 319 962 110 321 gravel
fill 962 110 322 962 110 336 stone
fill 962 110 337 962 110 346 gravel
962 110 347 stone
962 110 348 stone
fill 962 110 349 962 110 357 andesite
fill 962 110 358 962 110 383 stone
fill 963 110 256 963 110 297 water[level=0]
fill 963 110 298 963 110 305 granite
fill 963 110 306 963 110 336 stone
fill 963 110 337 963 110 346 gravel
963 110 347 stone
963 110 348 stone
fill 963 110 349 963 110 357 andesite
fill 963 110 358 963 110 383 stone
fill 964 110 256 964 110 295 water[level=0]
964 110 296 gravel
fill 964 110 297 964 110 304 granite
fill 964 110 305 964 110 336 stone
fill 964 110 337 964 110 345 gravel
964 110 346 stone
964 110 347 stone
fill 964 110 348 964 110 356 andesite
fill 964 110 357 964 110 383 stone
fill 965 110 256 965 110 294 water[level=0]
965 110 295 gravel
fill 965 110 296 965 110 304 granite
fill 965 110 305 965 110 346 stone
fill 965 110 347 965 110 356 andesite
fill 965 110 357 965 110 383 stone
fill 966 110 256 966 110 294 water[level=0]
fill 966 110 295 966 110 303 granite
fill 966 110 304 966 110 323 stone
966 110 324 diorite
fill 966 110 325 966 110 346 stone
fill 966 110 347 966 110 356 andesite
fill 966 110 357 966 110 383 stone
fill 967 110 256 967 110 293 water[level=0]
fill 967 110 294 967 110 302 granite
fill 967 110 303 967 110 309 stone
fill 967 110 310 967 110 331 stone
967 110 332 copper_ore
fill 967 110 333 967 110 345 stone
fill 967 110 346 967 110 355 andesite
fill 967 110 356 967 110 383 stone
fill 968 110 256 968 110 287 water[level=0]
fill 968 110 288 968 110 290 diorite
968 110 291 gravel
968 110 292 water[level=0]
fill 968 110 293 968 110 302 granite
fill 968 110 303 968 110 331 stone
968 110 332 copper_ore
fill 968 110 333 968 110 345 stone
fill 968 110 346 968 110 354 andesite
fill 968 110 355 968 110 358 stone
968 110 359 copper_ore
968 110 360 copper_ore
fill 968 110 361 968 110 383 stone
fill 969 110 256 969 110 286 water[level=0]
969 110 287 coal_ore
969 110 288 stone
969 110 289 diorite
969 110 290 andesite
969 110 291 diorite
969 110 292 stone
fill 969 110 293 969 110 301 granite
fill 969 110 302 969 110 345 stone
fill 969 110 346 969 110 354 andesite
fill 969 110 355 969 110 358 stone
fill 969 110 359 969 110 361 copper_ore
fill 969 110 362 969 110 383 stone
fill 970 110 256 970 110 285 water[level=0]
970 110 286 coal_ore
970 110 287 coal_ore
fill 970 110 288 970 110 292 andesite
fill 970 110 293 970 110 300 granite
fill 970 110 301 970 110 344 stone
fill 970 110 345 970 110 353 andesite
fill 970 110 354 970 110 383 stone
fill 971 110 256 971 110 285 water[level=0]
971 110 286 gravel
971 110 287 coal_ore
971 110 288 coal_ore
fill 971 110 289 971 110 292 andesite
fill 971 110 293 971 110 299 granite
fill 971 110 300 971 110 344 stone
fill 971 110 345 971 110 352 andesite
fill 971 110 353 971 110 383 stone
fill 972 110 256 972 110 286 water[level=0]
fill 972 110 287 972 110 292 andesite
fill 972 110 293 972 110 298 granite
fill 972 110 299 972 110 344 stone
fill 972 110 345 972 110 350 andesite
fill 972 110 351 972 110 383 stone
fill 973 110 256 973 110 286 water[level=0]
fill 973 110 287 973 110 291 andesite
fill 973 110 292 973 110 295 granite
fill 973 110 296 973 110 335 stone
fill 973 110 336 973 110 339 andesite
fill 973 110 340 973 110 345 stone
fill 973 110 346 973 110 349 andesite
fill 973 110 350 973 110 353 stone
973 110 354 iron_ore
973 110 355 iron_ore
fill 973 110 356 973 110 383 stone
fill 974 110 256 974 110 286 water[level=0]
fill 974 110 287 974 110 291 andesite
fill 974 110 292 974 110 294 granite
fill 974 110 295 974 110 309 stone
974 110 310 dirt
974 110 311 dirt
fill 974 110 312 974 110 334 stone
fill 974 110 335 974 110 341 andesite
fill 974 110 342 974 110 346 stone
974 110 347 andesite
fill 974 110 348 974 110 353 stone
974 110 354 iron_ore
974 110 355 iron_ore
fill 974 110 356 974 110 383 stone
fill 975 110 256 975 110 278 water[level=0]
fill 975 110 279 975 110 286 water[level=0]
fill 975 110 287 975 110 290 andesite
fill 975 110 291 975 110 309 stone
fill 975 110 310 975 110 312 dirt
fill 975 110 313 975 110 333 stone
fill 975 110 334 975 110 342 andesite
fill 975 110 343 975 110 350 stone
975 110 351 copper_ore
975 110 352 copper_ore
fill 975 110 353 975 110 383 stone
fill 976 110 256 976 110 286 water[level=0]
fill 976 110 287 976 110 289 andesite
fill 976 110 290 976 110 308 stone
fill 976 110 309 976 110 311 dirt
fill 976 110 312 976 110 334 stone
fill 976 110 335 976 110 346 andesite
fill 976 110 347 976 110 350 stone
fill 976 110 351 976 110 353 copper_ore
fill 976 110 354 976 110 383 stone
fill 977 110 256 977 110 286 water[level=0]
977 110 287 andesite
977 110 288 andesite
fill 977 110 289 977 110 308 stone
fill 977 110 309 977 110 311 dirt
fill 977 110 312 977 110 334 stone
fill 977 110 335 977 110 347 andesite
fill 977 110 348 977 110 383 stone
fill 978 110 256 978 110 286 water[level=0]
978 110 287 andesite
fill 978 110 288 978 110 307 stone
fill 978 110 308 978 110 311 dirt
fill 978 110 312 978 110 335 stone
fill 978 110 336 978 110 348 andesite
fill 978 110 349 978 110 383 stone
fill 979 110 256 979 110 286 water[level=0]
fill 979 110 287 979 110 307 stone
fill 979 110 308 979 110 310 dirt
fill 979 110 311 979 110 336 stone
fill 979 110 337 979 110 349 andesite
fill 979 110 350 979 110 383 stone
fill 980 110 256 980 110 286 water[level=0]
fill 980 110 287 980 110 289 stone
980 110 290 copper_ore
980 110 291 copper_ore
fill 980 110 292 980 110 308 stone
980 110 309 dirt
fill 980 110 310 980 110 337 stone
fill 980 110 338 980 110 350 andesite
fill 980 110 351 980 110 383 stone
fill 981 110 256 981 110 285 water[level=0]
981 110 286 gravel
fill 981 110 287 981 110 289 stone
981 110 290 copper_ore
981 110 291 copper_ore
981 110 292 stone
981 110 293 stone
981 110 294 dirt
981 110 295 dirt
fill 981 110 296 981 110 340 stone
fill 981 110 341 981 110 351 andesite
fill 981 110 352 981 110 383 stone
fill 982 110 256 982 110 285 water[level=0]
982 110 286 gravel
fill 982 110 287 982 110 292 stone
fill 982 110 293 982 110 297 dirt
fill 982 110 298 982 110 340 stone
fill 982 110 341 982 110 351 andesite
fill 982 110 352 982 110 383 stone
fill 983 110 256 983 110 259 water[level=0]
fill 983 110 260 983 110 283 water[level=0]
983 110 284 gravel
fill 983 110 285 983 110 293 stone
fill 983 110 294 983 110 297 dirt
983 110 298 stone
983 110 299 stone
983 110 300 dirt
983 110 301 dirt
fill 983 110 302 983 110 341 stone
fill 983 110 342 983 110 351 andesite
fill 983 110 352 983 110 375 stone
fill 983 110 376 983 110 378 coal_ore
fill 983 110 379 983 110 383 stone
fill 984 110 256 984 110 282 water[level=0]
fill 984 110 283 984 110 299 stone
984 110 300 dirt
984 110 301 dirt
fill 984 110 302 984 110 346 stone
fill 984 110 347 984 110 350 andesite
fill 984 110 351 984 110 375 stone
fill 984 110 376 984 110 378 coal_ore
fill 984 110 379 984 110 383 stone
fill 985 110 256 985 110 282 water[level=0]
fill 985 110 283 985 110 299 stone
985 110 300 dirt
985 110 301 dirt
985 110 302 copper_ore
fill 985 110 303 985 110 324 stone
985 110 325 dirt
fill 985 110 326 985 110 374 stone
fill 985 110 375 985 110 377 coal_ore
fill 985 110 378 985 110 383 stone
fill 986 110 256 986 110 281 water[level=0]
fill 986 110 282 986 110 298 stone
986 110 299 copper_ore
fill 986 110 300 986 110 302 dirt
fill 986 110 303 986 110 324 stone
986 110 325 dirt
fill 986 110 326 986 110 334 stone
fill 986 110 335 986 110 340 granite
fill 986 110 341 986 110 375 stone
986 110 376 coal_ore
fill 986 110 377 986 110 383 stone
fill 987 110 256 987 110 281 water[level=0]
fill 987 110 282 987 110 299 stone
987 110 300 dirt
987 110 301 dirt
987 110 302 copper_ore
987 110 303 copper_ore
fill 987 110 304 987 110 326 stone
987 110 327 dirt
987 110 328 dirt
fill 987 110 329 987 110 333 gravel
fill 987 110 334 987 110 341 granite
987 110 342 stone
987 110 343 granite
987 110 344 granite
fill 987 110 345 987 110 383 stone
fill 988 110 256 988 110 281 water[level=0]
fill 988 110 282 988 110 301 stone
988 110 302 copper_ore
988 110 303 copper_ore
fill 988 110 304 988 110 328 stone
fill 988 110 329 988 110 334 gravel
fill 988 110 335 988 110 346 granite
fill 988 110 347 988 110 383 stone
fill 989 110 256 989 110 281 water[level=0]
fill 989 110 282 989 110 293 stone
989 110 294 lapis_ore
989 110 295 lapis_ore
fill 989 110 296 989 110 301 stone
989 110 302 copper_ore
fill 989 110 303 989 110 328 stone
fill 989 110 329 989 110 335 gravel
fill 989 110 336 989 110 346 granite
fill 989 110 347 989 110 367 stone
989 110 368 coal_ore
989 110 369 coal_ore
fill 989 110 370 989 110 383 stone
fill 990 110 256 990 110 281 water[level=0]
fill 990 110 282 990 110 293 stone
990 110 294 lapis_ore
fill 990 110 295 990 110 328 stone
990 110 329 granite
fill 990 110 330 990 110 335 gravel
fill 990 110 336 990 110 346 granite
fill 990 110 347 990 110 367 stone
fill 990 110 368 990 110 370 coal_ore
fill 990 110 371 990 110 383 stone
fill 991 110 256 991 110 281 water[level=0]
fill 991 110 282 991 110 309 stone
991 110 310 coal_ore
991 110 311 coal_ore
fill 991 110 312 991 110 329 stone
991 110 330 granite
fill 991 110 331 991 110 336 gravel
fill 991 110 337 991 110 346 granite
fill 991 110 347 991 110 368 stone
fill 991 110 369 991 110 371 coal_ore
fill 991 110 372 991 110 383 stone
fill 992 110 256 992 110 282 water[level=0]
fill 992 110 283 992 110 286 stone
992 110 287 lapis_ore
fill 992 110 288 992 110 291 stone
992 110 292 diorite
992 110 293 diorite
fill 992 110 294 992 110 308 stone
fill 992 110 309 992 110 311 coal_ore
fill 992 110 312 992 110 330 stone
992 110 331 granite
992 110 332 granite
fill 992 110 333 992 110 336 gravel
fill 992 110 337 992 110 341 granite
fill 992 110 342 992 110 368 stone
fill 992 110 369 992 110 371 coal_ore
fill 992 110 372 992 110 383 stone
fill 993 110 256 993 110 284 water[level=0]
993 110 285 stone
993 110 286 lapis_ore
fill 993 110 287 993 110 290 stone
fill 993 110 291 993 110 294 diorite
fill 993 110 295 993 110 308 stone
993 110 309 coal_ore
993 110 310 coal_ore
fill 993 110 311 993 110 334 stone
fill 993 110 335 993 110 340 granite
fill 993 110 341 993 110 346 stone
993 110 347 copper_ore
993 110 348 copper_ore
fill 993 110 349 993 110 383 stone
fill 994 110 256 994 110 285 water[level=0]
994 110 286 gravel
fill 994 110 287 994 110 289 stone
fill 994 110 290 994 110 294 diorite
fill 994 110 295 994 110 346 stone
994 110 347 copper_ore
994 110 348 copper_ore
fill 994 110 349 994 110 383 stone
fill 995 110 256 995 110 285 water[level=0]
fill 995 110 286 995 110 288 stone
fill 995 110 289 995 110 293 diorite
fill 995 110 294 995 110 383 stone
fill 996 110 256 996 110 285 water[level=0]
996 110 286 stone
996 110 287 stone
fill 996 110 288 996 110 293 diorite
fill 996 110 294 996 110 354 stone
996 110 355 dirt
996 110 356 dirt
fill 996 110 357 996 110 383 stone
fill 997 110 256 997 110 285 water[level=0]
997 110 286 stone
fill 997 110 287 997 110 293 diorite
fill 997 110 294 997 110 317 stone
fill 997 110 318 997 110 324 dirt
fill 997 110 325 997 110 355 stone
997 110 356 dirt
fill 997 110 357 997 110 361 stone
997 110 362 iron_ore
997 110 363 gravel
997 110 364 gravel
fill 997 110 365 997 110 383 stone
fill 998 110 256 998 110 285 water[level=0]
998 110 286 stone
fill 998 110 287 998 110 293 diorite
fill 998 110 294 998 110 315 stone
fill 998 110 316 998 110 324 dirt
fill 998 110 325 998 110 361 stone
fill 998 110 362 998 110 366 gravel
fill 998 110 367 998 110 370 stone
fill 998 110 371 998 110 383 stone
fill 999 110 256 999 110 284 water[level=0]
999 110 285 gravel
999 110 286 stone
fill 999 110 287 999 110 292 diorite
fill 999 110 293 999 110 315 stone
fill 999 110 316 999 110 322 dirt
fill 999 110 323 999 110 354 stone
999 110 355 dirt
999 110 356 dirt
fill 999 110 357 999 110 362 stone
fill 999 110 363 999 110 367 gravel
fill 999 110 368 999 110 383 stone
fill 1000 110 256 1000 110 284 water[level=0]
1000 110 285 stone
fill 1000 110 286 1000 110 292 diorite
fill 1000 110 293 1000 110 315 stone
fill 1000 110 316 1000 110 320 dirt
fill 1000 110 321 1000 110 327 andesite
fill 1000 110 328 1000 110 354 stone
1000 110 355 dirt
1000 110 356 dirt
fill 1000 110 357 1000 110 362 stone
fill 1000 110 363 1000 110 367 gravel
fill 1000 110 368 1000 110 383 stone
fill 1001 110 256 1001 110 284 water[level=0]
1001 110 285 stone
fill 1001 110 286 1001 110 291 diorite
fill 1001 110 292 1001 110 314 stone
fill 1001 110 315 1001 110 318 andesite
1001 110 319 iron_ore
1001 110 320 iron_ore
1001 110 321 andesite
1001 110 322 andesite
fill 1001 110 323 1001 110 325 copper_ore
fill 1001 110 326 1001 110 329 andesite
fill 1001 110 330 1001 110 362 stone
fill 1001 110 363 1001 110 368 gravel
fill 1001 110 369 1001 110 383 stone
fill 1002 110 256 1002 110 284 water[level=0]
1002 110 285 stone
fill 1002 110 286 1002 110 290 diorite
fill 1002 110 291 1002 110 313 stone
fill 1002 110 314 1002 110 319 andesite
1002 110 320 iron_ore
1002 110 321 andesite
1002 110 322 andesite
fill 1002 110 323 1002 110 325 copper_ore
fill 1002 110 326 1002 110 332 andesite
fill 1002 110 333 1002 110 340 stone
1002 110 341 copper_ore
fill 1002 110 342 1002 110 363 stone
fill 1002 110 364 1002 110 368 gravel
1002 110 369 andesite
1002 110 370 andesite
fill 1002 110 371 1002 110 383 stone
fill 1003 110 256 1003 110 284 water[level=0]
1003 110 285 stone
fill 1003 110 286 1003 110 290 diorite
fill 1003 110 291 1003 110 293 stone
1003 110 294 granite
1003 110 295 granite
1003 110 296 stone
fill 1003 110 297 1003 110 303 granite
fill 1003 110 304 1003 110 313 stone
fill 1003 110 314 1003 110 333 andesite
fill 1003 110 334 1003 110 339 stone
1003 110 340 copper_ore
fill 1003 110 341 1003 110 361 stone
fill 1003 110 362 1003 110 364 andesite
fill 1003 110 365 1003 110 368 gravel
fill 1003 110 369 1003 110 374 andesite
fill 1003 110 375 1003 110 383 stone
fill 1004 110 256 1004 110 284 water[level=0]
1004 110 285 stone
fill 1004 110 286 1004 110 289 diorite
1004 110 290 stone
1004 110 291 stone
fill 1004 110 292 1004 110 307 granite
fill 1004 110 308 1004 110 313 stone
fill 1004 110 314 1004 110 333 andesite
fill 1004 110 334 1004 110 360 stone
fill 1004 110 361 1004 110 366 andesite
1004 110 367 gravel
1004 110 368 gravel
fill 1004 110 369 1004 110 375 andesite
fill 1004 110 376 1004 110 383 stone
fill 1005 110 256 1005 110 284 water[level=0]
1005 110 285 stone
1005 110 286 stone
1005 110 287 diorite
1005 110 288 stone
1005 110 289 stone
fill 1005 110 290 1005 110 308 granite
fill 1005 110 309 1005 110 314 stone