847 119 663 stone
847 119 664 stone
847 119 665 stone
847 119 666 stone
847 119 667 stone
847 119 668 stone
847 119 669 stone
847 119 670 stone
847 119 671 stone
847 119 672 stone
847 119 673 stone
847 119 674 stone
847 119 675 stone
847 119 676 stone
847 119 677 stone
847 119 678 stone
847 119 679 stone
847 119 680 stone
847 119 681 stone
847 119 688 granite
847 119 689 granite
847 119 692 granite
847 119 693 granite
847 119 694 stone
847 119 695 stone
847 119 696 stone
847 119 697 stone
847 119 698 stone
847 119 699 stone
847 119 700 stone
847 119 701 stone
847 119 702 stone
847 119 703 stone
847 119 704 stone
847 119 705 stone
847 119 706 stone
847 119 707 stone
847 119 708 stone
847 119 713 stone
847 119 714 stone
847 119 715 stone
847 119 716 stone
847 119 717 stone
847 119 718 stone
847 119 722 stone
847 119 723 stone
847 119 724 stone
847 119 725 stone
847 119 726 stone
847 119 727 stone
847 119 728 stone
847 119 729 granite
847 119 730 granite
847 119 731 granite
847 119 732 granite
847 119 733 granite
847 119 734 granite
847 119 735 granite
847 119 736 granite
847 119 737 granite
847 119 738 stone
847 119 739 stone
847 119 740 stone
847 119 741 stone
847 119 742 stone
847 119 743 stone
847 119 744 stone
847 119 745 stone
847 119 746 stone
847 119 747 stone
847 119 748 stone
847 119 749 stone
847 119 750 stone
847 119 751 diorite
847 119 752 diorite
847 119 753 diorite
847 119 754 stone
847 119 755 stone
847 119 756 stone
847 119 757 stone
847 119 758 stone
847 119 759 stone
847 119 760 dirt
847 119 761 dirt
847 119 762 dirt
847 119 763 dirt
847 119 764 stone
847 119 765 dirt
847 119 766 dirt
847 119 767 dirt
847 119 772 lava[level=8]
847 119 785 stone
847 119 786 stone
847 119 787 stone
847 119 788 stone
847 119 789 stone
847 119 790 stone
847 119 791 stone
847 119 792 stone
847 119 793 stone
847 119 794 stone
847 119 795 stone
847 119 796 stone
847 119 797 stone
847 119 798 stone
847 119 799 stone
847 119 800 stone
847 119 801 stone
847 119 802 stone
847 119 803 stone
847 119 804 stone
847 119 805 stone
847 119 806 stone
847 119 807 stone
847 119 808 stone
847 119 809 stone
847 119 810 stone
847 119 811 stone
847 119 812 stone
847 119 813 stone
847 119 814 stone
847 119 815 stone
847 119 816 stone
847 119 817 stone
847 119 818 stone
847 119 819 stone
847 119 820 stone
847 119 821 stone
847 119 822 stone
847 119 823 stone
847 119 824 stone
847 119 825 stone
847 119 826 stone
847 119 827 stone
847 119 828 stone
847 119 829 stone
847 119 830 stone
847 119 831 stone
847 119 832 stone
847 119 833 stone
847 119 834 stone
847 119 835 stone
847 119 836 stone
847 119 837 stone
847 119 838 stone
847 119 839 stone
847 119 840 stone
847 119 841 stone
847 119 842 stone
847 119 843 stone
847 119 844 stone
847 119 845 stone
847 119 846 stone
847 119 847 stone
847 119 849 stone
847 119 850 stone
847 119 851 stone
847 119 852 stone
847 119 853 stone
847 119 854 stone
847 119 855 stone
847 119 856 stone
847 119 857 stone
847 119 858 stone
847 119 859 stone
847 119 860 stone
847 119 861 stone
847 119 862 stone
847 119 863 stone
847 119 864 stone
847 119 865 stone
847 119 866 copper_ore
847 119 867 copper_ore
847 119 868 stone
847 119 869 stone
847 119 870 stone
847 119 871 stone
847 119 872 stone
847 119 873 stone
847 119 874 stone
847 119 875 stone
847 119 876 stone
847 119 877 stone
847 119 878 stone
847 119 879 stone
847 119 880 stone
847 119 881 stone
847 119 882 stone
847 119 883 stone
847 119 884 stone
847 119 885 stone
847 119 886 stone
847 119 887 stone
847 119 888 andesite
847 119 889 andesite
847 119 890 andesite
847 119 891 andesite
847 119 892 stone
847 119 893 stone
847 119 894 stone
847 119 895 stone
847 119 896 stone
847 119 897 stone
847 119 898 stone
847 119 899 stone
847 119 900 stone
847 119 901 stone
847 119 902 stone
847 119 903 stone
847 119 904 stone
847 119 905 stone
847 119 906 stone
847 119 907 stone
847 119 908 stone
847 119 909 stone
847 119 910 stone
847 119 911 stone
847 119 912 stone
847 119 913 stone
847 119 914 stone
847 119 915 granite
847 119 916 granite
847 119 917 granite
847 119 918 granite
847 119 919 granite
847 119 920 granite
847 119 921 granite
847 119 922 granite
847 119 923 granite
847 119 924 granite
847 119 925 stone
847 119 926 stone
847 119 927 stone
847 119 928 stone
847 119 929 stone
847 119 930 stone
847 119 931 stone
847 119 932 stone
847 119 933 stone
847 119 934 stone
847 119 935 stone
847 119 936 stone
847 119 937 stone
847 119 938 coal_ore
847 119 939 coal_ore
847 119 940 coal_ore
847 119 941 stone
847 119 942 stone
847 119 943 stone
847 119 944 stone
847 119 945 stone
847 119 946 stone
847 119 947 stone
847 119 948 stone
847 119 949 stone
847 119 950 stone
847 119 951 stone
847 119 952 dirt
847 119 953 water[level=0]
847 119 954 water[level=0]
847 119 955 water[level=0]
847 119 956 water[level=0]
847 119 957 water[level=0]
847 119 958 water[level=0]
847 119 959 water[level=0]
847 119 960 dirt
847 119 961 granite
847 119 962 stone
847 119 963 stone
847 119 964 stone
847 119 965 stone
847 119 966 stone
847 119 967 stone
847 119 968 stone
847 119 969 stone
847 119 970 stone
847 119 971 stone
847 119 972 stone
847 119 973 stone
847 119 974 stone
847 119 975 stone
847 119 976 stone
847 119 977 stone
847 119 978 stone
847 119 979 stone
847 119 980 stone
847 119 981 stone
847 119 982 stone
847 119 983 stone
847 119 984 stone
847 119 985 stone
847 119 986 stone
847 119 987 stone
847 119 988 stone
847 119 989 stone
847 119 990 stone
847 119 991 stone
847 119 992 stone
847 119 993 stone
847 119 994 stone
847 119 995 stone
847 119 996 stone
847 119 997 stone
847 119 998 stone
847 119 999 dirt
847 119 1000 dirt
847 119 1001 dirt
847 119 1002 dirt
847 119 1003 dirt
847 119 1004 andesite
847 119 1005 andesite
847 119 1008 granite
847 119 1009 granite
847 119 1010 granite
847 119 1011 granite
847 119 1012 granite
847 119 1013 granite
847 119 1014 granite
847 119 1015 granite
847 119 1016 granite
847 119 1017 granite
847 119 1018 granite
847 119 1019 granite
847 119 1020 granite
847 119 1021 diorite
847 119 1022 diorite
847 119 1023 diorite
847 120 0 stone
847 120 1 stone
847 120 2 stone
847 120 3 stone
847 120 4 stone
847 120 5 stone
847 120 6 stone
847 120 7 stone
847 120 8 stone
847 120 9 stone
847 120 10 stone
847 120 11 stone
847 120 12 stone
847 120 13 stone
847 120 14 stone
847 120 15 stone
847 120 16 stone
847 120 17 stone
847 120 18 stone
847 120 19 stone
847 120 20 stone
847 120 21 stone
847 120 22 stone
847 120 23 stone
847 120 24 stone
847 120 25 stone
847 120 26 stone
847 120 27 stone
847 120 28 stone
847 120 29 stone
847 120 30 stone
847 120 31 stone
847 120 32 stone
847 120 33 stone
847 120 34 stone
847 120 35 stone
847 120 36 stone
847 120 37 stone
847 120 38 stone
847 120 39 stone
847 120 40 stone
847 120 41 stone
847 120 42 stone
847 120 43 stone
847 120 44 stone
847 120 45 stone
847 120 46 stone
847 120 47 stone
847 120 48 stone
847 120 49 stone
847 120 50 stone
847 120 51 stone
847 120 52 stone
847 120 53 stone
847 120 54 stone
847 120 55 stone
847 120 56 stone
847 120 57 stone
847 120 58 stone
847 120 59 stone
847 120 60 stone
847 120 61 stone
847 120 62 stone
847 120 63 stone
847 120 64 stone
847 120 65 stone
847 120 66 stone
847 120 67 andesite
847 120 68 andesite
847 120 69 andesite
847 120 70 andesite
847 120 71 andesite
847 120 72 stone
847 120 73 stone
847 120 74 stone
847 120 75 stone
847 120 76 stone
847 120 77 stone
847 120 78 stone
847 120 79 stone
847 120 80 stone
847 120 81 stone
847 120 82 stone
847 120 83 stone
847 120 84 dirt
847 120 85 dirt
847 120 86 stone
847 120 87 stone
847 120 88 stone
847 120 89 stone
847 120 90 stone
847 120 91 stone
847 120 92 stone
847 120 93 stone
847 120 94 stone
847 120 95 stone
847 120 96 stone
847 120 97 stone
847 120 98 stone
847 120 99 stone
847 120 100 stone
847 120 101 stone
847 120 102 stone
847 120 103 stone
847 120 104 stone
847 120 105 stone
847 120 106 stone
847 120 107 stone
847 120 108 granite
847 120 109 granite
847 120 110 granite
847 120 111 granite
847 120 112 granite
847 120 113 granite
847 120 114 granite
847 120 115 granite
847 120 116 copper_ore
847 120 117 copper_ore
847 120 118 stone
847 120 119 stone
847 120 120 stone
847 120 121 stone
847 120 122 stone
847 120 123 stone
847 120 124 stone
847 120 125 stone
847 120 126 stone
847 120 127 stone
847 120 128 stone
847 120 129 stone
847 120 130 stone
847 120 131 stone
847 120 132 stone
847 120 133 stone
847 120 134 stone
847 120 135 stone
847 120 136 stone
847 120 137 stone
847 120 138 stone
847 120 139 stone
847 120 140 stone
847 120 141 stone
847 120 147 stone
847 120 148 stone
847 120 149 stone
847 120 150 stone
847 120 151 stone
847 120 152 stone
847 120 153 stone
847 120 154 stone
847 120 155 stone
847 120 156 stone
847 120 157 stone
847 120 158 stone
847 120 159 stone
847 120 160 stone
847 120 161 stone
847 120 162 stone
847 120 163 stone
847 120 164 stone
847 120 165 stone
847 120 166 stone
847 120 167 stone
847 120 168 diorite
847 120 169 diorite
847 120 170 diorite
847 120 171 diorite
847 120 172 diorite
847 120 173 diorite
847 120 174 diorite
847 120 175 diorite
847 120 176 diorite
847 120 177 diorite
847 120 178 diorite
847 120 179 diorite
847 120 180 diorite
847 120 181 diorite
847 120 182 diorite
847 120 183 diorite
847 120 184 diorite
847 120 185 stone
847 120 186 stone
847 120 187 stone
847 120 188 stone
847 120 189 stone
847 120 190 stone
847 120 191 stone
847 120 192 stone
847 120 193 stone
847 120 194 stone
847 120 195 stone
847 120 196 stone
847 120 197 stone
847 120 198 stone
847 120 199 stone
847 120 200 stone
847 120 201 stone
847 120 202 stone
847 120 203 stone
847 120 204 stone
847 120 205 stone
847 120 206 stone
847 120 207 stone
847 120 208 stone
847 120 209 stone
847 120 210 stone
847 120 211 diorite
847 120 212 diorite
847 120 213 diorite
847 120 214 diorite
847 120 215 diorite
847 120 216 diorite
847 120 217 diorite
847 120 218 diorite
847 120 219 stone
847 120 220 stone
847 120 221 stone
847 120 222 stone
847 120 223 stone
847 120 224 stone
847 120 225 stone
847 120 226 stone
847 120 227 stone
847 120 228 stone
847 120 229 stone
847 120 230 stone
847 120 231 stone
847 120 232 stone
847 120 233 stone
847 120 234 stone
847 120 235 stone
847 120 236 stone
847 120 237 stone
847 120 238 stone
847 120 239 stone
847 120 240 stone
847 120 241 stone
847 120 242 stone
847 120 243 stone
847 120 244 stone
847 120 245 stone
847 120 246 stone
847 120 247 stone
847 120 248 stone
847 120 249 stone
847 120 250 stone
847 120 251 stone
847 120 252 stone
847 120 253 stone
847 120 254 stone
847 120 255 stone
847 120 256 stone
847 120 257 stone
847 120 258 stone
847 120 259 stone
847 120 260 stone
847 120 261 stone
847 120 262 stone
847 120 263 stone
847 120 264 stone
847 120 265 stone
847 120 266 stone
847 120 267 stone
847 120 268 stone
847 120 269 stone
847 120 270 stone
847 120 271 diorite
847 120 272 diorite
847 120 273 diorite
847 120 274 diorite
847 120 275 diorite
847 120 276 diorite
847 120 277 diorite
847 120 278 diorite
847 120 279 stone
847 120 280 stone
847 120 281 stone
847 120 282 stone
847 120 283 stone
847 120 284 stone
847 120 285 stone
847 120 286 stone
847 120 287 stone
847 120 288 stone
847 120 289 stone
847 120 290 stone
847 120 291 stone
847 120 292 stone
847 120 293 stone
847 120 294 gravel
847 120 295 gravel
847 120 296 gravel
847 120 297 gravel
847 120 298 gravel
847 120 299 stone
847 120 300 stone
847 120 301 stone
847 120 302 stone
847 120 303 stone
847 120 304 stone
847 120 305 stone
847 120 306 stone
847 120 307 stone
847 120 308 stone
847 120 309 stone
847 120 310 stone
847 120 311 stone
847 120 326 stone
847 120 327 stone
847 120 328 stone
847 120 329 stone
847 120 330 stone
847 120 331 stone
847 120 332 stone
847 120 333 stone
847 120 334 stone
847 120 335 stone
847 120 336 stone
847 120 337 stone
847 120 338 stone
847 120 339 stone
847 120 340 stone
847 120 341 stone
847 120 342 stone
847 120 343 stone
847 120 344 stone
847 120 345 stone
847 120 346 stone
847 120 347 stone
847 120 348 stone
847 120 349 stone
847 120 350 stone
847 120 351 stone
847 120 352 stone
847 120 353 stone
847 120 354 granite
847 120 355 granite
847 120 356 granite
847 120 357 granite
847 120 358 granite
847 120 359 granite
847 120 360 granite
847 120 361 granite
847 120 362 stone
847 120 363 stone
847 120 364 stone
847 120 365 stone
847 120 366 stone
847 120 367 stone
847 120 368 stone
847 120 369 stone
847 120 370 stone
847 120 371 stone
847 120 372 dirt
847 120 373 dirt
847 120 374 dirt
847 120 375 dirt
847 120 376 stone
847 120 377 stone
847 120 378 stone
847 120 379 stone
847 120 380 stone
847 120 381 stone
847 120 382 stone
847 120 383 stone
847 120 384 stone
847 120 385 stone
847 120 386 stone
847 120 387 stone
847 120 388 stone
847 120 389 stone
847 120 390 stone
847 120 391 stone
847 120 392 stone
847 120 393 andesite
847 120 394 andesite
847 120 395 stone
847 120 396 water[level=0]
847 120 397 water[level=0]
847 120 398 water[level=0]
847 120 399 water[level=0]
847 120 400 water[level=0]
847 120 401 water[level=0]
847 120 402 water[level=0]
847 120 403 stone
847 120 404 stone
847 120 405 stone
847 120 406 stone
847 120 407 stone
847 120 408 stone
847 120 409 stone
847 120 410 stone
847 120 411 stone
847 120 412 stone
847 120 413 stone
847 120 414 stone
847 120 415 stone
847 120 416 stone
847 120 417 stone
847 120 418 stone
847 120 419 stone
847 120 420 andesite
847 120 421 andesite
847 120 422 andesite
847 120 423 andesite
847 120 424 andesite
847 120 425 andesite
847 120 426 stone
847 120 427 stone
847 120 428 stone
847 120 429 stone
847 120 430 stone
847 120 431 stone
847 120 432 stone
847 120 433 stone
847 120 434 stone
847 120 435 stone
847 120 436 stone
847 120 437 stone
847 120 438 dirt
847 120 439 water[level=0]
847 120 440 water[level=0]
847 120 441 water[level=0]
847 120 442 water[level=0]
847 120 443 water[level=0]
847 120 444 water[level=0]
847 120 445 water[level=0]
847 120 446 water[level=0]
847 120 447 water[level=0]
847 120 448 water[level=0]
847 120 449 water[level=0]
847 120 450 water[level=0]
847 120 451 water[level=0]
847 120 452 water[level=0]
847 120 453 water[level=0]
847 120 454 water[level=0]
847 120 455 water[level=0]
847 120 456 water[level=0]
847 120 457 water[level=0]
847 120 458 water[level=0]
847 120 459 water[level=0]
847 120 460 water[level=0]
847 120 461 water[level=0]
847 120 462 water[level=0]
847 120 463 water[level=0]
847 120 464 water[level=0]
847 120 465 water[level=0]
847 120 466 water[level=0]
847 120 467 water[level=0]
847 120 468 water[level=0]
847 120 469 water[level=0]
847 120 470 water[level=0]
847 120 471 water[level=0]
847 120 472 water[level=0]
847 120 473 water[level=0]
847 120 474 water[level=0]
847 120 475 water[level=0]
847 120 476 water[level=0]
847 120 477 dirt
847 120 478 stone
847 120 479 stone
847 120 480 stone
847 120 481 stone
847 120 482 stone
847 120 483 granite
847 120 484 granite
847 120 485 granite
847 120 486 granite
847 120 487 granite
847 120 488 granite
847 120 489 granite
847 120 490 granite
847 120 491 granite
847 120 492 granite
847 120 493 granite
847 120 494 granite
847 120 495 stone
847 120 496 stone
847 120 497 stone
847 120 498 stone
847 120 499 stone
847 120 500 stone
847 120 501 stone
847 120 502 stone
847 120 503 copper_ore
847 120 504 stone
847 120 505 stone
847 120 506 stone
847 120 507 stone
847 120 508 stone
847 120 509 stone
847 120 510 stone
847 120 511 stone
847 120 512 stone
847 120 513 coal_ore
847 120 514 stone
847 120 515 stone
847 120 516 stone
847 120 517 stone
847 120 518 stone
847 120 519 stone
847 120 520 stone
847 120 521 stone
847 120 522 stone
847 120 523 stone
847 120 524 stone
847 120 525 stone
847 120 526 stone
847 120 527 stone
847 120 528 stone
847 120 529 stone
847 120 530 stone
847 120 531 stone
847 120 532 stone
847 120 533 stone
847 120 534 stone
847 120 535 stone
847 120 536 stone
847 120 537 stone
847 120 538 stone
847 120 539 stone
847 120 540 stone
847 120 541 stone
847 120 542 stone
847 120 543 stone
847 120 544 stone
847 120 545 stone
847 120 546 stone
847 120 547 stone
847 120 548 stone
847 120 549 stone
847 120 550 stone
847 120 551 stone
847 120 552 stone
847 120 553 stone
847 120 554 stone
847 120 555 stone
847 120 556 stone
847 120 557 stone
847 120 558 stone
847 120 559 stone
847 120 560 stone
847 120 561 stone
847 120 562 stone
847 120 563 stone
847 120 564 stone
847 120 565 stone
847 120 566 stone
847 120 567 stone
847 120 568 stone
847 120 569 stone
847 120 570 stone
847 120 571 stone
847 120 572 stone
847 120 573 diorite
847 120 574 diorite
847 120 575 diorite
847 120 576 diorite
847 120 577 diorite
847 120 578 diorite
847 120 579 diorite
847 120 580 stone
847 120 581 stone
847 120 582 stone
847 120 583 stone
847 120 584 stone
847 120 585 stone
847 120 586 stone
847 120 587 stone
847 120 588 stone
847 120 589 stone
847 120 590 stone
847 120 591 stone
847 120 592 stone
847 120 593 stone
847 120 594 stone
847 120 595 diorite
847 120 596 diorite
847 120 597 gravel
847 120 598 gravel
847 120 599 gravel
847 120 600 gravel
847 120 601 gravel
847 120 602 stone
847 120 603 stone
847 120 604 stone
847 120 605 stone
847 120 606 stone
847 120 607 stone
847 120 608 stone
847 120 609 stone
847 120 610 stone
847 120 611 stone
847 120 612 stone
847 120 613 stone
847 120 614 stone
847 120 615 stone
847 120 616 granite
847 120 617 granite
847 120 618 granite
847 120 619 granite
847 120 620 granite
847 120 621 granite
847 120 622 granite
847 120 623 granite
847 120 624 stone
847 120 625 stone
847 120 626 stone
847 120 627 stone
847 120 628 stone
847 120 629 stone
847 120 630 stone
847 120 631 stone
847 120 632 stone
847 120 633 stone
847 120 634 stone
847 120 635 stone
847 120 636 stone
847 120 637 stone
847 120 638 stone
847 120 639 stone
847 120 640 stone
847 120 641 stone
847 120 642 stone
847 120 643 stone
847 120 644 stone
847 120 645 stone
847 120 646 stone
847 120 647 stone
847 120 648 stone
847 120 649 stone
847 120 650 stone
847 120 651 stone
847 120 652 stone
847 120 653 stone
847 120 654 stone
847 120 655 stone
847 120 656 stone
847 120 657 stone
847 120 658 andesite
847 120 659 andesite
847 120 660 andesite
847 120 661 andesite
847 120 662 andesite
847 120 663 andesite
847 120 664 stone
847 120 665 stone
847 120 666 stone
847 120 667 stone
847 120 668 stone
847 120 669 stone
847 120 670 stone
847 120 671 stone
847 120 672 stone
847 120 673 stone
847 120 674 stone
847 120 675 stone
847 120 676 stone
847 120 677 stone
847 120 678 stone
847 120 679 stone
847 120 680 stone
847 120 681 stone
847 120 688 granite
847 120 689 granite
847 120 690 granite
847 120 691 granite
847 120 692 granite
847 120 693 coal_ore
847 120 694 coal_ore
847 120 695 stone
847 120 696 stone
847 120 697 stone
847 120 698 stone
847 120 699 stone
847 120 700 stone
847 120 701 stone
847 120 702 stone
847 120 703 stone
847 120 704 stone
847 120 705 stone
847 120 706 stone
847 120 707 stone
847 120 708 stone
847 120 709 stone
847 120 710 stone
847 120 711 stone
847 120 712 stone
847 120 713 stone
847 120 714 stone
847 120 715 stone
847 120 716 stone
847 120 717 stone
847 120 723 stone
847 120 724 stone
847 120 725 stone
847 120 726 stone
847 120 727 stone
847 120 728 stone
847 120 729 granite
847 120 730 granite
847 120 731 granite
847 120 732 granite
847 120 733 granite
847 120 734 granite
847 120 735 granite
847 120 736 granite
847 120 737 granite
847 120 738 granite
847 120 739 stone
847 120 740 stone
847 120 741 stone
847 120 742 stone
847 120 743 stone
847 120 744 stone
847 120 745 stone
847 120 746 stone
847 120 747 stone
847 120 748 stone
847 120 749 stone
847 120 750 stone
847 120 751 stone
847 120 752 stone
847 120 753 stone
847 120 754 stone
847 120 755 stone
847 120 756 stone
847 120 757 stone
847 120 758 stone
847 120 759 stone
847 120 760 dirt
847 120 761 dirt
847 120 762 dirt
847 120 763 dirt
847 120 764 stone
847 120 765 dirt
847 120 766 dirt
847 120 767 dirt
847 120 772 lava[level=8]
847 120 785 stone
847 120 786 stone
847 120 787 stone
847 120 788 stone
847 120 789 stone
847 120 790 stone
847 120 791 stone
847 120 792 stone
847 120 793 stone
847 120 794 stone
847 120 795 stone
847 120 796 stone
847 120 797 stone
847 120 798 stone
847 120 799 stone
847 120 800 stone
847 120 801 stone
847 120 802 stone
847 120 803 stone
847 120 804 stone
847 120 805 stone
847 120 806 stone
847 120 807 stone
847 120 808 stone
847 120 809 stone
847 120 810 stone
847 120 811 stone
847 120 812 stone
847 120 813 stone
