fill 425 103 211 425 103 216 water[level=0]
425 103 217 andesite
425 103 218 andesite
fill 425 103 219 425 103 224 water[level=0]
fill 425 103 225 425 103 232 stone
fill 425 103 233 425 103 235 water[level=0]
fill 425 103 236 425 103 241 stone
fill 425 103 242 425 103 248 granite
425 103 249 copper_ore
425 103 250 copper_ore
fill 425 103 251 425 103 255 stone
fill 426 103 128 426 103 131 stone
fill 426 103 132 426 103 145 andesite
fill 426 103 146 426 103 148 granite
fill 426 103 149 426 103 151 stone
fill 426 103 152 426 103 154 gravel
fill 426 103 155 426 103 165 stone
fill 426 103 166 426 103 172 granite
426 103 173 copper_ore
426 103 174 granite
426 103 175 copper_ore
fill 426 103 176 426 103 180 stone
fill 426 103 181 426 103 183 water[level=0]
fill 426 103 184 426 103 187 diorite
426 103 188 coal_ore
426 103 189 coal_ore
fill 426 103 190 426 103 197 stone
fill 426 103 198 426 103 214 water[level=0]
fill 426 103 215 426 103 217 andesite
426 103 218 diorite
fill 426 103 219 426 103 224 water[level=0]
fill 426 103 225 426 103 232 stone
fill 426 103 233 426 103 235 water[level=0]
fill 426 103 236 426 103 242 stone
fill 426 103 243 426 103 250 granite
fill 426 103 251 426 103 254 stone
426 103 255 iron_ore
fill 427 103 128 427 103 131 stone
fill 427 103 132 427 103 146 andesite
fill 427 103 147 427 103 149 granite
427 103 150 stone
427 103 151 stone
fill 427 103 152 427 103 155 gravel
fill 427 103 156 427 103 162 stone
fill 427 103 163 427 103 171 granite
427 103 172 copper_ore
427 103 173 stone
427 103 174 copper_ore
427 103 175 copper_ore
427 103 176 granite
fill 427 103 177 427 103 180 stone
fill 427 103 181 427 103 183 water[level=0]
427 103 184 diorite
427 103 185 iron_ore
427 103 186 diorite
fill 427 103 187 427 103 189 coal_ore
fill 427 103 190 427 103 193 stone
fill 427 103 194 427 103 213 water[level=0]
fill 427 103 214 427 103 217 andesite
427 103 218 diorite
fill 427 103 219 427 103 224 water[level=0]
fill 427 103 225 427 103 232 stone
fill 427 103 233 427 103 236 water[level=0]
fill 427 103 237 427 103 244 stone
fill 427 103 245 427 103 251 granite
427 103 252 stone
427 103 253 stone
427 103 254 iron_ore
427 103 255 stone
fill 428 103 128 428 103 131 stone
fill 428 103 132 428 103 147 andesite
428 103 148 granite
428 103 149 granite
428 103 150 stone
428 103 151 stone
fill 428 103 152 428 103 156 gravel
fill 428 103 157 428 103 161 stone
fill 428 103 162 428 103 172 granite
428 103 173 copper_ore
428 103 174 stone
428 103 175 granite
428 103 176 granite
fill 428 103 177 428 103 180 stone
fill 428 103 181 428 103 184 water[level=0]
428 103 185 diorite
428 103 186 diorite
428 103 187 coal_ore
428 103 188 coal_ore
fill 428 103 189 428 103 191 stone
fill 428 103 192 428 103 211 water[level=0]
428 103 212 granite
428 103 213 andesite
428 103 214 water[level=0]
428 103 215 water[level=0]
428 103 216 andesite
428 103 217 diorite
428 103 218 diorite
fill 428 103 219 428 103 224 water[level=0]
fill 428 103 225 428 103 233 stone
fill 428 103 234 428 103 237 water[level=0]
fill 428 103 238 428 103 243 stone
fill 428 103 244 428 103 251 granite
fill 428 103 252 428 103 255 stone
fill 429 103 128 429 103 131 stone
fill 429 103 132 429 103 147 andesite
429 103 148 granite
429 103 149 granite
fill 429 103 150 429 103 152 stone
fill 429 103 153 429 103 156 gravel
fill 429 103 157 429 103 160 stone
fill 429 103 161 429 103 172 granite
fill 429 103 173 429 103 175 stone
429 103 176 granite
429 103 177 granite
fill 429 103 178 429 103 180 stone
fill 429 103 181 429 103 185 water[level=0]
429 103 186 diorite
429 103 187 diorite
429 103 188 stone
429 103 189 stone
fill 429 103 190 429 103 215 water[level=0]
429 103 216 diorite
429 103 217 water[level=0]
429 103 218 diorite
429 103 219 diorite
fill 429 103 220 429 103 223 water[level=0]
fill 429 103 224 429 103 233 stone
fill 429 103 234 429 103 239 water[level=0]
fill 429 103 240 429 103 243 stone
fill 429 103 244 429 103 250 granite
fill 429 103 251 429 103 255 stone
fill 430 103 128 430 103 131 stone
fill 430 103 132 430 103 147 andesite
430 103 148 granite
fill 430 103 149 430 103 152 stone
fill 430 103 153 430 103 156 gravel
fill 430 103 157 430 103 160 stone
fill 430 103 161 430 103 170 granite
430 103 171 stone
430 103 172 stone
430 103 173 copper_ore
fill 430 103 174 430 103 177 granite
fill 430 103 178 430 103 181 stone
fill 430 103 182 430 103 185 water[level=0]
430 103 186 diorite
430 103 187 diorite
430 103 188 stone
fill 430 103 189 430 103 209 water[level=0]
430 103 210 stone
fill 430 103 211 430 103 214 water[level=0]
430 103 215 diorite
430 103 216 water[level=0]
fill 430 103 217 430 103 224 diorite
fill 430 103 225 430 103 230 stone
430 103 231 dirt
fill 430 103 232 430 103 234 stone
fill 430 103 235 430 103 240 water[level=0]
430 103 241 stone
430 103 242 stone
fill 430 103 243 430 103 250 granite
fill 430 103 251 430 103 255 stone
fill 431 103 128 431 103 131 stone
fill 431 103 132 431 103 135 andesite
fill 431 103 136 431 103 139 andesite
431 103 140 raw_copper_block
431 103 141 granite
431 103 142 andesite
431 103 143 andesite
fill 431 103 144 431 103 153 stone
fill 431 103 154 431 103 157 gravel
431 103 158 stone
431 103 159 stone
fill 431 103 160 431 103 168 granite
fill 431 103 169 431 103 173 stone
431 103 174 copper_ore
431 103 175 stone
431 103 176 granite
431 103 177 granite
fill 431 103 178 431 103 182 stone
fill 431 103 183 431 103 186 water[level=0]
431 103 187 stone
fill 431 103 188 431 103 202 water[level=0]
fill 431 103 203 431 103 209 granite
fill 431 103 210 431 103 216 water[level=0]
fill 431 103 217 431 103 224 diorite
fill 431 103 225 431 103 229 stone
fill 431 103 230 431 103 232 dirt
fill 431 103 233 431 103 236 stone
fill 431 103 237 431 103 241 water[level=0]
fill 431 103 242 431 103 249 granite
fill 431 103 250 431 103 255 stone
fill 432 103 128 432 103 131 stone
fill 432 103 132 432 103 139 andesite
432 103 140 granite
432 103 141 copper_ore
432 103 142 granite
fill 432 103 143 432 103 155 stone
432 103 156 gravel
fill 432 103 157 432 103 159 stone
fill 432 103 160 432 103 168 granite
fill 432 103 169 432 103 182 stone
432 103 183 diorite
fill 432 103 184 432 103 197 water[level=0]
432 103 198 stone
fill 432 103 199 432 103 207 granite
fill 432 103 208 432 103 213 water[level=0]
432 103 214 diorite
432 103 215 water[level=0]
fill 432 103 216 432 103 223 diorite
fill 432 103 224 432 103 228 stone
fill 432 103 229 432 103 233 dirt
fill 432 103 234 432 103 238 stone
fill 432 103 239 432 103 241 water[level=0]
fill 432 103 242 432 103 248 granite
fill 432 103 249 432 103 255 stone
fill 433 103 128 433 103 132 stone
fill 433 103 133 433 103 139 andesite
433 103 140 granite
433 103 141 stone
433 103 142 granite
433 103 143 stone
433 103 144 stone
433 103 145 granite
433 103 146 granite
fill 433 103 147 433 103 159 stone
fill 433 103 160 433 103 167 granite
fill 433 103 168 433 103 182 stone
433 103 183 diorite
433 103 184 diorite
fill 433 103 185 433 103 195 water[level=0]
fill 433 103 196 433 103 205 granite
fill 433 103 206 433 103 212 water[level=0]
433 103 213 stone
433 103 214 water[level=0]
433 103 215 water[level=0]
fill 433 103 216 433 103 221 diorite
fill 433 103 222 433 103 228 stone
fill 433 103 229 433 103 233 dirt
433 103 234 stone
433 103 235 copper_ore
433 103 236 copper_ore
fill 433 103 237 433 103 240 stone
fill 433 103 241 433 103 247 granite
433 103 248 copper_ore
433 103 249 copper_ore
fill 433 103 250 433 103 255 stone
fill 434 103 128 434 103 132 stone
fill 434 103 133 434 103 139 andesite
434 103 140 granite
434 103 141 granite
434 103 142 copper_ore
434 103 143 stone
fill 434 103 144 434 103 147 granite
fill 434 103 148 434 103 159 stone
fill 434 103 160 434 103 165 granite
fill 434 103 166 434 103 181 stone
fill 434 103 182 434 103 185 coal_ore
fill 434 103 186 434 103 194 water[level=0]
fill 434 103 195 434 103 204 granite
fill 434 103 205 434 103 211 water[level=0]
434 103 212 granite
434 103 213 water[level=0]
434 103 214 water[level=0]
fill 434 103 215 434 103 220 diorite
fill 434 103 221 434 103 228 stone
fill 434 103 229 434 103 232 dirt
434 103 233 stone
434 103 234 stone
434 103 235 copper_ore
434 103 236 copper_ore
fill 434 103 237 434 103 240 stone
fill 434 103 241 434 103 247 granite
434 103 248 copper_ore
434 103 249 copper_ore
fill 434 103 250 434 103 255 stone
fill 435 103 128 435 103 132 stone
fill 435 103 133 435 103 139 andesite
435 103 140 granite
435 103 141 stone
fill 435 103 142 435 103 147 granite
fill 435 103 148 435 103 160 stone
435 103 161 granite
fill 435 103 162 435 103 171 stone
435 103 172 copper_ore
435 103 173 dirt
fill 435 103 174 435 103 181 stone
fill 435 103 182 435 103 185 coal_ore
fill 435 103 186 435 103 193 water[level=0]
fill 435 103 194 435 103 203 granite
fill 435 103 204 435 103 211 water[level=0]
435 103 212 diorite
435 103 213 water[level=0]
435 103 214 water[level=0]
fill 435 103 215 435 103 220 diorite
fill 435 103 221 435 103 227 stone
fill 435 103 228 435 103 232 dirt
435 103 233 andesite
435 103 234 andesite
435 103 235 copper_ore
435 103 236 copper_ore
fill 435 103 237 435 103 240 stone
fill 435 103 241 435 103 245 granite
fill 435 103 246 435 103 255 stone
fill 436 103 128 436 103 133 stone
fill 436 103 134 436 103 139 andesite
436 103 140 granite
436 103 141 copper_ore
436 103 142 stone
fill 436 103 143 436 103 145 dirt
436 103 146 granite
fill 436 103 147 436 103 171 stone
fill 436 103 172 436 103 174 dirt
fill 436 103 175 436 103 186 stone
fill 436 103 187 436 103 193 water[level=0]
fill 436 103 194 436 103 201 granite
436 103 202 stone
fill 436 103 203 436 103 210 water[level=0]
436 103 211 granite
fill 436 103 212 436 103 214 water[level=0]
fill 436 103 215 436 103 220 diorite
fill 436 103 221 436 103 228 stone
fill 436 103 229 436 103 232 dirt
436 103 233 andesite
436 103 234 andesite
436 103 235 copper_ore
fill 436 103 236 436 103 240 stone
fill 436 103 241 436 103 244 granite
fill 436 103 245 436 103 255 stone
fill 437 103 128 437 103 133 stone
fill 437 103 134 437 103 139 andesite
437 103 140 stone
437 103 141 granite
437 103 142 dirt
437 103 143 copper_ore
fill 437 103 144 437 103 147 dirt
fill 437 103 148 437 103 170 stone
fill 437 103 171 437 103 174 dirt
fill 437 103 175 437 103 187 stone
fill 437 103 188 437 103 194 water[level=0]
fill 437 103 195 437 103 201 granite
fill 437 103 202 437 103 206 water[level=0]
437 103 207 andesite
fill 437 103 208 437 103 210 water[level=0]
437 103 211 granite
437 103 212 water[level=0]
437 103 213 water[level=0]
437 103 214 stone
fill 437 103 215 437 103 219 diorite
fill 437 103 220 437 103 228 stone
fill 437 103 229 437 103 232 dirt
fill 437 103 233 437 103 235 andesite
fill 437 103 236 437 103 241 stone
437 103 242 granite
437 103 243 granite
fill 437 103 244 437 103 255 stone
fill 438 103 128 438 103 134 stone
fill 438 103 135 438 103 138 andesite
438 103 139 stone
438 103 140 stone
438 103 141 granite
fill 438 103 142 438 103 148 dirt
fill 438 103 149 438 103 170 stone
438 103 171 dirt
438 103 172 dirt
fill 438 103 173 438 103 190 stone
fill 438 103 191 438 103 195 water[level=0]
fill 438 103 196 438 103 200 granite
fill 438 103 201 438 103 205 water[level=0]
438 103 206 andesite
438 103 207 granite
fill 438 103 208 438 103 210 water[level=0]
438 103 211 granite
438 103 212 water[level=0]
438 103 213 water[level=0]
438 103 214 granite
fill 438 103 215 438 103 219 diorite
fill 438 103 220 438 103 228 stone
fill 438 103 229 438 103 231 dirt
fill 438 103 232 438 103 236 andesite
fill 438 103 237 438 103 246 stone
438 103 247 copper_ore
fill 438 103 248 438 103 255 stone
439 103 128 stone
fill 439 103 129 439 103 135 stone
439 103 136 andesite
439 103 137 andesite
439 103 138 copper_ore
439 103 139 granite
439 103 140 stone
439 103 141 granite
439 103 142 granite
fill 439 103 143 439 103 148 dirt
fill 439 103 149 439 103 190 stone
439 103 191 granite
fill 439 103 192 439 103 204 water[level=0]
fill 439 103 205 439 103 207 stone
fill 439 103 208 439 103 210 water[level=0]
fill 439 103 211 439 103 214 granite
439 103 215 stone
fill 439 103 216 439 103 218 diorite
fill 439 103 219 439 103 228 stone
439 103 229 dirt
439 103 230 dirt
fill 439 103 231 439 103 237 andesite
fill 439 103 238 439 103 243 stone
fill 439 103 244 439 103 247 water[level=0]
fill 439 103 248 439 103 255 stone
fill 440 103 128 440 103 138 stone
440 103 139 granite
fill 440 103 140 440 103 142 stone
fill 440 103 143 440 103 145 granite
fill 440 103 146 440 103 148 dirt
fill 440 103 149 440 103 189 stone
fill 440 103 190 440 103 193 granite
fill 440 103 194 440 103 204 water[level=0]
fill 440 103 205 440 103 207 stone
440 103 208 andesite
440 103 209 water[level=0]
440 103 210 water[level=0]
fill 440 103 211 440 103 213 granite
fill 440 103 214 440 103 230 stone
fill 440 103 231 440 103 237 andesite
fill 440 103 238 440 103 243 stone
fill 440 103 244 440 103 248 water[level=0]
fill 440 103 249 440 103 255 stone
fill 441 103 128 441 103 138 stone
441 103 139 granite
441 103 140 copper_ore
fill 441 103 141 441 103 147 granite
fill 441 103 148 441 103 188 stone
fill 441 103 189 441 103 194 granite
fill 441 103 195 441 103 203 water[level=0]
fill 441 103 204 441 103 207 stone
441 103 208 andesite
fill 441 103 209 441 103 211 water[level=0]
fill 441 103 212 441 103 230 stone
fill 441 103 231 441 103 237 andesite
fill 441 103 238 441 103 244 stone
fill 441 103 245 441 103 248 water[level=0]
fill 441 103 249 441 103 252 stone
441 103 253 andesite
441 103 254 andesite
441 103 255 stone
fill 442 103 128 442 103 135 stone
442 103 136 granite
fill 442 103 137 442 103 139 gravel
fill 442 103 140 442 103 147 granite
fill 442 103 148 442 103 188 stone
fill 442 103 189 442 103 196 granite
fill 442 103 197 442 103 200 water[level=0]
fill 442 103 201 442 103 207 stone
442 103 208 andesite
fill 442 103 209 442 103 211 water[level=0]
fill 442 103 212 442 103 230 stone
fill 442 103 231 442 103 237 andesite
fill 442 103 238 442 103 245 stone
fill 442 103 246 442 103 249 water[level=0]
fill 442 103 250 442 103 255 andesite
fill 443 103 128 443 103 133 stone
fill 443 103 134 443 103 141 gravel
fill 443 103 142 443 103 147 granite
fill 443 103 148 443 103 188 stone
fill 443 103 189 443 103 196 granite
fill 443 103 197 443 103 208 stone
fill 443 103 209 443 103 213 water[level=0]
443 103 214 stone
443 103 215 granite
fill 443 103 216 443 103 230 stone
fill 443 103 231 443 103 237 andesite
fill 443 103 238 443 103 246 stone
fill 443 103 247 443 103 250 water[level=0]
fill 443 103 251 443 103 255 andesite
fill 444 103 128 444 103 133 stone
444 103 134 granite
fill 444 103 135 444 103 141 gravel
fill 444 103 142 444 103 146 granite
fill 444 103 147 444 103 188 stone
fill 444 103 189 444 103 193 granite
fill 444 103 194 444 103 210 stone
fill 444 103 211 444 103 215 water[level=0]
fill 444 103 216 444 103 219 stone
444 103 220 iron_ore
444 103 221 iron_ore
fill 444 103 222 444 103 230 stone
fill 444 103 231 444 103 234 andesite
444 103 235 copper_ore
444 103 236 andesite
444 103 237 andesite
fill 444 103 238 444 103 246 stone
fill 444 103 247 444 103 250 water[level=0]
fill 444 103 251 444 103 254 andesite
444 103 255 stone
fill 445 103 128 445 103 132 stone
fill 445 103 133 445 103 136 granite
fill 445 103 137 445 103 140 gravel
fill 445 103 141 445 103 144 granite
fill 445 103 145 445 103 188 stone
fill 445 103 189 445 103 192 granite
fill 445 103 193 445 103 210 stone
fill 445 103 211 445 103 213 water[level=0]
445 103 214 granite
fill 445 103 215 445 103 223 water[level=0]
fill 445 103 224 445 103 231 stone
fill 445 103 232 445 103 235 andesite
445 103 236 gravel
445 103 237 gravel
445 103 238 andesite
fill 445 103 239 445 103 245 stone
445 103 246 andesite
445 103 247 andesite
445 103 248 water[level=0]
445 103 249 water[level=0]
445 103 250 andesite
445 103 251 andesite
fill 445 103 252 445 103 255 water[level=0]
fill 446 103 128 446 103 132 stone
fill 446 103 133 446 103 143 granite
fill 446 103 144 446 103 212 stone
446 103 213 granite
446 103 214 stone
fill 446 103 215 446 103 223 water[level=0]
446 103 224 stone
fill 446 103 225 446 103 228 water[level=0]
fill 446 103 229 446 103 231 stone
446 103 232 andesite
fill 446 103 233 446 103 238 gravel
fill 446 103 239 446 103 244 stone
fill 446 103 245 446 103 247 andesite
fill 446 103 248 446 103 255 water[level=0]
fill 447 103 128 447 103 130 stone
fill 447 103 131 447 103 143 granite
fill 447 103 144 447 103 152 stone
fill 447 103 153 447 103 213 stone
447 103 214 granite
fill 447 103 215 447 103 218 stone
fill 447 103 219 447 103 223 water[level=0]
447 103 224 stone
fill 447 103 225 447 103 229 water[level=0]
447 103 230 stone
fill 447 103 231 447 103 237 gravel
447 103 238 andesite
fill 447 103 239 447 103 244 stone
fill 447 103 245 447 103 250 andesite
fill 447 103 251 447 103 255 water[level=0]
fill 448 103 128 448 103 130 stone
fill 448 103 131 448 103 142 granite
fill 448 103 143 448 103 179 stone
fill 448 103 180 448 103 182 granite
fill 448 103 183 448 103 212 stone
448 103 213 granite
fill 448 103 214 448 103 225 stone
fill 448 103 226 448 103 230 water[level=0]
fill 448 103 231 448 103 235 gravel
fill 448 103 236 448 103 238 andesite
fill 448 103 239 448 103 244 stone
fill 448 103 245 448 103 253 andesite
448 103 254 stone
448 103 255 stone
449 103 128 stone
449 103 129 stone
fill 449 103 130 449 103 141 granite
fill 449 103 142 449 103 165 stone
449 103 166 water[level=0]
449 103 167 water[level=0]
449 103 168 stone
449 103 169 copper_ore
449 103 170 copper_ore
fill 449 103 171 449 103 178 stone
fill 449 103 179 449 103 182 granite
fill 449 103 183 449 103 211 stone
449 103 212 granite
449 103 213 copper_ore
449 103 214 granite
fill 449 103 215 449 103 226 stone
fill 449 103 227 449 103 231 water[level=0]
449 103 232 gravel
449 103 233 gravel
fill 449 103 234 449 103 238 andesite
fill 449 103 239 449 103 243 stone
fill 449 103 244 449 103 253 andesite
449 103 254 stone
449 103 255 stone
450 103 128 stone
450 103 129 stone
fill 450 103 130 450 103 138 granite
fill 450 103 139 450 103 149 stone
fill 450 103 150 450 103 153 diorite
fill 450 103 154 450 103 164 stone
fill 450 103 165 450 103 168 water[level=0]
450 103 169 copper_ore
450 103 170 copper_ore
fill 450 103 171 450 103 176 stone
450 103 177 granite
450 103 178 granite
450 103 179 gravel
450 103 180 gravel
450 103 181 granite
450 103 182 granite
fill 450 103 183 450 103 190 stone
450 103 191 granite
fill 450 103 192 450 103 212 stone
450 103 213 granite
fill 450 103 214 450 103 228 stone
fill 450 103 229 450 103 231 water[level=0]
450 103 232 stone
450 103 233 stone
fill 450 103 234 450 103 237 andesite
fill 450 103 238 450 103 242 stone
fill 450 103 243 450 103 252 andesite
fill 450 103 253 450 103 255 stone
fill 451 103 128 451 103 130 stone
fill 451 103 131 451 103 134 granite
fill 451 103 135 451 103 149 stone
fill 451 103 150 451 103 154 diorite
fill 451 103 155 451 103 164 stone
fill 451 103 165 451 103 168 water[level=0]
fill 451 103 169 451 103 175 stone
451 103 176 granite
451 103 177 granite
fill 451 103 178 451 103 180 gravel
451 103 181 granite
451 103 182 granite
fill 451 103 183 451 103 190 stone
451 103 191 copper_ore
451 103 192 granite
451 103 193 stone
451 103 194 granite
fill 451 103 195 451 103 199 stone
fill 451 103 200 451 103 202 diorite
fill 451 103 203 451 103 228 stone
fill 451 103 229 451 103 231 water[level=0]
fill 451 103 232 451 103 234 stone
fill 451 103 235 451 103 237 andesite
fill 451 103 238 451 103 242 stone
fill 451 103 243 451 103 252 andesite
fill 451 103 253 451 103 255 stone
fill 452 103 128 452 103 149 stone
fill 452 103 150 452 103 154 diorite
fill 452 103 155 452 103 164 stone
fill 452 103 165 452 103 167 water[level=0]
452 103 168 stone
452 103 169 copper_ore
fill 452 103 170 452 103 174 stone
fill 452 103 175 452 103 177 granite
fill 452 103 178 452 103 180 gravel
452 103 181 granite
452 103 182 granite
fill 452 103 183 452 103 189 stone
fill 452 103 190 452 103 192 granite
452 103 193 stone
452 103 194 granite
452 103 195 copper_ore
452 103 196 granite
452 103 197 granite
452 103 198 stone
fill 452 103 199 452 103 204 diorite
fill 452 103 205 452 103 228 stone
452 103 229 andesite
452 103 230 water[level=0]
fill 452 103 231 452 103 242 stone
fill 452 103 243 452 103 251 andesite
fill 452 103 252 452 103 254 stone
452 103 255 copper_ore
453 103 128 granite
fill 453 103 129 453 103 134 stone
fill 453 103 135 453 103 137 andesite
fill 453 103 138 453 103 146 stone