fill 511 120 350 511 120 356 stone
fill 511 120 357 511 120 364 water[level=0]
fill 511 120 365 511 120 383 stone
384 121 256 water[level=0]
384 121 257 kelp_plant
384 121 258 water[level=0]
384 121 259 kelp_plant
fill 384 121 260 384 121 263 water[level=0]
384 121 264 kelp_plant
384 121 265 kelp[age=22]
384 121 266 water[level=0]
384 121 267 water[level=0]
384 121 268 kelp[age=21]
fill 384 121 269 384 121 279 water[level=0]
fill 384 121 280 384 121 285 sand
384 121 286 sandstone
384 121 287 sandstone
fill 384 121 288 384 121 293 stone
fill 384 121 294 384 121 308 sandstone
fill 384 121 309 384 121 313 stone
fill 384 121 314 384 121 319 andesite
fill 384 121 320 384 121 345 stone
384 121 346 coal_ore
384 121 347 coal_ore
fill 384 121 348 384 121 381 stone
384 121 382 dirt
384 121 383 dirt
fill 385 121 256 385 121 259 water[level=0]
385 121 260 kelp[age=24]
fill 385 121 261 385 121 267 water[level=0]
385 121 268 kelp_plant
fill 385 121 269 385 121 283 water[level=0]
fill 385 121 284 385 121 286 sand
385 121 287 sandstone
fill 385 121 288 385 121 292 stone
fill 385 121 293 385 121 297 sandstone
fill 385 121 298 385 121 300 stone
385 121 301 sandstone
385 121 302 stone
fill 385 121 303 385 121 308 sandstone
fill 385 121 309 385 121 314 stone
385 121 315 andesite
385 121 316 andesite
fill 385 121 317 385 121 334 stone
fill 385 121 335 385 121 342 diorite
fill 385 121 343 385 121 345 stone
385 121 346 coal_ore
fill 385 121 347 385 121 382 stone
385 121 383 dirt
fill 386 121 256 386 121 266 water[level=0]
386 121 267 kelp_plant
fill 386 121 268 386 121 284 water[level=0]
386 121 285 sand
386 121 286 sand
386 121 287 sandstone
fill 386 121 288 386 121 291 stone
fill 386 121 292 386 121 294 sandstone
386 121 295 stone
386 121 296 sandstone
fill 386 121 297 386 121 300 stone
386 121 301 sandstone
386 121 302 stone
386 121 303 stone
fill 386 121 304 386 121 308 sandstone
fill 386 121 309 386 121 333 stone
fill 386 121 334 386 121 344 diorite
fill 386 121 345 386 121 382 stone
386 121 383 dirt
fill 387 121 256 387 121 262 water[level=0]
387 121 263 kelp_plant
387 121 264 water[level=0]
387 121 265 kelp_plant
fill 387 121 266 387 121 285 water[level=0]
387 121 286 sand
387 121 287 sand
387 121 288 stone
fill 387 121 289 387 121 292 sandstone
387 121 293 stone
387 121 294 stone
387 121 295 sandstone
fill 387 121 296 387 121 309 stone
fill 387 121 310 387 121 332 stone
fill 387 121 333 387 121 346 diorite
fill 387 121 347 387 121 383 stone
fill 388 121 256 388 121 258 water[level=0]
388 121 259 kelp_plant
fill 388 121 260 388 121 264 water[level=0]
388 121 265 kelp_plant
fill 388 121 266 388 121 285 water[level=0]
388 121 286 sand
388 121 287 sand
388 121 288 sandstone
fill 388 121 289 388 121 332 stone
fill 388 121 333 388 121 335 diorite
388 121 336 dirt
fill 388 121 337 388 121 347 diorite
fill 388 121 348 388 121 383 stone
389 121 256 water[level=0]
389 121 257 water[level=0]
389 121 258 kelp[age=20]
fill 389 121 259 389 121 285 water[level=0]
389 121 286 sand
389 121 287 sandstone
389 121 288 stone
389 121 289 sandstone
389 121 290 sandstone
389 121 291 stone
389 121 292 sandstone
fill 389 121 293 389 121 333 stone
389 121 334 diorite
389 121 335 diorite
389 121 336 dirt
389 121 337 dirt
389 121 338 diorite
389 121 339 dirt
fill 389 121 340 389 121 347 diorite
fill 389 121 348 389 121 383 stone
fill 390 121 256 390 121 285 water[level=0]
390 121 286 sand
390 121 287 sand
fill 390 121 288 390 121 334 stone
390 121 335 dirt
fill 390 121 336 390 121 338 diorite
fill 390 121 339 390 121 341 dirt
fill 390 121 342 390 121 347 diorite
fill 390 121 348 390 121 383 stone
391 121 256 water[level=0]
391 121 257 kelp[age=22]
fill 391 121 258 391 121 272 water[level=0]
391 121 273 kelp[age=22]
fill 391 121 274 391 121 286 water[level=0]
391 121 287 sand
391 121 288 sand
fill 391 121 289 391 121 291 sandstone
fill 391 121 292 391 121 297 stone
fill 391 121 298 391 121 301 diorite
fill 391 121 302 391 121 331 stone
391 121 332 dirt
391 121 333 stone
391 121 334 dirt
391 121 335 granite
391 121 336 dirt
391 121 337 diorite
391 121 338 dirt
391 121 339 dirt
fill 391 121 340 391 121 346 diorite
391 121 347 stone
391 121 348 stone
391 121 349 lapis_ore
fill 391 121 350 391 121 383 stone
fill 392 121 256 392 121 287 water[level=0]
fill 392 121 288 392 121 292 sand
392 121 293 sandstone
392 121 294 sandstone
392 121 295 stone
392 121 296 stone
fill 392 121 297 392 121 302 diorite
fill 392 121 303 392 121 331 stone
fill 392 121 332 392 121 337 dirt
fill 392 121 338 392 121 340 granite
392 121 341 diorite
fill 392 121 342 392 121 383 stone
fill 393 121 256 393 121 291 water[level=0]
393 121 292 sand
393 121 293 sand
393 121 294 sandstone
393 121 295 stone
fill 393 121 296 393 121 302 diorite
fill 393 121 303 393 121 329 stone
fill 393 121 330 393 121 336 dirt
fill 393 121 337 393 121 342 granite
fill 393 121 343 393 121 364 stone
fill 393 121 365 393 121 374 granite
fill 393 121 375 393 121 383 stone
fill 394 121 256 394 121 259 water[level=0]
394 121 260 kelp[age=21]
fill 394 121 261 394 121 270 water[level=0]
394 121 271 kelp_plant
fill 394 121 272 394 121 292 water[level=0]
394 121 293 sand
394 121 294 sand
394 121 295 sandstone
fill 394 121 296 394 121 302 diorite
fill 394 121 303 394 121 329 stone
fill 394 121 330 394 121 336 dirt
fill 394 121 337 394 121 344 granite
fill 394 121 345 394 121 361 stone
fill 394 121 362 394 121 376 granite
fill 394 121 377 394 121 383 stone
395 121 256 water[level=0]
395 121 257 kelp[age=25]
fill 395 121 258 395 121 283 water[level=0]
fill 395 121 284 395 121 293 water[level=0]
395 121 294 sand
395 121 295 sand
395 121 296 sandstone
fill 395 121 297 395 121 302 diorite
fill 395 121 303 395 121 327 stone
fill 395 121 328 395 121 330 dirt
395 121 331 stone
fill 395 121 332 395 121 336 dirt
fill 395 121 337 395 121 345 granite
fill 395 121 346 395 121 358 stone
fill 395 121 359 395 121 377 granite
fill 395 121 378 395 121 383 stone
fill 396 121 256 396 121 278 water[level=0]
396 121 279 kelp[age=23]
fill 396 121 280 396 121 294 water[level=0]
396 121 295 sand
396 121 296 sand
396 121 297 sandstone
fill 396 121 298 396 121 301 diorite
fill 396 121 302 396 121 320 stone
396 121 321 copper_ore
fill 396 121 322 396 121 326 stone
396 121 327 dirt
396 121 328 stone
396 121 329 dirt
fill 396 121 330 396 121 332 stone
fill 396 121 333 396 121 337 dirt
fill 396 121 338 396 121 346 granite
fill 396 121 347 396 121 357 stone
fill 396 121 358 396 121 374 granite
396 121 375 coal_ore
396 121 376 granite
396 121 377 granite
fill 396 121 378 396 121 383 stone
fill 397 121 256 397 121 295 water[level=0]
397 121 296 sand
397 121 297 sand
397 121 298 sandstone
fill 397 121 299 397 121 301 diorite
fill 397 121 302 397 121 328 stone
397 121 329 dirt
397 121 330 dirt
fill 397 121 331 397 121 333 stone
fill 397 121 334 397 121 337 dirt
fill 397 121 338 397 121 346 granite
fill 397 121 347 397 121 357 stone
fill 397 121 358 397 121 373 granite
fill 397 121 374 397 121 376 coal_ore
397 121 377 granite
fill 397 121 378 397 121 383 stone
fill 398 121 256 398 121 260 water[level=0]
398 121 261 kelp_plant
fill 398 121 262 398 121 296 water[level=0]
398 121 297 sand
398 121 298 sand
398 121 299 sandstone
398 121 300 diorite
fill 398 121 301 398 121 327 stone
fill 398 121 328 398 121 330 dirt
fill 398 121 331 398 121 333 stone
fill 398 121 334 398 121 337 dirt
398 121 338 stone
fill 398 121 339 398 121 347 granite
fill 398 121 348 398 121 357 stone
fill 398 121 358 398 121 373 granite
fill 398 121 374 398 121 376 coal_ore
fill 398 121 377 398 121 383 stone
fill 399 121 256 399 121 267 water[level=0]
399 121 268 kelp_plant
fill 399 121 269 399 121 298 water[level=0]
399 121 299 sand
399 121 300 sand
399 121 301 sandstone
fill 399 121 302 399 121 308 stone
399 121 309 water[level=0]
fill 399 121 310 399 121 327 stone
fill 399 121 328 399 121 331 dirt
399 121 332 stone
fill 399 121 333 399 121 338 dirt
399 121 339 stone
fill 399 121 340 399 121 348 granite
fill 399 121 349 399 121 358 stone
fill 399 121 359 399 121 374 granite
fill 399 121 375 399 121 377 coal_ore
fill 399 121 378 399 121 383 stone
fill 400 121 256 400 121 269 water[level=0]
400 121 270 kelp_plant
fill 400 121 271 400 121 300 water[level=0]
fill 400 121 301 400 121 303 sand
400 121 304 sandstone
fill 400 121 305 400 121 307 stone
fill 400 121 308 400 121 311 water[level=0]
fill 400 121 312 400 121 327 stone
fill 400 121 328 400 121 339 dirt
400 121 340 stone
fill 400 121 341 400 121 343 granite
400 121 344 copper_ore
fill 400 121 345 400 121 348 granite
fill 400 121 349 400 121 363 stone
fill 400 121 364 400 121 371 granite
fill 400 121 372 400 121 374 diorite
fill 400 121 375 400 121 377 coal_ore
fill 400 121 378 400 121 383 stone
401 121 256 water[level=0]
401 121 257 water[level=0]
401 121 258 kelp_plant
401 121 259 water[level=0]
401 121 260 kelp_plant
fill 401 121 261 401 121 268 water[level=0]
401 121 269 kelp[age=23]
fill 401 121 270 401 121 303 water[level=0]
401 121 304 sand
401 121 305 sandstone
401 121 306 stone
401 121 307 stone
fill 401 121 308 401 121 311 water[level=0]
fill 401 121 312 401 121 326 stone
401 121 327 sand
401 121 328 stone
fill 401 121 329 401 121 340 dirt
401 121 341 stone
401 121 342 stone
fill 401 121 343 401 121 348 granite
fill 401 121 349 401 121 370 stone
fill 401 121 371 401 121 375 diorite
fill 401 121 376 401 121 383 stone
fill 402 121 256 402 121 304 water[level=0]
402 121 305 sand
402 121 306 sandstone
402 121 307 stone
fill 402 121 308 402 121 310 water[level=0]
fill 402 121 311 402 121 329 stone
fill 402 121 330 402 121 336 dirt
402 121 337 stone
fill 402 121 338 402 121 341 dirt
402 121 342 stone
402 121 343 stone
402 121 344 stone
402 121 345 stone
402 121 346 granite
402 121 347 granite
fill 402 121 348 402 121 371 stone
fill 402 121 372 402 121 375 diorite
fill 402 121 376 402 121 383 stone
fill 403 121 256 403 121 273 water[level=0]
403 121 274 kelp_plant
fill 403 121 275 403 121 305 water[level=0]
403 121 306 sand
403 121 307 sandstone
fill 403 121 308 403 121 330 stone
fill 403 121 331 403 121 335 dirt
403 121 336 stone
fill 403 121 337 403 121 339 dirt
403 121 340 stone
403 121 341 dirt
fill 403 121 342 403 121 372 stone
403 121 373 diorite
403 121 374 diorite
403 121 375 copper_ore
fill 403 121 376 403 121 383 stone
fill 404 121 256 404 121 268 water[level=0]
404 121 269 kelp[age=21]
fill 404 121 270 404 121 305 water[level=0]
404 121 306 sand
404 121 307 sand
404 121 308 sandstone
404 121 309 sandstone
fill 404 121 310 404 121 331 stone
404 121 332 dirt
404 121 333 stone
404 121 334 dirt
404 121 335 dirt
404 121 336 stone
fill 404 121 337 404 121 339 dirt
fill 404 121 340 404 121 374 stone
404 121 375 copper_ore
404 121 376 copper_ore
fill 404 121 377 404 121 383 stone
fill 405 121 256 405 121 307 water[level=0]
405 121 308 sand
405 121 309 sandstone
405 121 310 sandstone
fill 405 121 311 405 121 316 stone
405 121 317 gravel
405 121 318 gravel
fill 405 121 319 405 121 333 stone
405 121 334 dirt
405 121 335 stone
405 121 336 dirt
fill 405 121 337 405 121 374 stone
405 121 375 copper_ore
405 121 376 copper_ore
fill 405 121 377 405 121 383 stone
fill 406 121 256 406 121 268 water[level=0]
406 121 269 kelp_plant
fill 406 121 270 406 121 308 water[level=0]
406 121 309 sand
406 121 310 sandstone
fill 406 121 311 406 121 317 stone
fill 406 121 318 406 121 320 gravel
fill 406 121 321 406 121 330 stone
406 121 331 sandstone
406 121 332 stone
406 121 333 stone
406 121 334 sandstone
406 121 335 sandstone
406 121 336 dirt
fill 406 121 337 406 121 383 stone
fill 407 121 256 407 121 260 water[level=0]
407 121 261 kelp[age=24]
fill 407 121 262 407 121 264 water[level=0]
407 121 265 kelp[age=23]
fill 407 121 266 407 121 308 water[level=0]
407 121 309 sand
fill 407 121 310 407 121 317 stone
fill 407 121 318 407 121 321 gravel
fill 407 121 322 407 121 333 stone
407 121 334 sandstone
407 121 335 sandstone
fill 407 121 336 407 121 383 stone
fill 408 121 256 408 121 263 water[level=0]
408 121 264 kelp[age=21]
fill 408 121 265 408 121 308 water[level=0]
408 121 309 sand
408 121 310 sandstone
fill 408 121 311 408 121 317 stone
fill 408 121 318 408 121 321 gravel
fill 408 121 322 408 121 333 stone
fill 408 121 334 408 121 336 sandstone
fill 408 121 337 408 121 363 stone
408 121 364 dirt
408 121 365 dirt
fill 408 121 366 408 121 383 stone
fill 409 121 256 409 121 260 water[level=0]
409 121 261 kelp[age=21]
fill 409 121 262 409 121 308 water[level=0]
409 121 309 sand
409 121 310 sandstone
fill 409 121 311 409 121 318 stone
fill 409 121 319 409 121 321 gravel
fill 409 121 322 409 121 334 stone
fill 409 121 335 409 121 337 sandstone
fill 409 121 338 409 121 362 stone
fill 409 121 363 409 121 366 dirt
fill 409 121 367 409 121 383 stone
fill 410 121 256 410 121 265 water[level=0]
fill 410 121 266 410 121 308 water[level=0]
410 121 309 sand
410 121 310 sandstone
fill 410 121 311 410 121 319 stone
410 121 320 gravel
410 121 321 gravel
fill 410 121 322 410 121 334 stone
fill 410 121 335 410 121 337 sandstone
fill 410 121 338 410 121 362 stone
fill 410 121 363 410 121 366 dirt
fill 410 121 367 410 121 383 stone
411 121 256 water[level=0]
411 121 257 kelp[age=22]
fill 411 121 258 411 121 308 water[level=0]
411 121 309 sand
411 121 310 sandstone
fill 411 121 311 411 121 335 stone
411 121 336 sandstone
411 121 337 sandstone
fill 411 121 338 411 121 346 stone
fill 411 121 347 411 121 351 coal_ore
fill 411 121 352 411 121 355 stone
411 121 356 dirt
fill 411 121 357 411 121 361 stone
fill 411 121 362 411 121 366 dirt
fill 411 121 367 411 121 383 stone
fill 412 121 256 412 121 260 water[level=0]
412 121 261 kelp[age=22]
fill 412 121 262 412 121 269 water[level=0]
412 121 270 kelp[age=22]
fill 412 121 271 412 121 308 water[level=0]
412 121 309 sand
412 121 310 sandstone
fill 412 121 311 412 121 318 stone
412 121 319 gravel
fill 412 121 320 412 121 345 stone
fill 412 121 346 412 121 349 coal_ore
fill 412 121 350 412 121 354 stone
412 121 355 dirt
fill 412 121 356 412 121 361 stone
fill 412 121 362 412 121 365 dirt
fill 412 121 366 412 121 383 stone
fill 413 121 256 413 121 308 water[level=0]
413 121 309 sand
413 121 310 sandstone
fill 413 121 311 413 121 327 stone
413 121 328 water[level=0]
413 121 329 water[level=0]
fill 413 121 330 413 121 337 stone
413 121 338 granite
413 121 339 granite
fill 413 121 340 413 121 346 stone
413 121 347 coal_ore
413 121 348 coal_ore
fill 413 121 349 413 121 353 stone
413 121 354 dirt
413 121 355 dirt
fill 413 121 356 413 121 361 stone
fill 413 121 362 413 121 365 dirt
fill 413 121 366 413 121 383 stone
fill 414 121 256 414 121 268 water[level=0]
414 121 269 kelp_plant
fill 414 121 270 414 121 308 water[level=0]
414 121 309 sand
414 121 310 sandstone
fill 414 121 311 414 121 327 stone
414 121 328 water[level=0]
414 121 329 water[level=0]
fill 414 121 330 414 121 337 stone
fill 414 121 338 414 121 340 granite
fill 414 121 341 414 121 353 stone
414 121 354 dirt
414 121 355 stone
414 121 356 dirt
fill 414 121 357 414 121 361 stone
414 121 362 dirt
fill 414 121 363 414 121 366 coal_ore
fill 414 121 367 414 121 383 stone
fill 415 121 256 415 121 259 water[level=0]
415 121 260 kelp_plant
fill 415 121 261 415 121 308 water[level=0]
415 121 309 sand
415 121 310 sandstone
415 121 311 sandstone
fill 415 121 312 415 121 323 stone
fill 415 121 324 415 121 326 diorite
fill 415 121 327 415 121 329 water[level=0]
fill 415 121 330 415 121 337 stone
fill 415 121 338 415 121 340 granite
fill 415 121 341 415 121 352 stone
fill 415 121 353 415 121 356 dirt
fill 415 121 357 415 121 361 stone
415 121 362 dirt
fill 415 121 363 415 121 366 coal_ore
fill 415 121 367 415 121 383 stone
fill 416 121 256 416 121 309 water[level=0]
416 121 310 sandstone
416 121 311 sandstone
fill 416 121 312 416 121 323 stone
fill 416 121 324 416 121 326 diorite
fill 416 121 327 416 121 329 water[level=0]
fill 416 121 330 416 121 350 stone
fill 416 121 351 416 121 356 dirt
fill 416 121 357 416 121 361 stone
416 121 362 dirt
416 121 363 dirt
fill 416 121 364 416 121 383 stone
fill 417 121 256 417 121 295 water[level=0]
fill 417 121 296 417 121 309 water[level=0]
417 121 310 sand
417 121 311 sandstone
fill 417 121 312 417 121 323 stone
417 121 324 copper_ore
417 121 325 diorite
417 121 326 diorite
fill 417 121 327 417 121 329 water[level=0]
417 121 330 stone
417 121 331 stone
fill 417 121 332 417 121 334 sandstone
fill 417 121 335 417 121 349 stone
fill 417 121 350 417 121 355 dirt
417 121 356 stone
417 121 357 dirt
fill 417 121 358 417 121 383 stone
fill 418 121 256 418 121 309 water[level=0]
418 121 310 sand
418 121 311 sandstone
fill 418 121 312 418 121 323 stone
418 121 324 diorite
418 121 325 diorite
418 121 326 bubble_column[drag=true]
418 121 327 bubble_column[drag=true]
418 121 328 water[level=0]
418 121 329 water[level=0]
418 121 330 diorite
fill 418 121 331 418 121 333 sandstone
fill 418 121 334 418 121 344 stone
fill 418 121 345 418 121 348 water[level=0]
418 121 349 stone
fill 418 121 350 418 121 356 dirt
fill 418 121 357 418 121 367 stone
418 121 368 dirt
418 121 369 granite
418 121 370 granite
fill 418 121 371 418 121 383 stone
fill 419 121 256 419 121 309 water[level=0]
419 121 310 sand
419 121 311 sand
419 121 312 sandstone
419 121 313 sandstone
fill 419 121 314 419 121 324 stone
fill 419 121 325 419 121 328 water[level=0]
419 121 329 diorite
fill 419 121 330 419 121 334 sandstone
fill 419 121 335 419 121 338 stone
419 121 339 dirt
fill 419 121 340 419 121 342 stone
fill 419 121 343 419 121 349 water[level=0]
fill 419 121 350 419 121 357 dirt
fill 419 121 358 419 121 366 stone
fill 419 121 367 419 121 371 granite
fill 419 121 372 419 121 383 stone
fill 420 121 256 420 121 311 water[level=0]
fill 420 121 312 420 121 314 sand
fill 420 121 315 420 121 317 sandstone
420 121 318 stone
420 121 319 stone
420 121 320 sandstone
fill 420 121 321 420 121 323 stone
fill 420 121 324 420 121 327 water[level=0]
fill 420 121 328 420 121 330 diorite
fill 420 121 331 420 121 335 sandstone
fill 420 121 336 420 121 338 stone
fill 420 121 339 420 121 341 dirt
fill 420 121 342 420 121 349 water[level=0]
fill 420 121 350 420 121 358 dirt
fill 420 121 359 420 121 363 stone
420 121 364 dirt
420 121 365 stone
fill 420 121 366 420 121 371 granite
420 121 372 stone
420 121 373 coal_ore
fill 420 121 374 420 121 383 stone
fill 421 121 256 421 121 315 water[level=0]
fill 421 121 316 421 121 320 sand
421 121 321 sandstone
421 121 322 sandstone
fill 421 121 323 421 121 326 water[level=0]
fill 421 121 327 421 121 329 stone
421 121 330 sandstone
fill 421 121 331 421 121 334 sand
fill 421 121 335 421 121 337 sandstone
fill 421 121 338 421 121 341 dirt
fill 421 121 342 421 121 344 water[level=0]
fill 421 121 345 421 121 347 dirt
421 121 348 water[level=0]
421 121 349 water[level=0]
421 121 350 dirt
fill 421 121 352 421 121 358 dirt
fill 421 121 359 421 121 361 stone
fill 421 121 362 421 121 365 dirt
fill 421 121 366 421 121 370 granite
421 121 371 stone
421 121 372 stone
421 121 373 coal_ore
fill 421 121 374 421 121 383 stone
fill 422 121 256 422 121 320 water[level=0]
422 121 321 sand
fill 422 121 322 422 121 327 water[level=0]
422 121 328 stone
422 121 329 sandstone
fill 422 121 330 422 121 336 sand
422 121 337 sandstone
422 121 338 dirt
422 121 339 dirt
fill 422 121 340 422 121 343 water[level=0]
fill 422 121 344 422 121 350 dirt
fill 422 121 352 422 121 359 dirt
422 121 360 stone
fill 422 121 361 422 121 365 dirt
fill 422 121 366 422 121 369 granite
fill 422 121 370 422 121 372 stone
422 121 373 coal_ore
fill 422 121 374 422 121 383 stone
fill 423 121 256 423 121 327 water[level=0]
423 121 328 stone
423 121 329 sandstone
423 121 330 sandstone
fill 423 121 331 423 121 334 sand
423 121 335 sandstone
423 121 336 sandstone
423 121 337 sand
423 121 338 stone
423 121 339 dirt
423 121 340 water[level=0]
423 121 341 water[level=0]
fill 423 121 342 423 121 350 dirt
fill 423 121 352 423 121 365 dirt
fill 423 121 366 423 121 368 granite
fill 423 121 369 423 121 383 stone
fill 424 121 256 424 121 297 water[level=0]
fill 424 121 298 424 121 327 water[level=0]
424 121 328 stone
fill 424 121 329 424 121 336 sandstone
424 121 337 stone
424 121 338 dirt
424 121 339 water[level=0]
424 121 340 water[level=0]
fill 424 121 341 424 121 365 dirt
fill 424 121 366 424 121 368 granite
fill 424 121 369 424 121 383 stone
fill 425 121 256 425 121 324 water[level=0]
425 121 325 sand
425 121 326 sand
425 121 327 sandstone
425 121 328 stone
425 121 329 stone
fill 425 121 330 425 121 335 sandstone