fill 502 123 442 502 123 444 stone
fill 502 123 445 502 123 479 dirt
fill 502 123 480 502 123 485 sand
fill 502 123 486 502 123 511 water[level=0]
fill 503 123 384 503 123 396 dirt
fill 503 123 397 503 123 399 water[level=0]
fill 503 123 400 503 123 421 stone
fill 503 123 422 503 123 432 diorite
fill 503 123 433 503 123 435 stone
fill 503 123 436 503 123 441 andesite
fill 503 123 442 503 123 446 stone
fill 503 123 447 503 123 478 dirt
fill 503 123 479 503 123 485 sand
fill 503 123 486 503 123 511 water[level=0]
504 123 384 stone
fill 504 123 385 504 123 395 dirt
504 123 396 andesite
fill 504 123 397 504 123 399 water[level=0]
fill 504 123 400 504 123 422 stone
fill 504 123 423 504 123 434 diorite
504 123 435 stone
504 123 436 stone
fill 504 123 437 504 123 440 andesite
fill 504 123 441 504 123 447 stone
fill 504 123 448 504 123 478 dirt
fill 504 123 479 504 123 487 sand
fill 504 123 488 504 123 490 water[level=0]
fill 504 123 491 504 123 511 water[level=0]
fill 505 123 384 505 123 395 dirt
fill 505 123 396 505 123 399 water[level=0]
505 123 400 andesite
fill 505 123 401 505 123 423 stone
fill 505 123 424 505 123 434 diorite
fill 505 123 435 505 123 437 stone
fill 505 123 438 505 123 440 andesite
fill 505 123 441 505 123 450 stone
fill 505 123 451 505 123 458 dirt
505 123 459 stone
505 123 460 dirt
505 123 461 dirt
505 123 462 stone
fill 505 123 463 505 123 477 dirt
fill 505 123 478 505 123 490 sand
fill 505 123 491 505 123 511 water[level=0]
fill 506 123 384 506 123 395 dirt
fill 506 123 396 506 123 398 water[level=0]
fill 506 123 399 506 123 403 andesite
fill 506 123 404 506 123 424 stone
fill 506 123 425 506 123 434 diorite
fill 506 123 435 506 123 438 stone
506 123 439 andesite
fill 506 123 440 506 123 451 stone
fill 506 123 452 506 123 456 dirt
fill 506 123 457 506 123 459 stone
fill 506 123 460 506 123 478 dirt
fill 506 123 479 506 123 490 sand
506 123 491 dirt
506 123 492 dirt
506 123 493 gravel
fill 506 123 494 506 123 496 dirt
fill 506 123 497 506 123 501 sand
fill 506 123 502 506 123 511 water[level=0]
507 123 384 dirt
507 123 385 dirt
507 123 386 stone
fill 507 123 387 507 123 394 dirt
fill 507 123 395 507 123 397 water[level=0]
fill 507 123 398 507 123 401 dirt
fill 507 123 402 507 123 404 andesite
fill 507 123 405 507 123 425 stone
fill 507 123 426 507 123 435 diorite
fill 507 123 436 507 123 454 stone
507 123 455 dirt
507 123 456 dirt
507 123 457 stone
507 123 458 stone
507 123 459 dirt
507 123 460 stone
507 123 461 stone
fill 507 123 462 507 123 478 dirt
fill 507 123 479 507 123 489 sand
fill 507 123 490 507 123 495 gravel
fill 507 123 496 507 123 504 sand
fill 507 123 505 507 123 511 water[level=0]
fill 508 123 384 508 123 393 dirt
fill 508 123 394 508 123 397 water[level=0]
fill 508 123 398 508 123 401 dirt
fill 508 123 402 508 123 405 andesite
fill 508 123 406 508 123 426 stone
fill 508 123 427 508 123 436 diorite
fill 508 123 437 508 123 455 stone
508 123 456 dirt
508 123 457 stone
508 123 458 stone
fill 508 123 459 508 123 479 dirt
fill 508 123 480 508 123 484 sand
508 123 485 dirt
508 123 486 sand
508 123 487 dirt
508 123 488 clay
fill 508 123 489 508 123 496 gravel
fill 508 123 497 508 123 501 sand
508 123 502 dirt
fill 508 123 503 508 123 505 sand
fill 508 123 506 508 123 511 water[level=0]
509 123 384 stone
509 123 385 dirt
509 123 386 dirt
509 123 387 stone
fill 509 123 388 509 123 393 dirt
fill 509 123 394 509 123 396 water[level=0]
fill 509 123 397 509 123 401 dirt
fill 509 123 402 509 123 406 andesite
fill 509 123 407 509 123 428 stone
fill 509 123 429 509 123 436 diorite
fill 509 123 437 509 123 455 stone
509 123 456 dirt
509 123 457 stone
509 123 458 stone
fill 509 123 459 509 123 481 dirt
509 123 482 sand
509 123 483 dirt
509 123 484 sand
509 123 485 dirt
509 123 486 dirt
509 123 487 clay
509 123 488 clay
fill 509 123 489 509 123 496 gravel
fill 509 123 497 509 123 501 sand
509 123 502 dirt
fill 509 123 503 509 123 505 sand
fill 509 123 506 509 123 511 water[level=0]
510 123 384 dirt
510 123 385 dirt
fill 510 123 386 510 123 388 stone
fill 510 123 389 510 123 392 dirt
fill 510 123 393 510 123 396 water[level=0]
fill 510 123 397 510 123 399 dirt
fill 510 123 400 510 123 406 andesite
fill 510 123 407 510 123 432 stone
fill 510 123 433 510 123 436 diorite
fill 510 123 437 510 123 455 stone
510 123 456 dirt
fill 510 123 457 510 123 459 stone
fill 510 123 460 510 123 480 dirt
fill 510 123 481 510 123 487 sand
510 123 488 clay
510 123 489 gravel
510 123 490 gravel
510 123 491 sand
fill 510 123 492 510 123 497 gravel
510 123 498 dirt
510 123 499 sand
510 123 500 dirt
510 123 501 dirt
fill 510 123 502 510 123 506 sand
fill 510 123 507 510 123 511 water[level=0]
fill 511 123 384 511 123 386 stone
fill 511 123 387 511 123 389 dirt
511 123 390 stone
511 123 391 dirt
511 123 392 dirt
fill 511 123 393 511 123 395 water[level=0]
fill 511 123 396 511 123 401 dirt
fill 511 123 402 511 123 404 andesite
fill 511 123 405 511 123 457 stone
fill 511 123 458 511 123 479 dirt
fill 511 123 480 511 123 493 sand
fill 511 123 494 511 123 498 gravel
fill 511 123 499 511 123 502 dirt
fill 511 123 503 511 123 506 sand
fill 511 123 507 511 123 511 water[level=0]
384 124 388 oak_leaves[distance=2,persistent=false,waterlogged=false]
384 124 389 oak_leaves[distance=1,persistent=false,waterlogged=false]
384 124 390 oak_leaves[distance=2,persistent=false,waterlogged=false]
384 124 409 stone
384 124 410 stone
fill 384 124 411 384 124 413 granite
fill 384 124 414 384 124 422 stone
fill 384 124 423 384 124 429 andesite
fill 384 124 430 384 124 448 stone
fill 384 124 449 384 124 454 granite
fill 384 124 455 384 124 501 stone
384 124 502 granite
fill 384 124 503 384 124 505 stone
fill 384 124 506 384 124 511 sand
385 124 384 leaf_litter[facing=east,segment_amount=3]
385 124 410 stone
fill 385 124 411 385 124 413 granite
fill 385 124 414 385 124 422 stone
fill 385 124 423 385 124 429 andesite
fill 385 124 430 385 124 448 stone
fill 385 124 449 385 124 454 granite
fill 385 124 455 385 124 462 stone
fill 385 124 463 385 124 496 stone
385 124 497 water[level=0]
fill 385 124 498 385 124 500 dirt
fill 385 124 501 385 124 506 granite
fill 385 124 507 385 124 511 sand
386 124 384 leaf_litter[facing=south,segment_amount=2]
386 124 410 stone
386 124 411 granite
386 124 412 granite
fill 386 124 413 386 124 421 stone
fill 386 124 422 386 124 428 andesite
386 124 429 dirt
386 124 430 dirt
386 124 431 copper_ore
386 124 432 copper_ore
fill 386 124 433 386 124 448 stone
fill 386 124 449 386 124 454 granite
fill 386 124 455 386 124 496 stone
386 124 497 water[level=0]
386 124 498 water[level=0]
fill 386 124 499 386 124 501 dirt
fill 386 124 502 386 124 506 granite
fill 386 124 507 386 124 511 sand
fill 387 124 411 387 124 421 stone
fill 387 124 422 387 124 427 andesite
fill 387 124 428 387 124 431 dirt
387 124 432 copper_ore
fill 387 124 433 387 124 449 stone
fill 387 124 450 387 124 454 granite
fill 387 124 455 387 124 482 stone
387 124 483 diorite
fill 387 124 484 387 124 496 stone
fill 387 124 497 387 124 499 water[level=0]
fill 387 124 500 387 124 502 dirt
fill 387 124 503 387 124 506 granite
fill 387 124 507 387 124 511 sand
388 124 384 leaf_litter[facing=east,segment_amount=2]
388 124 385 leaf_litter[facing=west,segment_amount=3]
388 124 386 leaf_litter[facing=south,segment_amount=3]
fill 388 124 411 388 124 417 stone
388 124 418 coal_ore
388 124 419 coal_ore
388 124 420 stone
388 124 421 stone
fill 388 124 422 388 124 427 andesite
fill 388 124 428 388 124 431 dirt
fill 388 124 432 388 124 450 stone
fill 388 124 451 388 124 453 granite
fill 388 124 454 388 124 481 stone
fill 388 124 482 388 124 485 diorite
fill 388 124 486 388 124 496 stone
fill 388 124 497 388 124 500 water[level=0]
fill 388 124 501 388 124 503 dirt
fill 388 124 504 388 124 507 granite
fill 388 124 508 388 124 511 sand
389 124 384 grass_block[snowy=false]
389 124 385 leaf_litter[facing=south,segment_amount=2]
389 124 386 leaf_litter[facing=south,segment_amount=1]
389 124 387 leaf_litter[facing=south,segment_amount=2]
fill 389 124 411 389 124 416 stone
fill 389 124 417 389 124 419 coal_ore
fill 389 124 420 389 124 422 stone
fill 389 124 423 389 124 427 andesite
fill 389 124 428 389 124 431 dirt
fill 389 124 432 389 124 451 stone
389 124 452 granite
fill 389 124 453 389 124 464 stone
389 124 465 copper_ore
389 124 466 copper_ore
fill 389 124 467 389 124 481 stone
fill 389 124 482 389 124 486 diorite
fill 389 124 487 389 124 497 stone
fill 389 124 498 389 124 501 water[level=0]
fill 389 124 502 389 124 504 dirt
fill 389 124 505 389 124 507 granite
fill 389 124 508 389 124 511 sand
390 124 384 grass_block[snowy=false]
390 124 385 grass_block[snowy=false]
390 124 386 leaf_litter[facing=east,segment_amount=4]
390 124 387 oak_log[axis=y]
390 124 388 leaf_litter[facing=east,segment_amount=2]
fill 390 124 412 390 124 415 stone
fill 390 124 416 390 124 418 coal_ore
fill 390 124 419 390 124 422 stone
fill 390 124 423 390 124 427 andesite
fill 390 124 428 390 124 431 dirt
fill 390 124 432 390 124 444 stone
390 124 445 dirt
fill 390 124 446 390 124 464 stone
390 124 465 copper_ore
390 124 466 copper_ore
fill 390 124 467 390 124 481 stone
fill 390 124 482 390 124 487 diorite
fill 390 124 488 390 124 498 stone
fill 390 124 499 390 124 501 water[level=0]
fill 390 124 502 390 124 506 dirt
390 124 507 granite
390 124 508 dirt
fill 390 124 509 390 124 511 sand
391 124 384 dirt
391 124 385 grass_block[snowy=false]
391 124 386 grass_block[snowy=false]
391 124 387 leaf_litter[facing=south,segment_amount=2]
391 124 388 leaf_litter[facing=south,segment_amount=3]
391 124 389 leaf_litter[facing=south,segment_amount=4]
fill 391 124 412 391 124 415 stone
391 124 416 coal_ore
391 124 417 coal_ore
fill 391 124 418 391 124 422 stone
fill 391 124 423 391 124 426 andesite
391 124 427 stone
fill 391 124 428 391 124 431 dirt
fill 391 124 432 391 124 444 stone
391 124 445 dirt
391 124 446 dirt
fill 391 124 447 391 124 458 stone
fill 391 124 459 391 124 461 dirt
fill 391 124 462 391 124 481 stone
fill 391 124 482 391 124 488 diorite
fill 391 124 489 391 124 497 stone
391 124 498 dirt
391 124 499 dirt
fill 391 124 500 391 124 502 water[level=0]
fill 391 124 503 391 124 509 dirt
391 124 510 water[level=0]
391 124 511 water[level=0]
392 124 384 dirt
392 124 385 dirt
392 124 386 grass_block[snowy=false]
392 124 387 grass_block[snowy=false]
fill 392 124 413 392 124 422 stone
fill 392 124 423 392 124 425 andesite
392 124 426 stone
392 124 427 stone
fill 392 124 428 392 124 431 dirt
fill 392 124 432 392 124 444 stone
fill 392 124 445 392 124 447 dirt
fill 392 124 448 392 124 458 stone
392 124 459 dirt
392 124 460 grass_block[snowy=false]
fill 392 124 461 392 124 481 stone
fill 392 124 482 392 124 488 diorite
fill 392 124 489 392 124 495 stone
fill 392 124 496 392 124 500 dirt
fill 392 124 501 392 124 503 water[level=0]
fill 392 124 504 392 124 507 dirt
fill 392 124 508 392 124 511 water[level=0]
fill 393 124 384 393 124 386 dirt
fill 393 124 387 393 124 389 grass_block[snowy=false]
393 124 391 leaf_litter[facing=south,segment_amount=3]
fill 393 124 414 393 124 422 stone
fill 393 124 423 393 124 425 andesite
393 124 426 stone
393 124 427 stone
fill 393 124 428 393 124 431 dirt
fill 393 124 432 393 124 444 stone
fill 393 124 445 393 124 448 dirt
fill 393 124 449 393 124 452 stone
fill 393 124 453 393 124 456 coal_ore
393 124 457 stone
393 124 458 stone
fill 393 124 461 393 124 475 stone
fill 393 124 476 393 124 480 coal_ore
393 124 481 stone
fill 393 124 482 393 124 487 diorite
393 124 488 dirt
393 124 489 diorite
fill 393 124 490 393 124 495 stone
fill 393 124 496 393 124 501 dirt
393 124 502 water[level=0]
393 124 503 water[level=0]
fill 393 124 504 393 124 506 dirt
fill 393 124 507 393 124 511 water[level=0]
fill 394 124 384 394 124 386 dirt
fill 394 124 387 394 124 391 grass_block[snowy=false]
fill 394 124 414 394 124 428 stone
fill 394 124 429 394 124 431 dirt
fill 394 124 432 394 124 445 stone
fill 394 124 446 394 124 448 dirt
fill 394 124 449 394 124 451 stone
fill 394 124 452 394 124 455 coal_ore
394 124 456 stone
394 124 457 stone
394 124 458 grass_block[snowy=false]
fill 394 124 461 394 124 474 stone
fill 394 124 475 394 124 479 coal_ore
394 124 480 stone
394 124 481 stone
fill 394 124 482 394 124 487 diorite
394 124 488 dirt
394 124 489 dirt
fill 394 124 490 394 124 494 stone
fill 394 124 495 394 124 502 dirt
fill 394 124 503 394 124 511 water[level=0]
fill 395 124 384 395 124 387 dirt
fill 395 124 388 395 124 392 grass_block[snowy=false]
fill 395 124 415 395 124 445 stone
fill 395 124 446 395 124 448 dirt
fill 395 124 449 395 124 452 stone
395 124 453 coal_ore
fill 395 124 454 395 124 457 stone
395 124 460 dirt
fill 395 124 461 395 124 474 stone
fill 395 124 475 395 124 482 stone
fill 395 124 483 395 124 487 diorite
fill 395 124 488 395 124 490 dirt
fill 395 124 491 395 124 494 stone
fill 395 124 495 395 124 503 dirt
fill 395 124 504 395 124 511 water[level=0]
fill 396 124 384 396 124 391 dirt
fill 396 124 392 396 124 394 grass_block[snowy=false]
fill 396 124 415 396 124 446 stone
396 124 447 dirt
396 124 448 dirt
fill 396 124 449 396 124 456 stone
396 124 460 stone
396 124 461 dirt
fill 396 124 462 396 124 482 stone
fill 396 124 483 396 124 487 diorite
fill 396 124 488 396 124 491 dirt
fill 396 124 492 396 124 494 stone
fill 396 124 495 396 124 500 dirt
fill 396 124 501 396 124 511 water[level=0]
397 124 384 stone
fill 397 124 385 397 124 395 dirt
397 124 396 leaf_litter[facing=west,segment_amount=2]
fill 397 124 416 397 124 447 stone
397 124 448 dirt
fill 397 124 449 397 124 456 stone
397 124 459 stone
397 124 460 stone
397 124 461 dirt
fill 397 124 462 397 124 482 stone
fill 397 124 483 397 124 487 diorite
fill 397 124 488 397 124 492 dirt
397 124 493 stone
fill 397 124 494 397 124 499 dirt
fill 397 124 500 397 124 511 water[level=0]
398 124 384 stone
fill 398 124 385 398 124 395 dirt
398 124 396 stone
fill 398 124 416 398 124 456 stone
fill 398 124 458 398 124 460 stone
398 124 461 dirt
398 124 462 dirt
fill 398 124 463 398 124 483 stone
fill 398 124 484 398 124 487 diorite
fill 398 124 488 398 124 498 dirt
fill 398 124 499 398 124 511 water[level=0]
399 124 384 stone
399 124 385 stone
fill 399 124 386 399 124 396 dirt
fill 399 124 417 399 124 455 stone
fill 399 124 457 399 124 484 stone
fill 399 124 485 399 124 488 diorite
fill 399 124 489 399 124 492 dirt
399 124 493 stone
fill 399 124 494 399 124 498 dirt
fill 399 124 499 399 124 511 water[level=0]
400 124 384 dirt
400 124 385 stone
fill 400 124 386 400 124 395 dirt
400 124 396 grass_block[snowy=false]
fill 400 124 417 400 124 454 stone
fill 400 124 456 400 124 484 stone
fill 400 124 485 400 124 489 diorite
fill 400 124 490 400 124 492 dirt
400 124 493 stone
fill 400 124 494 400 124 498 dirt
fill 400 124 499 400 124 511 water[level=0]
fill 401 124 384 401 124 395 dirt
401 124 396 grass_block[snowy=false]
fill 401 124 417 401 124 485 stone
401 124 486 diorite
401 124 487 diorite
401 124 488 gravel
401 124 489 gravel
401 124 490 diorite
401 124 491 dirt
401 124 492 dirt
401 124 493 stone
fill 401 124 494 401 124 497 dirt
fill 401 124 498 401 124 511 water[level=0]
402 124 384 stone
fill 402 124 385 402 124 391 dirt
402 124 392 stone
fill 402 124 393 402 124 395 dirt
402 124 396 grass_block[snowy=false]
fill 402 124 418 402 124 486 stone
fill 402 124 487 402 124 489 gravel
402 124 490 diorite
402 124 491 diorite
402 124 492 stone
402 124 493 stone
fill 402 124 494 402 124 497 dirt
fill 402 124 498 402 124 511 water[level=0]
403 124 384 dirt
403 124 385 dirt
403 124 386 stone
fill 403 124 387 403 124 394 dirt
403 124 395 grass_block[snowy=false]
403 124 396 leaf_litter[facing=south,segment_amount=2]
fill 403 124 418 403 124 486 stone
fill 403 124 487 403 124 489 gravel
403 124 490 diorite
403 124 491 diorite
403 124 492 stone
403 124 493 stone
fill 403 124 494 403 124 497 dirt
fill 403 124 498 403 124 511 water[level=0]
404 124 384 stone
fill 404 124 385 404 124 394 dirt
404 124 395 grass_block[snowy=false]
fill 404 124 418 404 124 444 stone
404 124 445 dirt
fill 404 124 446 404 124 484 stone
fill 404 124 485 404 124 488 gravel
fill 404 124 489 404 124 491 diorite
404 124 492 stone
404 124 493 stone
fill 404 124 494 404 124 497 dirt
fill 404 124 498 404 124 511 water[level=0]
fill 405 124 384 405 124 394 dirt
405 124 395 grass_block[snowy=false]
fill 405 124 419 405 124 442 stone
fill 405 124 443 405 124 445 dirt
fill 405 124 446 405 124 451 stone
fill 405 124 453 405 124 475 stone
fill 405 124 476 405 124 484 stone
fill 405 124 485 405 124 488 gravel
fill 405 124 489 405 124 493 stone
405 124 494 dirt
fill 405 124 495 405 124 497 sand
fill 405 124 498 405 124 511 water[level=0]
406 124 384 stone
406 124 385 stone
fill 406 124 386 406 124 393 dirt
406 124 394 grass_block[snowy=false]
406 124 395 grass_block[snowy=false]
fill 406 124 420 406 124 442 stone
fill 406 124 443 406 124 445 dirt
fill 406 124 446 406 124 450 stone
fill 406 124 452 406 124 484 stone
fill 406 124 485 406 124 488 gravel
fill 406 124 489 406 124 493 stone
fill 406 124 494 406 124 497 sand
fill 406 124 498 406 124 511 water[level=0]
407 124 384 stone
407 124 385 stone
fill 407 124 386 407 124 393 dirt
407 124 394 grass_block[snowy=false]
407 124 395 grass_block[snowy=false]
407 124 418 dirt
407 124 419 dirt
fill 407 124 420 407 124 442 stone
407 124 443 dirt
407 124 444 dirt
fill 407 124 445 407 124 450 stone
fill 407 124 452 407 124 473 stone
407 124 474 gravel
407 124 475 gravel
fill 407 124 476 407 124 484 stone
fill 407 124 485 407 124 487 gravel
fill 407 124 488 407 124 493 stone
fill 407 124 494 407 124 497 sand
fill 407 124 498 407 124 511 water[level=0]
408 124 384 stone
fill 408 124 385 408 124 393 dirt
408 124 394 grass_block[snowy=false]
408 124 395 grass_block[snowy=false]
fill 408 124 417 408 124 420 dirt
fill 408 124 421 408 124 449 stone
fill 408 124 452 408 124 473 stone
fill 408 124 474 408 124 476 gravel
fill 408 124 477 408 124 485 stone
408 124 486 gravel
fill 408 124 487 408 124 493 stone
fill 408 124 494 408 124 497 sand
fill 408 124 498 408 124 511 water[level=0]
409 124 384 stone
409 124 385 stone
fill 409 124 386 409 124 392 dirt
409 124 393 grass_block[snowy=false]
409 124 394 grass_block[snowy=false]
fill 409 124 417 409 124 420 dirt
fill 409 124 421 409 124 448 stone
fill 409 124 452 409 124 473 stone
fill 409 124 474 409 124 477 gravel
fill 409 124 478 409 124 493 stone
fill 409 124 494 409 124 497 sand
fill 409 124 498 409 124 511 water[level=0]
410 124 384 dirt
410 124 385 stone
fill 410 124 386 410 124 392 dirt
410 124 393 grass_block[snowy=false]
410 124 394 grass_block[snowy=false]
fill 410 124 417 410 124 420 dirt
fill 410 124 421 410 124 446 stone
fill 410 124 451 410 124 474 stone
fill 410 124 475 410 124 478 gravel
fill 410 124 479 410 124 492 stone
410 124 493 dirt
fill 410 124 494 410 124 497 sand
fill 410 124 498 410 124 511 water[level=0]
fill 411 124 384 411 124 391 dirt
fill 411 124 392 411 124 394 sand
411 124 404 water[level=8]
411 124 414 grass_block[snowy=false]
fill 411 124 415 411 124 420 dirt
fill 411 124 421 411 124 445 stone
411 124 450 grass_block[snowy=false]
fill 411 124 451 411 124 474 stone
fill 411 124 475 411 124 478 gravel
fill 411 124 479 411 124 491 stone
411 124 492 dirt
411 124 493 clay
fill 411 124 494 411 124 496 sand
fill 411 124 497 411 124 511 water[level=0]
fill 412 124 384 412 124 390 dirt
fill 412 124 391 412 124 394 sand
fill 412 124 401 412 124 403 water[level=8]
fill 412 124 411 412 124 423 dirt
fill 412 124 424 412 124 427 stone
fill 412 124 428 412 124 430 sand
fill 412 124 431 412 124 444 stone
fill 412 124 450 412 124 475 stone
fill 412 124 476 412 124 479 gravel
fill 412 124 480 412 124 491 stone
fill 412 124 492 412 124 496 sand
fill 412 124 497 412 124 511 water[level=0]
fill 413 124 384 413 124 389 dirt
fill 413 124 390 413 124 395 sand
413 124 399 water[level=8]
413 124 400 sand
fill 413 124 401 413 124 423 dirt
fill 413 124 424 413 124 426 stone
413 124 427 water[level=0]
fill 413 124 428 413 124 431 sand
fill 413 124 432 413 124 443 stone
fill 413 124 449 413 124 476 stone
fill 413 124 477 413 124 479 gravel
fill 413 124 480 413 124 490 stone
fill 413 124 491 413 124 495 sand
fill 413 124 496 413 124 508 water[level=0]
fill 413 124 509 413 124 511 sand
fill 414 124 384 414 124 389 dirt
414 124 390 sand
fill 414 124 391 414 124 395 stone
fill 414 124 396 414 124 400 sand
fill 414 124 401 414 124 424 dirt
414 124 425 stone
414 124 426 stone