849 117 254 stone
849 117 255 stone
849 117 256 stone
849 117 257 stone
849 117 258 stone
849 117 259 stone
849 117 260 stone
849 117 261 stone
849 117 262 stone
849 117 263 stone
849 117 264 stone
849 117 265 stone
849 117 266 stone
849 117 267 stone
849 117 268 stone
849 117 269 stone
849 117 270 stone
849 117 271 stone
849 117 272 diorite
849 117 273 diorite
849 117 274 diorite
849 117 275 diorite
849 117 276 diorite
849 117 277 diorite
849 117 278 stone
849 117 279 stone
849 117 280 stone
849 117 281 stone
849 117 282 stone
849 117 283 stone
849 117 284 stone
849 117 285 stone
849 117 286 stone
849 117 287 stone
849 117 288 stone
849 117 289 stone
849 117 290 stone
849 117 291 stone
849 117 292 stone
849 117 293 stone
849 117 294 stone
849 117 295 stone
849 117 296 stone
849 117 297 stone
849 117 298 stone
849 117 299 stone
849 117 300 stone
849 117 301 stone
849 117 302 stone
849 117 303 stone
849 117 304 stone
849 117 305 stone
849 117 306 stone
849 117 307 stone
849 117 308 stone
849 117 309 stone
849 117 310 stone
849 117 311 stone
849 117 312 stone
849 117 313 stone
849 117 314 stone
849 117 326 stone
849 117 330 stone
849 117 331 stone
849 117 332 stone
849 117 333 stone
849 117 334 stone
849 117 335 stone
849 117 336 stone
849 117 337 stone
849 117 338 stone
849 117 339 stone
849 117 340 stone
849 117 341 stone
849 117 342 stone
849 117 343 stone
849 117 344 stone
849 117 345 stone
849 117 346 stone
849 117 347 stone
849 117 348 stone
849 117 349 stone
849 117 350 stone
849 117 351 stone
849 117 352 stone
849 117 353 stone
849 117 354 granite
849 117 355 granite
849 117 356 granite
849 117 357 granite
849 117 358 granite
849 117 359 granite
849 117 360 granite
849 117 361 granite
849 117 362 granite
849 117 363 granite
849 117 364 diorite
849 117 365 diorite
849 117 366 diorite
849 117 367 diorite
849 117 368 diorite
849 117 369 diorite
849 117 370 diorite
849 117 371 stone
849 117 372 stone
849 117 373 stone
849 117 374 stone
849 117 375 stone
849 117 376 stone
849 117 377 stone
849 117 378 stone
849 117 379 stone
849 117 380 stone
849 117 381 stone
849 117 382 stone
849 117 383 stone
849 117 384 stone
849 117 385 stone
849 117 386 stone
849 117 387 stone
849 117 388 stone
849 117 389 stone
849 117 390 stone
849 117 391 andesite
849 117 392 andesite
849 117 393 stone
849 117 394 stone
849 117 395 stone
849 117 396 water[level=0]
849 117 397 water[level=0]
849 117 398 water[level=0]
849 117 399 water[level=0]
849 117 400 water[level=0]
849 117 401 water[level=0]
849 117 402 water[level=0]
849 117 403 stone
849 117 404 stone
849 117 405 andesite
849 117 406 water[level=0]
849 117 407 water[level=0]
849 117 408 water[level=0]
849 117 409 water[level=0]
849 117 410 water[level=0]
849 117 411 water[level=0]
849 117 412 water[level=0]
849 117 413 stone
849 117 414 stone
849 117 415 stone
849 117 416 stone
849 117 417 stone
849 117 418 stone
849 117 419 stone
849 117 420 stone
849 117 421 stone
849 117 422 stone
849 117 423 stone
849 117 424 stone
849 117 425 stone
849 117 426 stone
849 117 427 stone
849 117 428 stone
849 117 429 stone
849 117 430 stone
849 117 431 stone
849 117 432 stone
849 117 433 stone
849 117 434 stone
849 117 435 stone
849 117 436 stone
849 117 437 stone
849 117 438 stone
849 117 439 dirt
849 117 440 water[level=0]
849 117 441 water[level=0]
849 117 442 water[level=0]
849 117 443 water[level=0]
849 117 444 water[level=0]
849 117 445 water[level=0]
849 117 446 water[level=0]
849 117 447 water[level=0]
849 117 448 water[level=0]
849 117 449 water[level=0]
849 117 450 water[level=0]
849 117 451 water[level=0]
849 117 452 water[level=0]
849 117 453 water[level=0]
849 117 454 water[level=0]
849 117 455 water[level=0]
849 117 456 water[level=0]
849 117 457 water[level=0]
849 117 458 water[level=0]
849 117 459 water[level=0]
849 117 460 water[level=0]
849 117 461 water[level=0]
849 117 462 water[level=0]
849 117 463 water[level=0]
849 117 464 water[level=0]
849 117 465 water[level=0]
849 117 466 water[level=0]
849 117 467 water[level=0]
849 117 468 water[level=0]
849 117 469 water[level=0]
849 117 470 water[level=0]
849 117 471 water[level=0]
849 117 472 water[level=0]
849 117 473 water[level=0]
849 117 474 water[level=0]
849 117 475 water[level=0]
849 117 476 water[level=0]
849 117 477 stone
849 117 478 stone
849 117 479 stone
849 117 480 stone
849 117 481 stone
849 117 482 granite
849 117 483 granite
849 117 484 granite
849 117 485 granite
849 117 486 granite
849 117 487 granite
849 117 488 granite
849 117 489 granite
849 117 490 granite
849 117 491 granite
849 117 492 granite
849 117 493 stone
849 117 494 stone
849 117 495 stone
849 117 496 stone
849 117 497 diorite
849 117 498 diorite
849 117 499 diorite
849 117 500 diorite
849 117 501 diorite
849 117 502 diorite
849 117 503 copper_ore
849 117 504 copper_ore
849 117 505 copper_ore
849 117 506 diorite
849 117 507 diorite
849 117 508 diorite
849 117 509 stone
849 117 510 stone
849 117 511 diorite
849 117 512 diorite
849 117 513 diorite
849 117 514 diorite
849 117 515 diorite
849 117 516 diorite
849 117 517 diorite
849 117 518 stone
849 117 519 stone
849 117 520 granite
849 117 521 granite
849 117 522 granite
849 117 523 stone
849 117 524 stone
849 117 525 stone
849 117 526 stone
849 117 527 stone
849 117 528 stone
849 117 529 stone
849 117 530 stone
849 117 531 stone
849 117 532 stone
849 117 533 stone
849 117 534 stone
849 117 535 stone
849 117 536 stone
849 117 537 stone
849 117 538 stone
849 117 539 stone
849 117 540 stone
849 117 541 stone
849 117 542 stone
849 117 543 stone
849 117 544 stone
849 117 545 stone
849 117 546 stone
849 117 547 stone
849 117 548 stone
849 117 549 stone
849 117 550 stone
849 117 551 stone
849 117 552 stone
849 117 553 dirt
849 117 554 dirt
849 117 555 dirt
849 117 556 stone
849 117 557 stone
849 117 558 stone
849 117 559 stone
849 117 560 stone
849 117 561 stone
849 117 562 stone
849 117 563 stone
849 117 564 stone
849 117 565 stone
849 117 566 stone
849 117 567 stone
849 117 568 stone
849 117 569 stone
849 117 570 stone
849 117 571 coal_ore
849 117 572 coal_ore
849 117 573 stone
849 117 574 diorite
849 117 575 diorite
849 117 576 diorite
849 117 577 diorite
849 117 578 diorite
849 117 579 diorite
849 117 580 diorite
849 117 581 diorite
849 117 582 diorite
849 117 583 diorite
849 117 584 stone
849 117 585 stone
849 117 586 stone
849 117 587 stone
849 117 588 stone
849 117 589 stone
849 117 590 stone
849 117 591 stone
849 117 592 stone
849 117 593 stone
849 117 594 stone
849 117 595 stone
849 117 596 stone
849 117 597 diorite
849 117 598 gravel
849 117 599 gravel
849 117 600 stone
849 117 601 stone
849 117 602 stone
849 117 603 stone
849 117 604 stone
849 117 605 stone
849 117 606 stone
849 117 607 stone
849 117 608 stone
849 117 609 stone
849 117 610 stone
849 117 611 stone
849 117 612 stone
849 117 613 infested_stone
849 117 614 infested_stone
849 117 615 stone
849 117 616 stone
849 117 617 stone
849 117 618 stone
849 117 619 stone
849 117 620 stone
849 117 621 stone
849 117 622 stone
849 117 623 stone
849 117 624 stone
849 117 625 stone
849 117 626 stone
849 117 627 stone
849 117 628 stone
849 117 629 stone
849 117 630 stone
849 117 631 stone
849 117 632 stone
849 117 633 stone
849 117 634 stone
849 117 635 granite
849 117 636 granite
849 117 637 granite
849 117 638 granite
849 117 639 granite
849 117 640 granite
849 117 641 granite
849 117 642 granite
849 117 643 granite
849 117 644 granite
849 117 645 granite
849 117 646 granite
849 117 647 granite
849 117 648 stone
849 117 649 stone
849 117 650 stone
849 117 651 stone
849 117 652 stone
849 117 653 stone
849 117 654 stone
849 117 655 stone
849 117 656 stone
849 117 657 stone
849 117 658 stone
849 117 659 stone
849 117 660 stone
849 117 661 stone
849 117 662 stone
849 117 663 stone
849 117 664 stone
849 117 665 stone
849 117 666 stone
849 117 667 stone
849 117 668 stone
849 117 669 stone
849 117 670 stone
849 117 671 stone
849 117 672 stone
849 117 673 stone
849 117 674 stone
849 117 675 copper_ore
849 117 676 stone
849 117 677 stone
849 117 678 stone
849 117 679 stone
849 117 680 stone
849 117 681 stone
849 117 682 stone
849 117 683 stone
849 117 684 stone
849 117 685 stone
849 117 686 stone
849 117 687 granite
849 117 692 granite
849 117 693 granite
849 117 694 stone
849 117 695 stone
849 117 696 stone
849 117 697 stone
849 117 698 stone
849 117 710 stone
849 117 711 stone
849 117 712 stone
849 117 713 stone
849 117 714 stone
849 117 715 stone
849 117 716 stone
849 117 717 stone
849 117 718 stone
849 117 719 stone
849 117 720 andesite
849 117 721 andesite
849 117 722 andesite
849 117 723 stone
849 117 724 stone
849 117 725 stone
849 117 726 stone
849 117 732 stone
849 117 733 stone
849 117 734 stone
849 117 735 stone
849 117 736 stone
849 117 737 stone
849 117 738 stone
849 117 739 stone
849 117 740 stone
849 117 741 stone
849 117 742 stone
849 117 743 stone
849 117 744 stone
849 117 745 stone
849 117 746 dirt
849 117 747 dirt
849 117 748 diorite
849 117 749 diorite
849 117 750 diorite
849 117 751 diorite
849 117 757 copper_ore
849 117 758 stone
849 117 759 stone
849 117 760 stone
849 117 761 dirt
849 117 762 dirt
849 117 763 stone
849 117 764 stone
849 117 765 stone
849 117 766 stone
849 117 783 stone
849 117 784 stone
849 117 785 stone
849 117 786 stone
849 117 787 stone
849 117 788 stone
849 117 789 stone
849 117 790 stone
849 117 791 stone
849 117 792 stone
849 117 793 stone
849 117 794 stone
849 117 795 stone
849 117 796 stone
849 117 797 stone
849 117 798 stone
849 117 799 stone
849 117 800 stone
849 117 801 stone
849 117 802 stone
849 117 803 stone
849 117 804 stone
849 117 805 stone
849 117 806 stone
849 117 807 stone
849 117 808 stone
849 117 809 stone
849 117 810 stone
849 117 811 stone
849 117 812 stone
849 117 813 stone
849 117 814 stone
849 117 815 stone
849 117 816 stone
849 117 817 stone
849 117 818 stone
849 117 819 stone
849 117 820 stone
849 117 821 stone
849 117 822 stone
849 117 823 stone
849 117 824 stone
849 117 825 stone
849 117 826 granite
849 117 827 granite
849 117 828 granite
849 117 829 granite
849 117 830 granite
849 117 831 granite
849 117 832 stone
849 117 833 copper_ore
849 117 834 copper_ore
849 117 835 stone
849 117 836 stone
849 117 837 stone
849 117 838 stone
849 117 839 stone
849 117 840 stone
849 117 841 stone
849 117 842 stone
849 117 843 stone
849 117 844 stone
849 117 845 stone
849 117 846 stone
849 117 847 stone
849 117 849 stone
849 117 850 stone
849 117 851 stone
849 117 852 stone
849 117 853 stone
849 117 854 copper_ore
849 117 855 copper_ore
849 117 856 granite
849 117 857 granite
849 117 858 stone
849 117 859 stone
849 117 860 stone
849 117 861 stone
849 117 862 stone
849 117 863 stone
849 117 864 stone
849 117 865 stone
849 117 866 stone
849 117 867 stone
849 117 868 stone
849 117 869 dirt
849 117 870 dirt
849 117 871 dirt
849 117 872 dirt
849 117 873 dirt
849 117 874 dirt
849 117 875 dirt
849 117 876 dirt
849 117 877 dirt
849 117 878 andesite
849 117 879 andesite
849 117 880 andesite
849 117 881 andesite
849 117 882 andesite
849 117 883 andesite
849 117 884 andesite
849 117 885 andesite
849 117 887 andesite
849 117 888 andesite
849 117 889 andesite
849 117 890 stone
849 117 891 stone
849 117 892 stone
849 117 893 stone
849 117 894 stone
849 117 895 dirt
849 117 896 dirt
849 117 897 dirt
849 117 898 dirt
849 117 899 dirt
849 117 900 dirt
849 117 901 dirt
849 117 902 stone
849 117 903 stone
849 117 904 stone
849 117 905 stone
849 117 906 stone
849 117 907 stone
849 117 908 stone
849 117 909 stone
849 117 910 granite
849 117 911 granite
849 117 912 granite
849 117 913 granite
849 117 914 granite
849 117 915 granite
849 117 916 granite
849 117 917 granite
849 117 918 gravel
849 117 919 gravel
849 117 920 gravel
849 117 921 gravel
849 117 922 gravel
849 117 923 granite
849 117 924 granite
849 117 925 stone
849 117 926 stone
849 117 927 stone
849 117 928 stone
849 117 929 stone
849 117 930 stone
849 117 931 stone
849 117 932 stone
849 117 933 stone
849 117 934 stone
849 117 935 stone
849 117 936 stone
849 117 937 stone
849 117 938 stone
849 117 939 stone
849 117 940 stone
849 117 941 stone
849 117 942 stone
849 117 943 stone
849 117 944 stone
849 117 945 stone
849 117 946 stone
849 117 947 stone
849 117 948 stone
849 117 949 stone
849 117 950 stone
849 117 951 stone
849 117 952 water[level=0]
849 117 953 water[level=0]
849 117 954 water[level=0]
849 117 955 water[level=0]
849 117 956 water[level=0]
849 117 957 water[level=0]
849 117 958 dirt
849 117 959 granite
849 117 960 granite
849 117 961 dirt
849 117 962 granite
849 117 963 stone
849 117 964 stone
849 117 965 stone
849 117 966 stone
849 117 967 stone
849 117 968 stone
849 117 969 stone
849 117 970 stone
849 117 971 stone
849 117 972 stone
849 117 973 stone
849 117 974 stone
849 117 975 stone
849 117 976 stone
849 117 977 stone
849 117 978 stone
849 117 979 stone
849 117 980 stone
849 117 981 stone
849 117 982 stone
849 117 983 stone
849 117 984 stone
849 117 985 stone
849 117 986 stone
849 117 987 stone
849 117 988 stone
849 117 989 stone
849 117 990 stone
849 117 991 stone
849 117 992 stone
849 117 993 stone
849 117 994 stone
849 117 995 stone
849 117 996 stone
849 117 997 stone
849 117 998 stone
849 117 999 stone
849 117 1000 stone
849 117 1001 stone
849 117 1002 stone
849 117 1003 andesite
849 117 1004 andesite
849 117 1005 andesite
849 117 1006 andesite
849 117 1007 diorite
849 117 1008 diorite
849 117 1009 diorite
849 117 1010 diorite
849 117 1011 diorite
849 117 1012 stone
849 117 1013 stone
849 117 1014 granite
849 117 1015 granite
849 117 1016 granite
849 117 1017 granite
849 117 1018 granite
849 117 1019 granite
849 117 1020 stone
849 117 1021 stone
849 117 1022 stone
849 117 1023 stone
849 118 0 stone
849 118 1 stone
849 118 2 stone
849 118 3 stone
849 118 4 stone
849 118 5 stone
849 118 6 stone
849 118 7 stone
849 118 8 stone
849 118 9 stone
849 118 10 stone
849 118 11 stone
849 118 12 stone
849 118 13 stone
849 118 14 stone
849 118 15 stone
849 118 16 stone
849 118 17 stone
849 118 18 stone
849 118 19 copper_ore
849 118 20 copper_ore
849 118 21 stone
849 118 22 stone
849 118 23 stone
849 118 24 stone
849 118 25 stone
849 118 26 stone
849 118 27 stone
849 118 28 stone
849 118 29 stone
849 118 30 stone
849 118 31 stone
849 118 32 stone
849 118 33 stone
849 118 34 stone
849 118 35 stone
849 118 36 stone
849 118 37 stone
849 118 38 stone
849 118 39 stone
849 118 40 stone
849 118 41 stone
849 118 42 stone
849 118 43 stone
849 118 44 stone
849 118 45 stone
849 118 46 stone
849 118 47 stone
849 118 48 stone
849 118 49 stone
849 118 50 stone
849 118 51 stone
849 118 52 stone
849 118 53 stone
849 118 54 stone
849 118 55 stone
849 118 56 stone
849 118 57 stone
849 118 58 stone
849 118 59 stone
849 118 60 stone
849 118 61 stone
849 118 62 stone
849 118 63 stone
849 118 64 stone
849 118 65 andesite
849 118 66 andesite
849 118 67 andesite
849 118 68 andesite
849 118 69 andesite
849 118 70 andesite
849 118 71 andesite
849 118 72 stone
849 118 73 stone
849 118 74 stone
849 118 75 stone
849 118 76 stone
849 118 77 stone
849 118 78 stone
849 118 79 stone
849 118 80 stone
849 118 81 stone
849 118 82 stone
849 118 83 stone
849 118 84 stone
849 118 85 stone
849 118 86 stone
849 118 87 stone
849 118 88 stone
849 118 89 stone
849 118 90 stone
849 118 91 stone
849 118 92 stone
849 118 93 stone
849 118 94 stone
849 118 95 stone
849 118 96 stone
849 118 97 stone
849 118 98 stone
849 118 99 stone
849 118 100 stone
849 118 101 stone
849 118 102 stone
849 118 103 stone
849 118 104 stone
849 118 105 stone
849 118 106 stone
849 118 107 granite
849 118 108 granite
849 118 109 granite
849 118 110 granite
849 118 111 granite
849 118 112 granite
849 118 113 granite
849 118 114 stone
849 118 115 stone
849 118 116 stone
849 118 117 stone
849 118 118 stone
849 118 119 stone
849 118 120 stone
849 118 121 stone
849 118 122 stone
849 118 123 stone
849 118 124 gravel
849 118 125 gravel
849 118 126 gravel
849 118 127 stone
849 118 128 stone
849 118 129 stone
849 118 130 stone
849 118 131 stone
849 118 132 stone
849 118 133 stone
849 118 134 granite
849 118 135 granite
849 118 136 granite
849 118 137 granite
849 118 138 granite
849 118 139 granite
849 118 140 stone
849 118 141 stone
849 118 142 stone
849 118 143 stone
849 118 149 stone
849 118 150 stone
849 118 151 stone
849 118 152 stone
849 118 153 stone
849 118 154 stone
849 118 155 stone
849 118 156 stone
849 118 157 stone
849 118 158 stone
849 118 159 stone
849 118 160 stone
849 118 161 stone
849 118 162 stone
849 118 163 stone
849 118 164 stone
849 118 165 stone
849 118 166 stone
849 118 167 stone
849 118 168 stone
849 118 169 stone
849 118 170 stone
849 118 171 stone
849 118 172 stone
849 118 173 stone
849 118 174 stone
849 118 175 stone
849 118 176 stone
849 118 177 stone
849 118 178 stone
849 118 179 diorite
849 118 180 diorite
849 118 181 diorite
849 118 182 diorite
849 118 183 diorite
849 118 184 diorite
849 118 185 stone
849 118 186 stone
849 118 187 stone
849 118 188 stone
849 118 189 stone
849 118 190 stone
849 118 191 stone
849 118 192 stone
849 118 193 copper_ore
849 118 194 stone
849 118 195 stone
849 118 196 stone
849 118 197 stone
849 118 198 stone
849 118 199 stone
849 118 200 stone
849 118 201 stone
849 118 202 stone
849 118 203 stone
849 118 204 stone
849 118 205 stone
849 118 206 stone
849 118 207 stone
849 118 208 stone
849 118 209 stone
849 118 210 diorite
849 118 211 diorite
849 118 212 diorite
849 118 213 diorite
849 118 214 diorite
849 118 215 diorite
849 118 216 diorite
849 118 217 diorite
849 118 218 diorite
849 118 219 diorite
849 118 220 diorite
849 118 221 diorite
849 118 222 stone
849 118 223 stone
849 118 224 stone
849 118 225 stone
849 118 226 stone
849 118 227 stone
849 118 228 diorite
849 118 229 diorite
849 118 230 diorite
849 118 231 diorite
849 118 232 diorite
849 118 233 stone
849 118 234 stone
849 118 235 stone
849 118 236 stone
849 118 237 stone
849 118 238 stone
849 118 239 stone
849 118 240 stone
849 118 241 stone
849 118 242 stone
849 118 243 stone
849 118 244 stone
849 118 245 stone
849 118 246 stone
849 118 247 stone
849 118 248 stone
849 118 249 stone
849 118 250 stone
849 118 251 stone
849 118 252 stone
849 118 253 stone
849 118 254 stone
849 118 255 stone
849 118 256 stone
849 118 257 stone
849 118 258 stone
849 118 259 stone
849 118 260 stone
849 118 261 stone
849 118 262 stone
849 118 263 stone
849 118 264 stone
849 118 265 stone
849 118 266 stone
849 118 267 stone
849 118 268 stone
849 118 269 stone
849 118 270 stone
849 118 271 diorite
849 118 272 diorite
849 118 273 diorite
849 118 274 diorite
849 118 275 diorite
849 118 276 diorite
849 118 277 diorite
849 118 278 diorite
849 118 279 stone
849 118 280 stone
849 118 281 stone
849 118 282 stone
849 118 283 stone
849 118 284 stone
849 118 285 stone
849 118 286 stone
849 118 287 stone
849 118 288 stone
849 118 289 stone
849 118 290 stone
849 118 291 stone
849 118 292 stone
849 118 293 stone
849 118 294 stone
849 118 295 gravel
849 118 296 gravel
849 118 297 stone
849 118 298 stone
849 118 299 stone
849 118 300 stone
849 118 301 stone
849 118 302 stone
849 118 303 stone
849 118 304 stone
849 118 305 stone
849 118 306 stone
849 118 307 stone
849 118 308 stone
849 118 309 stone
849 118 310 stone
849 118 311 stone
849 118 312 stone
849 118 313 stone
849 118 325 stone
849 118 330 stone
849 118 331 stone
849 118 332 stone
849 118 333 stone
849 118 337 stone
849 118 338 stone
849 118 339 stone
849 118 340 stone
849 118 341 stone
849 118 342 stone
849 118 343 stone
849 118 344 stone
849 118 345 stone
849 118 346 stone
849 118 347 stone
849 118 348 stone
849 118 349 stone
849 118 350 stone
849 118 351 stone
849 118 352 stone
849 118 353 stone
849 118 354 granite
849 118 355 granite
849 118 356 granite
849 118 357 granite
849 118 358 granite
849 118 359 granite
849 118 360 granite
849 118 361 granite
849 118 362 granite
849 118 363 diorite
849 118 364 diorite
849 118 365 diorite
849 118 366 diorite
849 118 367 diorite
849 118 368 diorite
849 118 369 diorite
849 118 370 diorite
849 118 371 stone
849 118 372 stone
849 118 373 stone
849 118 374 stone
849 118 375 stone
849 118 376 stone
849 118 377 lapis_ore
849 118 378 lapis_ore
849 118 379 stone
849 118 380 stone
849 118 381 stone
849 118 382 stone
849 118 383 stone
849 118 384 stone
849 118 385 stone
849 118 386 stone
849 118 387 stone
849 118 388 stone
849 118 389 stone
849 118 390 andesite
849 118 391 andesite
849 118 392 andesite
849 118 393 andesite
