948 155 648 grass_block[snowy=false]
948 155 649 dirt
948 155 650 dirt
948 155 651 coal_ore
948 155 652 coal_ore
948 155 653 dirt
948 155 654 dirt
fill 948 155 655 948 155 670 stone
948 155 671 gravel
fill 948 155 672 948 155 720 stone
fill 948 155 727 948 155 738 stone
fill 948 155 742 948 155 766 stone
948 155 767 gravel
949 155 650 grass_block[snowy=false]
949 155 651 dirt
949 155 652 stone
949 155 653 dirt
949 155 654 dirt
fill 949 155 655 949 155 671 stone
949 155 672 gravel
fill 949 155 673 949 155 713 stone
fill 949 155 717 949 155 722 stone
fill 949 155 727 949 155 739 stone
fill 949 155 741 949 155 767 stone
950 155 652 dirt
fill 950 155 653 950 155 713 stone
fill 950 155 718 950 155 722 stone
fill 950 155 728 950 155 760 stone
950 155 761 gravel
fill 950 155 762 950 155 767 stone
951 155 653 dirt
fill 951 155 654 951 155 713 stone
fill 951 155 718 951 155 723 stone
fill 951 155 728 951 155 760 stone
951 155 761 gravel
fill 951 155 762 951 155 767 stone
952 155 640 stone
952 155 654 dirt
fill 952 155 655 952 155 714 stone
fill 952 155 719 952 155 723 stone
fill 952 155 728 952 155 767 stone
953 155 640 stone
953 155 655 dirt
fill 953 155 656 953 155 715 stone
fill 953 155 718 953 155 723 stone
fill 953 155 728 953 155 736 stone
fill 953 155 738 953 155 748 stone
953 155 749 iron_ore
953 155 750 iron_ore
fill 953 155 751 953 155 767 stone
954 155 640 stone
954 155 655 grass_block[snowy=false]
fill 954 155 656 954 155 723 stone
fill 954 155 728 954 155 736 stone
fill 954 155 738 954 155 748 stone
954 155 749 iron_ore
954 155 750 iron_ore
fill 954 155 751 954 155 758 stone
fill 954 155 759 954 155 767 stone
955 155 640 stone
955 155 656 dirt
fill 955 155 657 955 155 717 stone
fill 955 155 718 955 155 721 diorite
955 155 722 stone
fill 955 155 728 955 155 736 stone
fill 955 155 738 955 155 767 stone
956 155 640 stone
956 155 656 dirt
fill 956 155 657 956 155 664 stone
956 155 665 iron_ore
956 155 666 iron_ore
fill 956 155 667 956 155 714 stone
fill 956 155 715 956 155 722 diorite
fill 956 155 727 956 155 736 stone
fill 956 155 738 956 155 748 stone
956 155 749 dirt
fill 956 155 750 956 155 767 stone
957 155 640 stone
957 155 656 dirt
957 155 657 dirt
fill 957 155 658 957 155 663 stone
fill 957 155 664 957 155 666 iron_ore
fill 957 155 667 957 155 713 stone
fill 957 155 714 957 155 721 diorite
fill 957 155 727 957 155 736 stone
fill 957 155 738 957 155 767 stone
958 155 640 stone
958 155 656 dirt
fill 958 155 657 958 155 711 stone
fill 958 155 712 958 155 721 diorite
fill 958 155 727 958 155 736 stone
fill 958 155 739 958 155 749 stone
958 155 750 dirt
fill 958 155 751 958 155 763 stone
fill 958 155 764 958 155 766 coal_ore
958 155 767 stone
959 155 640 stone
959 155 641 stone
959 155 656 dirt
fill 959 155 657 959 155 709 stone
fill 959 155 710 959 155 720 diorite
fill 959 155 726 959 155 734 stone
959 155 735 iron_ore
959 155 736 stone
fill 959 155 739 959 155 761 stone
fill 959 155 762 959 155 766 coal_ore
959 155 767 stone
fill 960 155 640 960 155 642 stone
960 155 655 dirt
fill 960 155 656 960 155 708 stone
fill 960 155 709 960 155 720 diorite
fill 960 155 726 960 155 736 stone
fill 960 155 740 960 155 762 stone
960 155 763 coal_ore
fill 960 155 764 960 155 767 stone
fill 961 155 640 961 155 642 stone
961 155 655 dirt
fill 961 155 656 961 155 670 stone
961 155 671 coal_ore
fill 961 155 672 961 155 705 stone
fill 961 155 707 961 155 717 diorite
961 155 720 stone
fill 961 155 725 961 155 737 stone
fill 961 155 740 961 155 767 stone
fill 962 155 640 962 155 642 stone
962 155 654 dirt
962 155 655 dirt
fill 962 155 656 962 155 669 stone
962 155 670 coal_ore
962 155 671 coal_ore
fill 962 155 672 962 155 703 stone
fill 962 155 708 962 155 710 diorite
fill 962 155 711 962 155 714 gravel
962 155 715 diorite
fill 962 155 724 962 155 737 stone
fill 962 155 741 962 155 767 stone
fill 963 155 640 963 155 642 stone
fill 963 155 654 963 155 656 dirt
fill 963 155 657 963 155 669 stone
963 155 670 coal_ore
963 155 671 coal_ore
fill 963 155 672 963 155 703 stone
fill 963 155 709 963 155 714 gravel
fill 963 155 723 963 155 738 stone
fill 963 155 740 963 155 767 stone
fill 964 155 640 964 155 642 stone
964 155 653 dirt_path
fill 964 155 654 964 155 657 dirt
fill 964 155 658 964 155 669 stone
964 155 670 coal_ore
964 155 671 coal_ore
fill 964 155 672 964 155 680 stone
fill 964 155 681 964 155 685 coal_ore
fill 964 155 686 964 155 703 stone
fill 964 155 708 964 155 714 gravel
fill 964 155 723 964 155 767 stone
fill 965 155 640 965 155 643 stone
fill 965 155 653 965 155 658 dirt
fill 965 155 659 965 155 669 stone
965 155 670 coal_ore
965 155 671 coal_ore
fill 965 155 672 965 155 680 stone
fill 965 155 681 965 155 685 coal_ore
fill 965 155 686 965 155 691 stone
965 155 692 dirt
965 155 693 dirt
fill 965 155 694 965 155 702 stone
965 155 703 stone
965 155 704 stone
965 155 707 diorite
fill 965 155 708 965 155 713 gravel
965 155 714 stone
965 155 715 stone
fill 965 155 722 965 155 767 stone
fill 966 155 640 966 155 643 stone
966 155 652 grass_block[snowy=false]
fill 966 155 653 966 155 661 dirt
fill 966 155 662 966 155 669 stone
966 155 670 coal_ore
966 155 671 coal_ore
fill 966 155 672 966 155 689 stone
fill 966 155 690 966 155 693 dirt
fill 966 155 694 966 155 704 stone
fill 966 155 705 966 155 707 diorite
fill 966 155 708 966 155 712 gravel
fill 966 155 713 966 155 716 stone
fill 966 155 722 966 155 755 stone
966 155 759 stone
fill 966 155 763 966 155 767 stone
fill 967 155 640 967 155 644 stone
967 155 651 grass_block[snowy=false]
fill 967 155 652 967 155 663 dirt
fill 967 155 664 967 155 682 stone
967 155 683 dirt
fill 967 155 684 967 155 688 stone
fill 967 155 689 967 155 693 dirt
fill 967 155 694 967 155 709 stone
967 155 710 gravel
fill 967 155 711 967 155 716 stone
fill 967 155 721 967 155 755 stone
fill 967 155 763 967 155 767 stone
fill 968 155 640 968 155 645 stone
968 155 650 grass_block[snowy=false]
fill 968 155 651 968 155 664 dirt
fill 968 155 665 968 155 680 stone
fill 968 155 681 968 155 683 dirt
fill 968 155 684 968 155 688 stone
fill 968 155 689 968 155 693 dirt
fill 968 155 694 968 155 715 stone
fill 968 155 721 968 155 744 stone
968 155 752 stone
fill 968 155 762 968 155 767 stone
969 155 640 dirt
fill 969 155 641 969 155 646 stone
fill 969 155 647 969 155 664 dirt
fill 969 155 665 969 155 680 stone
fill 969 155 681 969 155 683 dirt
fill 969 155 684 969 155 687 stone
fill 969 155 688 969 155 692 dirt
fill 969 155 693 969 155 710 stone
fill 969 155 720 969 155 745 stone
fill 969 155 764 969 155 767 stone
fill 970 155 640 970 155 643 dirt
970 155 644 stone
fill 970 155 645 970 155 664 dirt
fill 970 155 665 970 155 679 stone
fill 970 155 680 970 155 683 dirt
fill 970 155 684 970 155 687 stone
fill 970 155 688 970 155 692 dirt
fill 970 155 693 970 155 695 stone
970 155 696 emerald_ore
fill 970 155 697 970 155 709 stone
fill 970 155 720 970 155 749 stone
970 155 751 stone
fill 970 155 765 970 155 767 stone
fill 971 155 640 971 155 664 dirt
fill 971 155 665 971 155 679 stone
fill 971 155 680 971 155 683 dirt
fill 971 155 684 971 155 687 stone
fill 971 155 688 971 155 691 dirt
fill 971 155 692 971 155 708 stone
fill 971 155 719 971 155 722 stone
971 155 723 iron_ore
971 155 724 iron_ore
fill 971 155 725 971 155 752 stone
971 155 766 stone
971 155 767 stone
fill 972 155 640 972 155 663 dirt
fill 972 155 664 972 155 679 stone
fill 972 155 680 972 155 682 dirt
fill 972 155 683 972 155 688 stone
972 155 689 dirt
fill 972 155 690 972 155 708 stone
fill 972 155 718 972 155 721 stone
fill 972 155 722 972 155 724 iron_ore
fill 972 155 725 972 155 757 stone
972 155 766 stone
972 155 767 stone
fill 973 155 640 973 155 663 dirt
fill 973 155 664 973 155 679 stone
973 155 680 dirt
973 155 681 dirt
fill 973 155 682 973 155 709 stone
fill 973 155 715 973 155 722 stone
973 155 723 dirt
973 155 724 dirt
fill 973 155 725 973 155 733 stone
973 155 734 iron_ore
973 155 735 iron_ore
fill 973 155 736 973 155 752 stone
973 155 757 stone
973 155 758 stone
973 155 766 stone
973 155 767 stone
fill 974 155 640 974 155 663 dirt
fill 974 155 664 974 155 722 stone
fill 974 155 723 974 155 727 dirt
fill 974 155 728 974 155 733 stone
974 155 734 iron_ore
974 155 735 iron_ore
fill 974 155 736 974 155 751 stone
974 155 758 stone
974 155 766 stone
974 155 767 stone
fill 975 155 640 975 155 662 dirt
fill 975 155 663 975 155 722 stone
fill 975 155 723 975 155 728 dirt
fill 975 155 729 975 155 734 stone
975 155 735 iron_ore
fill 975 155 736 975 155 751 stone
975 155 766 stone
975 155 767 stone
fill 976 155 640 976 155 642 dirt
fill 976 155 643 976 155 661 dirt
fill 976 155 662 976 155 723 stone
fill 976 155 724 976 155 728 dirt
fill 976 155 729 976 155 751 stone
976 155 766 stone
976 155 767 stone
fill 977 155 640 977 155 644 dirt
977 155 645 grass_block[snowy=false]
fill 977 155 646 977 155 648 dirt_path
fill 977 155 649 977 155 652 grass_block[snowy=false]
fill 977 155 653 977 155 661 dirt
fill 977 155 662 977 155 708 stone
fill 977 155 709 977 155 711 copper_ore
fill 977 155 712 977 155 724 stone
fill 977 155 725 977 155 729 dirt
fill 977 155 730 977 155 752 stone
fill 977 155 765 977 155 767 gravel
fill 978 155 640 978 155 646 grass_block[snowy=false]
fill 978 155 649 978 155 652 grass_block[snowy=false]
978 155 653 dirt_path
978 155 654 dirt_path
fill 978 155 655 978 155 661 dirt
fill 978 155 662 978 155 708 stone
978 155 709 copper_ore
978 155 710 copper_ore
fill 978 155 711 978 155 725 stone
978 155 726 dirt
978 155 727 stone
978 155 728 dirt
978 155 729 dirt
fill 978 155 730 978 155 752 stone
fill 978 155 765 978 155 767 gravel
979 155 641 short_grass
979 155 645 short_grass
979 155 646 short_grass
fill 979 155 650 979 155 652 grass_block[snowy=false]
979 155 653 dirt_path
979 155 654 grass_block[snowy=false]
979 155 655 dirt_path
fill 979 155 656 979 155 661 dirt
fill 979 155 662 979 155 696 stone
979 155 697 copper_ore
fill 979 155 698 979 155 740 stone
979 155 741 coal_ore
fill 979 155 742 979 155 753 stone
fill 979 155 764 979 155 767 gravel
980 155 649 short_grass
fill 980 155 650 980 155 652 grass_block[snowy=false]
fill 980 155 653 980 155 655 dirt_path
fill 980 155 656 980 155 660 dirt
980 155 661 stone
980 155 662 dirt
fill 980 155 663 980 155 739 stone
980 155 740 coal_ore
980 155 741 coal_ore
fill 980 155 742 980 155 755 stone
980 155 763 stone
980 155 764 stone
fill 980 155 765 980 155 767 gravel
fill 981 155 640 981 155 645 cobblestone
981 155 646 short_grass
fill 981 155 650 981 155 652 grass_block[snowy=false]
fill 981 155 653 981 155 655 dirt_path
fill 981 155 656 981 155 664 dirt
fill 981 155 665 981 155 739 stone
981 155 740 coal_ore
981 155 741 coal_ore
fill 981 155 742 981 155 765 stone
981 155 766 gravel
981 155 767 gravel
fill 982 155 640 982 155 645 cobblestone
fill 982 155 650 982 155 652 grass_block[snowy=false]
982 155 653 dirt_path
982 155 654 grass_block[snowy=false]
fill 982 155 655 982 155 666 dirt
fill 982 155 667 982 155 739 stone
982 155 740 coal_ore
982 155 741 coal_ore
fill 982 155 742 982 155 767 stone
fill 983 155 640 983 155 642 cobblestone
983 155 643 oak_planks
983 155 644 cobblestone
983 155 645 cobblestone
fill 983 155 650 983 155 652 grass_block[snowy=false]
983 155 653 dirt_path
fill 983 155 654 983 155 669 dirt
983 155 670 snow_block
fill 983 155 671 983 155 767 stone
fill 984 155 640 984 155 642 cobblestone
984 155 643 oak_planks
984 155 644 cobblestone
984 155 645 cobblestone
984 155 647 wildflowers[facing=south,flower_amount=3]
984 155 650 grass_block[snowy=false]
984 155 651 grass_block[snowy=false]
fill 984 155 652 984 155 669 dirt
984 155 670 snow_block
fill 984 155 671 984 155 767 stone
fill 985 155 640 985 155 642 cobblestone
985 155 643 oak_planks
985 155 644 cobblestone
985 155 645 cobblestone
985 155 650 grass_block[snowy=false]
fill 985 155 651 985 155 667 dirt
985 155 668 dirt
985 155 669 dirt
985 155 670 snow_block
fill 985 155 671 985 155 767 stone
986 155 640 grass_block[snowy=false]
fill 986 155 641 986 155 645 cobblestone
986 155 647 short_grass
986 155 650 grass_block[snowy=false]
fill 986 155 651 986 155 668 dirt
986 155 669 snow_block
986 155 670 snow_block
fill 986 155 671 986 155 699 stone
fill 986 155 700 986 155 707 dirt
fill 986 155 708 986 155 767 stone
987 155 640 oak_trapdoor[facing=east,half=top,open=true,powered=false,waterlogged=false]
fill 987 155 641 987 155 643 cobblestone
987 155 644 mossy_cobblestone
987 155 645 cobblestone
987 155 650 grass_block[snowy=false]
fill 987 155 651 987 155 662 dirt
987 155 663 snow_block
987 155 664 stone
987 155 665 stone
987 155 666 snow_block
987 155 667 dirt
fill 987 155 668 987 155 670 snow_block
fill 987 155 671 987 155 693 stone
987 155 694 coal_ore
987 155 695 coal_ore
987 155 696 stone
987 155 697 stone
fill 987 155 698 987 155 707 dirt
fill 987 155 708 987 155 767 stone
988 155 640 cornflower
988 155 642 dandelion
988 155 644 dandelion
988 155 645 short_grass
988 155 650 grass_block[snowy=false]
fill 988 155 651 988 155 662 dirt
988 155 663 snow_block
988 155 664 stone
988 155 665 stone
fill 988 155 666 988 155 670 snow_block
fill 988 155 671 988 155 693 stone
fill 988 155 694 988 155 696 coal_ore
988 155 697 stone
fill 988 155 698 988 155 707 dirt
fill 988 155 708 988 155 767 stone
989 155 640 short_grass
989 155 641 short_grass
989 155 643 short_grass
fill 989 155 651 989 155 660 dirt
fill 989 155 661 989 155 664 snow_block
989 155 665 stone
989 155 666 stone
fill 989 155 667 989 155 670 snow_block
fill 989 155 671 989 155 693 stone
fill 989 155 694 989 155 696 coal_ore
989 155 697 stone
fill 989 155 698 989 155 704 dirt
fill 989 155 705 989 155 767 stone
fill 990 155 651 990 155 659 dirt
fill 990 155 660 990 155 664 snow_block
fill 990 155 665 990 155 667 stone
fill 990 155 668 990 155 670 snow_block
fill 990 155 671 990 155 767 stone
991 155 651 grass_block[snowy=false]
fill 991 155 652 991 155 658 dirt
fill 991 155 659 991 155 665 snow_block
fill 991 155 666 991 155 668 stone
991 155 669 snow_block
991 155 670 snow_block
fill 991 155 671 991 155 679 stone
991 155 680 gravel
991 155 681 gravel
fill 991 155 682 991 155 767 stone
fill 992 155 652 992 155 659 dirt
fill 992 155 660 992 155 667 snow_block
992 155 668 stone
992 155 669 stone
992 155 670 snow_block
fill 992 155 671 992 155 680 stone
992 155 681 gravel
fill 992 155 682 992 155 767 stone
fill 993 155 652 993 155 659 dirt
fill 993 155 660 993 155 668 snow_block
fill 993 155 669 993 155 767 stone
994 155 642 oak_log[axis=y]
994 155 643 oak_log[axis=z]
994 155 644 glass_pane[east=false,north=true,south=true,waterlogged=false,west=false]
994 155 645 oak_log[axis=z]
994 155 646 oak_log[axis=y]
994 155 652 grass_block[snowy=false]
fill 994 155 653 994 155 659 dirt
fill 994 155 660 994 155 668 snow_block
fill 994 155 669 994 155 691 stone
fill 994 155 692 994 155 767 stone
995 155 642 oak_log[axis=x]
995 155 646 oak_log[axis=x]
995 155 653 grass_block[snowy=false]
995 155 654 dirt_path
fill 995 155 655 995 155 659 dirt
fill 995 155 660 995 155 669 snow_block
fill 995 155 670 995 155 767 stone
996 155 642 glass_pane[east=true,north=false,south=false,waterlogged=false,west=true]
996 155 646 glass_pane[east=true,north=false,south=false,waterlogged=false,west=true]
996 155 656 grass_block[snowy=false]
996 155 657 grass_block[snowy=false]
fill 996 155 658 996 155 660 dirt
fill 996 155 661 996 155 669 snow_block
fill 996 155 670 996 155 691 stone
996 155 692 dirt
fill 996 155 693 996 155 698 stone
996 155 699 coal_ore
fill 996 155 700 996 155 767 stone
997 155 642 oak_log[axis=x]
997 155 646 oak_log[axis=x]
997 155 658 grass_block[snowy=false]
997 155 659 grass_block[snowy=false]
997 155 660 dirt
fill 997 155 661 997 155 668 snow_block
fill 997 155 669 997 155 690 stone
fill 997 155 691 997 155 693 dirt
fill 997 155 694 997 155 697 stone
fill 997 155 698 997 155 701 coal_ore
fill 997 155 702 997 155 758 stone
997 155 759 coal_ore
997 155 760 coal_ore
fill 997 155 761 997 155 767 stone
998 155 642 oak_log[axis=y]
998 155 643 cobblestone
998 155 644 oak_door[facing=west,half=upper,hinge=right,open=false,powered=false]
998 155 645 cobblestone
998 155 646 oak_log[axis=y]
998 155 659 short_grass
998 155 660 grass_block[snowy=false]
fill 998 155 661 998 155 667 snow_block
fill 998 155 668 998 155 690 stone
fill 998 155 691 998 155 693 dirt
fill 998 155 694 998 155 697 stone
fill 998 155 698 998 155 701 coal_ore
fill 998 155 702 998 155 727 stone
998 155 728 gravel
fill 998 155 729 998 155 757 stone
fill 998 155 758 998 155 760 coal_ore
fill 998 155 761 998 155 767 stone
999 155 654 short_grass
999 155 657 short_grass
fill 999 155 661 999 155 667 snow_block
fill 999 155 668 999 155 690 stone
fill 999 155 691 999 155 694 dirt
fill 999 155 695 999 155 716 stone
fill 999 155 717 999 155 719 coal_ore
fill 999 155 720 999 155 726 stone
fill 999 155 727 999 155 729 gravel
fill 999 155 730 999 155 749 stone
999 155 750 gravel
fill 999 155 751 999 155 757 stone
fill 999 155 758 999 155 760 coal_ore
fill 999 155 761 999 155 767 stone
1000 155 661 snow[layers=1]
fill 1000 155 662 1000 155 668 snow_block
fill 1000 155 669 1000 155 690 stone
fill 1000 155 691 1000 155 694 dirt
fill 1000 155 695 1000 155 716 stone
fill 1000 155 717 1000 155 720 coal_ore
fill 1000 155 721 1000 155 726 stone
fill 1000 155 727 1000 155 729 gravel
fill 1000 155 730 1000 155 747 stone
fill 1000 155 748 1000 155 751 gravel
fill 1000 155 752 1000 155 758 stone
1000 155 759 coal_ore
1000 155 760 coal_ore
fill 1000 155 761 1000 155 767 stone
1001 155 662 snow[layers=1]
fill 1001 155 663 1001 155 668 snow_block
fill 1001 155 669 1001 155 691 stone
fill 1001 155 692 1001 155 694 dirt
fill 1001 155 695 1001 155 714 stone
fill 1001 155 715 1001 155 719 coal_ore
fill 1001 155 720 1001 155 726 stone
fill 1001 155 727 1001 155 730 gravel
fill 1001 155 731 1001 155 748 stone
1001 155 749 gravel
fill 1001 155 750 1001 155 758 stone
1001 155 759 coal_ore
1001 155 760 coal_ore
fill 1001 155 761 1001 155 767 stone
1002 155 662 snow[layers=1]
1002 155 663 snow[layers=1]
fill 1002 155 664 1002 155 668 snow_block
fill 1002 155 669 1002 155 691 stone
fill 1002 155 692 1002 155 694 dirt
fill 1002 155 695 1002 155 713 stone
fill 1002 155 714 1002 155 718 coal_ore
fill 1002 155 719 1002 155 726 stone
fill 1002 155 727 1002 155 730 gravel
fill 1002 155 731 1002 155 767 stone
fill 1003 155 666 1003 155 669 snow_block
fill 1003 155 670 1003 155 692 stone
1003 155 693 dirt
fill 1003 155 694 1003 155 714 stone
1003 155 715 coal_ore
fill 1003 155 716 1003 155 727 stone
1003 155 728 gravel
1003 155 729 gravel
fill 1003 155 730 1003 155 746 stone
1003 155 747 coal_ore
1003 155 748 coal_ore
fill 1003 155 749 1003 155 767 stone
1004 155 666 snow[layers=1]
fill 1004 155 667 1004 155 669 snow_block
fill 1004 155 670 1004 155 727 stone
fill 1004 155 728 1004 155 730 gravel
fill 1004 155 731 1004 155 745 stone
1004 155 746 coal_ore
1004 155 747 coal_ore
fill 1004 155 748 1004 155 767 stone
1005 155 667 snow[layers=1]
fill 1005 155 668 1005 155 670 snow_block
fill 1005 155 671 1005 155 728 stone
1005 155 729 gravel
1005 155 730 gravel
fill 1005 155 731 1005 155 745 stone
1005 155 746 coal_ore
1005 155 747 coal_ore
1005 155 748 stone
1005 155 749 stone
1005 155 750 coal_ore
fill 1005 155 751 1005 155 767 stone
1006 155 669 grass_block[snowy=false]
1006 155 670 snow_block
fill 1006 155 671 1006 155 744 stone
1006 155 745 coal_ore
1006 155 746 coal_ore
1006 155 747 stone
1006 155 748 stone
1006 155 749 coal_ore
1006 155 750 coal_ore
fill 1006 155 751 1006 155 767 stone
1007 155 670 grass_block[snowy=false]
fill 1007 155 671 1007 155 745 stone
1007 155 746 coal_ore
1007 155 747 stone
1007 155 748 stone
1007 155 749 coal_ore
1007 155 750 coal_ore
fill 1007 155 751 1007 155 767 stone
fill 1008 155 672 1008 155 686 stone
1008 155 687 copper_ore
1008 155 688 copper_ore
fill 1008 155 689 1008 155 748 stone
1008 155 749 coal_ore
1008 155 750 coal_ore
fill 1008 155 751 1008 155 767 stone
1009 155 673 snow[layers=1]
fill 1009 155 674 1009 155 686 stone
1009 155 687 copper_ore
1009 155 688 copper_ore
fill 1009 155 689 1009 155 748 stone
1009 155 749 coal_ore
fill 1009 155 750 1009 155 763 stone
1009 155 764 coal_ore
fill 1009 155 765 1009 155 767 stone
fill 1010 155 675 1010 155 686 stone
1010 155 687 copper_ore
fill 1010 155 688 1010 155 762 stone
fill 1010 155 763 1010 155 765 coal_ore
1010 155 766 stone
1010 155 767 stone
fill 1011 155 677 1011 155 712 stone
1011 155 713 iron_ore
fill 1011 155 714 1011 155 762 stone