853 112 488 stone
853 112 489 stone
853 112 490 stone
853 112 491 stone
853 112 492 stone
853 112 493 stone
853 112 494 stone
853 112 495 stone
853 112 496 stone
853 112 497 stone
853 112 498 stone
853 112 499 stone
853 112 500 stone
853 112 501 stone
853 112 502 diorite
853 112 503 diorite
853 112 504 diorite
853 112 505 diorite
853 112 506 diorite
853 112 507 diorite
853 112 508 diorite
853 112 509 diorite
853 112 510 diorite
853 112 511 stone
853 112 512 diorite
853 112 513 diorite
853 112 514 diorite
853 112 515 diorite
853 112 516 diorite
853 112 517 diorite
853 112 518 stone
853 112 519 stone
853 112 520 stone
853 112 521 stone
853 112 522 stone
853 112 523 stone
853 112 524 stone
853 112 525 stone
853 112 526 stone
853 112 527 stone
853 112 528 stone
853 112 529 stone
853 112 530 stone
853 112 531 stone
853 112 532 stone
853 112 533 stone
853 112 534 stone
853 112 535 stone
853 112 536 stone
853 112 537 stone
853 112 538 stone
853 112 539 stone
853 112 540 stone
853 112 541 stone
853 112 542 stone
853 112 543 stone
853 112 544 stone
853 112 545 stone
853 112 546 stone
853 112 547 stone
853 112 548 stone
853 112 549 stone
853 112 550 stone
853 112 551 stone
853 112 552 stone
853 112 553 stone
853 112 554 stone
853 112 555 stone
853 112 556 stone
853 112 557 stone
853 112 558 stone
853 112 559 stone
853 112 560 stone
853 112 561 stone
853 112 562 stone
853 112 563 stone
853 112 564 andesite
853 112 565 andesite
853 112 566 andesite
853 112 567 andesite
853 112 568 andesite
853 112 569 andesite
853 112 570 andesite
853 112 571 andesite
853 112 572 stone
853 112 573 stone
853 112 574 stone
853 112 575 stone
853 112 576 stone
853 112 577 stone
853 112 578 stone
853 112 579 stone
853 112 580 stone
853 112 581 stone
853 112 582 stone
853 112 583 stone
853 112 584 stone
853 112 585 stone
853 112 586 stone
853 112 587 stone
853 112 588 gravel
853 112 589 gravel
853 112 590 stone
853 112 591 stone
853 112 592 stone
853 112 593 stone
853 112 594 stone
853 112 595 stone
853 112 596 stone
853 112 597 stone
853 112 598 stone
853 112 599 stone
853 112 600 stone
853 112 601 stone
853 112 602 coal_ore
853 112 603 coal_ore
853 112 604 stone
853 112 605 stone
853 112 606 stone
853 112 607 stone
853 112 608 stone
853 112 609 stone
853 112 610 stone
853 112 611 stone
853 112 612 stone
853 112 613 stone
853 112 614 stone
853 112 615 stone
853 112 616 stone
853 112 617 stone
853 112 618 stone
853 112 619 stone
853 112 620 stone
853 112 621 stone
853 112 622 stone
853 112 623 iron_ore
853 112 624 stone
853 112 625 stone
853 112 626 stone
853 112 627 stone
853 112 628 stone
853 112 629 stone
853 112 630 stone
853 112 631 stone
853 112 632 stone
853 112 633 stone
853 112 634 stone
853 112 635 stone
853 112 636 stone
853 112 637 stone
853 112 638 stone
853 112 639 stone
853 112 640 gravel
853 112 641 gravel
853 112 642 gravel
853 112 643 gravel
853 112 644 stone
853 112 645 stone
853 112 646 stone
853 112 647 stone
853 112 648 stone
853 112 649 stone
853 112 650 stone
853 112 651 stone
853 112 652 stone
853 112 653 stone
853 112 654 stone
853 112 655 stone
853 112 656 stone
853 112 657 stone
853 112 658 stone
853 112 659 stone
853 112 660 stone
853 112 661 andesite
853 112 662 andesite
853 112 663 andesite
853 112 664 andesite
853 112 665 andesite
853 112 666 andesite
853 112 667 andesite
853 112 668 andesite
853 112 669 stone
853 112 670 stone
853 112 671 stone
853 112 672 dirt
853 112 673 dirt
853 112 674 dirt
853 112 675 dirt
853 112 676 dirt
853 112 677 dirt
853 112 678 stone
853 112 679 stone
853 112 680 stone
853 112 681 stone
853 112 682 stone
853 112 683 stone
853 112 684 stone
853 112 685 stone
853 112 686 stone
853 112 687 stone
853 112 688 stone
853 112 689 stone
853 112 690 stone
853 112 691 stone
853 112 692 stone
853 112 693 stone
853 112 694 stone
853 112 695 stone
853 112 696 stone
853 112 697 stone
853 112 698 stone
853 112 699 stone
853 112 700 stone
853 112 701 stone
853 112 702 stone
853 112 703 stone
853 112 704 stone
853 112 705 stone
853 112 706 stone
853 112 707 stone
853 112 708 stone
853 112 709 stone
853 112 710 stone
853 112 711 stone
853 112 712 stone
853 112 713 stone
853 112 714 stone
853 112 715 stone
853 112 716 stone
853 112 717 stone
853 112 718 stone
853 112 719 stone
853 112 720 stone
853 112 721 stone
853 112 722 stone
853 112 723 stone
853 112 724 stone
853 112 725 stone
853 112 726 stone
853 112 727 stone
853 112 728 stone
853 112 729 stone
853 112 730 stone
853 112 731 stone
853 112 732 stone
853 112 733 stone
853 112 734 stone
853 112 735 stone
853 112 736 stone
853 112 737 stone
853 112 738 stone
853 112 739 stone
853 112 740 stone
853 112 741 stone
853 112 742 stone
853 112 743 stone
853 112 744 dirt
853 112 745 dirt
853 112 746 stone
853 112 747 stone
853 112 756 stone
853 112 757 gravel
853 112 758 stone
853 112 759 stone
853 112 760 stone
853 112 761 stone
853 112 762 stone
853 112 763 stone
853 112 764 stone
853 112 765 stone
853 112 766 stone
853 112 780 stone
853 112 781 stone
853 112 782 stone
853 112 783 stone
853 112 784 stone
853 112 785 stone
853 112 786 stone
853 112 787 stone
853 112 788 stone
853 112 789 stone
853 112 790 stone
853 112 791 stone
853 112 792 stone
853 112 793 stone
853 112 794 stone
853 112 795 stone
853 112 796 stone
853 112 797 stone
853 112 798 stone
853 112 799 stone
853 112 800 stone
853 112 801 stone
853 112 802 stone
853 112 803 stone
853 112 804 stone
853 112 805 stone
853 112 806 stone
853 112 807 stone
853 112 808 stone
853 112 809 stone
853 112 810 stone
853 112 811 stone
853 112 812 stone
853 112 813 stone
853 112 814 stone
853 112 815 stone
853 112 816 stone
853 112 817 stone
853 112 818 stone
853 112 819 stone
853 112 820 stone
853 112 821 stone
853 112 822 stone
853 112 832 stone
853 112 833 stone
853 112 834 stone
853 112 835 stone
853 112 836 stone
853 112 837 stone
853 112 838 andesite
853 112 839 andesite
853 112 840 andesite
853 112 841 andesite
853 112 842 andesite
853 112 843 andesite
853 112 844 andesite
853 112 845 andesite
853 112 857 stone
853 112 858 stone
853 112 859 stone
853 112 860 stone
853 112 861 stone
853 112 862 copper_ore
853 112 863 stone
853 112 864 stone
853 112 865 stone
853 112 866 stone
853 112 867 stone
853 112 868 stone
853 112 869 andesite
853 112 870 andesite
853 112 871 andesite
853 112 872 andesite
853 112 873 diorite
853 112 874 diorite
853 112 875 diorite
853 112 876 diorite
853 112 877 diorite
853 112 878 diorite
853 112 879 diorite
853 112 880 stone
853 112 881 stone
853 112 882 stone
853 112 883 stone
853 112 886 dirt
853 112 887 stone
853 112 888 stone
853 112 889 stone
853 112 890 stone
853 112 891 stone
853 112 892 stone
853 112 893 stone
853 112 894 stone
853 112 895 stone
853 112 896 stone
853 112 897 stone
853 112 898 stone
853 112 899 stone
853 112 900 stone
853 112 901 stone
853 112 902 stone
853 112 903 stone
853 112 904 stone
853 112 905 andesite
853 112 906 andesite
853 112 907 andesite
853 112 908 andesite
853 112 909 andesite
853 112 910 andesite
853 112 911 andesite
853 112 912 andesite
853 112 913 andesite
853 112 914 stone
853 112 915 stone
853 112 916 stone
853 112 917 stone
853 112 918 stone
853 112 919 stone
853 112 920 stone
853 112 921 dirt
853 112 922 dirt
853 112 923 dirt
853 112 924 dirt
853 112 925 stone
853 112 926 stone
853 112 927 stone
853 112 928 stone
853 112 929 stone
853 112 930 stone
853 112 931 stone
853 112 932 stone
853 112 933 stone
853 112 934 stone
853 112 935 stone
853 112 936 stone
853 112 937 stone
853 112 938 stone
853 112 939 stone
853 112 940 copper_ore
853 112 941 copper_ore
853 112 942 copper_ore
853 112 943 copper_ore
853 112 944 copper_ore
853 112 945 stone
853 112 946 stone
853 112 947 dirt
853 112 948 dirt
853 112 949 dirt
853 112 950 dirt
853 112 951 dirt
853 112 952 dirt
853 112 953 stone
853 112 954 stone
853 112 955 water[level=0]
853 112 956 water[level=0]
853 112 957 water[level=0]
853 112 958 stone
853 112 959 stone
853 112 960 stone
853 112 961 stone
853 112 962 stone
853 112 963 stone
853 112 964 stone
853 112 965 stone
853 112 966 stone
853 112 967 dirt
853 112 968 dirt
853 112 969 dirt
853 112 970 stone
853 112 971 stone
853 112 972 stone
853 112 973 stone
853 112 974 stone
853 112 975 stone
853 112 976 stone
853 112 980 iron_ore
853 112 981 stone
853 112 982 stone
853 112 983 stone
853 112 984 stone
853 112 985 stone
853 112 986 stone
853 112 987 stone
853 112 988 stone
853 112 989 stone
853 112 990 stone
853 112 991 stone
853 112 992 stone
853 112 993 stone
853 112 994 stone
853 112 995 stone
853 112 996 stone
853 112 997 stone
853 112 998 stone
853 112 999 stone
853 112 1000 stone
853 112 1001 coal_ore
853 112 1002 coal_ore
853 112 1003 coal_ore
853 112 1004 coal_ore
853 112 1005 stone
853 112 1006 stone
853 112 1007 stone
853 112 1008 stone
853 112 1009 stone
853 112 1010 coal_ore
853 112 1011 stone
853 112 1012 stone
853 112 1013 stone
853 112 1014 stone
853 112 1015 stone
853 112 1016 stone
853 112 1017 stone
853 112 1018 stone
853 112 1019 andesite
853 112 1020 andesite
853 112 1021 andesite
853 112 1022 andesite
853 112 1023 andesite
853 113 0 stone
853 113 1 stone
853 113 2 stone
853 113 3 stone
853 113 4 stone
853 113 5 diorite
853 113 6 diorite
853 113 7 diorite
853 113 8 diorite
853 113 9 diorite
853 113 10 diorite
853 113 11 diorite
853 113 12 diorite
853 113 13 diorite
853 113 14 diorite
853 113 15 diorite
853 113 16 granite
853 113 17 granite
853 113 18 granite
853 113 19 granite
853 113 20 granite
853 113 21 granite
853 113 22 granite
853 113 23 granite
853 113 24 stone
853 113 25 stone
853 113 26 stone
853 113 27 stone
853 113 28 stone
853 113 29 stone
853 113 30 stone
853 113 31 stone
853 113 32 stone
853 113 33 stone
853 113 34 diorite
853 113 35 diorite
853 113 36 diorite
853 113 37 stone
853 113 38 stone
853 113 39 stone
853 113 41 stone
853 113 42 stone
853 113 43 stone
853 113 44 stone
853 113 45 stone
853 113 46 stone
853 113 47 stone
853 113 48 stone
853 113 49 stone
853 113 50 stone
853 113 51 andesite
853 113 52 andesite
853 113 53 andesite
853 113 54 andesite
853 113 55 andesite
853 113 56 andesite
853 113 57 andesite
853 113 58 stone
853 113 59 stone
853 113 60 stone
853 113 61 stone
853 113 62 stone
853 113 63 stone
853 113 64 stone
853 113 65 stone
853 113 66 stone
853 113 67 stone
853 113 68 stone
853 113 69 stone
853 113 70 stone
853 113 71 stone
853 113 72 stone
853 113 73 stone
853 113 74 stone
853 113 75 stone
853 113 76 stone
853 113 77 stone
853 113 78 stone
853 113 79 stone
853 113 80 stone
853 113 81 stone
853 113 82 stone
853 113 83 stone
853 113 84 stone
853 113 85 stone
853 113 86 stone
853 113 87 stone
853 113 88 stone
853 113 89 stone
853 113 90 stone
853 113 91 stone
853 113 92 stone
853 113 93 stone
853 113 94 stone
853 113 95 stone
853 113 96 stone
853 113 97 stone
853 113 98 stone
853 113 99 stone
853 113 100 stone
853 113 101 stone
853 113 102 stone
853 113 103 stone
853 113 104 stone
853 113 105 stone
853 113 106 stone
853 113 107 stone
853 113 108 granite
853 113 109 granite
853 113 110 granite
853 113 111 granite
853 113 112 stone
853 113 113 stone
853 113 114 stone
853 113 115 stone
853 113 116 stone
853 113 117 stone
853 113 118 stone
853 113 119 stone
853 113 120 stone
853 113 121 stone
853 113 122 stone
853 113 123 stone
853 113 124 stone
853 113 125 stone
853 113 126 stone
853 113 127 stone
853 113 128 granite
853 113 129 granite
853 113 130 granite
853 113 131 granite
853 113 132 granite
853 113 133 granite
853 113 134 granite
853 113 135 granite
853 113 136 granite
853 113 137 granite
853 113 138 granite
853 113 139 granite
853 113 140 granite
853 113 141 stone
853 113 142 stone
853 113 143 stone
853 113 147 gravel
853 113 148 gravel
853 113 149 stone
853 113 150 stone
853 113 151 stone
853 113 152 stone
853 113 153 stone
853 113 154 stone
853 113 155 stone
853 113 156 stone
853 113 157 stone
853 113 158 stone
853 113 159 stone
853 113 160 stone
853 113 161 stone
853 113 162 granite
853 113 163 granite
853 113 164 granite
853 113 165 granite
853 113 166 granite
853 113 167 granite
853 113 168 granite
853 113 169 granite
853 113 170 granite
853 113 171 diorite
853 113 172 granite
853 113 173 stone
853 113 174 gravel
853 113 175 gravel
853 113 176 gravel
853 113 177 gravel
853 113 178 gravel
853 113 179 stone
853 113 180 stone
853 113 181 stone
853 113 182 stone
853 113 183 stone
853 113 184 stone
853 113 185 stone
853 113 186 stone
853 113 187 stone
853 113 188 stone
853 113 189 stone
853 113 190 stone
853 113 191 stone
853 113 192 stone
853 113 193 stone
853 113 194 stone
853 113 195 stone
853 113 196 stone
853 113 197 stone
853 113 198 stone
853 113 199 stone
853 113 200 stone
853 113 201 stone
853 113 202 stone
853 113 203 andesite
853 113 204 andesite
853 113 205 andesite
853 113 206 andesite
853 113 207 andesite
853 113 208 andesite
853 113 209 andesite
853 113 210 andesite
853 113 211 andesite
853 113 212 gravel
853 113 213 gravel
853 113 214 gravel
853 113 215 gravel
853 113 216 gravel
853 113 217 gravel
853 113 218 gravel
853 113 219 gravel
853 113 220 stone
853 113 221 stone
853 113 222 stone
853 113 223 stone
853 113 224 stone
853 113 225 stone
853 113 226 stone
853 113 227 stone
853 113 228 stone
853 113 229 diorite
853 113 230 diorite
853 113 231 diorite
853 113 232 diorite
853 113 233 stone
853 113 234 stone
853 113 235 stone
853 113 236 stone
853 113 237 stone
853 113 238 stone
853 113 239 stone
853 113 240 stone
853 113 241 stone
853 113 242 stone
853 113 243 stone
853 113 244 stone
853 113 245 stone
853 113 246 stone
853 113 247 stone
853 113 248 stone
853 113 249 stone
853 113 250 stone
853 113 251 stone
853 113 252 stone
853 113 253 stone
853 113 254 stone
853 113 255 andesite
853 113 256 andesite
853 113 257 andesite
853 113 258 dirt
853 113 259 dirt
853 113 260 dirt
853 113 261 dirt
853 113 262 stone
853 113 263 stone
853 113 264 stone
853 113 265 stone
853 113 266 stone
853 113 267 stone
853 113 268 stone
853 113 269 stone
853 113 270 stone
853 113 271 stone
853 113 272 stone
853 113 273 stone
853 113 274 stone
853 113 275 stone
853 113 276 stone
853 113 277 stone
853 113 278 stone
853 113 279 stone
853 113 280 diorite
853 113 281 diorite
853 113 282 stone
853 113 283 stone
853 113 284 stone
853 113 285 stone
853 113 286 coal_ore
853 113 287 coal_ore
853 113 288 coal_ore
853 113 289 diorite
853 113 290 diorite
853 113 291 diorite
853 113 292 diorite
853 113 293 diorite
853 113 294 diorite
853 113 295 diorite
853 113 296 stone
853 113 297 stone
853 113 298 stone
853 113 299 stone
853 113 300 stone
853 113 301 stone
853 113 302 stone
853 113 303 stone
853 113 304 stone
853 113 305 stone
853 113 306 stone
853 113 307 stone
853 113 308 stone
853 113 309 stone
853 113 310 diorite
853 113 311 diorite
853 113 312 copper_ore
853 113 313 andesite
853 113 314 andesite
853 113 315 andesite
853 113 316 andesite
853 113 317 andesite
853 113 323 andesite
853 113 324 andesite
853 113 325 andesite
853 113 326 andesite
853 113 327 granite
853 113 328 granite
853 113 329 granite
853 113 330 granite
853 113 331 granite
853 113 332 granite
853 113 333 granite
853 113 334 stone
853 113 335 stone
853 113 336 stone
853 113 337 stone
853 113 338 stone
853 113 339 stone
853 113 340 stone
853 113 341 stone
853 113 342 diorite
853 113 343 diorite
853 113 344 diorite
853 113 345 diorite
853 113 346 diorite
853 113 347 diorite
853 113 348 diorite
853 113 349 diorite
853 113 350 diorite
853 113 351 diorite
853 113 352 stone
853 113 353 stone
853 113 354 stone
853 113 355 stone
853 113 356 stone
853 113 357 stone
853 113 358 andesite
853 113 359 andesite
853 113 360 stone
853 113 361 stone
853 113 362 stone
853 113 363 stone
853 113 364 stone
853 113 365 stone
853 113 366 stone
853 113 367 stone
853 113 368 stone
853 113 369 diorite
853 113 370 diorite
853 113 371 stone
853 113 372 diorite
853 113 373 diorite
853 113 374 stone
853 113 375 stone
853 113 376 stone
853 113 377 stone
853 113 378 stone
853 113 379 stone
853 113 380 stone
853 113 381 stone
853 113 382 stone
853 113 383 stone
853 113 384 stone
853 113 385 stone
853 113 386 stone
853 113 387 stone
853 113 388 stone
853 113 389 stone
853 113 390 stone
853 113 391 stone
853 113 392 stone
853 113 393 stone
853 113 394 stone
853 113 395 stone
853 113 396 water[level=0]
853 113 397 water[level=0]
853 113 398 water[level=0]
853 113 399 stone
853 113 400 stone
853 113 401 stone
853 113 402 stone
853 113 403 stone
853 113 404 stone
853 113 405 stone
853 113 406 stone
853 113 407 andesite
853 113 408 andesite
853 113 409 andesite
853 113 410 andesite
853 113 411 water[level=0]
853 113 412 water[level=0]
853 113 413 water[level=0]
853 113 414 water[level=0]
853 113 415 water[level=0]
853 113 416 water[level=0]
853 113 417 stone
853 113 418 stone
853 113 419 stone
853 113 420 stone
853 113 421 stone
853 113 422 stone
853 113 423 stone
853 113 424 stone
853 113 425 stone
853 113 426 stone
853 113 427 stone
853 113 428 stone
853 113 429 stone
853 113 430 stone
853 113 431 stone
853 113 432 stone
853 113 433 stone
853 113 434 stone
853 113 435 stone
853 113 436 stone
853 113 437 stone
853 113 438 stone
853 113 439 stone
853 113 440 stone
853 113 441 stone
853 113 442 stone
853 113 443 stone
853 113 444 water[level=0]
853 113 445 water[level=0]
853 113 446 water[level=0]
853 113 447 water[level=0]
853 113 448 water[level=0]
853 113 449 water[level=0]
853 113 450 water[level=0]
853 113 451 water[level=0]
853 113 452 water[level=0]
853 113 453 water[level=0]
853 113 454 water[level=0]
853 113 455 water[level=0]
853 113 456 water[level=0]
853 113 457 water[level=0]
853 113 458 water[level=0]
853 113 459 water[level=0]
853 113 460 water[level=0]
853 113 461 water[level=0]
853 113 462 water[level=0]
853 113 463 water[level=0]
853 113 464 water[level=0]
853 113 465 water[level=0]
853 113 466 water[level=0]
853 113 467 water[level=0]
853 113 468 water[level=0]
853 113 469 water[level=0]
853 113 470 water[level=0]
853 113 471 gravel
853 113 472 diorite
853 113 473 diorite
853 113 474 diorite
853 113 475 diorite
853 113 476 diorite
853 113 477 diorite
853 113 478 stone
853 113 479 stone
853 113 480 stone
853 113 481 stone
853 113 482 stone
853 113 483 stone
853 113 484 stone
853 113 485 stone
853 113 486 stone
853 113 487 stone
853 113 488 stone
853 113 489 stone
853 113 490 stone
853 113 491 stone
853 113 492 stone
853 113 493 stone
853 113 494 stone
853 113 495 stone
853 113 496 stone
853 113 497 stone
853 113 498 stone
853 113 499 stone
853 113 500 stone
853 113 501 diorite
853 113 502 diorite
853 113 503 diorite
853 113 504 diorite
853 113 505 diorite
853 113 506 diorite
853 113 507 diorite
853 113 508 diorite
853 113 509 diorite
853 113 510 diorite
853 113 511 diorite
853 113 512 diorite
853 113 513 diorite
853 113 514 diorite
853 113 515 diorite
853 113 516 diorite
853 113 517 diorite
853 113 518 diorite
853 113 519 stone
853 113 520 stone
853 113 521 stone
853 113 522 stone
853 113 523 stone
853 113 524 granite
853 113 525 granite
853 113 526 granite
853 113 527 stone
853 113 528 stone
853 113 529 stone
853 113 530 stone
853 113 531 stone
853 113 532 stone
853 113 533 stone
853 113 534 stone
853 113 535 stone
853 113 536 stone
853 113 537 stone
853 113 538 stone
853 113 539 stone
853 113 540 stone
853 113 541 stone
853 113 542 stone
853 113 543 stone
853 113 544 stone
853 113 545 stone
853 113 546 stone
853 113 547 stone
853 113 548 stone
853 113 549 stone
853 113 550 stone
853 113 551 stone
853 113 552 stone
853 113 553 stone
853 113 554 stone
853 113 555 stone
853 113 556 stone
853 113 557 stone
853 113 558 stone
853 113 559 stone
853 113 560 stone
853 113 561 stone
853 113 562 stone
853 113 563 stone
853 113 564 andesite
853 113 565 andesite
853 113 566 andesite
853 113 567 andesite
853 113 568 andesite
853 113 569 andesite
853 113 570 andesite
853 113 571 stone
853 113 572 stone
853 113 573 stone
853 113 574 stone
853 113 575 stone
853 113 576 stone
853 113 577 stone
853 113 578 stone
853 113 579 stone
853 113 580 stone
853 113 581 stone
853 113 582 stone
853 113 583 stone
853 113 584 stone
853 113 585 stone
853 113 586 stone
853 113 587 gravel
853 113 588 gravel
853 113 589 gravel
853 113 590 gravel
853 113 591 stone
853 113 592 stone
853 113 593 stone
853 113 594 stone
853 113 595 stone
853 113 596 stone
853 113 597 stone
853 113 598 stone
853 113 599 stone
853 113 600 stone
853 113 601 stone
853 113 602 coal_ore
853 113 603 coal_ore
853 113 604 stone
853 113 605 stone
853 113 606 stone
853 113 607 stone
