fill 956 103 627 956 103 631 stone
fill 957 103 512 957 103 543 stone
fill 957 103 549 957 103 617 stone
fill 957 103 618 957 103 620 dirt
fill 957 103 621 957 103 634 stone
fill 958 103 512 958 103 543 stone
fill 958 103 550 958 103 617 stone
fill 958 103 618 958 103 621 dirt
fill 958 103 622 958 103 636 stone
fill 959 103 512 959 103 524 stone
959 103 525 copper_ore
959 103 526 dirt
fill 959 103 527 959 103 545 stone
fill 959 103 551 959 103 590 stone
959 103 591 andesite
959 103 592 andesite
fill 959 103 593 959 103 599 stone
959 103 600 iron_ore
fill 959 103 601 959 103 617 stone
fill 959 103 618 959 103 621 dirt
fill 959 103 622 959 103 633 stone
fill 959 103 634 959 103 637 gravel
fill 960 103 512 960 103 524 stone
fill 960 103 525 960 103 527 dirt
fill 960 103 528 960 103 546 stone
fill 960 103 551 960 103 589 stone
fill 960 103 590 960 103 592 andesite
960 103 593 copper_ore
960 103 594 copper_ore
fill 960 103 595 960 103 617 stone
fill 960 103 618 960 103 621 dirt
fill 960 103 622 960 103 632 stone
fill 960 103 633 960 103 638 gravel
960 103 639 stone
fill 961 103 512 961 103 523 stone
fill 961 103 524 961 103 526 dirt
fill 961 103 527 961 103 547 stone
fill 961 103 551 961 103 563 stone
fill 961 103 564 961 103 566 copper_ore
fill 961 103 567 961 103 577 stone
fill 961 103 578 961 103 580 granite
fill 961 103 581 961 103 589 stone
fill 961 103 590 961 103 592 andesite
961 103 593 copper_ore
961 103 594 copper_ore
fill 961 103 595 961 103 597 andesite
fill 961 103 598 961 103 617 stone
fill 961 103 618 961 103 621 dirt
fill 961 103 622 961 103 631 stone
fill 961 103 632 961 103 637 gravel
961 103 638 stone
961 103 639 stone
fill 962 103 512 962 103 523 stone
fill 962 103 524 962 103 528 dirt
fill 962 103 529 962 103 548 stone
fill 962 103 551 962 103 563 stone
fill 962 103 564 962 103 566 copper_ore
fill 962 103 567 962 103 576 stone
fill 962 103 577 962 103 581 granite
fill 962 103 582 962 103 589 stone
fill 962 103 590 962 103 599 andesite
962 103 600 stone
fill 962 103 601 962 103 603 andesite
fill 962 103 604 962 103 617 stone
fill 962 103 618 962 103 621 dirt
fill 962 103 622 962 103 630 stone
fill 962 103 631 962 103 636 gravel
fill 962 103 637 962 103 639 stone
fill 963 103 512 963 103 523 stone
963 103 524 dirt
963 103 525 stone
963 103 526 stone
963 103 527 dirt
963 103 528 dirt
fill 963 103 529 963 103 575 stone
fill 963 103 576 963 103 578 granite
fill 963 103 579 963 103 581 granite
fill 963 103 582 963 103 591 stone
fill 963 103 592 963 103 603 andesite
fill 963 103 604 963 103 618 stone
fill 963 103 619 963 103 621 dirt
fill 963 103 622 963 103 630 stone
fill 963 103 631 963 103 634 gravel
fill 963 103 635 963 103 639 stone
fill 964 103 512 964 103 526 stone
964 103 527 dirt
964 103 528 dirt
fill 964 103 529 964 103 575 stone
fill 964 103 576 964 103 581 granite
fill 964 103 582 964 103 591 stone
fill 964 103 592 964 103 602 andesite
964 103 605 iron_ore
fill 964 103 606 964 103 618 stone
fill 964 103 619 964 103 625 dirt
fill 964 103 626 964 103 639 stone
fill 965 103 512 965 103 526 stone
965 103 527 dirt
965 103 528 dirt
fill 965 103 529 965 103 541 stone
fill 965 103 542 965 103 544 copper_ore
fill 965 103 545 965 103 551 stone
965 103 552 lapis_ore
965 103 553 lapis_ore
fill 965 103 554 965 103 561 stone
965 103 562 granite
fill 965 103 563 965 103 574 stone
fill 965 103 575 965 103 582 granite
fill 965 103 583 965 103 592 stone
fill 965 103 593 965 103 600 andesite
965 103 606 granite
fill 965 103 607 965 103 618 stone
fill 965 103 619 965 103 626 dirt
fill 965 103 627 965 103 639 stone
fill 966 103 512 966 103 518 stone
966 103 519 iron_ore
fill 966 103 520 966 103 526 stone
966 103 527 dirt
fill 966 103 528 966 103 542 stone
fill 966 103 543 966 103 545 copper_ore
fill 966 103 546 966 103 551 stone
966 103 552 lapis_ore
966 103 553 lapis_ore
fill 966 103 554 966 103 559 stone
966 103 560 granite
966 103 561 granite
fill 966 103 562 966 103 574 stone
fill 966 103 575 966 103 582 granite
fill 966 103 583 966 103 592 stone
fill 966 103 593 966 103 600 andesite
fill 966 103 607 966 103 621 stone
fill 966 103 622 966 103 627 dirt
fill 966 103 628 966 103 639 stone
fill 967 103 512 967 103 558 stone
fill 967 103 559 967 103 562 granite
fill 967 103 563 967 103 574 stone
fill 967 103 575 967 103 581 granite
fill 967 103 582 967 103 593 stone
fill 967 103 594 967 103 599 andesite
fill 967 103 608 967 103 621 stone
fill 967 103 622 967 103 627 dirt
fill 967 103 628 967 103 639 stone
fill 968 103 512 968 103 559 stone
fill 968 103 560 968 103 562 granite
fill 968 103 563 968 103 566 stone
fill 968 103 569 968 103 573 stone
fill 968 103 574 968 103 581 granite
fill 968 103 582 968 103 594 stone
fill 968 103 595 968 103 599 andesite
fill 968 103 601 968 103 604 andesite
fill 968 103 608 968 103 623 stone
fill 968 103 624 968 103 626 dirt
fill 968 103 627 968 103 639 stone
fill 969 103 512 969 103 515 water[level=0]
fill 969 103 516 969 103 544 stone
969 103 545 copper_ore
fill 969 103 546 969 103 557 stone
fill 969 103 558 969 103 561 granite
969 103 562 stone
969 103 563 stone
fill 969 103 568 969 103 573 stone
fill 969 103 574 969 103 581 granite
969 103 582 stone
fill 969 103 583 969 103 586 andesite
fill 969 103 587 969 103 595 stone
fill 969 103 596 969 103 604 andesite
969 103 605 granite
fill 969 103 606 969 103 639 stone
fill 970 103 512 970 103 517 water[level=0]
fill 970 103 518 970 103 557 stone
fill 970 103 558 970 103 560 granite
fill 970 103 561 970 103 563 stone
970 103 569 stone
fill 970 103 571 970 103 573 stone
fill 970 103 574 970 103 580 granite
fill 970 103 581 970 103 587 andesite
fill 970 103 588 970 103 594 stone
fill 970 103 595 970 103 597 granite
fill 970 103 598 970 103 604 andesite
970 103 605 granite
fill 970 103 606 970 103 639 stone
fill 971 103 512 971 103 518 water[level=0]
fill 971 103 519 971 103 549 stone
fill 971 103 551 971 103 556 stone
fill 971 103 557 971 103 560 granite
fill 971 103 561 971 103 563 stone
fill 971 103 573 971 103 579 granite
fill 971 103 580 971 103 587 andesite
fill 971 103 588 971 103 593 stone
fill 971 103 594 971 103 601 granite
971 103 602 andesite
fill 971 103 603 971 103 605 water[level=0]
fill 971 103 606 971 103 639 stone
fill 972 103 512 972 103 519 water[level=0]
fill 972 103 520 972 103 549 stone
fill 972 103 552 972 103 556 stone
fill 972 103 557 972 103 560 granite
fill 972 103 561 972 103 565 stone
fill 972 103 574 972 103 578 granite
fill 972 103 579 972 103 586 andesite
fill 972 103 587 972 103 593 stone
fill 972 103 594 972 103 603 granite
fill 972 103 604 972 103 639 stone
fill 973 103 512 973 103 515 gravel
973 103 516 stone
fill 973 103 517 973 103 519 water[level=0]
fill 973 103 520 973 103 556 stone
fill 973 103 557 973 103 559 granite
fill 973 103 560 973 103 566 stone
fill 973 103 574 973 103 577 granite
fill 973 103 578 973 103 586 andesite
fill 973 103 587 973 103 592 stone
fill 973 103 593 973 103 601 granite
fill 973 103 602 973 103 639 stone
fill 974 103 512 974 103 517 gravel
fill 974 103 518 974 103 545 stone
974 103 546 coal_ore
974 103 547 stone
974 103 548 water[level=0]
974 103 549 water[level=0]
fill 974 103 550 974 103 566 stone
fill 974 103 574 974 103 576 granite
fill 974 103 577 974 103 586 andesite
fill 974 103 587 974 103 591 stone
fill 974 103 592 974 103 601 granite
fill 974 103 602 974 103 639 stone
975 103 512 stone
fill 975 103 513 975 103 519 gravel
fill 975 103 520 975 103 522 stone
fill 975 103 523 975 103 526 water[level=0]
fill 975 103 527 975 103 545 stone
975 103 546 coal_ore
975 103 547 coal_ore
fill 975 103 548 975 103 567 stone
975 103 574 granite
975 103 575 granite
fill 975 103 576 975 103 585 andesite
fill 975 103 586 975 103 591 stone
fill 975 103 592 975 103 600 granite
fill 975 103 601 975 103 639 stone
976 103 512 stone
fill 976 103 513 976 103 519 gravel
fill 976 103 520 976 103 522 stone
fill 976 103 523 976 103 527 water[level=0]
976 103 528 stone
976 103 529 magma_block
976 103 530 stone
976 103 531 magma_block
fill 976 103 532 976 103 567 stone
976 103 574 granite
976 103 575 granite
976 103 576 water[level=0]
976 103 577 andesite
976 103 578 andesite
976 103 579 coal_ore
976 103 580 coal_ore
fill 976 103 581 976 103 585 andesite
fill 976 103 586 976 103 591 stone
fill 976 103 592 976 103 599 granite
fill 976 103 600 976 103 639 stone
fill 977 103 512 977 103 515 stone
fill 977 103 516 977 103 519 gravel
fill 977 103 520 977 103 522 stone
fill 977 103 523 977 103 527 water[level=0]
977 103 528 stone
977 103 529 magma_block
977 103 530 stone
977 103 531 magma_block
fill 977 103 532 977 103 568 stone
977 103 574 stone
fill 977 103 575 977 103 577 water[level=0]
977 103 578 andesite
977 103 579 coal_ore
977 103 580 coal_ore
fill 977 103 581 977 103 584 andesite
fill 977 103 585 977 103 592 stone
fill 977 103 593 977 103 596 granite
fill 977 103 597 977 103 600 stone
fill 977 103 601 977 103 603 diorite
fill 977 103 604 977 103 611 stone
977 103 612 coal_ore
fill 977 103 613 977 103 639 stone
fill 978 103 512 978 103 523 stone
fill 978 103 524 978 103 526 water[level=0]
fill 978 103 527 978 103 529 stone
978 103 530 magma_block
978 103 531 magma_block
fill 978 103 532 978 103 569 stone
978 103 574 stone
fill 978 103 575 978 103 577 water[level=0]
fill 978 103 578 978 103 583 andesite
fill 978 103 584 978 103 600 stone
fill 978 103 601 978 103 604 diorite
fill 978 103 605 978 103 639 stone
fill 979 103 512 979 103 569 stone
979 103 574 stone
fill 979 103 575 979 103 578 water[level=0]
fill 979 103 579 979 103 582 andesite
fill 979 103 583 979 103 599 stone
fill 979 103 600 979 103 604 diorite
fill 979 103 605 979 103 629 stone
979 103 630 water[level=0]
fill 979 103 631 979 103 639 stone
fill 980 103 512 980 103 570 stone
980 103 574 andesite
fill 980 103 575 980 103 578 water[level=0]
fill 980 103 579 980 103 581 andesite
fill 980 103 582 980 103 599 stone
fill 980 103 600 980 103 605 diorite
fill 980 103 606 980 103 627 stone
980 103 628 water[level=0]
980 103 629 water[level=0]
fill 980 103 630 980 103 639 stone
fill 981 103 512 981 103 515 stone
981 103 516 iron_ore
981 103 517 iron_ore
fill 981 103 518 981 103 560 stone
fill 981 103 561 981 103 571 stone
981 103 574 andesite
fill 981 103 575 981 103 579 water[level=0]
981 103 580 andesite
fill 981 103 581 981 103 599 stone
fill 981 103 600 981 103 605 diorite
fill 981 103 606 981 103 626 stone
981 103 627 water[level=0]
981 103 628 water[level=0]
fill 981 103 629 981 103 639 stone
fill 982 103 512 982 103 515 stone
982 103 516 iron_ore
982 103 517 iron_ore
fill 982 103 518 982 103 571 stone
982 103 574 andesite
fill 982 103 575 982 103 579 water[level=0]
fill 982 103 580 982 103 599 stone
fill 982 103 600 982 103 605 diorite
fill 982 103 606 982 103 626 stone
982 103 627 water[level=0]
fill 982 103 628 982 103 639 stone
fill 983 103 512 983 103 574 stone
fill 983 103 575 983 103 580 water[level=0]
fill 983 103 581 983 103 599 stone
fill 983 103 600 983 103 606 diorite
fill 983 103 607 983 103 639 stone
fill 984 103 512 984 103 530 stone
fill 984 103 531 984 103 535 andesite
fill 984 103 536 984 103 573 stone
fill 984 103 574 984 103 580 water[level=0]
fill 984 103 581 984 103 600 stone
fill 984 103 601 984 103 607 diorite
fill 984 103 608 984 103 639 stone
fill 985 103 512 985 103 529 stone
fill 985 103 530 985 103 535 andesite
fill 985 103 536 985 103 573 stone
fill 985 103 574 985 103 581 water[level=0]
fill 985 103 582 985 103 599 stone
fill 985 103 600 985 103 607 diorite
fill 985 103 608 985 103 639 stone
fill 986 103 512 986 103 527 stone
fill 986 103 528 986 103 535 andesite
fill 986 103 536 986 103 574 stone
fill 986 103 575 986 103 581 water[level=0]
fill 986 103 582 986 103 600 stone
fill 986 103 601 986 103 607 diorite
fill 986 103 608 986 103 639 stone
fill 987 103 512 987 103 527 stone
fill 987 103 528 987 103 535 andesite
fill 987 103 536 987 103 576 stone
fill 987 103 577 987 103 582 water[level=0]
fill 987 103 583 987 103 600 stone
fill 987 103 601 987 103 607 diorite
fill 987 103 608 987 103 639 stone
fill 988 103 512 988 103 525 stone
fill 988 103 526 988 103 531 andesite
988 103 532 iron_ore
fill 988 103 533 988 103 535 andesite
fill 988 103 536 988 103 541 stone
fill 988 103 542 988 103 544 granite
fill 988 103 545 988 103 578 stone
fill 988 103 579 988 103 582 water[level=0]
fill 988 103 583 988 103 601 stone
fill 988 103 602 988 103 607 diorite
fill 988 103 608 988 103 639 stone
fill 989 103 512 989 103 524 stone
fill 989 103 525 989 103 534 andesite
fill 989 103 535 989 103 541 stone
fill 989 103 542 989 103 548 granite
fill 989 103 549 989 103 578 stone
fill 989 103 579 989 103 582 water[level=0]
fill 989 103 583 989 103 595 stone
989 103 596 copper_ore
fill 989 103 597 989 103 601 stone
fill 989 103 602 989 103 606 diorite
fill 989 103 607 989 103 610 stone
989 103 611 iron_ore
989 103 612 stone
989 103 613 stone
989 103 614 copper_ore
989 103 615 copper_ore
fill 989 103 616 989 103 623 stone
989 103 624 granite
fill 989 103 625 989 103 632 stone
fill 989 103 633 989 103 639 stone
fill 990 103 512 990 103 524 stone
fill 990 103 525 990 103 533 andesite
fill 990 103 534 990 103 540 stone
fill 990 103 541 990 103 549 granite
fill 990 103 550 990 103 578 stone
fill 990 103 579 990 103 583 water[level=0]
fill 990 103 584 990 103 595 stone
990 103 596 copper_ore
990 103 597 copper_ore
fill 990 103 598 990 103 602 stone
fill 990 103 603 990 103 606 diorite
fill 990 103 607 990 103 612 stone
fill 990 103 613 990 103 615 copper_ore
fill 990 103 616 990 103 621 stone
fill 990 103 622 990 103 625 granite
fill 990 103 626 990 103 639 stone
fill 991 103 512 991 103 523 stone
fill 991 103 524 991 103 533 andesite
fill 991 103 534 991 103 541 stone
fill 991 103 542 991 103 549 granite
fill 991 103 550 991 103 578 stone
fill 991 103 579 991 103 583 water[level=0]
fill 991 103 584 991 103 595 stone
991 103 596 copper_ore
991 103 597 copper_ore
fill 991 103 598 991 103 603 stone
fill 991 103 604 991 103 606 diorite
fill 991 103 607 991 103 621 stone
fill 991 103 622 991 103 626 granite
fill 991 103 627 991 103 639 stone
fill 992 103 512 992 103 523 stone
fill 992 103 524 992 103 532 andesite
fill 992 103 533 992 103 541 stone
992 103 542 copper_ore
992 103 543 copper_ore
fill 992 103 544 992 103 547 granite
992 103 548 coal_ore
992 103 549 coal_ore
fill 992 103 550 992 103 578 stone
fill 992 103 579 992 103 583 water[level=0]
fill 992 103 584 992 103 603 stone
fill 992 103 604 992 103 606 diorite
fill 992 103 607 992 103 621 stone
fill 992 103 622 992 103 626 granite
fill 992 103 627 992 103 638 stone
992 103 639 granite
fill 993 103 512 993 103 522 stone
fill 993 103 523 993 103 530 andesite
fill 993 103 531 993 103 541 stone
fill 993 103 542 993 103 544 copper_ore
993 103 545 stone
993 103 546 stone
993 103 547 granite
fill 993 103 548 993 103 550 coal_ore
fill 993 103 551 993 103 557 stone
fill 993 103 558 993 103 565 diorite
fill 993 103 566 993 103 578 stone
fill 993 103 579 993 103 583 water[level=0]
fill 993 103 584 993 103 592 stone
993 103 593 coal_ore
993 103 594 coal_ore
fill 993 103 595 993 103 620 stone
fill 993 103 621 993 103 626 granite
fill 993 103 627 993 103 638 stone
993 103 639 granite
fill 994 103 512 994 103 522 stone
fill 994 103 523 994 103 530 andesite
fill 994 103 531 994 103 553 stone
fill 994 103 554 994 103 565 diorite
fill 994 103 566 994 103 577 stone
fill 994 103 578 994 103 584 water[level=0]
fill 994 103 585 994 103 591 stone
fill 994 103 592 994 103 594 coal_ore
fill 994 103 595 994 103 614 stone
994 103 615 copper_ore
994 103 616 copper_ore
fill 994 103 617 994 103 620 stone
fill 994 103 621 994 103 626 granite
fill 994 103 627 994 103 638 stone
994 103 639 granite
fill 995 103 512 995 103 522 stone
fill 995 103 523 995 103 526 andesite
fill 995 103 527 995 103 552 stone
fill 995 103 553 995 103 566 diorite
fill 995 103 567 995 103 578 stone
fill 995 103 579 995 103 584 water[level=0]
fill 995 103 585 995 103 591 stone
fill 995 103 592 995 103 594 coal_ore
fill 995 103 595 995 103 620 stone
fill 995 103 621 995 103 626 granite
fill 995 103 627 995 103 637 stone
995 103 638 granite
995 103 639 granite
fill 996 103 512 996 103 522 stone
fill 996 103 523 996 103 525 andesite
fill 996 103 526 996 103 550 stone
fill 996 103 551 996 103 565 diorite
fill 996 103 566 996 103 578 stone
fill 996 103 579 996 103 584 water[level=0]
fill 996 103 585 996 103 592 stone
996 103 593 coal_ore
996 103 594 stone
996 103 595 granite
fill 996 103 596 996 103 610 stone
996 103 611 coal_ore
996 103 612 coal_ore
fill 996 103 613 996 103 620 stone
fill 996 103 621 996 103 626 granite
fill 996 103 627 996 103 637 stone
996 103 638 granite
996 103 639 granite
fill 997 103 512 997 103 549 stone
fill 997 103 550 997 103 556 diorite
997 103 557 gravel
997 103 558 gravel
fill 997 103 559 997 103 565 diorite
fill 997 103 566 997 103 579 stone
fill 997 103 580 997 103 584 water[level=0]
fill 997 103 585 997 103 593 stone
997 103 594 granite
fill 997 103 595 997 103 609 stone
fill 997 103 610 997 103 612 coal_ore
fill 997 103 613 997 103 620 stone
fill 997 103 621 997 103 626 granite
fill 997 103 627 997 103 637 stone
997 103 638 granite
997 103 639 granite
fill 998 103 512 998 103 548 stone
fill 998 103 549 998 103 555 diorite
fill 998 103 556 998 103 559 gravel
fill 998 103 560 998 103 562 diorite
998 103 563 diorite
998 103 564 stone
998 103 565 copper_ore
998 103 566 copper_ore
fill 998 103 567 998 103 577 stone
998 103 578 andesite
998 103 579 andesite
fill 998 103 580 998 103 585 water[level=0]
fill 998 103 586 998 103 590 stone
fill 998 103 591 998 103 595 granite
fill 998 103 596 998 103 610 stone
998 103 611 coal_ore
998 103 612 coal_ore
998 103 613 diorite
fill 998 103 614 998 103 620 stone
fill 998 103 621 998 103 626 granite
fill 998 103 627 998 103 637 stone
998 103 638 granite
998 103 639 granite
fill 999 103 512 999 103 548 stone
fill 999 103 549 999 103 555 diorite
fill 999 103 556 999 103 559 gravel
fill 999 103 560 999 103 562 diorite
999 103 563 stone
999 103 564 stone
999 103 565 copper_ore
999 103 566 copper_ore
fill 999 103 567 999 103 573 stone
fill 999 103 574 999 103 579 andesite
fill 999 103 580 999 103 585 water[level=0]
fill 999 103 586 999 103 589 stone
fill 999 103 590 999 103 595 granite
fill 999 103 596 999 103 610 stone
999 103 611 coal_ore
999 103 612 coal_ore
999 103 613 diorite
999 103 614 diorite
fill 999 103 615 999 103 620 stone
fill 999 103 621 999 103 626 granite
fill 999 103 627 999 103 637 stone
999 103 638 granite
999 103 639 granite
fill 1000 103 512 1000 103 548 stone
fill 1000 103 549 1000 103 556 diorite
fill 1000 103 557 1000 103 559 gravel
1000 103 560 diorite
1000 103 561 diorite
fill 1000 103 562 1000 103 565 stone
1000 103 566 copper_ore
fill 1000 103 567 1000 103 571 stone
fill 1000 103 572 1000 103 579 andesite
fill 1000 103 580 1000 103 586 water[level=0]
1000 103 587 stone
1000 103 588 stone
fill 1000 103 589 1000 103 595 granite
fill 1000 103 596 1000 103 610 stone
1000 103 611 diorite
1000 103 612 coal_ore
fill 1000 103 613 1000 103 615 diorite
fill 1000 103 616 1000 103 620 stone
fill 1000 103 621 1000 103 626 granite
fill 1000 103 627 1000 103 637 stone
1000 103 638 granite
1000 103 639 granite
fill 1001 103 512 1001 103 548 stone
fill 1001 103 549 1001 103 556 diorite
fill 1001 103 557 1001 103 559 gravel
fill 1001 103 560 1001 103 570 stone
fill 1001 103 571 1001 103 580 andesite
fill 1001 103 581 1001 103 586 water[level=0]
1001 103 587 stone
1001 103 588 stone
fill 1001 103 589 1001 103 595 granite
fill 1001 103 596 1001 103 611 stone
fill 1001 103 612 1001 103 616 diorite
fill 1001 103 617 1001 103 620 stone
fill 1001 103 621 1001 103 625 granite
fill 1001 103 626 1001 103 637 stone
1001 103 638 granite
1001 103 639 granite
fill 1002 103 512 1002 103 549 stone
fill 1002 103 550 1002 103 556 diorite
fill 1002 103 557 1002 103 559 gravel
fill 1002 103 560 1002 103 570 stone
fill 1002 103 571 1002 103 579 andesite
1002 103 580 stone
fill 1002 103 581 1002 103 587 water[level=0]
fill 1002 103 588 1002 103 595 granite
fill 1002 103 596 1002 103 611 stone
fill 1002 103 612 1002 103 617 diorite
fill 1002 103 618 1002 103 620 stone
fill 1002 103 621 1002 103 625 granite
fill 1002 103 626 1002 103 637 stone
1002 103 638 granite
1002 103 639 granite
fill 1003 103 512 1003 103 549 stone
fill 1003 103 550 1003 103 555 diorite
1003 103 556 stone
1003 103 557 stone
1003 103 558 gravel
1003 103 559 gravel