853 147 433 grass_block[snowy=false]
853 147 497 grass_block[snowy=false]
853 147 498 dirt
853 147 499 dirt
853 147 500 dirt
853 147 501 dirt
853 147 528 grass_block[snowy=false]
853 147 529 dirt
853 147 530 dirt
853 147 531 stone
853 147 532 stone
853 147 533 stone
853 147 534 stone
853 147 535 stone
853 147 536 stone
853 147 537 stone
853 147 538 stone
853 147 539 stone
853 147 540 stone
853 147 541 stone
853 147 542 stone
853 147 543 stone
853 147 544 stone
853 147 545 stone
853 147 546 stone
853 147 547 stone
853 147 548 stone
853 147 549 stone
853 147 550 stone
853 147 551 stone
853 147 552 stone
853 147 553 stone
853 147 554 stone
853 147 555 stone
853 147 556 stone
853 147 557 stone
853 147 558 stone
853 147 559 stone
853 147 560 stone
853 147 561 stone
853 147 562 stone
853 147 563 stone
853 147 564 stone
853 147 565 stone
853 147 566 stone
853 147 567 stone
853 147 568 stone
853 147 569 stone
853 147 570 stone
853 147 571 stone
853 147 572 stone
853 147 573 stone
853 147 574 stone
853 147 575 stone
853 147 576 stone
853 147 577 stone
853 147 578 stone
853 147 579 stone
853 147 580 stone
853 147 581 stone
853 147 582 stone
853 147 583 stone
853 147 584 stone
853 147 585 stone
853 147 586 stone
853 147 587 stone
853 147 588 stone
853 147 589 stone
853 147 590 stone
853 147 591 stone
853 147 592 coal_ore
853 147 593 coal_ore
853 147 594 stone
853 147 595 stone
853 147 596 stone
853 147 597 stone
853 147 598 stone
853 147 599 stone
853 147 600 stone
853 147 601 stone
853 147 602 stone
853 147 603 granite
853 147 604 granite
853 147 605 granite
853 147 606 coal_ore
853 147 607 granite
853 147 608 granite
853 147 609 granite
853 147 610 stone
853 147 611 stone
853 147 612 stone
853 147 613 stone
853 147 614 stone
853 147 615 stone
853 147 616 stone
853 147 617 stone
853 147 618 stone
853 147 619 stone
853 147 620 stone
853 147 621 stone
853 147 622 stone
853 147 623 stone
853 147 624 stone
853 147 625 stone
853 147 626 stone
853 147 627 stone
853 147 628 stone
853 147 629 stone
853 147 630 stone
853 147 631 stone
853 147 632 stone
853 147 633 stone
853 147 634 stone
853 147 635 stone
853 147 636 stone
853 147 637 stone
853 147 638 stone
853 147 639 stone
853 147 640 stone
853 147 641 coal_ore
853 147 642 coal_ore
853 147 643 coal_ore
853 147 644 stone
853 147 645 stone
853 147 646 stone
853 147 647 stone
853 147 648 dirt
853 147 649 dirt
853 147 650 dirt
853 147 651 dirt
853 147 652 stone
853 147 653 stone
853 147 654 stone
853 147 655 stone
853 147 656 stone
853 147 657 stone
853 147 658 stone
853 147 659 stone
853 147 660 stone
853 147 661 stone
853 147 662 stone
853 147 663 stone
853 147 664 stone
853 147 665 stone
853 147 666 stone
853 147 667 stone
853 147 668 stone
853 147 669 stone
853 147 670 stone
853 147 671 stone
853 147 672 stone
853 147 673 stone
853 147 674 stone
853 147 675 stone
853 147 676 stone
853 147 677 stone
853 147 678 stone
853 147 679 stone
853 147 680 stone
853 147 681 stone
853 147 682 stone
853 147 683 stone
853 147 684 stone
853 147 685 stone
853 147 686 stone
853 147 687 stone
853 147 688 stone
853 147 689 stone
853 147 690 stone
853 147 691 stone
853 147 692 stone
853 147 693 stone
853 147 694 stone
853 147 695 stone
853 147 696 stone
853 147 697 stone
853 147 698 stone
853 147 699 stone
853 147 700 stone
853 147 701 stone
853 147 702 stone
853 147 703 stone
853 147 704 stone
853 147 705 stone
853 147 706 stone
853 147 707 stone
853 147 708 stone
853 147 709 stone
853 147 710 stone
853 147 711 stone
853 147 712 stone
853 147 713 stone
853 147 714 stone
853 147 715 stone
853 147 716 stone
853 147 717 stone
853 147 718 stone
853 147 719 stone
853 147 720 stone
853 147 721 stone
853 147 722 gravel
853 147 723 stone
853 147 724 dirt
853 147 725 dirt
853 147 726 dirt
853 147 727 dirt
853 147 728 stone
853 147 729 stone
853 147 730 stone
853 147 731 stone
853 147 732 stone
853 147 733 stone
853 147 734 stone
853 147 735 stone
853 147 736 stone
853 147 737 stone
853 147 738 stone
853 147 739 stone
853 147 740 stone
853 147 741 stone
853 147 742 stone
853 147 743 stone
853 147 744 stone
853 147 745 stone
853 147 746 stone
853 147 747 stone
853 147 748 stone
853 147 749 stone
853 147 750 stone
853 147 751 stone
853 147 752 stone
853 147 753 stone
853 147 754 stone
853 147 755 stone
853 147 756 stone
853 147 757 stone
853 147 758 stone
853 147 759 stone
853 147 760 stone
853 147 761 stone
853 147 762 stone
853 147 763 stone
853 147 764 stone
853 147 765 stone
853 147 766 stone
853 147 767 stone
853 147 768 stone
853 147 769 stone
853 147 770 gravel
853 147 771 gravel
853 147 772 gravel
853 147 773 stone
853 147 774 stone
853 147 775 stone
853 147 776 stone
853 147 777 stone
853 147 778 stone
853 147 779 stone
853 147 780 stone
853 147 781 stone
853 147 782 stone
853 147 783 stone
853 147 784 stone
853 147 785 stone
853 147 786 stone
853 147 787 stone
853 147 788 stone
853 147 789 stone
853 147 790 stone
853 147 791 stone
853 147 792 stone
853 147 793 stone
853 147 794 stone
853 147 795 stone
853 147 796 stone
853 147 797 stone
853 147 798 stone
853 147 799 stone
853 147 800 stone
853 147 801 stone
853 147 802 stone
853 147 803 stone
853 147 804 stone
853 147 805 stone
853 147 806 stone
853 147 807 stone
853 147 808 stone
853 147 809 stone
853 147 810 stone
853 147 811 stone
853 147 812 stone
853 147 813 stone
853 147 814 stone
853 147 815 stone
853 147 816 stone
853 147 817 stone
853 147 818 stone
853 147 819 stone
853 147 820 stone
853 147 821 stone
853 147 822 stone
853 147 823 stone
853 147 824 stone
853 147 825 stone
853 147 826 stone
853 147 827 stone
853 147 828 stone
853 147 829 stone
853 147 830 stone
853 147 831 stone
853 147 832 stone
853 147 833 stone
853 147 834 stone
853 147 835 coal_ore
853 147 836 coal_ore
853 147 837 coal_ore
853 147 838 coal_ore
853 147 839 stone
853 147 840 stone
853 147 841 stone
853 147 842 stone
853 147 843 stone
853 147 844 stone
853 147 845 stone
853 147 846 stone
853 147 847 stone
853 147 848 stone
853 147 849 stone
853 147 850 stone
853 147 851 stone
853 147 852 stone
853 147 853 stone
853 147 854 stone
853 147 855 stone
853 147 856 stone
853 147 857 stone
853 147 858 stone
853 147 859 stone
853 147 860 stone
853 147 861 stone
853 147 862 stone
853 147 863 stone
853 147 864 stone
853 147 865 stone
853 147 866 stone
853 147 867 stone
853 147 868 stone
853 147 869 stone
853 147 870 stone
853 147 871 stone
853 147 872 stone
853 147 873 stone
853 147 874 stone
853 147 875 stone
853 147 876 stone
853 147 877 stone
853 147 878 stone
853 147 879 stone
853 147 880 stone
853 147 881 stone
853 147 882 stone
853 147 883 stone
853 147 884 stone
853 147 885 stone
853 147 886 stone
853 147 887 stone
853 147 888 stone
853 147 889 stone
853 147 890 stone
853 147 891 stone
853 147 892 stone
853 147 893 stone
853 147 894 stone
853 147 895 stone
853 147 896 stone
853 147 897 stone
853 147 898 stone
853 147 899 stone
853 147 900 stone
853 147 901 stone
853 147 902 stone
853 147 903 stone
853 147 904 stone
853 147 905 stone
853 147 906 stone
853 147 907 stone
853 147 908 stone
853 147 909 stone
853 147 910 stone
853 147 911 stone
853 147 912 stone
853 147 913 stone
853 147 914 stone
853 147 915 stone
853 147 916 stone
853 147 917 stone
853 147 918 stone
853 147 919 stone
853 147 920 stone
853 147 921 stone
853 147 922 stone
853 147 923 stone
853 147 924 stone
853 147 925 stone
853 147 926 stone
853 147 927 stone
853 147 928 stone
853 147 929 stone
853 147 930 stone
853 147 931 stone
853 147 932 stone
853 147 933 stone
853 147 934 stone
853 147 935 stone
853 147 942 grass_block[snowy=false]
853 147 943 grass_block[snowy=false]
853 147 944 dirt
853 147 945 dirt
853 147 946 dirt
853 147 947 dirt
853 147 948 grass_block[snowy=false]
853 147 962 dirt
853 147 963 stone
853 147 964 stone
853 147 965 stone
853 147 966 stone
853 147 967 stone
853 147 968 stone
853 147 969 stone
853 147 970 stone
853 147 971 stone
853 147 972 stone
853 147 973 stone
853 147 974 stone
853 147 975 stone
853 147 976 stone
853 147 977 stone
853 147 978 stone
853 147 979 stone
853 147 980 stone
853 147 981 stone
853 147 982 stone
853 147 983 stone
853 147 984 stone
853 147 985 stone
853 147 986 stone
853 147 987 stone
853 147 988 stone
853 147 989 stone
853 147 990 stone
853 147 991 stone
853 147 992 stone
853 147 993 stone
853 147 994 stone
853 147 995 stone
853 147 996 stone
853 147 997 stone
853 147 998 stone
853 147 999 stone
853 147 1000 stone
853 147 1001 coal_ore
853 147 1002 coal_ore
853 147 1003 stone
853 147 1004 stone
853 147 1005 stone
853 147 1006 stone
853 147 1007 stone
853 147 1008 stone
853 147 1009 stone
853 147 1010 stone
853 147 1011 stone
853 147 1012 stone
853 147 1013 stone
853 147 1014 stone
853 147 1015 stone
853 147 1016 stone
853 147 1017 stone
853 147 1018 stone
853 147 1019 stone
853 147 1020 stone
853 147 1021 stone
853 147 1022 stone
853 147 1023 stone
853 148 1 dirt
853 148 2 dirt
853 148 3 dirt
853 148 4 dirt
853 148 5 stone
853 148 6 stone
853 148 7 stone
853 148 8 stone
853 148 9 stone
853 148 10 stone
853 148 11 stone
853 148 12 stone
853 148 13 stone
853 148 14 stone
853 148 15 stone
853 148 16 stone
853 148 17 stone
853 148 18 stone
853 148 19 stone
853 148 20 stone
853 148 21 stone
853 148 22 stone
853 148 23 stone
853 148 24 dirt
853 148 25 dirt
853 148 26 dirt
853 148 27 dirt
853 148 28 dirt
853 148 29 dirt
853 148 30 dirt
853 148 31 stone
853 148 32 stone
853 148 33 stone
853 148 34 stone
853 148 35 stone
853 148 36 stone
853 148 37 stone
853 148 38 stone
853 148 39 stone
853 148 40 stone
853 148 41 stone
853 148 42 stone
853 148 43 stone
853 148 44 stone
853 148 45 stone
853 148 46 stone
853 148 47 stone
853 148 48 stone
853 148 49 stone
853 148 50 stone
853 148 51 stone
853 148 52 stone
853 148 53 stone
853 148 54 stone
853 148 55 stone
853 148 56 stone
853 148 57 stone
853 148 58 stone
853 148 59 stone
853 148 60 stone
853 148 61 stone
853 148 62 stone
853 148 63 dirt
853 148 64 dirt
853 148 65 dirt
853 148 294 pink_petals[facing=south,flower_amount=4]
853 148 295 pink_petals[facing=west,flower_amount=4]
853 148 296 short_grass
853 148 297 pink_petals[facing=east,flower_amount=3]
853 148 300 short_grass
853 148 304 short_grass
853 148 307 grass_block[snowy=false]
853 148 308 grass_block[snowy=false]
853 148 309 grass_block[snowy=false]
853 148 310 grass_block[snowy=false]
853 148 311 grass_block[snowy=false]
853 148 312 grass_block[snowy=false]
853 148 313 grass_block[snowy=false]
853 148 314 grass_block[snowy=false]
853 148 315 grass_block[snowy=false]
853 148 316 grass_block[snowy=false]
853 148 317 grass_block[snowy=false]
853 148 318 grass_block[snowy=false]
853 148 319 grass_block[snowy=false]
853 148 320 dirt
853 148 321 dirt
853 148 322 dirt
853 148 323 dirt
853 148 324 dirt
853 148 325 dirt
853 148 326 dirt
853 148 327 dirt
853 148 328 grass_block[snowy=false]
853 148 329 dirt
853 148 330 dirt
853 148 331 dirt
853 148 332 short_grass
853 148 338 stone
853 148 339 stone
853 148 340 stone
853 148 341 stone
853 148 342 stone
853 148 343 stone
853 148 344 stone
853 148 345 stone
853 148 346 stone
853 148 347 stone
853 148 348 stone
853 148 349 stone
853 148 350 stone
853 148 351 stone
853 148 352 stone
853 148 353 stone
853 148 354 stone
853 148 355 stone
853 148 356 stone
853 148 357 stone
853 148 358 stone
853 148 359 stone
853 148 360 stone
853 148 361 stone
853 148 362 stone
853 148 363 stone
853 148 364 stone
853 148 365 stone
853 148 366 stone
853 148 367 stone
853 148 368 diorite
853 148 369 diorite
853 148 370 diorite
853 148 371 diorite
853 148 372 diorite
853 148 373 diorite
853 148 374 diorite
853 148 375 diorite
853 148 376 stone
853 148 377 stone
853 148 378 stone
853 148 379 stone
853 148 380 coal_ore
853 148 381 stone
853 148 382 stone
853 148 383 stone
853 148 384 stone
853 148 385 stone
853 148 386 stone
853 148 387 stone
853 148 388 stone
853 148 389 stone
853 148 390 stone
853 148 391 stone
853 148 392 stone
853 148 393 stone
853 148 394 dirt
853 148 395 dirt
853 148 396 dirt
853 148 397 dirt
853 148 398 dirt
853 148 399 stone
853 148 400 stone
853 148 401 stone
853 148 402 stone
853 148 403 stone
853 148 404 stone
853 148 405 stone
853 148 406 dirt
853 148 407 dirt
853 148 408 dirt
853 148 409 dirt
853 148 410 dirt
853 148 411 dirt
853 148 412 dirt
853 148 413 dirt
853 148 414 dirt
853 148 415 dirt
853 148 416 stone
853 148 417 stone
853 148 418 stone
853 148 419 stone
853 148 420 stone
853 148 421 stone
853 148 422 stone
853 148 423 stone
853 148 424 stone
853 148 425 stone
853 148 426 stone
853 148 427 stone
853 148 428 stone
853 148 429 stone
853 148 430 stone
853 148 431 dirt
853 148 432 dirt
853 148 498 grass_block[snowy=false]
853 148 499 dirt
853 148 500 dirt
853 148 501 dirt
853 148 502 dirt
853 148 529 grass_block[snowy=false]
853 148 530 dirt
853 148 531 dirt
853 148 532 stone
853 148 533 stone
853 148 534 stone
853 148 535 stone
853 148 536 stone
853 148 537 stone
853 148 538 stone
853 148 539 stone
853 148 540 stone
853 148 541 stone
853 148 542 stone
853 148 543 stone
853 148 544 stone
853 148 545 stone
853 148 546 stone
853 148 547 stone
853 148 548 stone
853 148 549 stone
853 148 550 stone
853 148 551 stone
853 148 552 stone
853 148 553 stone
853 148 554 stone
853 148 555 stone
853 148 556 stone
853 148 557 stone
853 148 558 stone
853 148 559 stone
853 148 560 stone
853 148 561 stone
853 148 562 stone
853 148 563 stone
853 148 564 stone
853 148 565 stone
853 148 566 stone
853 148 567 stone
853 148 568 stone
853 148 569 stone
853 148 570 stone
853 148 571 stone
853 148 572 stone
853 148 573 stone
853 148 574 stone
853 148 575 stone
853 148 576 stone
853 148 577 stone
853 148 578 stone
853 148 579 stone
853 148 580 stone
853 148 581 stone
853 148 582 stone
853 148 583 stone
853 148 584 stone
853 148 585 stone
853 148 586 stone
853 148 587 stone
853 148 588 stone
853 148 589 stone
853 148 590 stone
853 148 591 stone
853 148 592 coal_ore
853 148 593 stone
853 148 594 stone
853 148 595 stone
853 148 596 stone
853 148 597 stone
853 148 598 stone
853 148 599 stone
853 148 600 stone
853 148 601 stone
853 148 602 stone
853 148 603 granite
853 148 604 granite
853 148 605 granite
853 148 606 granite
853 148 607 granite
853 148 608 granite
853 148 609 granite
853 148 610 stone
853 148 611 stone
853 148 612 stone
853 148 613 stone
853 148 614 stone
853 148 615 stone
853 148 616 stone
853 148 617 stone
853 148 618 stone
853 148 619 stone
853 148 620 stone
853 148 621 stone
853 148 622 stone
853 148 623 stone
853 148 624 stone
853 148 625 granite
853 148 626 granite
853 148 627 granite
853 148 628 granite
853 148 629 granite
853 148 630 granite
853 148 631 stone
853 148 632 stone
853 148 633 stone
853 148 634 stone
853 148 635 stone
853 148 636 stone
853 148 637 stone
853 148 638 coal_ore
853 148 639 coal_ore
853 148 640 coal_ore
853 148 641 coal_ore
853 148 642 coal_ore
853 148 643 coal_ore
853 148 644 stone
853 148 645 stone
853 148 646 stone
853 148 647 stone
853 148 648 dirt
853 148 649 dirt
853 148 650 dirt
853 148 651 dirt
853 148 652 stone
853 148 653 stone
853 148 654 stone
853 148 655 stone
853 148 656 stone
853 148 657 stone
853 148 658 stone
853 148 659 stone
853 148 660 stone
853 148 661 stone
853 148 662 stone
853 148 663 stone
853 148 664 stone
853 148 665 stone
853 148 666 stone
853 148 667 stone
853 148 668 stone
853 148 669 stone
853 148 670 stone
853 148 671 stone
853 148 672 stone
853 148 673 stone
853 148 674 stone
853 148 675 stone
853 148 676 stone
853 148 677 stone
853 148 678 stone
853 148 679 stone
853 148 680 stone
853 148 681 stone
853 148 682 stone
853 148 683 stone
853 148 684 stone
853 148 685 stone
853 148 686 stone
853 148 687 stone
853 148 688 stone
853 148 689 stone
853 148 690 stone
853 148 691 stone
853 148 692 stone
853 148 693 stone
853 148 694 stone
853 148 695 stone
853 148 696 stone
853 148 697 stone
853 148 698 stone
853 148 699 stone
853 148 700 stone
853 148 701 stone
853 148 702 stone
853 148 703 stone
853 148 704 stone
853 148 705 stone
853 148 706 stone
853 148 707 stone
853 148 708 stone
853 148 709 stone
853 148 710 stone
853 148 711 stone
853 148 712 stone
853 148 713 stone
853 148 714 stone
853 148 715 stone
853 148 716 stone
853 148 717 stone
853 148 718 stone
853 148 719 stone
853 148 720 stone
853 148 721 stone
853 148 722 stone
853 148 723 stone
853 148 724 dirt
853 148 725 dirt
853 148 726 dirt
853 148 727 dirt
853 148 728 stone
853 148 729 stone
853 148 730 stone
853 148 731 stone
853 148 732 stone
853 148 733 stone
853 148 734 stone
853 148 735 stone
853 148 736 stone
853 148 737 stone
853 148 738 stone
853 148 739 stone
853 148 740 stone
853 148 741 stone
853 148 742 stone
853 148 743 stone
853 148 744 stone
853 148 745 stone
853 148 746 stone
853 148 747 stone
853 148 748 stone
853 148 749 stone
853 148 750 stone
853 148 751 stone
853 148 752 stone
853 148 753 stone
853 148 754 stone
853 148 755 stone
853 148 756 stone
853 148 757 stone
853 148 758 stone
853 148 759 stone
853 148 760 stone
853 148 761 stone
853 148 762 stone
853 148 763 stone
853 148 764 stone
853 148 765 stone
853 148 766 stone
853 148 767 stone
853 148 768 stone
853 148 769 stone
853 148 770 stone
853 148 771 stone
853 148 772 stone
853 148 773 stone
853 148 774 stone
853 148 775 stone
853 148 776 stone
853 148 777 stone
853 148 778 stone
853 148 779 stone
853 148 780 stone
853 148 781 stone
853 148 782 stone
853 148 783 stone
853 148 784 stone
853 148 785 stone
853 148 786 stone
853 148 787 stone
853 148 788 stone
853 148 789 stone
853 148 790 stone
853 148 791 stone
853 148 792 stone
853 148 793 stone
853 148 794 stone
853 148 795 stone
853 148 796 stone
853 148 797 stone
853 148 798 stone
853 148 799 stone
853 148 800 stone
853 148 801 stone
853 148 802 stone
853 148 803 stone
853 148 804 stone
853 148 805 stone
853 148 806 stone
853 148 807 stone
853 148 808 stone
853 148 809 stone
853 148 810 stone
853 148 811 stone
853 148 812 stone
853 148 813 stone
853 148 814 stone
853 148 815 stone
853 148 816 stone
853 148 817 stone
853 148 818 stone
853 148 819 stone
853 148 820 stone
853 148 821 stone
853 148 822 stone
853 148 823 stone
853 148 824 stone
853 148 825 stone
853 148 826 stone
853 148 827 stone
853 148 828 stone
853 148 829 stone
853 148 830 stone
853 148 831 stone
853 148 832 stone
853 148 833 stone
853 148 834 stone
853 148 835 stone
853 148 836 stone
853 148 837 stone
853 148 838 stone
853 148 839 stone
853 148 840 stone
853 148 841 stone
853 148 842 stone
853 148 843 stone
853 148 844 stone
853 148 845 stone
853 148 846 stone
853 148 847 stone
853 148 848 stone
853 148 849 stone
853 148 850 stone
853 148 851 stone
853 148 852 stone
853 148 853 stone
853 148 854 stone
853 148 855 stone
853 148 856 stone
853 148 857 stone
853 148 858 stone
853 148 859 stone
853 148 860 stone
853 148 861 stone
853 148 862 stone
853 148 863 stone
853 148 864 stone
853 148 865 stone
853 148 866 stone
853 148 867 stone
853 148 868 stone
853 148 869 stone
853 148 870 stone
853 148 871 stone
853 148 872 stone
853 148 873 stone
853 148 874 stone
853 148 875 stone
853 148 876 stone
853 148 877 stone
853 148 878 stone
853 148 879 stone
853 148 880 stone
853 148 881 stone
853 148 882 stone
853 148 883 stone
853 148 884 stone
853 148 885 stone
853 148 886 stone
853 148 887 stone
853 148 888 stone
853 148 889 stone
853 148 890 stone
853 148 891 stone
853 148 892 stone
853 148 893 stone
853 148 894 stone
853 148 895 stone
853 148 896 stone
853 148 897 stone
853 148 898 stone
853 148 899 stone
853 148 900 stone
853 148 901 stone
853 148 902 stone
853 148 903 stone
853 148 904 stone
853 148 905 stone
853 148 906 stone
853 148 907 stone
853 148 908 stone
853 148 909 stone
853 148 910 stone
853 148 911 stone
853 148 912 stone
853 148 913 stone
853 148 914 stone
853 148 915 stone
853 148 916 stone
853 148 917 stone
853 148 918 stone
853 148 919 stone
853 148 920 stone
853 148 921 stone
853 148 922 stone
853 148 923 stone
853 148 924 coal_ore
853 148 925 coal_ore
853 148 926 stone
853 148 927 stone
853 148 928 stone
853 148 929 stone
853 148 930 stone
853 148 931 stone
853 148 932 stone
853 148 933 stone
853 148 934 stone
853 148 935 stone
853 148 936 stone
853 148 937 stone
853 148 938 dirt
853 148 944 grass_block[snowy=false]
853 148 945 grass_block[snowy=false]
853 148 946 dirt
853 148 947 dirt
853 148 962 grass_block[snowy=false]
853 148 963 dirt
853 148 964 stone
853 148 965 stone
853 148 966 stone
853 148 967 stone
853 148 968 stone
853 148 969 stone
853 148 970 stone
853 148 971 stone
